0	0	0	0	0.2329	0.0360077	0.0271077	0.0606077	0.0361077	0.0149385	0.266308	0.0392692	0.00623077	0.00124615	0.345769	0.00337692	0.00495385	0.00510769	0.00163846	0.344923	0.229215	0.0187077	0.0440154	0.0646846	0.186846	0.0513308	0.0219	0.0965462	0.0762615	0.0340846	0.171192	0.0750846	0.0848	0.0538385	0.0389769	0.179008	
0	0	0	0	0.210454	0.0341308	0.0252846	0.0537692	0.0334385	0.0137308	0.241262	0.0352077	0.00583846	0.0011	0.313446	0.00325385	0.00442308	0.00452308	0.00142308	0.313269	0.208523	0.0171538	0.0400462	0.0579154	0.170208	0.0456538	0.0192308	0.0885462	0.0688231	0.0320308	0.156077	0.0667077	0.0749615	0.0489769	0.0349538	0.164746	
0	0	0	0	0.118738	0.0182692	0.0139077	0.0301769	0.0185231	0.00805385	0.134292	0.0202231	0.00321538	0.000615385	0.175654	0.00160769	0.00224615	0.0026	0.000715385	0.175531	0.116946	0.00940769	0.0215462	0.0331923	0.0962692	0.0256769	0.0105846	0.0485615	0.0393462	0.0175077	0.0858769	0.0383615	0.0421077	0.0270923	0.0206308	0.0912615	
0	0	0	0	0.0614692	0.0224462	0.0170615	0.0376692	0.0154769	0.00664615	0.0993846	0.0171385	0.00233846	0.000476923	0.134485	0.00134615	0.00198462	0.00177692	0.000615385	0.134269	0.0893769	0.00753846	0.0168385	0.0248923	0.0733308	0.0201231	0.00813077	0.0370615	0.0286385	0.0138769	0.0672846	0.0288462	0.0321462	0.0213846	0.0158077	0.0693077	
0.2329	0.210454	0.118738	0.0614692	0	0	0	0	0.0528846	0.0213308	0.493069	0.0562769	0.0113308	0.00223846	0.603985	0.00600769	0.00838462	0.00879231	0.00276154	0.603623	0.401615	0.0324538	0.0761385	0.113354	0.329538	0.0889846	0.0370154	0.168023	0.135777	0.0622385	0.292285	0.133262	0.146577	0.0934615	0.0693462	0.314177	
0.0360077	0.0341308	0.0182692	0.0224462	0	0	0	0	0.0152462	0.00647692	0.0731077	0.0160231	0.00177692	0.000315385	0.107592	0.00116923	0.00156154	0.00156923	0.000592308	0.107131	0.0713846	0.00630769	0.0134385	0.0197231	0.0585538	0.0156154	0.00682308	0.0298615	0.0229154	0.0102846	0.0549846	0.0226692	0.0256615	0.0165846	0.0121538	0.0564538	
0.0271077	0.0252846	0.0139077	0.0170615	0	0	0	0	0.0110385	0.00514615	0.0549769	0.0122	0.00146154	0.0003	0.0808154	0.000784615	0.00119231	0.00115385	0.0003	0.0807154	0.0534077	0.00452308	0.0107385	0.0146923	0.0429846	0.0125077	0.00498462	0.0228846	0.0165	0.00780769	0.0420846	0.0169692	0.0194615	0.0127154	0.00862308	0.0425615	
0.0606077	0.0537692	0.0301769	0.0376692	0	0	0	0	0.0243769	0.0104154	0.120092	0.0273385	0.00305385	0.000584615	0.176962	0.00162308	0.00246923	0.00249231	0.000738462	0.176523	0.117654	0.00952308	0.0221308	0.0329154	0.0955769	0.0256769	0.0110231	0.0499462	0.0378769	0.0171692	0.0910769	0.0361	0.0423154	0.0285308	0.0202462	0.0911308	
0.0361077	0.0334385	0.0185231	0.0154769	0.0528846	0.0152462	0.0110385	0.0243769	0	0	0	0	0.0018	0.000269231	0.100408	0.00106923	0.00137692	0.00141538	0.000530769	0.100223	0.0662231	0.00533846	0.0132769	0.0187077	0.0547308	0.0145538	0.00674615	0.0275154	0.0151	0.00678462	0.0658077	0.0158538	0.0226231	0.0150154	0.0109615	0.0549462	
0.0149385	0.0137308	0.00805385	0.00664615	0.0213308	0.00647692	0.00514615	0.0104154	0	0	0	0	0.000730769	0.000138462	0.0421077	0.000392308	0.000569231	0.000623077	0.000153846	0.0420231	0.0276231	0.00227692	0.00536154	0.00810769	0.0223385	0.00623846	0.00266923	0.0121231	0.00646923	0.00301538	0.0274846	0.0064	0.00941538	0.00610769	0.00457692	0.0232692	
0.266308	0.241262	0.134292	0.0993846	0.493069	0.0731077	0.0549769	0.120092	0	0	0	0	0.0131846	0.00262308	0.718369	0.00706923	0.0102	0.0104462	0.0033	0.7173	0.477938	0.0391923	0.0899077	0.134208	0.391254	0.105654	0.0436385	0.2007	0.175392	0.0799462	0.315577	0.170331	0.177377	0.113938	0.0831154	0.366815	
0.0392692	0.0352077	0.0202231	0.0171385	0.0562769	0.0160231	0.0122	0.0273385	0	0	0	0	0.00190769	0.000407692	0.108469	0.00105385	0.00146154	0.00152308	0.000407692	0.108446	0.0722769	0.006	0.0139	0.0196615	0.0583308	0.0163385	0.00679231	0.0303769	0.0161077	0.00775385	0.0715615	0.0164154	0.0246	0.0162308	0.0117154	0.0592923	
0.00623077	0.00583846	0.00321538	0.00233846	0.0113308	0.00177692	0.00146154	0.00305385	0.0018	0.000730769	0.0131846	0.00190769	0	0	0	0	0.000223077	0.000223077	0.000107692	0.0170692	0.0110231	0.00111538	0.00219231	0.00329231	0.0092	0.00258462	0.000961538	0.00487692	0.00353846	0.00184615	0.00840769	0.00383077	0.00416923	0.00277692	0.00196923	0.00870769	
0.00124615	0.0011	0.000615385	0.000476923	0.00223846	0.000315385	0.0003	0.000584615	0.000269231	0.000138462	0.00262308	0.000407692	0	0	0	0	6.92308e-05	3.07692e-05	7.69231e-06	0.00333077	0.00219231	0.000284615	0.000353846	0.000607692	0.00180769	0.000369231	0.000176923	0.00108462	0.000807692	0.0004	0.00160769	0.000623077	0.000738462	0.000523077	0.000376923	0.0018	
0.345769	0.313446	0.175654	0.134485	0.603985	0.107592	0.0808154	0.176962	0.100408	0.0421077	0.718369	0.108469	0	0	0	0	0.0131	0.0136	0.00421538	0.938438	0.624792	0.0508692	0.1186	0.175092	0.510615	0.138423	0.0580692	0.262246	0.206662	0.0942538	0.465785	0.202654	0.226846	0.146569	0.106977	0.488962	
0.00337692	0.00325385	0.00160769	0.00134615	0.00600769	0.00116923	0.000784615	0.00162308	0.00106923	0.000392308	0.00706923	0.00105385	0	0	0	0	0.000215385	0.000153846	6.15385e-05	0.00915385	0.00605385	0.000538462	0.0013	0.00169231	0.00503077	0.00140769	0.000638462	0.00250769	0.00206154	0.001	0.00463077	0.00189231	0.00226154	0.00142308	0.00104615	0.00485385	
0.00495385	0.00442308	0.00224615	0.00198462	0.00838462	0.00156154	0.00119231	0.00246923	0.00137692	0.000569231	0.0102	0.00146154	0.000223077	6.92308e-05	0.0131	0.000215385	0	0	0	0	0.00876923	0.000707692	0.00168462	0.00244615	0.00714615	0.00176154	0.000976923	0.00372308	0.00303846	0.00127692	0.00663077	0.00266154	0.00313846	0.00188462	0.00156923	0.00701538	
0.00510769	0.00452308	0.0026	0.00177692	0.00879231	0.00156923	0.00115385	0.00249231	0.00141538	0.000623077	0.0104462	0.00152308	0.000223077	3.07692e-05	0.0136	0.000153846	0	0	0	0	0.00903846	0.000876923	0.00163077	0.00246154	0.00743846	0.00203077	0.000715385	0.00382308	0.00293846	0.00154615	0.00654615	0.00297692	0.00315385	0.00220769	0.00159231	0.00705385	
0.00163846	0.00142308	0.000715385	0.000615385	0.00276154	0.000592308	0.0003	0.000738462	0.000530769	0.000153846	0.0033	0.000407692	0.000107692	7.69231e-06	0.00421538	6.15385e-05	0	0	0	0	0.00281538	0.000307692	0.000569231	0.0007	0.00236923	0.000615385	0.000292308	0.00111538	0.000984615	0.0004	0.00211538	0.000892308	0.00103077	0.000569231	0.000515385	0.00227692	
0.344923	0.313269	0.175531	0.134269	0.603623	0.107131	0.0807154	0.176523	0.100223	0.0420231	0.7173	0.108446	0.0170692	0.00333077	0.938438	0.00915385	0	0	0	0	0.623438	0.0509154	0.118562	0.175077	0.5097	0.138377	0.0578615	0.262054	0.206108	0.0942769	0.465138	0.202469	0.226692	0.146631	0.106692	0.487977	
0.229215	0.208523	0.116946	0.0893769	0.401615	0.0713846	0.0534077	0.117654	0.0662231	0.0276231	0.477938	0.0722769	0.0110231	0.00219231	0.624792	0.00605385	0.00876923	0.00903846	0.00281538	0.623438	0	0	0	0	0.3387	0.0923462	0.0384385	0.174577	0.136577	0.0627923	0.309115	0.135577	0.150385	0.0970923	0.0709615	0.325623	
0.0187077	0.0171538	0.00940769	0.00753846	0.0324538	0.00630769	0.00452308	0.00952308	0.00533846	0.00227692	0.0391923	0.006	0.00111538	0.000284615	0.0508692	0.000538462	0.000707692	0.000876923	0.000307692	0.0509154	0	0	0	0	0.0277692	0.00751538	0.00315385	0.0143692	0.0114	0.0052	0.0252154	0.0109923	0.0123385	0.00789231	0.00600769	0.0265692	
0.0440154	0.0400462	0.0215462	0.0168385	0.0761385	0.0134385	0.0107385	0.0221308	0.0132769	0.00536154	0.0899077	0.0139	0.00219231	0.000353846	0.1186	0.0013	0.00168462	0.00163077	0.000569231	0.118562	0	0	0	0	0.0651846	0.0172615	0.00715385	0.0328462	0.0261231	0.0117923	0.0595	0.0250308	0.0285846	0.0184	0.0133615	0.0621	
0.0646846	0.0579154	0.0331923	0.0248923	0.113354	0.0197231	0.0146923	0.0329154	0.0187077	0.00810769	0.134208	0.0196615	0.00329231	0.000607692	0.175092	0.00169231	0.00244615	0.00246154	0.0007	0.175077	0	0	0	0	0.095	0.0256615	0.0111	0.0489231	0.0389692	0.0177154	0.0866	0.0374	0.0427077	0.0279077	0.0200385	0.0900308	
0.186846	0.170208	0.0962692	0.0733308	0.329538	0.0585538	0.0429846	0.0955769	0.0547308	0.0223385	0.391254	0.0583308	0.0092	0.00180769	0.510615	0.00503077	0.00714615	0.00743846	0.00236923	0.5097	0.3387	0.0277692	0.0651846	0.095	0	0	0	0	0.113946	0.0517538	0.251815	0.109138	0.123815	0.0790615	0.0581308	0.265646	
0.0513308	0.0456538	0.0256769	0.0201231	0.0889846	0.0156154	0.0125077	0.0256769	0.0145538	0.00623846	0.105654	0.0163385	0.00258462	0.000369231	0.138423	0.00140769	0.00176154	0.00203077	0.000615385	0.138377	0.0923462	0.00751538	0.0172615	0.0256615	0	0	0	0	0.0295615	0.0137077	0.0699154	0.0296	0.0335154	0.0222231	0.0158692	0.0711769	
0.0219	0.0192308	0.0105846	0.00813077	0.0370154	0.00682308	0.00498462	0.0110231	0.00674615	0.00266923	0.0436385	0.00679231	0.000961538	0.000176923	0.0580692	0.000638462	0.000976923	0.000715385	0.000292308	0.0578615	0.0384385	0.00315385	0.00715385	0.0111	0	0	0	0	0.0126231	0.00543846	0.0290769	0.0127077	0.0138077	0.00887692	0.00651538	0.0306462	
0.0965462	0.0885462	0.0485615	0.0370615	0.168023	0.0298615	0.0228846	0.0499462	0.0275154	0.0121231	0.2007	0.0303769	0.00487692	0.00108462	0.262246	0.00250769	0.00372308	0.00382308	0.00111538	0.262054	0.174577	0.0143692	0.0328462	0.0489231	0	0	0	0	0.0569385	0.0266	0.129623	0.0575538	0.0628769	0.0411308	0.0298538	0.136854	
0.0762615	0.0688231	0.0393462	0.0286385	0.135777	0.0229154	0.0165	0.0378769	0.0151	0.00646923	0.175392	0.0161077	0.00353846	0.000807692	0.206662	0.00206154	0.00303846	0.00293846	0.000984615	0.206108	0.136577	0.0114	0.0261231	0.0389692	0.113946	0.0295615	0.0126231	0.0569385	0	0	0	0	0.0582	0.0370231	0.0274	0.0904462	
0.0340846	0.0320308	0.0175077	0.0138769	0.0622385	0.0102846	0.00780769	0.0171692	0.00678462	0.00301538	0.0799462	0.00775385	0.00184615	0.0004	0.0942538	0.001	0.00127692	0.00154615	0.0004	0.0942769	0.0627923	0.0052	0.0117923	0.0177154	0.0517538	0.0137077	0.00543846	0.0266	0	0	0	0	0.0265615	0.0168692	0.0122308	0.0418385	
0.171192	0.156077	0.0858769	0.0672846	0.292285	0.0549846	0.0420846	0.0910769	0.0658077	0.0274846	0.315577	0.0715615	0.00840769	0.00160769	0.465785	0.00463077	0.00663077	0.00654615	0.00211538	0.465138	0.309115	0.0252154	0.0595	0.0866	0.251815	0.0699154	0.0290769	0.129623	0	0	0	0	0.0926462	0.0610769	0.0435	0.283208	
0.0750846	0.0667077	0.0383615	0.0288462	0.133262	0.0226692	0.0169692	0.0361	0.0158538	0.0064	0.170331	0.0164154	0.00383077	0.000623077	0.202654	0.00189231	0.00266154	0.00297692	0.000892308	0.202469	0.135577	0.0109923	0.0250308	0.0374	0.109138	0.0296	0.0127077	0.0575538	0	0	0	0	0.0566077	0.0363231	0.0272385	0.0888308	
0.0848	0.0749615	0.0421077	0.0321462	0.146577	0.0256615	0.0194615	0.0423154	0.0226231	0.00941538	0.177377	0.0246	0.00416923	0.000738462	0.226846	0.00226154	0.00313846	0.00315385	0.00103077	0.226692	0.150385	0.0123385	0.0285846	0.0427077	0.123815	0.0335154	0.0138077	0.0628769	0.0582	0.0265615	0.0926462	0.0566077	0	0	0	0	
0.0538385	0.0489769	0.0270923	0.0213846	0.0934615	0.0165846	0.0127154	0.0285308	0.0150154	0.00610769	0.113938	0.0162308	0.00277692	0.000523077	0.146569	0.00142308	0.00188462	0.00220769	0.000569231	0.146631	0.0970923	0.00789231	0.0184	0.0279077	0.0790615	0.0222231	0.00887692	0.0411308	0.0370231	0.0168692	0.0610769	0.0363231	0	0	0	0	
0.0389769	0.0349538	0.0206308	0.0158077	0.0693462	0.0121538	0.00862308	0.0202462	0.0109615	0.00457692	0.0831154	0.0117154	0.00196923	0.000376923	0.106977	0.00104615	0.00156923	0.00159231	0.000515385	0.106692	0.0709615	0.00600769	0.0133615	0.0200385	0.0581308	0.0158692	0.00651538	0.0298538	0.0274	0.0122308	0.0435	0.0272385	0	0	0	0	
0.179008	0.164746	0.0912615	0.0693077	0.314177	0.0564538	0.0425615	0.0911308	0.0549462	0.0232692	0.366815	0.0592923	0.00870769	0.0018	0.488962	0.00485385	0.00701538	0.00705385	0.00227692	0.487977	0.325623	0.0265692	0.0621	0.0900308	0.265646	0.0711769	0.0306462	0.136854	0.0904462	0.0418385	0.283208	0.0888308	0	0	0	0	
