0	0	0	0	0.20469	0.05361	0.05398	0.05411	0.05899	0.02584	0.23104	0.05052	0.0017	0.00109	0.36242	0.00118	0.00153	0.00469	0.00096	0.35921	0.22052	0.0062	0.1217	0.01797	0.26802	0.02727	0.03525	0.03585	0.03267	0.01092	0.30068	0.02212	0.05246	0.04606	0.03015	0.23772	
0	0	0	0	0.14957	0.03961	0.03981	0.04026	0.04354	0.01946	0.16913	0.03712	0.00116	0.0007	0.26647	0.00092	0.00107	0.00371	0.00052	0.26395	0.16392	0.00421	0.0881	0.01302	0.19561	0.02062	0.02638	0.02664	0.02396	0.00888	0.2194	0.01701	0.03824	0.03279	0.02248	0.17574	
0	0	0	0	0.10662	0.02705	0.02869	0.02831	0.03096	0.01406	0.1198	0.02585	0.00077	0.00045	0.1889	0.00055	0.00065	0.00248	0.00056	0.18698	0.11587	0.00325	0.06261	0.00894	0.13814	0.01456	0.01924	0.01873	0.01689	0.00612	0.15601	0.01165	0.02727	0.02325	0.01554	0.12461	
0	0	0	0	0.04672	0.04103	0.04369	0.04225	0.02767	0.01289	0.10971	0.02342	0.0007	0.00044	0.17191	0.00064	0.0007	0.00222	0.00039	0.17038	0.10995	0.00265	0.05419	0.0069	0.12725	0.01348	0.01619	0.01677	0.01311	0.0047	0.14734	0.00854	0.02317	0.02093	0.01431	0.11528	
0.20469	0.14957	0.10662	0.04672	0	0	0	0	0.08122	0.03685	0.32032	0.06921	0.00223	0.00139	0.50234	0.00164	0.00209	0.00672	0.00127	0.49752	0.28463	0.00939	0.18582	0.02776	0.36952	0.03874	0.04947	0.04987	0.05671	0.01982	0.39198	0.03909	0.07383	0.06387	0.04322	0.32668	
0.05361	0.03961	0.02705	0.04103	0	0	0	0	0.02616	0.01172	0.10125	0.02217	0.00073	0.00043	0.1596	0.00054	0.00063	0.0023	0.00031	0.15806	0.10727	0.00217	0.04558	0.00628	0.11756	0.01174	0.01633	0.01567	0.00997	0.00353	0.1413	0.0065	0.02194	0.02027	0.0128	0.10629	
0.05398	0.03981	0.02869	0.04369	0	0	0	0	0.02672	0.01198	0.10469	0.02278	0.0007	0.00038	0.16451	0.00058	0.00071	0.0021	0.00041	0.16295	0.11014	0.0024	0.0472	0.00643	0.12124	0.01267	0.01612	0.01614	0.01006	0.00368	0.14545	0.00698	0.02272	0.01938	0.01336	0.11071	
0.05411	0.04026	0.02831	0.04225	0	0	0	0	0.02706	0.0117	0.10342	0.02275	0.00067	0.00048	0.16325	0.00053	0.00052	0.00198	0.00044	0.16199	0.10822	0.00235	0.048	0.00636	0.1207	0.01278	0.01514	0.01631	0.00989	0.00359	0.1447	0.00675	0.02265	0.01951	0.0131	0.10967	
0.05899	0.04354	0.03096	0.02767	0.08122	0.02616	0.02672	0.02706	0	0	0	0	0.00065	0.00036	0.15965	0.0005	0.0006	0.00225	0.00037	0.15794	0.09587	0.00274	0.05463	0.00792	0.11791	0.01163	0.01546	0.01616	0.01204	0.00441	0.13654	0.00817	0.01587	0.01397	0.00892	0.1224	
0.02584	0.01946	0.01406	0.01289	0.03685	0.01172	0.01198	0.0117	0	0	0	0	0.00033	0.00023	0.07145	0.00024	0.00028	0.00093	0.00013	0.07091	0.04165	0.00123	0.02565	0.00372	0.05217	0.00597	0.00735	0.00676	0.00556	0.00177	0.0614	0.00352	0.007	0.00601	0.00395	0.05529	
0.23104	0.16913	0.1198	0.10971	0.32032	0.10125	0.10469	0.10342	0	0	0	0	0.00266	0.00172	0.62316	0.00214	0.00249	0.00835	0.00165	0.61719	0.3916	0.00996	0.19968	0.02844	0.45941	0.04794	0.06066	0.06167	0.05835	0.0205	0.51047	0.04036	0.10551	0.0912	0.06214	0.37083	
0.05052	0.03712	0.02585	0.02342	0.06921	0.02217	0.02278	0.02275	0	0	0	0	0.00069	0.00037	0.13544	0.00041	0.00058	0.00157	0.00028	0.13448	0.08114	0.00238	0.04664	0.00675	0.09953	0.01039	0.01359	0.0134	0.01068	0.00394	0.11502	0.00727	0.01276	0.01185	0.00747	0.10483	
0.0017	0.00116	0.00077	0.0007	0.00223	0.00073	0.0007	0.00067	0.00065	0.00033	0.00266	0.00069	0	0	0	0	3e-05	4e-05	1e-05	0.00425	0.00267	0.00011	0.00139	0.00016	0.00309	0.00033	0.00052	0.00039	0.00032	0.00014	0.00364	0.00023	0.00071	0.00044	0.00028	0.0029	
0.00109	0.0007	0.00045	0.00044	0.00139	0.00043	0.00038	0.00048	0.00036	0.00023	0.00172	0.00037	0	0	0	0	1e-05	0	0	0.00267	0.00171	8e-05	0.00081	8e-05	0.00198	0.00024	0.00022	0.00024	0.00027	8e-05	0.00217	0.00016	0.00032	0.0003	0.00023	0.00183	
0.36242	0.26647	0.1889	0.17191	0.50234	0.1596	0.16451	0.16325	0.15965	0.07145	0.62316	0.13544	0	0	0	0	0.00388	0.01302	0.00241	0.97039	0.6038	0.01608	0.32337	0.04645	0.72166	0.07509	0.09605	0.0969	0.08571	0.03028	0.81492	0.05879	0.13958	0.12193	0.0817	0.64649	
0.00118	0.00092	0.00055	0.00064	0.00164	0.00054	0.00058	0.00053	0.0005	0.00024	0.00214	0.00041	0	0	0	0	3e-05	4e-05	1e-05	0.00321	0.00208	4e-05	0.00103	0.00014	0.00229	0.00027	0.00027	0.00046	0.00033	0.00012	0.0027	0.00014	0.00053	0.00036	0.00027	0.00213	
0.00153	0.00107	0.00065	0.0007	0.00209	0.00063	0.00071	0.00052	0.0006	0.00028	0.00249	0.00058	3e-05	1e-05	0.00388	3e-05	0	0	0	0	0.00229	5e-05	0.00139	0.00022	0.00283	0.00033	0.00044	0.00035	0.0003	0.00018	0.00319	0.00028	0.0005	0.00045	0.00035	0.00265	
0.00469	0.00371	0.00248	0.00222	0.00672	0.0023	0.0021	0.00198	0.00225	0.00093	0.00835	0.00157	4e-05	0	0.01302	4e-05	0	0	0	0	0.008	0.00016	0.00418	0.00076	0.00936	0.00095	0.00135	0.00144	0.00125	0.00047	0.01063	0.00075	0.00176	0.0016	0.00119	0.00855	
0.00096	0.00052	0.00056	0.00039	0.00127	0.00031	0.00041	0.00044	0.00037	0.00013	0.00165	0.00028	1e-05	0	0.00241	1e-05	0	0	0	0	0.00148	2e-05	0.0008	0.00013	0.00169	0.00021	0.00029	0.00024	0.00025	5e-05	0.00201	0.00012	0.00034	0.00021	0.00015	0.00173	
0.35921	0.26395	0.18698	0.17038	0.49752	0.15806	0.16295	0.16199	0.15794	0.07091	0.61719	0.13448	0.00425	0.00267	0.97039	0.00321	0	0	0	0	0.59849	0.01608	0.32023	0.04572	0.71514	0.07444	0.09498	0.09596	0.08483	0.02992	0.8076	0.05817	0.13854	0.12077	0.08079	0.64042	
0.22052	0.16392	0.11587	0.10995	0.28463	0.10727	0.11014	0.10822	0.09587	0.04165	0.3916	0.08114	0.00267	0.00171	0.6038	0.00208	0.00229	0.008	0.00148	0.59849	0	0	0	0	0.44527	0.04532	0.05979	0.05988	0.06799	0.02427	0.47155	0.04645	0.10199	0.08951	0.05949	0.35927	
0.0062	0.00421	0.00325	0.00265	0.00939	0.00217	0.0024	0.00235	0.00274	0.00123	0.00996	0.00238	0.00011	8e-05	0.01608	4e-05	5e-05	0.00016	2e-05	0.01608	0	0	0	0	0.01172	0.00136	0.00163	0.0016	0.0019	0.00058	0.01272	0.00111	0.00203	0.00148	0.00115	0.01165	
0.1217	0.0881	0.06261	0.05419	0.18582	0.04558	0.0472	0.048	0.05463	0.02565	0.19968	0.04664	0.00139	0.00081	0.32337	0.00103	0.00139	0.00418	0.0008	0.32023	0	0	0	0	0.23781	0.02553	0.03135	0.03191	0.01204	0.00406	0.30221	0.00829	0.03193	0.02715	0.01912	0.2484	
0.01797	0.01302	0.00894	0.0069	0.02776	0.00628	0.00643	0.00636	0.00792	0.00372	0.02844	0.00675	0.00016	8e-05	0.04645	0.00014	0.00022	0.00076	0.00013	0.04572	0	0	0	0	0.03422	0.00372	0.00429	0.0046	0.0047	0.00171	0.03695	0.00347	0.00519	0.00489	0.00272	0.03403	
0.26802	0.19561	0.13814	0.12725	0.36952	0.11756	0.12124	0.1207	0.11791	0.05217	0.45941	0.09953	0.00309	0.00198	0.72166	0.00229	0.00283	0.00936	0.00169	0.71514	0.44527	0.01172	0.23781	0.03422	0	0	0	0	0.06268	0.0224	0.60087	0.04307	0.10249	0.08931	0.0601	0.47712	
0.02727	0.02062	0.01456	0.01348	0.03874	0.01174	0.01267	0.01278	0.01163	0.00597	0.04794	0.01039	0.00033	0.00024	0.07509	0.00027	0.00033	0.00095	0.00021	0.07444	0.04532	0.00136	0.02553	0.00372	0	0	0	0	0.00677	0.00246	0.06226	0.00444	0.01106	0.00959	0.00622	0.04906	
0.03525	0.02638	0.01924	0.01619	0.04947	0.01633	0.01612	0.01514	0.01546	0.00735	0.06066	0.01359	0.00052	0.00022	0.09605	0.00027	0.00044	0.00135	0.00029	0.09498	0.05979	0.00163	0.03135	0.00429	0	0	0	0	0.00852	0.00305	0.0797	0.00579	0.01375	0.01188	0.00802	0.06341	
0.03585	0.02664	0.01873	0.01677	0.04987	0.01567	0.01614	0.01631	0.01616	0.00676	0.06167	0.0134	0.00039	0.00024	0.0969	0.00046	0.00035	0.00144	0.00024	0.09596	0.05988	0.0016	0.03191	0.0046	0	0	0	0	0.00866	0.00271	0.0806	0.00602	0.01384	0.01225	0.00814	0.06376	
0.03267	0.02396	0.01689	0.01311	0.05671	0.00997	0.01006	0.00989	0.01204	0.00556	0.05835	0.01068	0.00032	0.00027	0.08571	0.00033	0.0003	0.00125	0.00025	0.08483	0.06799	0.0019	0.01204	0.0047	0.06268	0.00677	0.00852	0.00866	0	0	0	0	0.02084	0.01842	0.01236	0.03501	
0.01092	0.00888	0.00612	0.0047	0.01982	0.00353	0.00368	0.00359	0.00441	0.00177	0.0205	0.00394	0.00014	8e-05	0.03028	0.00012	0.00018	0.00047	5e-05	0.02992	0.02427	0.00058	0.00406	0.00171	0.0224	0.00246	0.00305	0.00271	0	0	0	0	0.0073	0.00621	0.00443	0.01268	
0.30068	0.2194	0.15601	0.14734	0.39198	0.1413	0.14545	0.1447	0.13654	0.0614	0.51047	0.11502	0.00364	0.00217	0.81492	0.0027	0.00319	0.01063	0.00201	0.8076	0.47155	0.01272	0.30221	0.03695	0.60087	0.06226	0.0797	0.0806	0	0	0	0	0.09881	0.08497	0.05748	0.58217	
0.02212	0.01701	0.01165	0.00854	0.03909	0.0065	0.00698	0.00675	0.00817	0.00352	0.04036	0.00727	0.00023	0.00016	0.05879	0.00014	0.00028	0.00075	0.00012	0.05817	0.04645	0.00111	0.00829	0.00347	0.04307	0.00444	0.00579	0.00602	0	0	0	0	0.01419	0.01343	0.00821	0.02349	
0.05246	0.03824	0.02727	0.02317	0.07383	0.02194	0.02272	0.02265	0.01587	0.007	0.10551	0.01276	0.00071	0.00032	0.13958	0.00053	0.0005	0.00176	0.00034	0.13854	0.10199	0.00203	0.03193	0.00519	0.10249	0.01106	0.01375	0.01384	0.02084	0.0073	0.09881	0.01419	0	0	0	0	
0.04606	0.03279	0.02325	0.02093	0.06387	0.02027	0.01938	0.01951	0.01397	0.00601	0.0912	0.01185	0.00044	0.0003	0.12193	0.00036	0.00045	0.0016	0.00021	0.12077	0.08951	0.00148	0.02715	0.00489	0.08931	0.00959	0.01188	0.01225	0.01842	0.00621	0.08497	0.01343	0	0	0	0	
0.03015	0.02248	0.01554	0.01431	0.04322	0.0128	0.01336	0.0131	0.00892	0.00395	0.06214	0.00747	0.00028	0.00023	0.0817	0.00027	0.00035	0.00119	0.00015	0.08079	0.05949	0.00115	0.01912	0.00272	0.0601	0.00622	0.00802	0.00814	0.01236	0.00443	0.05748	0.00821	0	0	0	0	
0.23772	0.17574	0.12461	0.11528	0.32668	0.10629	0.11071	0.10967	0.1224	0.05529	0.37083	0.10483	0.0029	0.00183	0.64649	0.00213	0.00265	0.00855	0.00173	0.64042	0.35927	0.01165	0.2484	0.03403	0.47712	0.04906	0.06341	0.06376	0.03501	0.01268	0.58217	0.02349	0	0	0	0	
