0	0	0	0	0.20198	0.05327	0.05418	0.05657	0.05916	0.02605	0.23004	0.05075	0.00148	0.0009	0.36228	0.00134	0.00167	0.00498	0.00093	0.35842	0.22226	0.00555	0.12141	0.01678	0.26749	0.02758	0.0349	0.03603	0.03176	0.01097	0.30149	0.02178	0.05141	0.0449	0.03128	0.23841	
0	0	0	0	0.14533	0.03886	0.0408	0.04056	0.04319	0.01904	0.16732	0.036	0.00089	0.00068	0.263	0.00098	0.00132	0.0035	0.00093	0.2598	0.16231	0.00408	0.08715	0.01201	0.19355	0.02037	0.02644	0.02519	0.02256	0.00812	0.21821	0.01666	0.03649	0.0335	0.02305	0.17251	
0	0	0	0	0.10463	0.02836	0.02944	0.02912	0.03012	0.01334	0.12228	0.02581	0.00084	0.00047	0.18958	0.00066	0.00073	0.00274	0.00045	0.18763	0.11642	0.00299	0.06411	0.00803	0.13931	0.01432	0.01906	0.01886	0.01728	0.00623	0.15614	0.0119	0.02754	0.0246	0.01603	0.12338	
0	0	0	0	0.04609	0.04218	0.04419	0.04444	0.02882	0.01269	0.1115	0.02389	0.00078	0.00041	0.17514	0.00057	0.00085	0.00265	0.00042	0.17298	0.10646	0.00284	0.05988	0.00772	0.12874	0.0139	0.0171	0.01716	0.01533	0.00503	0.14628	0.01026	0.02501	0.02146	0.01443	0.116	
0.20198	0.14533	0.10463	0.04609	0	0	0	0	0.0801	0.0352	0.31456	0.06817	0.00193	0.00117	0.49298	0.00195	0.00212	0.00666	0.00129	0.48796	0.30425	0.00766	0.16404	0.02208	0.36295	0.03771	0.04922	0.04815	0.04491	0.01575	0.40568	0.03169	0.07097	0.0616	0.04289	0.32257	
0.05327	0.03886	0.02836	0.04218	0	0	0	0	0.02697	0.01169	0.10241	0.0216	0.00058	0.00043	0.161	0.00066	0.00072	0.00226	0.00049	0.1592	0.09856	0.00248	0.05412	0.00751	0.1192	0.01263	0.01512	0.01572	0.01386	0.00454	0.13465	0.00962	0.02325	0.02069	0.01329	0.10544	
0.05418	0.0408	0.02944	0.04419	0	0	0	0	0.02672	0.01192	0.1061	0.02387	0.00083	0.00046	0.16686	0.00046	0.00097	0.00252	0.00051	0.16461	0.10132	0.0028	0.05668	0.00781	0.12284	0.01308	0.01589	0.0168	0.01409	0.00508	0.13968	0.00976	0.02311	0.02067	0.0141	0.11073	
0.05657	0.04056	0.02912	0.04444	0	0	0	0	0.0275	0.01231	0.10807	0.02281	0.00065	0.0004	0.16916	0.00048	0.00076	0.00243	0.00044	0.16706	0.10332	0.00252	0.05771	0.00714	0.1241	0.01275	0.01727	0.01657	0.01407	0.00498	0.14211	0.00953	0.02312	0.0215	0.01451	0.11156	
0.05916	0.04319	0.03012	0.02882	0.0801	0.02697	0.02672	0.0275	0	0	0	0	0.00061	0.00045	0.15964	0.00059	0.00063	0.00216	0.00039	0.15811	0.09508	0.00248	0.05644	0.00729	0.11795	0.0115	0.01605	0.01579	0.01239	0.0046	0.13555	0.00875	0.01558	0.01362	0.00905	0.12304	
0.02605	0.01904	0.01334	0.01269	0.0352	0.01169	0.01192	0.01231	0	0	0	0	0.00029	0.00022	0.07034	0.00027	0.00029	0.00104	0.00027	0.06952	0.04164	0.00097	0.02481	0.0037	0.0521	0.00552	0.00683	0.00667	0.00585	0.00175	0.0601	0.00342	0.00716	0.00586	0.00388	0.05422	
0.23004	0.16732	0.12228	0.1115	0.31456	0.10241	0.1061	0.10807	0	0	0	0	0.00257	0.00141	0.62502	0.00214	0.00286	0.00863	0.00167	0.61798	0.39001	0.00964	0.20435	0.02714	0.45996	0.04861	0.06084	0.06173	0.05822	0.02043	0.51168	0.04081	0.10407	0.09304	0.06427	0.36976	
0.05075	0.036	0.02581	0.02389	0.06817	0.0216	0.02387	0.02281	0	0	0	0	0.00052	0.00038	0.135	0.00055	0.00079	0.00204	0.0004	0.13322	0.08072	0.00237	0.04695	0.00641	0.09908	0.01054	0.01378	0.01305	0.01047	0.00357	0.11479	0.00762	0.01364	0.01194	0.00759	0.10328	
0.00148	0.00089	0.00084	0.00078	0.00193	0.00058	0.00083	0.00065	0.00061	0.00029	0.00257	0.00052	0	0	0	0	2e-05	7e-05	2e-05	0.00388	0.00241	8e-05	0.00136	0.00014	0.00289	0.00026	0.00049	0.00035	0.00026	0.0001	0.00341	0.00022	0.00054	0.0006	0.00037	0.00248	
0.0009	0.00068	0.00047	0.00041	0.00117	0.00043	0.00046	0.0004	0.00045	0.00022	0.00141	0.00038	0	0	0	0	1e-05	3e-05	1e-05	0.00241	0.00163	2e-05	0.00064	0.00017	0.00181	0.00023	0.00019	0.00023	0.00022	0.0001	0.00199	0.00015	0.00025	0.0003	0.00019	0.00172	
0.36228	0.263	0.18958	0.17514	0.49298	0.161	0.16686	0.16916	0.15964	0.07034	0.62502	0.135	0	0	0	0	0.00453	0.01375	0.0027	0.96902	0.60122	0.01531	0.32946	0.04401	0.7217	0.07551	0.09654	0.09625	0.08619	0.03005	0.81384	0.05992	0.13917	0.12306	0.08398	0.64379	
0.00134	0.00098	0.00066	0.00057	0.00195	0.00066	0.00046	0.00048	0.00059	0.00027	0.00214	0.00055	0	0	0	0	1e-05	2e-05	0	0.00352	0.00219	5e-05	0.00109	0.00022	0.00269	0.00017	0.00028	0.00041	0.00026	0.0001	0.00288	0.00031	0.00049	0.0005	0.00025	0.00231	
0.00167	0.00132	0.00073	0.00085	0.00212	0.00072	0.00097	0.00076	0.00063	0.00029	0.00286	0.00079	2e-05	1e-05	0.00453	1e-05	0	0	0	0	0.00269	6e-05	0.00159	0.00023	0.0032	0.00039	0.00042	0.00056	0.00038	8e-05	0.00384	0.00027	0.00064	0.00053	0.00047	0.00293	
0.00498	0.0035	0.00274	0.00265	0.00666	0.00226	0.00252	0.00243	0.00216	0.00104	0.00863	0.00204	7e-05	3e-05	0.01375	2e-05	0	0	0	0	0.00851	0.00029	0.00459	0.00048	0.01003	0.00112	0.00114	0.00158	0.00113	0.00041	0.01145	0.00088	0.00192	0.0017	0.00119	0.00906	
0.00093	0.00093	0.00045	0.00042	0.00129	0.00049	0.00051	0.00044	0.00039	0.00027	0.00167	0.0004	2e-05	1e-05	0.0027	0	0	0	0	0	0.00162	5e-05	0.00091	0.00015	0.00201	0.00016	0.00025	0.00031	0.00018	0.0001	0.0023	0.00015	0.00044	0.00035	0.00022	0.00172	
0.35842	0.2598	0.18763	0.17298	0.48796	0.1592	0.16461	0.16706	0.15811	0.06952	0.61798	0.13322	0.00388	0.00241	0.96902	0.00352	0	0	0	0	0.59463	0.01506	0.32546	0.04368	0.71385	0.0745	0.09569	0.09479	0.08524	0.02976	0.80453	0.0593	0.13745	0.12188	0.08291	0.63659	
0.22226	0.16231	0.11642	0.10646	0.30425	0.09856	0.10132	0.10332	0.09508	0.04164	0.39001	0.08072	0.00241	0.00163	0.60122	0.00219	0.00269	0.00851	0.00162	0.59463	0	0	0	0	0.44336	0.04668	0.05866	0.05875	0.06051	0.02174	0.48276	0.04244	0.10177	0.08866	0.06151	0.35551	
0.00555	0.00408	0.00299	0.00284	0.00766	0.00248	0.0028	0.00252	0.00248	0.00097	0.00964	0.00237	8e-05	2e-05	0.01531	5e-05	6e-05	0.00029	5e-05	0.01506	0	0	0	0	0.01123	0.00102	0.0016	0.00161	0.00146	0.00038	0.01278	0.00084	0.00147	0.00151	0.00087	0.01161	
0.12141	0.08715	0.06411	0.05988	0.16404	0.05412	0.05668	0.05771	0.05644	0.02481	0.20435	0.04695	0.00136	0.00064	0.32946	0.00109	0.00159	0.00459	0.00091	0.32546	0	0	0	0	0.24202	0.02522	0.03274	0.03257	0.02075	0.00687	0.2902	0.01473	0.03275	0.03043	0.01965	0.24972	
0.01678	0.01201	0.00803	0.00772	0.02208	0.00751	0.00781	0.00714	0.00729	0.0037	0.02714	0.00641	0.00014	0.00017	0.04401	0.00022	0.00023	0.00048	0.00015	0.04368	0	0	0	0	0.03248	0.00325	0.0045	0.00431	0.00421	0.00136	0.03638	0.00259	0.00446	0.00386	0.00276	0.03346	
0.26749	0.19355	0.13931	0.12874	0.36295	0.1192	0.12284	0.1241	0.11795	0.0521	0.45996	0.09908	0.00289	0.00181	0.7217	0.00269	0.0032	0.01003	0.00201	0.71385	0.44336	0.01123	0.24202	0.03248	0	0	0	0	0.06279	0.02179	0.60018	0.04433	0.10198	0.0906	0.06169	0.47482	
0.02758	0.02037	0.01432	0.0139	0.03771	0.01263	0.01308	0.01275	0.0115	0.00552	0.04861	0.01054	0.00026	0.00023	0.07551	0.00017	0.00039	0.00112	0.00016	0.0745	0.04668	0.00102	0.02522	0.00325	0	0	0	0	0.00674	0.00219	0.06272	0.00452	0.01119	0.00969	0.00661	0.04868	
0.0349	0.02644	0.01906	0.0171	0.04922	0.01512	0.01589	0.01727	0.01605	0.00683	0.06084	0.01378	0.00049	0.00019	0.09654	0.00028	0.00042	0.00114	0.00025	0.09569	0.05866	0.0016	0.03274	0.0045	0	0	0	0	0.00853	0.00324	0.07971	0.00602	0.01354	0.01218	0.0083	0.06348	
0.03603	0.02519	0.01886	0.01716	0.04815	0.01572	0.0168	0.01657	0.01579	0.00667	0.06173	0.01305	0.00035	0.00023	0.09625	0.00041	0.00056	0.00158	0.00031	0.09479	0.05875	0.00161	0.03257	0.00431	0	0	0	0	0.00887	0.00313	0.07951	0.00573	0.01374	0.01199	0.00819	0.06332	
0.03176	0.02256	0.01728	0.01533	0.04491	0.01386	0.01409	0.01407	0.01239	0.00585	0.05822	0.01047	0.00026	0.00022	0.08619	0.00026	0.00038	0.00113	0.00018	0.08524	0.06051	0.00146	0.02075	0.00421	0.06279	0.00674	0.00853	0.00887	0	0	0	0	0.02091	0.01813	0.01223	0.03566	
0.01097	0.00812	0.00623	0.00503	0.01575	0.00454	0.00508	0.00498	0.0046	0.00175	0.02043	0.00357	0.0001	0.0001	0.03005	0.0001	8e-05	0.00041	0.0001	0.02976	0.02174	0.00038	0.00687	0.00136	0.02179	0.00219	0.00324	0.00313	0	0	0	0	0.00732	0.0069	0.00413	0.012	
0.30149	0.21821	0.15614	0.14628	0.40568	0.13465	0.13968	0.14211	0.13555	0.0601	0.51168	0.11479	0.00341	0.00199	0.81384	0.00288	0.00384	0.01145	0.0023	0.80453	0.48276	0.01278	0.2902	0.03638	0.60018	0.06272	0.07971	0.07951	0	0	0	0	0.09783	0.08662	0.05939	0.57828	
0.02178	0.01666	0.0119	0.01026	0.03169	0.00962	0.00976	0.00953	0.00875	0.00342	0.04081	0.00762	0.00022	0.00015	0.05992	0.00031	0.00027	0.00088	0.00015	0.0593	0.04244	0.00084	0.01473	0.00259	0.04433	0.00452	0.00602	0.00573	0	0	0	0	0.01439	0.01281	0.00904	0.02436	
0.05141	0.03649	0.02754	0.02501	0.07097	0.02325	0.02311	0.02312	0.01558	0.00716	0.10407	0.01364	0.00054	0.00025	0.13917	0.00049	0.00064	0.00192	0.00044	0.13745	0.10177	0.00147	0.03275	0.00446	0.10198	0.01119	0.01354	0.01374	0.02091	0.00732	0.09783	0.01439	0	0	0	0	
0.0449	0.0335	0.0246	0.02146	0.0616	0.02069	0.02067	0.0215	0.01362	0.00586	0.09304	0.01194	0.0006	0.0003	0.12306	0.0005	0.00053	0.0017	0.00035	0.12188	0.08866	0.00151	0.03043	0.00386	0.0906	0.00969	0.01218	0.01199	0.01813	0.0069	0.08662	0.01281	0	0	0	0	
0.03128	0.02305	0.01603	0.01443	0.04289	0.01329	0.0141	0.01451	0.00905	0.00388	0.06427	0.00759	0.00037	0.00019	0.08398	0.00025	0.00047	0.00119	0.00022	0.08291	0.06151	0.00087	0.01965	0.00276	0.06169	0.00661	0.0083	0.00819	0.01223	0.00413	0.05939	0.00904	0	0	0	0	
0.23841	0.17251	0.12338	0.116	0.32257	0.10544	0.11073	0.11156	0.12304	0.05422	0.36976	0.10328	0.00248	0.00172	0.64379	0.00231	0.00293	0.00906	0.00172	0.63659	0.35551	0.01161	0.24972	0.03346	0.47482	0.04868	0.06348	0.06332	0.03566	0.012	0.57828	0.02436	0	0	0	0	
