0	0	0	0	0.20614	0.05165	0.05492	0.05357	0.05756	0.02679	0.23189	0.05004	0.00161	0.00104	0.36239	0.00124	0.00164	0.00449	0.00098	0.35917	0.22081	0.00573	0.12171	0.01803	0.26837	0.02811	0.03476	0.03504	0.03323	0.01116	0.29947	0.02242	0.05144	0.04562	0.03057	0.23865	
0	0	0	0	0.14927	0.0388	0.03836	0.03998	0.04294	0.01904	0.16927	0.03516	0.00112	0.00065	0.26375	0.00089	0.0012	0.00365	0.00085	0.26071	0.1612	0.00457	0.0881	0.01254	0.19449	0.02032	0.02553	0.02607	0.02355	0.00837	0.21821	0.01628	0.03688	0.03469	0.02184	0.173	
0	0	0	0	0.1074	0.02642	0.02871	0.02838	0.03116	0.01357	0.12118	0.025	0.00078	0.00051	0.18901	0.00061	0.00095	0.00276	0.00042	0.18678	0.11672	0.00302	0.06208	0.00909	0.13838	0.01485	0.0192	0.01848	0.01613	0.00588	0.15745	0.01145	0.02609	0.02368	0.01634	0.1248	
0	0	0	0	0.04628	0.04294	0.04336	0.04382	0.02898	0.01315	0.11027	0.024	0.00072	0.0005	0.17457	0.00061	0.00078	0.00257	0.00062	0.17243	0.11187	0.00262	0.05396	0.00795	0.12934	0.0126	0.01689	0.01757	0.0128	0.00449	0.14983	0.00928	0.02452	0.02066	0.01381	0.11741	
0.20614	0.14927	0.1074	0.04628	0	0	0	0	0.08176	0.037	0.32185	0.06848	0.00209	0.00128	0.50397	0.00175	0.00229	0.0068	0.00149	0.49851	0.28816	0.0093	0.18364	0.02799	0.37143	0.03907	0.04941	0.04918	0.05629	0.01923	0.39527	0.0383	0.07218	0.06472	0.04296	0.32923	
0.05165	0.0388	0.02642	0.04294	0	0	0	0	0.02585	0.01204	0.10149	0.02043	0.00059	0.00045	0.15829	0.00048	0.00079	0.002	0.0005	0.15652	0.10484	0.00234	0.04647	0.00616	0.11665	0.0122	0.01518	0.01578	0.00979	0.00327	0.13969	0.00706	0.02181	0.0201	0.013	0.1049	
0.05492	0.03836	0.02871	0.04336	0	0	0	0	0.02626	0.01151	0.10548	0.0221	0.00082	0.00053	0.16346	0.00054	0.00078	0.00226	0.0004	0.16191	0.1086	0.00211	0.0479	0.00674	0.1221	0.01218	0.01538	0.01569	0.00985	0.00368	0.14471	0.00711	0.02321	0.02072	0.01351	0.10791	
0.05357	0.03998	0.02838	0.04382	0	0	0	0	0.02677	0.012	0.10379	0.02319	0.00073	0.00044	0.164	0.00058	0.00071	0.00241	0.00048	0.16215	0.109	0.00219	0.04784	0.00672	0.1204	0.01243	0.01641	0.01651	0.00978	0.00372	0.14529	0.00696	0.02173	0.01911	0.01309	0.11182	
0.05756	0.04294	0.03116	0.02898	0.08176	0.02585	0.02626	0.02677	0	0	0	0	0.00061	0.00034	0.1591	0.00059	0.00097	0.00217	0.0005	0.157	0.09532	0.00259	0.05471	0.00802	0.11583	0.01264	0.01616	0.01601	0.01218	0.00429	0.13536	0.00881	0.01524	0.01328	0.00933	0.12279	
0.02679	0.01904	0.01357	0.01315	0.037	0.01204	0.01151	0.012	0	0	0	0	0.00023	0.00018	0.07183	0.00031	0.0002	0.00092	0.0002	0.07123	0.04273	0.00131	0.0251	0.00341	0.05301	0.00523	0.00672	0.00759	0.00509	0.00189	0.06176	0.00381	0.00714	0.00638	0.00387	0.05516	
0.23189	0.16927	0.12118	0.11027	0.32185	0.10149	0.10548	0.10379	0	0	0	0	0.00277	0.0017	0.62608	0.00206	0.00286	0.00878	0.00184	0.61913	0.39171	0.00979	0.20105	0.03006	0.4635	0.04798	0.0604	0.06073	0.05724	0.0202	0.51508	0.04009	0.10329	0.09362	0.06155	0.37415	
0.05004	0.03516	0.025	0.024	0.06848	0.02043	0.0221	0.02319	0	0	0	0	0.00062	0.00048	0.13271	0.00039	0.00054	0.0016	0.00033	0.13173	0.08084	0.00225	0.04499	0.00612	0.09824	0.01003	0.0131	0.01283	0.0112	0.00352	0.11276	0.00672	0.01326	0.01137	0.00781	0.10176	
0.00161	0.00112	0.00078	0.00072	0.00209	0.00059	0.00082	0.00073	0.00061	0.00023	0.00277	0.00062	0	0	0	0	3e-05	6e-05	0	0.00414	0.0027	4e-05	0.0013	0.00019	0.00292	0.00042	0.00042	0.00047	0.0004	0.00013	0.00348	0.00022	0.00067	0.00047	0.00032	0.00277	
0.00104	0.00065	0.00051	0.0005	0.00128	0.00045	0.00053	0.00044	0.00034	0.00018	0.0017	0.00048	0	0	0	0	1e-05	6e-05	1e-05	0.00262	0.00163	3e-05	0.00086	0.00018	0.00196	0.00025	0.00025	0.00024	0.00016	9e-05	0.00231	0.00014	0.00045	0.00021	0.00023	0.00181	
0.36239	0.26375	0.18901	0.17457	0.50397	0.15829	0.16346	0.164	0.1591	0.07183	0.62608	0.13271	0	0	0	0	0.00451	0.0133	0.00285	0.96906	0.60414	0.01585	0.32262	0.04711	0.72314	0.07495	0.09546	0.09617	0.08477	0.02954	0.81653	0.05888	0.1374	0.12349	0.08173	0.6471	
0.00124	0.00089	0.00061	0.00061	0.00175	0.00048	0.00054	0.00058	0.00059	0.00031	0.00206	0.00039	0	0	0	0	2e-05	5e-05	1e-05	0.00327	0.00213	2e-05	0.00107	0.00013	0.00256	0.00026	0.00025	0.00028	0.00038	0.00014	0.00264	0.00019	0.00041	0.00048	0.00028	0.00218	
0.00164	0.0012	0.00095	0.00078	0.00229	0.00079	0.00078	0.00071	0.00097	0.0002	0.00286	0.00054	3e-05	1e-05	0.00451	2e-05	0	0	0	0	0.00268	0.00011	0.00149	0.00029	0.00329	0.00033	0.00048	0.00047	0.00036	0.00011	0.00381	0.00029	0.00073	0.00055	0.00037	0.00292	
0.00449	0.00365	0.00276	0.00257	0.0068	0.002	0.00226	0.00241	0.00217	0.00092	0.00878	0.0016	6e-05	6e-05	0.0133	5e-05	0	0	0	0	0.00816	0.00019	0.00446	0.00066	0.00994	0.00101	0.00114	0.00138	0.00101	0.00042	0.01133	0.00071	0.00191	0.00179	0.00118	0.00859	
0.00098	0.00085	0.00042	0.00062	0.00149	0.0005	0.0004	0.00048	0.0005	0.0002	0.00184	0.00033	0	1e-05	0.00285	1e-05	0	0	0	0	0.00171	7e-05	0.00092	0.00017	0.00201	0.00029	0.00031	0.00026	0.00031	0.00013	0.00226	0.00017	0.00043	0.00033	0.00028	0.00183	
0.35917	0.26071	0.18678	0.17243	0.49851	0.15652	0.16191	0.16215	0.157	0.07123	0.61913	0.13173	0.00414	0.00262	0.96906	0.00327	0	0	0	0	0.59805	0.01557	0.31898	0.04649	0.71534	0.07425	0.09445	0.09505	0.08403	0.02924	0.80756	0.05826	0.13586	0.12198	0.08073	0.64052	
0.22081	0.1612	0.11672	0.11187	0.28816	0.10484	0.1086	0.109	0.09532	0.04273	0.39171	0.08084	0.0027	0.00163	0.60414	0.00213	0.00268	0.00816	0.00171	0.59805	0	0	0	0	0.44579	0.04619	0.05875	0.05987	0.06714	0.02367	0.47365	0.04614	0.10022	0.09041	0.05986	0.36011	
0.00573	0.00457	0.00302	0.00262	0.0093	0.00234	0.00211	0.00219	0.00259	0.00131	0.00979	0.00225	4e-05	3e-05	0.01585	2e-05	0.00011	0.00019	7e-05	0.01557	0	0	0	0	0.01133	0.00136	0.00158	0.00167	0.00166	0.00054	0.01269	0.00105	0.00181	0.00146	0.00101	0.01166	
0.12171	0.0881	0.06208	0.05396	0.18364	0.04647	0.0479	0.04784	0.05471	0.0251	0.20105	0.04499	0.0013	0.00086	0.32262	0.00107	0.00149	0.00446	0.00092	0.31898	0	0	0	0	0.2381	0.02459	0.0319	0.03126	0.01213	0.00392	0.30132	0.00848	0.03171	0.02806	0.01891	0.24717	
0.01803	0.01254	0.00909	0.00795	0.02799	0.00616	0.00674	0.00672	0.00802	0.00341	0.03006	0.00612	0.00019	0.00018	0.04711	0.00013	0.00029	0.00066	0.00017	0.04649	0	0	0	0	0.03536	0.00374	0.00415	0.00436	0.00478	0.00177	0.0373	0.00376	0.00519	0.00472	0.00278	0.03492	
0.26837	0.19449	0.13838	0.12934	0.37143	0.11665	0.1221	0.1204	0.11583	0.05301	0.4635	0.09824	0.00292	0.00196	0.72314	0.00256	0.00329	0.00994	0.00201	0.71534	0.44579	0.01133	0.2381	0.03536	0	0	0	0	0.062	0.02188	0.6029	0.0438	0.10129	0.09144	0.05982	0.47803	
0.02811	0.02032	0.01485	0.0126	0.03907	0.0122	0.01218	0.01243	0.01264	0.00523	0.04798	0.01003	0.00042	0.00025	0.07495	0.00026	0.00033	0.00101	0.00029	0.07425	0.04619	0.00136	0.02459	0.00374	0	0	0	0	0.00655	0.00224	0.06269	0.0044	0.01068	0.00906	0.00638	0.04976	
0.03476	0.02553	0.0192	0.01689	0.04941	0.01518	0.01538	0.01641	0.01616	0.00672	0.0604	0.0131	0.00042	0.00025	0.09546	0.00025	0.00048	0.00114	0.00031	0.09445	0.05875	0.00158	0.0319	0.00415	0	0	0	0	0.0085	0.00283	0.07955	0.0055	0.01317	0.01191	0.00805	0.06325	
0.03504	0.02607	0.01848	0.01757	0.04918	0.01578	0.01569	0.01651	0.01601	0.00759	0.06073	0.01283	0.00047	0.00024	0.09617	0.00028	0.00047	0.00138	0.00026	0.09505	0.05987	0.00167	0.03126	0.00436	0	0	0	0	0.00866	0.00295	0.07982	0.00573	0.01379	0.01224	0.00831	0.06282	
0.03323	0.02355	0.01613	0.0128	0.05629	0.00979	0.00985	0.00978	0.01218	0.00509	0.05724	0.0112	0.0004	0.00016	0.08477	0.00038	0.00036	0.00101	0.00031	0.08403	0.06714	0.00166	0.01213	0.00478	0.062	0.00655	0.0085	0.00866	0	0	0	0	0.02118	0.01775	0.01194	0.03484	
0.01116	0.00837	0.00588	0.00449	0.01923	0.00327	0.00368	0.00372	0.00429	0.00189	0.0202	0.00352	0.00013	9e-05	0.02954	0.00014	0.00011	0.00042	0.00013	0.02924	0.02367	0.00054	0.00392	0.00177	0.02188	0.00224	0.00283	0.00295	0	0	0	0	0.00677	0.00666	0.00435	0.01212	
0.29947	0.21821	0.15745	0.14983	0.39527	0.13969	0.14471	0.14529	0.13536	0.06176	0.51508	0.11276	0.00348	0.00231	0.81653	0.00264	0.00381	0.01133	0.00226	0.80756	0.47365	0.01269	0.30132	0.0373	0.6029	0.06269	0.07955	0.07982	0	0	0	0	0.09695	0.08749	0.05769	0.58283	
0.02242	0.01628	0.01145	0.00928	0.0383	0.00706	0.00711	0.00696	0.00881	0.00381	0.04009	0.00672	0.00022	0.00014	0.05888	0.00019	0.00029	0.00071	0.00017	0.05826	0.04614	0.00105	0.00848	0.00376	0.0438	0.0044	0.0055	0.00573	0	0	0	0	0.01403	0.01275	0.00858	0.02407	
0.05144	0.03688	0.02609	0.02452	0.07218	0.02181	0.02321	0.02173	0.01524	0.00714	0.10329	0.01326	0.00067	0.00045	0.1374	0.00041	0.00073	0.00191	0.00043	0.13586	0.10022	0.00181	0.03171	0.00519	0.10129	0.01068	0.01317	0.01379	0.02118	0.00677	0.09695	0.01403	0	0	0	0	
0.04562	0.03469	0.02368	0.02066	0.06472	0.0201	0.02072	0.01911	0.01328	0.00638	0.09362	0.01137	0.00047	0.00021	0.12349	0.00048	0.00055	0.00179	0.00033	0.12198	0.09041	0.00146	0.02806	0.00472	0.09144	0.00906	0.01191	0.01224	0.01775	0.00666	0.08749	0.01275	0	0	0	0	
0.03057	0.02184	0.01634	0.01381	0.04296	0.013	0.01351	0.01309	0.00933	0.00387	0.06155	0.00781	0.00032	0.00023	0.08173	0.00028	0.00037	0.00118	0.00028	0.08073	0.05986	0.00101	0.01891	0.00278	0.05982	0.00638	0.00805	0.00831	0.01194	0.00435	0.05769	0.00858	0	0	0	0	
0.23865	0.173	0.1248	0.11741	0.32923	0.1049	0.10791	0.11182	0.12279	0.05516	0.37415	0.10176	0.00277	0.00181	0.6471	0.00218	0.00292	0.00859	0.00183	0.64052	0.36011	0.01166	0.24717	0.03492	0.47803	0.04976	0.06325	0.06282	0.03484	0.01212	0.58283	0.02407	0	0	0	0	
