0	0	0	0	0.20641	0.05218	0.05336	0.05376	0.05754	0.02609	0.23085	0.05123	0.00163	0.00094	0.36209	0.00105	0.00164	0.0047	0.0011	0.35827	0.22304	0.00604	0.11888	0.01775	0.26657	0.02865	0.03457	0.03592	0.03185	0.01171	0.29924	0.02291	0.05218	0.04565	0.03021	0.23767	
0	0	0	0	0.14807	0.03693	0.03903	0.039	0.04212	0.01931	0.16614	0.03546	0.00115	0.00074	0.2603	0.00084	0.00119	0.00387	0.00064	0.25733	0.16037	0.00452	0.08546	0.01268	0.19003	0.02056	0.0259	0.02654	0.02363	0.00809	0.21488	0.01643	0.03758	0.03272	0.02125	0.17148	
0	0	0	0	0.10811	0.02728	0.02914	0.02871	0.03027	0.01354	0.12326	0.02617	0.00079	0.00057	0.1912	0.00068	0.00088	0.00276	0.00052	0.18908	0.11782	0.00344	0.06309	0.00889	0.14085	0.01505	0.0185	0.01884	0.01725	0.00577	0.15776	0.01246	0.02706	0.02422	0.01622	0.12574	
0	0	0	0	0.04706	0.04317	0.04389	0.0439	0.02848	0.01353	0.11181	0.0242	0.00074	0.0004	0.17623	0.00065	0.00083	0.00248	0.00056	0.17415	0.11394	0.00268	0.05386	0.00754	0.12958	0.01407	0.01683	0.01754	0.01344	0.00488	0.15053	0.00917	0.02492	0.02136	0.0144	0.11734	
0.20641	0.14807	0.10811	0.04706	0	0	0	0	0.08	0.03648	0.32358	0.06959	0.00234	0.00138	0.50427	0.00166	0.00222	0.00706	0.00139	0.49898	0.28942	0.00999	0.18244	0.0278	0.36978	0.03999	0.04939	0.05049	0.05607	0.01973	0.39489	0.03896	0.07333	0.06474	0.04222	0.32936	
0.05218	0.03693	0.02728	0.04317	0	0	0	0	0.02541	0.01202	0.10006	0.02207	0.00072	0.00041	0.15797	0.00046	0.00063	0.00222	0.00046	0.15625	0.10607	0.00218	0.04501	0.0063	0.11693	0.01254	0.01448	0.01561	0.00973	0.0037	0.13912	0.00701	0.02294	0.01898	0.01314	0.1045	
0.05336	0.03903	0.02914	0.04389	0	0	0	0	0.02645	0.01193	0.10436	0.02268	0.00071	0.00041	0.1637	0.0006	0.00095	0.00227	0.00044	0.16176	0.1099	0.00236	0.0467	0.00646	0.1201	0.01355	0.01602	0.01575	0.01004	0.00354	0.14413	0.00771	0.0225	0.02015	0.01378	0.10899	
0.05376	0.039	0.02871	0.0439	0	0	0	0	0.02655	0.01204	0.10406	0.02272	0.00054	0.00045	0.16388	0.0005	0.00074	0.00226	0.00053	0.16184	0.10978	0.00215	0.04714	0.0063	0.12022	0.01225	0.01591	0.01699	0.01033	0.00348	0.14427	0.00729	0.02297	0.02008	0.01294	0.10938	
0.05754	0.04212	0.03027	0.02848	0.08	0.02541	0.02645	0.02655	0	0	0	0	0.00063	0.00041	0.15687	0.0005	0.00085	0.00224	0.00051	0.15481	0.09518	0.00288	0.05263	0.00772	0.11451	0.01269	0.0155	0.01571	0.01226	0.00402	0.13374	0.00839	0.01542	0.01383	0.00939	0.11977	
0.02609	0.01931	0.01354	0.01353	0.03648	0.01202	0.01193	0.01204	0	0	0	0	0.00032	0.00024	0.07163	0.00028	0.00033	0.00108	0.00018	0.07088	0.04324	0.00131	0.02459	0.00333	0.0527	0.00535	0.00709	0.00733	0.0054	0.00172	0.0614	0.00395	0.00701	0.00576	0.00425	0.05545	
0.23085	0.16614	0.12326	0.11181	0.32358	0.10006	0.10436	0.10406	0	0	0	0	0.00271	0.00164	0.6257	0.00201	0.00292	0.00873	0.00172	0.61869	0.39506	0.01015	0.19775	0.0291	0.46045	0.04938	0.06006	0.06217	0.05865	0.02083	0.51142	0.04116	0.10634	0.09318	0.06112	0.37142	
0.05123	0.03546	0.02617	0.0242	0.06959	0.02207	0.02268	0.02272	0	0	0	0	0.00065	0.00036	0.13562	0.00043	0.00044	0.00176	0.00041	0.13445	0.08169	0.00234	0.04632	0.00671	0.09937	0.01091	0.01315	0.01363	0.00986	0.00388	0.11585	0.00747	0.01297	0.01118	0.00732	0.10559	
0.00163	0.00115	0.00079	0.00074	0.00234	0.00072	0.00071	0.00054	0.00063	0.00032	0.00271	0.00065	0	0	0	0	2e-05	7e-05	1e-05	0.00421	0.00246	0.00013	0.00151	0.00021	0.00309	0.00033	0.00044	0.00045	0.00038	0.00011	0.00364	0.00018	0.00058	0.00049	0.00037	0.00287	
0.00094	0.00074	0.00057	0.0004	0.00138	0.00041	0.00041	0.00045	0.00041	0.00024	0.00164	0.00036	0	0	0	0	3e-05	3e-05	1e-05	0.00258	0.00153	2e-05	0.00096	0.00014	0.00197	0.00017	0.00017	0.00034	0.00016	0.00011	0.00232	6e-05	0.00037	0.00026	0.0002	0.00182	
0.36209	0.2603	0.1912	0.17623	0.50427	0.15797	0.1637	0.16388	0.15687	0.07163	0.6257	0.13562	0	0	0	0	0.00449	0.01366	0.00278	0.96889	0.60927	0.01648	0.31772	0.04635	0.71961	0.07759	0.09489	0.09773	0.08529	0.03018	0.81377	0.06058	0.14039	0.12285	0.08122	0.64536	
0.00105	0.00084	0.00068	0.00065	0.00166	0.00046	0.0006	0.0005	0.0005	0.00028	0.00201	0.00043	0	0	0	0	0	5e-05	2e-05	0.00315	0.00191	5e-05	0.0011	0.00016	0.00236	0.00024	0.0003	0.00032	0.00034	5e-05	0.00268	0.00015	0.0004	0.00035	0.00029	0.00218	
0.00164	0.00119	0.00088	0.00083	0.00222	0.00063	0.00095	0.00074	0.00085	0.00033	0.00292	0.00044	2e-05	3e-05	0.00449	0	0	0	0	0	0.00305	5e-05	0.00129	0.00015	0.00328	0.00029	0.00047	0.0005	0.00041	0.00017	0.0037	0.00026	0.0006	0.00062	0.00046	0.00286	
0.0047	0.00387	0.00276	0.00248	0.00706	0.00222	0.00227	0.00226	0.00224	0.00108	0.00873	0.00176	7e-05	3e-05	0.01366	5e-05	0	0	0	0	0.00816	0.00027	0.00472	0.00066	0.01003	0.00095	0.00135	0.00148	0.00124	0.0004	0.01126	0.00091	0.0022	0.00145	0.00111	0.00905	
0.0011	0.00064	0.00052	0.00056	0.00139	0.00046	0.00044	0.00053	0.00051	0.00018	0.00172	0.00041	1e-05	1e-05	0.00278	2e-05	0	0	0	0	0.00179	3e-05	0.00089	0.00011	0.00218	0.00021	0.00024	0.00019	0.00019	0.0001	0.00236	0.00017	0.00049	0.00028	0.00022	0.00183	
0.35827	0.25733	0.18908	0.17415	0.49898	0.15625	0.16176	0.16184	0.15481	0.07088	0.61869	0.13445	0.00421	0.00258	0.96889	0.00315	0	0	0	0	0.60217	0.01633	0.31439	0.04594	0.71154	0.07688	0.09374	0.09667	0.08433	0.02978	0.80509	0.05963	0.13845	0.1216	0.08029	0.63849	
0.22304	0.16037	0.11782	0.11394	0.28942	0.10607	0.1099	0.10978	0.09518	0.04324	0.39506	0.08169	0.00246	0.00153	0.60927	0.00191	0.00305	0.00816	0.00179	0.60217	0	0	0	0	0.44607	0.04805	0.06044	0.06061	0.06749	0.02404	0.47507	0.04857	0.10383	0.09024	0.05947	0.36163	
0.00604	0.00452	0.00344	0.00268	0.00999	0.00218	0.00236	0.00215	0.00288	0.00131	0.01015	0.00234	0.00013	2e-05	0.01648	5e-05	5e-05	0.00027	3e-05	0.01633	0	0	0	0	0.01228	0.00134	0.00174	0.00132	0.00159	0.00053	0.01344	0.00112	0.00167	0.00156	0.00121	0.01224	
0.11888	0.08546	0.06309	0.05386	0.18244	0.04501	0.0467	0.04714	0.05263	0.02459	0.19775	0.04632	0.00151	0.00096	0.31772	0.0011	0.00129	0.00472	0.00089	0.31439	0	0	0	0	0.23478	0.02513	0.0293	0.03208	0.01175	0.00406	0.29743	0.00805	0.03074	0.02759	0.01855	0.24441	
0.01775	0.01268	0.00889	0.00754	0.0278	0.0063	0.00646	0.0063	0.00772	0.00333	0.0291	0.00671	0.00021	0.00014	0.04635	0.00016	0.00015	0.00066	0.00011	0.04594	0	0	0	0	0.0339	0.00381	0.00432	0.00483	0.00534	0.00182	0.03647	0.00323	0.0055	0.00456	0.00285	0.03395	
0.26657	0.19003	0.14085	0.12958	0.36978	0.11693	0.1201	0.12022	0.11451	0.0527	0.46045	0.09937	0.00309	0.00197	0.71961	0.00236	0.00328	0.01003	0.00218	0.71154	0.44607	0.01228	0.23478	0.0339	0	0	0	0	0.06269	0.02211	0.59743	0.0448	0.10372	0.08982	0.05969	0.4738	
0.02865	0.02056	0.01505	0.01407	0.03999	0.01254	0.01355	0.01225	0.01269	0.00535	0.04938	0.01091	0.00033	0.00017	0.07759	0.00024	0.00029	0.00095	0.00021	0.07688	0.04805	0.00134	0.02513	0.00381	0	0	0	0	0.00676	0.00238	0.06433	0.00486	0.01076	0.00982	0.00615	0.0516	
0.03457	0.0259	0.0185	0.01683	0.04939	0.01448	0.01602	0.01591	0.0155	0.00709	0.06006	0.01315	0.00044	0.00017	0.09489	0.0003	0.00047	0.00135	0.00024	0.09374	0.06044	0.00174	0.0293	0.00432	0	0	0	0	0.00837	0.00295	0.07882	0.00566	0.0134	0.01179	0.0082	0.06241	
0.03592	0.02654	0.01884	0.01754	0.05049	0.01561	0.01575	0.01699	0.01571	0.00733	0.06217	0.01363	0.00045	0.00034	0.09773	0.00032	0.0005	0.00148	0.00019	0.09667	0.06061	0.00132	0.03208	0.00483	0	0	0	0	0.00835	0.00301	0.08183	0.00565	0.01386	0.01252	0.00804	0.06442	
0.03185	0.02363	0.01725	0.01344	0.05607	0.00973	0.01004	0.01033	0.01226	0.0054	0.05865	0.00986	0.00038	0.00016	0.08529	0.00034	0.00041	0.00124	0.00019	0.08433	0.06749	0.00159	0.01175	0.00534	0.06269	0.00676	0.00837	0.00835	0	0	0	0	0.02095	0.018	0.01217	0.03505	
0.01171	0.00809	0.00577	0.00488	0.01973	0.0037	0.00354	0.00348	0.00402	0.00172	0.02083	0.00388	0.00011	0.00011	0.03018	5e-05	0.00017	0.0004	0.0001	0.02978	0.02404	0.00053	0.00406	0.00182	0.02211	0.00238	0.00295	0.00301	0	0	0	0	0.00738	0.00654	0.0044	0.01213	
0.29924	0.21488	0.15776	0.15053	0.39489	0.13912	0.14413	0.14427	0.13374	0.0614	0.51142	0.11585	0.00364	0.00232	0.81377	0.00268	0.0037	0.01126	0.00236	0.80509	0.47507	0.01344	0.29743	0.03647	0.59743	0.06433	0.07882	0.08183	0	0	0	0	0.09861	0.08694	0.05732	0.57954	
0.02291	0.01643	0.01246	0.00917	0.03896	0.00701	0.00771	0.00729	0.00839	0.00395	0.04116	0.00747	0.00018	6e-05	0.06058	0.00015	0.00026	0.00091	0.00017	0.05963	0.04857	0.00112	0.00805	0.00323	0.0448	0.00486	0.00566	0.00565	0	0	0	0	0.0148	0.01247	0.00819	0.02551	
0.05218	0.03758	0.02706	0.02492	0.07333	0.02294	0.0225	0.02297	0.01542	0.00701	0.10634	0.01297	0.00058	0.00037	0.14039	0.0004	0.0006	0.0022	0.00049	0.13845	0.10383	0.00167	0.03074	0.0055	0.10372	0.01076	0.0134	0.01386	0.02095	0.00738	0.09861	0.0148	0	0	0	0	
0.04565	0.03272	0.02422	0.02136	0.06474	0.01898	0.02015	0.02008	0.01383	0.00576	0.09318	0.01118	0.00049	0.00026	0.12285	0.00035	0.00062	0.00145	0.00028	0.1216	0.09024	0.00156	0.02759	0.00456	0.08982	0.00982	0.01179	0.01252	0.018	0.00654	0.08694	0.01247	0	0	0	0	
0.03021	0.02125	0.01622	0.0144	0.04222	0.01314	0.01378	0.01294	0.00939	0.00425	0.06112	0.00732	0.00037	0.0002	0.08122	0.00029	0.00046	0.00111	0.00022	0.08029	0.05947	0.00121	0.01855	0.00285	0.05969	0.00615	0.0082	0.00804	0.01217	0.0044	0.05732	0.00819	0	0	0	0	
0.23767	0.17148	0.12574	0.11734	0.32936	0.1045	0.10899	0.10938	0.11977	0.05545	0.37142	0.10559	0.00287	0.00182	0.64536	0.00218	0.00286	0.00905	0.00183	0.63849	0.36163	0.01224	0.24441	0.03395	0.4738	0.0516	0.06241	0.06442	0.03505	0.01213	0.57954	0.02551	0	0	0	0	
