0	0	0	0	0.20593	0.05288	0.05497	0.05355	0.05883	0.0265	0.23226	0.04974	0.00157	0.00092	0.36374	0.0011	0.0017	0.00509	0.00097	0.35957	0.22347	0.00575	0.12095	0.01716	0.26925	0.0269	0.03598	0.0352	0.03201	0.01144	0.30085	0.02303	0.05012	0.04759	0.03125	0.23837	
0	0	0	0	0.14971	0.0389	0.03943	0.0391	0.04217	0.01846	0.16977	0.03674	0.00099	0.00077	0.26455	0.00083	0.00107	0.00387	0.00083	0.26137	0.16165	0.00449	0.08791	0.01309	0.19367	0.02051	0.02693	0.02603	0.02381	0.0084	0.21847	0.01646	0.03846	0.03243	0.02219	0.17406	
0	0	0	0	0.10613	0.02769	0.0284	0.02912	0.03021	0.01423	0.12022	0.02668	0.00076	0.00049	0.18938	0.00071	0.00077	0.00254	0.00056	0.18747	0.11577	0.00307	0.06341	0.00909	0.13917	0.01465	0.01853	0.01899	0.01648	0.00565	0.15685	0.01236	0.02704	0.02295	0.01572	0.12563	
0	0	0	0	0.04695	0.04182	0.04249	0.04293	0.02792	0.01243	0.11054	0.0233	0.00069	0.00044	0.17244	0.00062	0.00077	0.00226	0.00057	0.17059	0.11007	0.00243	0.05361	0.00808	0.1267	0.01371	0.01711	0.01667	0.01307	0.00439	0.14754	0.00919	0.02426	0.02162	0.01452	0.11379	
0.20593	0.14971	0.10613	0.04695	0	0	0	0	0.08107	0.03628	0.32237	0.069	0.00211	0.00124	0.50384	0.00153	0.00234	0.00707	0.00143	0.49788	0.28777	0.00931	0.18372	0.02792	0.37086	0.03807	0.05009	0.0497	0.05588	0.0193	0.39349	0.04005	0.07205	0.06504	0.04372	0.32791	
0.05288	0.0389	0.02769	0.04182	0	0	0	0	0.02579	0.01203	0.10097	0.0225	0.00052	0.00042	0.15973	0.00062	0.00061	0.0021	0.00053	0.15805	0.1062	0.0021	0.04665	0.00634	0.11776	0.01233	0.01584	0.01536	0.00989	0.00346	0.14073	0.00721	0.02199	0.01938	0.01306	0.10686	
0.05497	0.03943	0.0284	0.04249	0	0	0	0	0.02565	0.01159	0.10596	0.02209	0.00072	0.00048	0.1635	0.00059	0.00065	0.00246	0.00048	0.1617	0.10832	0.00229	0.04828	0.0064	0.12089	0.01241	0.01619	0.0158	0.00947	0.00359	0.14528	0.00695	0.02303	0.02041	0.01367	0.10818	
0.05355	0.0391	0.02912	0.04293	0	0	0	0	0.02662	0.01172	0.10349	0.02287	0.00066	0.00048	0.16304	0.00052	0.00071	0.00213	0.00049	0.16137	0.10867	0.00204	0.04723	0.00676	0.11928	0.01296	0.01643	0.01603	0.01013	0.00353	0.14421	0.00683	0.02281	0.01976	0.01323	0.1089	
0.05883	0.04217	0.03021	0.02792	0.08107	0.02579	0.02565	0.02662	0	0	0	0	0.00076	0.00046	0.15749	0.00042	0.00069	0.00212	0.00045	0.15587	0.09389	0.00267	0.05433	0.00824	0.11595	0.01215	0.01598	0.01505	0.01159	0.00431	0.13491	0.00832	0.01537	0.01362	0.00915	0.12099	
0.0265	0.01846	0.01423	0.01243	0.03628	0.01203	0.01159	0.01172	0	0	0	0	0.00036	0.00019	0.07088	0.00019	0.0003	0.00098	0.00025	0.07009	0.04214	0.00132	0.02496	0.0032	0.05155	0.00559	0.00737	0.00711	0.0054	0.00185	0.06036	0.00401	0.00687	0.00603	0.00403	0.05469	
0.23226	0.16977	0.12022	0.11054	0.32237	0.10097	0.10596	0.10349	0	0	0	0	0.00241	0.00159	0.62651	0.00228	0.00281	0.00875	0.00192	0.61931	0.39497	0.00947	0.19959	0.02876	0.46185	0.04775	0.06167	0.06152	0.05763	0.02	0.5143	0.04086	0.10446	0.0931	0.06247	0.37276	
0.04974	0.03674	0.02668	0.0233	0.069	0.0225	0.02209	0.02287	0	0	0	0	0.00048	0.00038	0.13523	0.00037	0.00051	0.00191	0.00031	0.13373	0.07996	0.00228	0.047	0.00722	0.09944	0.01028	0.01353	0.01321	0.01075	0.00372	0.11414	0.00785	0.01318	0.01184	0.00803	0.10341	
0.00157	0.00099	0.00076	0.00069	0.00211	0.00052	0.00072	0.00066	0.00076	0.00036	0.00241	0.00048	0	0	0	0	2e-05	2e-05	2e-05	0.00395	0.00239	7e-05	0.00134	0.00021	0.00285	0.00032	0.00033	0.00051	0.00032	0.00015	0.00329	0.00025	0.00057	0.0005	0.00027	0.00267	
0.00092	0.00077	0.00049	0.00044	0.00124	0.00042	0.00048	0.00048	0.00046	0.00019	0.00159	0.00038	0	0	0	0	1e-05	2e-05	1e-05	0.00258	0.00167	6e-05	0.00079	0.0001	0.00184	0.0002	0.00027	0.00031	0.0002	7e-05	0.00224	0.00011	0.0004	0.00033	0.00017	0.00172	
0.36374	0.26455	0.18938	0.17244	0.50384	0.15973	0.1635	0.16304	0.15749	0.07088	0.62651	0.13523	0	0	0	0	0.00427	0.01365	0.0029	0.96929	0.60481	0.01558	0.32276	0.04696	0.7217	0.07502	0.09755	0.09584	0.08467	0.02958	0.81541	0.06045	0.13853	0.12331	0.08294	0.64533	
0.0011	0.00083	0.00071	0.00062	0.00153	0.00062	0.00059	0.00052	0.00042	0.00019	0.00228	0.00037	0	0	0	0	1e-05	7e-05	0	0.00318	0.00209	3e-05	0.00099	0.00015	0.0024	0.00023	0.0004	0.00023	0.00018	8e-05	0.00277	0.00023	0.00038	0.00045	0.0003	0.00213	
0.0017	0.00107	0.00077	0.00077	0.00234	0.00061	0.00065	0.00071	0.00069	0.0003	0.00281	0.00051	2e-05	1e-05	0.00427	1e-05	0	0	0	0	0.00258	6e-05	0.00147	0.0002	0.00322	0.0003	0.0004	0.00039	0.00038	0.00019	0.00348	0.00026	0.00059	0.00055	0.00042	0.00275	
0.00509	0.00387	0.00254	0.00226	0.00707	0.0021	0.00246	0.00213	0.00212	0.00098	0.00875	0.00191	2e-05	2e-05	0.01365	7e-05	0	0	0	0	0.00857	0.00025	0.00424	0.0007	0.01005	0.00107	0.00144	0.0012	0.00114	0.00041	0.01146	0.00075	0.00197	0.00177	0.00103	0.00899	
0.00097	0.00083	0.00056	0.00057	0.00143	0.00053	0.00048	0.00049	0.00045	0.00025	0.00192	0.00031	2e-05	1e-05	0.0029	0	0	0	0	0	0.00196	6e-05	0.0008	0.00011	0.00222	0.00022	0.00023	0.00026	0.00029	0.00012	0.0024	0.00012	0.00047	0.0004	0.00025	0.00181	
0.35957	0.26137	0.18747	0.17059	0.49788	0.15805	0.1617	0.16137	0.15587	0.07009	0.61931	0.13373	0.00395	0.00258	0.96929	0.00318	0	0	0	0	0.59785	0.01537	0.31937	0.04641	0.7133	0.07418	0.09648	0.09504	0.08356	0.02916	0.80637	0.05991	0.13685	0.12187	0.08198	0.6383	
0.22347	0.16165	0.11577	0.11007	0.28777	0.1062	0.10832	0.10867	0.09389	0.04214	0.39497	0.07996	0.00239	0.00167	0.60481	0.00209	0.00258	0.00857	0.00196	0.59785	0	0	0	0	0.44588	0.04644	0.06035	0.05829	0.06683	0.02367	0.47281	0.04765	0.10052	0.09078	0.06083	0.35883	
0.00575	0.00449	0.00307	0.00243	0.00931	0.0021	0.00229	0.00204	0.00267	0.00132	0.00947	0.00228	7e-05	6e-05	0.01558	3e-05	6e-05	0.00025	6e-05	0.01537	0	0	0	0	0.01132	0.00139	0.00158	0.00145	0.00175	0.00063	0.01213	0.00123	0.00167	0.00151	0.0013	0.01126	
0.12095	0.08791	0.06341	0.05361	0.18372	0.04665	0.04828	0.04723	0.05433	0.02496	0.19959	0.047	0.00134	0.00079	0.32276	0.00099	0.00147	0.00424	0.0008	0.31937	0	0	0	0	0.23671	0.02452	0.0318	0.03285	0.01163	0.00413	0.30135	0.00877	0.03234	0.02804	0.0183	0.2472	
0.01716	0.01309	0.00909	0.00808	0.02792	0.00634	0.0064	0.00676	0.00824	0.0032	0.02876	0.00722	0.00021	0.0001	0.04696	0.00015	0.0002	0.0007	0.00011	0.04641	0	0	0	0	0.03488	0.00342	0.00482	0.0043	0.00516	0.00145	0.03742	0.00339	0.00535	0.00426	0.00325	0.03456	
0.26925	0.19367	0.13917	0.1267	0.37086	0.11776	0.12089	0.11928	0.11595	0.05155	0.46185	0.09944	0.00285	0.00184	0.7217	0.0024	0.00322	0.01005	0.00222	0.7133	0.44588	0.01132	0.23671	0.03488	0	0	0	0	0.06181	0.0218	0.60047	0.04471	0.10174	0.09049	0.06135	0.47521	
0.0269	0.02051	0.01465	0.01371	0.03807	0.01233	0.01241	0.01296	0.01215	0.00559	0.04775	0.01028	0.00032	0.0002	0.07502	0.00023	0.0003	0.00107	0.00022	0.07418	0.04644	0.00139	0.02452	0.00342	0	0	0	0	0.00653	0.00226	0.06214	0.00484	0.01052	0.00973	0.00617	0.04935	
0.03598	0.02693	0.01853	0.01711	0.05009	0.01584	0.01619	0.01643	0.01598	0.00737	0.06167	0.01353	0.00033	0.00027	0.09755	0.0004	0.0004	0.00144	0.00023	0.09648	0.06035	0.00158	0.0318	0.00482	0	0	0	0	0.00877	0.00292	0.08087	0.00599	0.01381	0.01218	0.00831	0.06425	
0.0352	0.02603	0.01899	0.01667	0.0497	0.01536	0.0158	0.01603	0.01505	0.00711	0.06152	0.01321	0.00051	0.00031	0.09584	0.00023	0.00039	0.0012	0.00026	0.09504	0.05829	0.00145	0.03285	0.0043	0	0	0	0	0.00826	0.0029	0.08023	0.0055	0.01381	0.01219	0.00785	0.06304	
0.03201	0.02381	0.01648	0.01307	0.05588	0.00989	0.00947	0.01013	0.01159	0.0054	0.05763	0.01075	0.00032	0.0002	0.08467	0.00018	0.00038	0.00114	0.00029	0.08356	0.06683	0.00175	0.01163	0.00516	0.06181	0.00653	0.00877	0.00826	0	0	0	0	0.0203	0.01856	0.0122	0.03431	
0.01144	0.0084	0.00565	0.00439	0.0193	0.00346	0.00359	0.00353	0.00431	0.00185	0.02	0.00372	0.00015	7e-05	0.02958	8e-05	0.00019	0.00041	0.00012	0.02916	0.02367	0.00063	0.00413	0.00145	0.0218	0.00226	0.00292	0.0029	0	0	0	0	0.00699	0.00623	0.00431	0.01235	
0.30085	0.21847	0.15685	0.14754	0.39349	0.14073	0.14528	0.14421	0.13491	0.06036	0.5143	0.11414	0.00329	0.00224	0.81541	0.00277	0.00348	0.01146	0.0024	0.80637	0.47281	0.01213	0.30135	0.03742	0.60047	0.06214	0.08087	0.08023	0	0	0	0	0.09734	0.08753	0.05834	0.5805	
0.02303	0.01646	0.01236	0.00919	0.04005	0.00721	0.00695	0.00683	0.00832	0.00401	0.04086	0.00785	0.00025	0.00011	0.06045	0.00023	0.00026	0.00075	0.00012	0.05991	0.04765	0.00123	0.00877	0.00339	0.04471	0.00484	0.00599	0.0055	0	0	0	0	0.01525	0.01227	0.00883	0.02469	
0.05012	0.03846	0.02704	0.02426	0.07205	0.02199	0.02303	0.02281	0.01537	0.00687	0.10446	0.01318	0.00057	0.0004	0.13853	0.00038	0.00059	0.00197	0.00047	0.13685	0.10052	0.00167	0.03234	0.00535	0.10174	0.01052	0.01381	0.01381	0.0203	0.00699	0.09734	0.01525	0	0	0	0	
0.04759	0.03243	0.02295	0.02162	0.06504	0.01938	0.02041	0.01976	0.01362	0.00603	0.0931	0.01184	0.0005	0.00033	0.12331	0.00045	0.00055	0.00177	0.0004	0.12187	0.09078	0.00151	0.02804	0.00426	0.09049	0.00973	0.01218	0.01219	0.01856	0.00623	0.08753	0.01227	0	0	0	0	
0.03125	0.02219	0.01572	0.01452	0.04372	0.01306	0.01367	0.01323	0.00915	0.00403	0.06247	0.00803	0.00027	0.00017	0.08294	0.0003	0.00042	0.00103	0.00025	0.08198	0.06083	0.0013	0.0183	0.00325	0.06135	0.00617	0.00831	0.00785	0.0122	0.00431	0.05834	0.00883	0	0	0	0	
0.23837	0.17406	0.12563	0.11379	0.32791	0.10686	0.10818	0.1089	0.12099	0.05469	0.37276	0.10341	0.00267	0.00172	0.64533	0.00213	0.00275	0.00899	0.00181	0.6383	0.35883	0.01126	0.2472	0.03456	0.47521	0.04935	0.06425	0.06304	0.03431	0.01235	0.5805	0.02469	0	0	0	0	
