0	0	0	0	0.20385	0.05352	0.05508	0.05499	0.05937	0.02667	0.23222	0.04918	0.0015	0.00087	0.36374	0.00133	0.00179	0.00465	0.00105	0.35995	0.22365	0.00519	0.12163	0.01697	0.26958	0.02721	0.03569	0.03496	0.03261	0.01109	0.30192	0.02182	0.05138	0.04617	0.03029	0.2396	
0	0	0	0	0.14867	0.03929	0.04117	0.03884	0.04393	0.01875	0.16904	0.03625	0.00092	0.0008	0.26549	0.00076	0.00122	0.00343	0.00076	0.26256	0.16403	0.00369	0.08794	0.01231	0.19615	0.01998	0.02593	0.02591	0.02373	0.00806	0.21992	0.01626	0.03787	0.03372	0.02248	0.1739	
0	0	0	0	0.10591	0.02786	0.02751	0.0282	0.03022	0.01316	0.12061	0.02549	0.00067	0.00059	0.18756	0.00066	0.00076	0.00266	0.00054	0.18552	0.11718	0.0025	0.06159	0.00821	0.13803	0.01457	0.01864	0.01824	0.01724	0.0053	0.15492	0.01202	0.02731	0.02394	0.01569	0.12254	
0	0	0	0	0.04637	0.04137	0.04408	0.04329	0.02831	0.01266	0.10954	0.0246	0.00072	0.00053	0.1734	0.00046	0.00073	0.00238	0.00038	0.17162	0.1056	0.00239	0.05924	0.00788	0.12788	0.01338	0.01729	0.01656	0.01361	0.00484	0.1459	0.01076	0.02379	0.02058	0.01454	0.1162	
0.20385	0.14867	0.10591	0.04637	0	0	0	0	0.08198	0.03586	0.31992	0.06704	0.00185	0.00151	0.4998	0.00164	0.00215	0.0068	0.00157	0.49428	0.31141	0.0068	0.16372	0.02287	0.36963	0.03779	0.049	0.04838	0.05041	0.01697	0.40275	0.03467	0.07251	0.06465	0.04339	0.32425	
0.05352	0.03929	0.02786	0.04137	0	0	0	0	0.02676	0.01133	0.10137	0.02258	0.00067	0.00036	0.16042	0.00059	0.00081	0.00202	0.00044	0.15877	0.09731	0.00233	0.05492	0.00748	0.11829	0.01204	0.01598	0.01573	0.01229	0.00397	0.13674	0.00904	0.02275	0.01985	0.01274	0.1067	
0.05508	0.04117	0.02751	0.04408	0	0	0	0	0.02701	0.01227	0.1054	0.02316	0.00071	0.00043	0.16613	0.00057	0.00075	0.00207	0.00029	0.16473	0.1015	0.00221	0.05658	0.00755	0.12347	0.0125	0.01628	0.01559	0.01224	0.00402	0.143	0.00858	0.02229	0.02027	0.01353	0.11175	
0.05499	0.03884	0.0282	0.04329	0	0	0	0	0.02608	0.01178	0.10472	0.02274	0.00058	0.00049	0.16384	0.00041	0.00079	0.00223	0.00043	0.16187	0.10024	0.00243	0.05518	0.00747	0.12025	0.01281	0.01629	0.01597	0.01225	0.00433	0.14017	0.00857	0.0228	0.01964	0.01334	0.10954	
0.05937	0.04393	0.03022	0.02831	0.08198	0.02676	0.02701	0.02608	0	0	0	0	0.00058	0.00058	0.16036	0.00031	0.00075	0.0023	0.00047	0.15831	0.09555	0.00242	0.05629	0.00757	0.1185	0.01185	0.01552	0.01596	0.0122	0.00406	0.13715	0.00842	0.01561	0.01331	0.00931	0.1236	
0.02667	0.01875	0.01316	0.01266	0.03586	0.01133	0.01227	0.01178	0	0	0	0	0.00027	0.00022	0.07046	0.00029	0.00027	0.00096	0.00015	0.06986	0.04186	0.00098	0.0248	0.0036	0.05235	0.00526	0.00698	0.00665	0.00512	0.00174	0.06061	0.00377	0.00683	0.00524	0.00371	0.05546	
0.23222	0.16904	0.12061	0.10954	0.31992	0.10137	0.1054	0.10472	0	0	0	0	0.00255	0.00157	0.62516	0.00213	0.00294	0.00808	0.00186	0.61853	0.39219	0.00853	0.20281	0.02788	0.46195	0.04772	0.06199	0.05975	0.05976	0.02005	0.51041	0.04119	0.10509	0.09467	0.06233	0.36932	
0.04918	0.03625	0.02549	0.0246	0.06704	0.02258	0.02316	0.02274	0	0	0	0	0.00041	0.00042	0.13421	0.00048	0.00054	0.00178	0.00025	0.13295	0.08086	0.00184	0.0465	0.00632	0.09884	0.01031	0.01306	0.01331	0.01011	0.00344	0.11449	0.00748	0.01282	0.01119	0.00765	0.10386	
0.0015	0.00092	0.00067	0.00072	0.00185	0.00067	0.00071	0.00058	0.00058	0.00027	0.00255	0.00041	0	0	0	0	1e-05	7e-05	1e-05	0.00372	0.00233	9e-05	0.00123	0.00016	0.00291	0.00032	0.00029	0.00029	0.00038	0.00015	0.00305	0.00023	0.00054	0.00055	0.00037	0.00235	
0.00087	0.0008	0.00059	0.00053	0.00151	0.00036	0.00043	0.00049	0.00058	0.00022	0.00157	0.00042	0	0	0	0	1e-05	4e-05	1e-05	0.00273	0.00161	5e-05	0.00099	0.00014	0.00199	0.00022	0.00036	0.00022	0.00019	8e-05	0.00229	0.00023	0.00041	0.00037	0.00023	0.00178	
0.36374	0.26549	0.18756	0.1734	0.4998	0.16042	0.16613	0.16384	0.16036	0.07046	0.62516	0.13421	0	0	0	0	0.00447	0.01299	0.00269	0.97004	0.60469	0.01361	0.32701	0.04488	0.72439	0.07445	0.09651	0.09484	0.08642	0.02901	0.81451	0.06025	0.13898	0.12316	0.08215	0.6459	
0.00133	0.00076	0.00066	0.00046	0.00164	0.00059	0.00057	0.00041	0.00031	0.00029	0.00213	0.00048	0	0	0	0	1e-05	2e-05	2e-05	0.00316	0.00183	2e-05	0.00117	0.00019	0.00235	0.00015	0.00039	0.00032	0.0002	5e-05	0.00281	0.00015	0.00042	0.00033	0.00025	0.00221	
0.00179	0.00122	0.00076	0.00073	0.00215	0.00081	0.00075	0.00079	0.00075	0.00027	0.00294	0.00054	1e-05	1e-05	0.00447	1e-05	0	0	0	0	0.00282	8e-05	0.00145	0.00015	0.00329	0.0004	0.00047	0.00034	0.00036	0.00012	0.00374	0.00028	0.00055	0.00065	0.00047	0.00283	
0.00465	0.00343	0.00266	0.00238	0.0068	0.00202	0.00207	0.00223	0.0023	0.00096	0.00808	0.00178	7e-05	4e-05	0.01299	2e-05	0	0	0	0	0.008	0.00015	0.00435	0.00062	0.00985	0.00075	0.00134	0.00118	0.0013	0.00046	0.01064	0.00072	0.00188	0.00148	0.00112	0.00864	
0.00105	0.00076	0.00054	0.00038	0.00157	0.00044	0.00029	0.00043	0.00047	0.00015	0.00186	0.00025	1e-05	1e-05	0.00269	2e-05	0	0	0	0	0.00154	8e-05	0.00097	0.00014	0.00192	0.00019	0.00037	0.00025	0.0002	6e-05	0.0023	0.00017	0.00036	0.00027	0.00022	0.00188	
0.35995	0.26256	0.18552	0.17162	0.49428	0.15877	0.16473	0.16187	0.15831	0.06986	0.61853	0.13295	0.00372	0.00273	0.97004	0.00316	0	0	0	0	0.5981	0.01346	0.32363	0.04446	0.71658	0.0738	0.09537	0.0939	0.08533	0.02865	0.80598	0.05969	0.13756	0.12201	0.08119	0.63889	
0.22365	0.16403	0.11718	0.1056	0.31141	0.09731	0.1015	0.10024	0.09555	0.04186	0.39219	0.08086	0.00233	0.00161	0.60469	0.00183	0.00282	0.008	0.00154	0.5981	0	0	0	0	0.44636	0.04625	0.05942	0.05843	0.06473	0.02182	0.47887	0.04504	0.10158	0.08981	0.06083	0.35824	
0.00519	0.00369	0.0025	0.00239	0.0068	0.00233	0.00221	0.00243	0.00242	0.00098	0.00853	0.00184	9e-05	5e-05	0.01361	2e-05	8e-05	0.00015	8e-05	0.01346	0	0	0	0	0.01035	0.00099	0.00132	0.00111	0.00125	0.00038	0.01123	0.00091	0.00137	0.00151	0.00072	0.01017	
0.12163	0.08794	0.06159	0.05924	0.16372	0.05492	0.05658	0.05518	0.05629	0.0248	0.20281	0.0465	0.00123	0.00099	0.32701	0.00117	0.00145	0.00435	0.00097	0.32363	0	0	0	0	0.2415	0.02433	0.03264	0.03193	0.01726	0.00589	0.29488	0.01237	0.03235	0.02897	0.01817	0.25091	
0.01697	0.01231	0.00821	0.00788	0.02287	0.00748	0.00755	0.00747	0.00757	0.0036	0.02788	0.00632	0.00016	0.00014	0.04488	0.00019	0.00015	0.00062	0.00014	0.04446	0	0	0	0	0.03343	0.00357	0.00417	0.0042	0.00395	0.0012	0.03768	0.00254	0.00505	0.00412	0.00328	0.03292	
0.26958	0.19615	0.13803	0.12788	0.36963	0.11829	0.12347	0.12025	0.1185	0.05235	0.46195	0.09884	0.00291	0.00199	0.72439	0.00235	0.00329	0.00985	0.00192	0.71658	0.44636	0.01035	0.2415	0.03343	0	0	0	0	0.06382	0.02145	0.60216	0.04421	0.10339	0.09019	0.06063	0.47743	
0.02721	0.01998	0.01457	0.01338	0.03779	0.01204	0.0125	0.01281	0.01185	0.00526	0.04772	0.01031	0.00032	0.00022	0.07445	0.00015	0.0004	0.00075	0.00019	0.0738	0.04625	0.00099	0.02433	0.00357	0	0	0	0	0.00646	0.0023	0.06171	0.00467	0.01009	0.00943	0.00626	0.04936	
0.03569	0.02593	0.01864	0.01729	0.049	0.01598	0.01628	0.01629	0.01552	0.00698	0.06199	0.01306	0.00029	0.00036	0.09651	0.00039	0.00047	0.00134	0.00037	0.09537	0.05942	0.00132	0.03264	0.00417	0	0	0	0	0.00848	0.00294	0.08006	0.00607	0.01326	0.01237	0.00817	0.06375	
0.03496	0.02591	0.01824	0.01656	0.04838	0.01573	0.01559	0.01597	0.01596	0.00665	0.05975	0.01331	0.00029	0.00022	0.09484	0.00032	0.00034	0.00118	0.00025	0.0939	0.05843	0.00111	0.03193	0.0042	0	0	0	0	0.00843	0.0026	0.07873	0.00591	0.01361	0.01242	0.00794	0.0617	
0.03261	0.02373	0.01724	0.01361	0.05041	0.01229	0.01224	0.01225	0.0122	0.00512	0.05976	0.01011	0.00038	0.00019	0.08642	0.0002	0.00036	0.0013	0.0002	0.08533	0.06473	0.00125	0.01726	0.00395	0.06382	0.00646	0.00848	0.00843	0	0	0	0	0.02154	0.01943	0.01243	0.03379	
0.01109	0.00806	0.0053	0.00484	0.01697	0.00397	0.00402	0.00433	0.00406	0.00174	0.02005	0.00344	0.00015	8e-05	0.02901	5e-05	0.00012	0.00046	6e-05	0.02865	0.02182	0.00038	0.00589	0.0012	0.02145	0.0023	0.00294	0.0026	0	0	0	0	0.00725	0.00624	0.00448	0.01132	
0.30192	0.21992	0.15492	0.1459	0.40275	0.13674	0.143	0.14017	0.13715	0.06061	0.51041	0.11449	0.00305	0.00229	0.81451	0.00281	0.00374	0.01064	0.0023	0.80598	0.47887	0.01123	0.29488	0.03768	0.60216	0.06171	0.08006	0.07873	0	0	0	0	0.09687	0.08555	0.05688	0.58336	
0.02182	0.01626	0.01202	0.01076	0.03467	0.00904	0.00858	0.00857	0.00842	0.00377	0.04119	0.00748	0.00023	0.00023	0.06025	0.00015	0.00028	0.00072	0.00017	0.05969	0.04504	0.00091	0.01237	0.00254	0.04421	0.00467	0.00607	0.00591	0	0	0	0	0.01469	0.01319	0.00921	0.02377	
0.05138	0.03787	0.02731	0.02379	0.07251	0.02275	0.02229	0.0228	0.01561	0.00683	0.10509	0.01282	0.00054	0.00041	0.13898	0.00042	0.00055	0.00188	0.00036	0.13756	0.10158	0.00137	0.03235	0.00505	0.10339	0.01009	0.01326	0.01361	0.02154	0.00725	0.09687	0.01469	0	0	0	0	
0.04617	0.03372	0.02394	0.02058	0.06465	0.01985	0.02027	0.01964	0.01331	0.00524	0.09467	0.01119	0.00055	0.00037	0.12316	0.00033	0.00065	0.00148	0.00027	0.12201	0.08981	0.00151	0.02897	0.00412	0.09019	0.00943	0.01237	0.01242	0.01943	0.00624	0.08555	0.01319	0	0	0	0	
0.03029	0.02248	0.01569	0.01454	0.04339	0.01274	0.01353	0.01334	0.00931	0.00371	0.06233	0.00765	0.00037	0.00023	0.08215	0.00025	0.00047	0.00112	0.00022	0.08119	0.06083	0.00072	0.01817	0.00328	0.06063	0.00626	0.00817	0.00794	0.01243	0.00448	0.05688	0.00921	0	0	0	0	
0.2396	0.1739	0.12254	0.1162	0.32425	0.1067	0.11175	0.10954	0.1236	0.05546	0.36932	0.10386	0.00235	0.00178	0.6459	0.00221	0.00283	0.00864	0.00188	0.63889	0.35824	0.01017	0.25091	0.03292	0.47743	0.04936	0.06375	0.0617	0.03379	0.01132	0.58336	0.02377	0	0	0	0	
