0	0	0	0	0.20346	0.05173	0.05566	0.0559	0.05892	0.02605	0.23179	0.04999	0.00135	0.00094	0.36336	0.0011	0.00181	0.00508	0.00106	0.3588	0.22545	0.00534	0.11989	0.01607	0.26759	0.02808	0.03586	0.03522	0.0329	0.01156	0.2998	0.02249	0.05252	0.046	0.03038	0.23785	
0	0	0	0	0.14627	0.03886	0.04015	0.03963	0.04183	0.01955	0.1669	0.03663	0.00112	0.00077	0.26223	0.00079	0.00125	0.00381	0.00076	0.25909	0.1622	0.00396	0.0871	0.01165	0.19365	0.01968	0.02576	0.02582	0.0234	0.00836	0.21706	0.01609	0.0379	0.03242	0.02224	0.17235	
0	0	0	0	0.1079	0.02756	0.0287	0.02828	0.03072	0.01357	0.12164	0.02651	0.00076	0.00054	0.19052	0.00062	0.00073	0.00281	0.00048	0.18842	0.117	0.0028	0.06373	0.00891	0.14062	0.01403	0.01835	0.01944	0.017	0.00569	0.15799	0.01176	0.02686	0.02522	0.01534	0.12502	
0	0	0	0	0.04701	0.04211	0.04371	0.04307	0.02813	0.01257	0.11034	0.02486	0.00087	0.00051	0.17383	0.00069	0.00077	0.00233	0.00039	0.17241	0.10871	0.00246	0.05734	0.00739	0.12861	0.01309	0.01747	0.01673	0.01341	0.00478	0.14807	0.00964	0.02493	0.02215	0.01472	0.1141	
0.20346	0.14627	0.1079	0.04701	0	0	0	0	0.07866	0.03624	0.32023	0.06951	0.00206	0.00127	0.49975	0.00156	0.00229	0.00675	0.00137	0.49423	0.31305	0.00745	0.16159	0.02255	0.36856	0.03804	0.0487	0.04934	0.05327	0.01855	0.39676	0.03606	0.07378	0.06475	0.04294	0.32317	
0.05173	0.03886	0.02756	0.04211	0	0	0	0	0.02673	0.01169	0.10038	0.02146	0.00068	0.00047	0.15859	0.00052	0.00061	0.00227	0.00049	0.15689	0.09702	0.00208	0.05411	0.00705	0.11712	0.01204	0.01606	0.01504	0.01088	0.00411	0.13709	0.00818	0.02272	0.02034	0.01285	0.10435	
0.05566	0.04015	0.0287	0.04371	0	0	0	0	0.02718	0.01191	0.10553	0.0236	0.00069	0.00052	0.16643	0.00058	0.00084	0.00268	0.00041	0.16429	0.10175	0.00262	0.05669	0.00716	0.12301	0.01229	0.01624	0.01668	0.01172	0.00385	0.14485	0.0078	0.02254	0.0205	0.01326	0.11192	
0.0559	0.03963	0.02828	0.04307	0	0	0	0	0.02703	0.0119	0.10453	0.02342	0.00067	0.0005	0.16517	0.00054	0.00082	0.00233	0.00042	0.16331	0.10154	0.00241	0.05567	0.00726	0.12178	0.01251	0.01644	0.01615	0.01084	0.00388	0.14422	0.00794	0.02317	0.0202	0.01363	0.10988	
0.05892	0.04183	0.03072	0.02813	0.07866	0.02673	0.02718	0.02703	0	0	0	0	0.00064	0.0004	0.15814	0.00042	0.00072	0.00224	0.0005	0.15614	0.09427	0.00256	0.05559	0.00718	0.11681	0.01189	0.01526	0.01564	0.01224	0.00415	0.13484	0.00837	0.01514	0.01439	0.00911	0.12096	
0.02605	0.01955	0.01357	0.01257	0.03624	0.01169	0.01191	0.0119	0	0	0	0	0.00024	0.00015	0.07114	0.00021	0.00028	0.00111	0.00016	0.07019	0.04244	0.00121	0.02497	0.00312	0.05266	0.00548	0.00678	0.00682	0.00578	0.00178	0.06061	0.00357	0.00669	0.00634	0.00435	0.05436	
0.23179	0.1669	0.12164	0.11034	0.32023	0.10038	0.10553	0.10453	0	0	0	0	0.00267	0.00177	0.6241	0.00213	0.00289	0.00867	0.00168	0.61743	0.39505	0.00853	0.19994	0.02715	0.46027	0.04739	0.06136	0.06165	0.0584	0.02076	0.51022	0.04129	0.10748	0.09308	0.06126	0.36885	
0.04999	0.03663	0.02651	0.02486	0.06951	0.02146	0.0236	0.02342	0	0	0	0	0.00055	0.00044	0.13656	0.00044	0.00067	0.00201	0.00035	0.13496	0.0816	0.00226	0.04756	0.00657	0.10073	0.01012	0.01404	0.0131	0.01029	0.0037	0.11725	0.00675	0.0129	0.01198	0.00796	0.10515	
0.00135	0.00112	0.00076	0.00087	0.00206	0.00068	0.00069	0.00067	0.00064	0.00024	0.00267	0.00055	0	0	0	0	0	7e-05	0	0.00403	0.00244	6e-05	0.00133	0.00027	0.00296	0.00032	0.00039	0.00043	0.00034	0.00011	0.0034	0.00025	0.00064	0.00049	0.0003	0.00267	
0.00094	0.00077	0.00054	0.00051	0.00127	0.00047	0.00052	0.0005	0.0004	0.00015	0.00177	0.00044	0	0	0	0	1e-05	2e-05	0	0.00273	0.00167	3e-05	0.00088	0.00018	0.00205	0.00023	0.00024	0.00024	0.00024	7e-05	0.00233	0.00012	0.00042	0.00032	0.00024	0.00178	
0.36336	0.26223	0.19052	0.17383	0.49975	0.15859	0.16643	0.16517	0.15814	0.07114	0.6241	0.13656	0	0	0	0	0.00452	0.01389	0.00269	0.96884	0.60727	0.01441	0.32481	0.04345	0.72317	0.0741	0.09644	0.09623	0.08587	0.03008	0.81454	0.05945	0.14064	0.12458	0.08183	0.64289	
0.0011	0.00079	0.00062	0.00069	0.00156	0.00052	0.00058	0.00054	0.00042	0.00021	0.00213	0.00044	0	0	0	0	3e-05	5e-05	0	0.00312	0.00198	6e-05	0.00104	0.00012	0.00229	0.00023	0.00037	0.00031	0.00026	0.00013	0.00265	0.00016	0.00051	0.0004	0.00031	0.00198	
0.00181	0.00125	0.00073	0.00077	0.00229	0.00061	0.00084	0.00082	0.00072	0.00028	0.00289	0.00067	0	1e-05	0.00452	3e-05	0	0	0	0	0.00269	0.0001	0.00158	0.00019	0.00342	0.0003	0.00039	0.00045	0.00044	0.00013	0.00376	0.00023	0.0006	0.00058	0.00037	0.00301	
0.00508	0.00381	0.00281	0.00233	0.00675	0.00227	0.00268	0.00233	0.00224	0.00111	0.00867	0.00201	7e-05	2e-05	0.01389	5e-05	0	0	0	0	0.00873	0.0003	0.00442	0.00058	0.01029	0.00106	0.00123	0.00145	0.00122	0.00046	0.01146	0.00089	0.00211	0.00165	0.00091	0.00936	
0.00106	0.00076	0.00048	0.00039	0.00137	0.00049	0.00041	0.00042	0.0005	0.00016	0.00168	0.00035	0	0	0.00269	0	0	0	0	0	0.00168	3e-05	0.00086	0.00012	0.002	0.00016	0.00024	0.00029	0.00021	9e-05	0.00219	0.0002	0.00031	0.00034	0.0002	0.00184	
0.3588	0.25909	0.18842	0.17241	0.49423	0.15689	0.16429	0.16331	0.15614	0.07019	0.61743	0.13496	0.00403	0.00273	0.96884	0.00312	0	0	0	0	0.60026	0.01413	0.3212	0.04313	0.71476	0.07336	0.09558	0.09502	0.08484	0.02971	0.80551	0.05866	0.13919	0.12322	0.0812	0.63511	
0.22545	0.1622	0.117	0.10871	0.31305	0.09702	0.10175	0.10154	0.09427	0.04244	0.39505	0.0816	0.00244	0.00167	0.60727	0.00198	0.00269	0.00873	0.00168	0.60026	0	0	0	0	0.44828	0.04599	0.05988	0.05921	0.06582	0.02324	0.47836	0.04594	0.10331	0.09215	0.06037	0.35753	
0.00534	0.00396	0.0028	0.00246	0.00745	0.00208	0.00262	0.00241	0.00256	0.00121	0.00853	0.00226	6e-05	3e-05	0.01441	6e-05	0.0001	0.0003	3e-05	0.01413	0	0	0	0	0.01051	0.00115	0.00147	0.00143	0.00135	0.00045	0.01203	0.00073	0.00163	0.00133	0.00082	0.01078	
0.11989	0.0871	0.06373	0.05734	0.16159	0.05411	0.05669	0.05567	0.05559	0.02497	0.19994	0.04756	0.00133	0.00088	0.32481	0.00104	0.00158	0.00442	0.00086	0.3212	0	0	0	0	0.23958	0.02455	0.03168	0.03225	0.01557	0.0052	0.29687	0.01042	0.0325	0.028	0.01879	0.24877	
0.01607	0.01165	0.00891	0.00739	0.02255	0.00705	0.00716	0.00726	0.00718	0.00312	0.02715	0.00657	0.00027	0.00018	0.04345	0.00012	0.00019	0.00058	0.00012	0.04313	0	0	0	0	0.0321	0.00319	0.00441	0.00432	0.00397	0.0015	0.03566	0.00289	0.00477	0.00431	0.0027	0.03224	
0.26759	0.19365	0.14062	0.12861	0.36856	0.11712	0.12301	0.12178	0.11681	0.05266	0.46027	0.10073	0.00296	0.00205	0.72317	0.00229	0.00342	0.01029	0.002	0.71476	0.44828	0.01051	0.23958	0.0321	0	0	0	0	0.0636	0.02246	0.6005	0.04391	0.10366	0.09231	0.06111	0.47339	
0.02808	0.01968	0.01403	0.01309	0.03804	0.01204	0.01229	0.01251	0.01189	0.00548	0.04739	0.01012	0.00032	0.00023	0.0741	0.00023	0.0003	0.00106	0.00016	0.07336	0.04599	0.00115	0.02455	0.00319	0	0	0	0	0.00639	0.00204	0.06208	0.00437	0.01084	0.00901	0.00583	0.0492	
0.03586	0.02576	0.01835	0.01747	0.0487	0.01606	0.01624	0.01644	0.01526	0.00678	0.06136	0.01404	0.00039	0.00024	0.09644	0.00037	0.00039	0.00123	0.00024	0.09558	0.05988	0.00147	0.03168	0.00441	0	0	0	0	0.00852	0.00276	0.08027	0.00589	0.01379	0.0124	0.00781	0.06344	
0.03522	0.02582	0.01944	0.01673	0.04934	0.01504	0.01668	0.01615	0.01564	0.00682	0.06165	0.0131	0.00043	0.00024	0.09623	0.00031	0.00045	0.00145	0.00029	0.09502	0.05921	0.00143	0.03225	0.00432	0	0	0	0	0.0082	0.00313	0.08007	0.00581	0.01392	0.01207	0.00793	0.06329	
0.0329	0.0234	0.017	0.01341	0.05327	0.01088	0.01172	0.01084	0.01224	0.00578	0.0584	0.01029	0.00034	0.00024	0.08587	0.00026	0.00044	0.00122	0.00021	0.08484	0.06582	0.00135	0.01557	0.00397	0.0636	0.00639	0.00852	0.0082	0	0	0	0	0.0213	0.01823	0.01242	0.03476	
0.01156	0.00836	0.00569	0.00478	0.01855	0.00411	0.00385	0.00388	0.00415	0.00178	0.02076	0.0037	0.00011	7e-05	0.03008	0.00013	0.00013	0.00046	9e-05	0.02971	0.02324	0.00045	0.0052	0.0015	0.02246	0.00204	0.00276	0.00313	0	0	0	0	0.00761	0.00676	0.00431	0.01171	
0.2998	0.21706	0.15799	0.14807	0.39676	0.13709	0.14485	0.14422	0.13484	0.06061	0.51022	0.11725	0.0034	0.00233	0.81454	0.00265	0.00376	0.01146	0.00219	0.80551	0.47836	0.01203	0.29687	0.03566	0.6005	0.06208	0.08027	0.08007	0	0	0	0	0.09861	0.08777	0.0572	0.57934	
0.02249	0.01609	0.01176	0.00964	0.03606	0.00818	0.0078	0.00794	0.00837	0.00357	0.04129	0.00675	0.00025	0.00012	0.05945	0.00016	0.00023	0.00089	0.0002	0.05866	0.04594	0.00073	0.01042	0.00289	0.04391	0.00437	0.00589	0.00581	0	0	0	0	0.01469	0.01303	0.00875	0.02351	
0.05252	0.0379	0.02686	0.02493	0.07378	0.02272	0.02254	0.02317	0.01514	0.00669	0.10748	0.0129	0.00064	0.00042	0.14064	0.00051	0.0006	0.00211	0.00031	0.13919	0.10331	0.00163	0.0325	0.00477	0.10366	0.01084	0.01379	0.01392	0.0213	0.00761	0.09861	0.01469	0	0	0	0	
0.046	0.03242	0.02522	0.02215	0.06475	0.02034	0.0205	0.0202	0.01439	0.00634	0.09308	0.01198	0.00049	0.00032	0.12458	0.0004	0.00058	0.00165	0.00034	0.12322	0.09215	0.00133	0.028	0.00431	0.09231	0.00901	0.0124	0.01207	0.01823	0.00676	0.08777	0.01303	0	0	0	0	
0.03038	0.02224	0.01534	0.01472	0.04294	0.01285	0.01326	0.01363	0.00911	0.00435	0.06126	0.00796	0.0003	0.00024	0.08183	0.00031	0.00037	0.00091	0.0002	0.0812	0.06037	0.00082	0.01879	0.0027	0.06111	0.00583	0.00781	0.00793	0.01242	0.00431	0.0572	0.00875	0	0	0	0	
0.23785	0.17235	0.12502	0.1141	0.32317	0.10435	0.11192	0.10988	0.12096	0.05436	0.36885	0.10515	0.00267	0.00178	0.64289	0.00198	0.00301	0.00936	0.00184	0.63511	0.35753	0.01078	0.24877	0.03224	0.47339	0.0492	0.06344	0.06329	0.03476	0.01171	0.57934	0.02351	0	0	0	0	
