0	0	0	0	0.20554	0.05296	0.05528	0.05586	0.05922	0.02674	0.23322	0.05046	0.00134	0.00098	0.36578	0.00154	0.00156	0.005	0.00096	0.36212	0.22711	0.00521	0.12071	0.01661	0.2697	0.02793	0.03621	0.0358	0.0322	0.01194	0.30236	0.02314	0.0529	0.04669	0.03008	0.23997	
0	0	0	0	0.147	0.03833	0.03876	0.04016	0.04178	0.01928	0.16792	0.03527	0.00113	0.00071	0.26145	0.00096	0.00112	0.00387	0.00075	0.25851	0.16232	0.00375	0.0862	0.01198	0.1924	0.02009	0.0263	0.02546	0.02346	0.00792	0.21625	0.01662	0.03778	0.03221	0.02187	0.17239	
0	0	0	0	0.10597	0.02719	0.02836	0.02865	0.0303	0.01378	0.12037	0.02572	0.0008	0.00052	0.18821	0.00064	0.00084	0.00262	0.00063	0.18608	0.1174	0.00276	0.06108	0.00893	0.13831	0.01498	0.0183	0.01858	0.01689	0.00572	0.15549	0.01207	0.02714	0.02337	0.01572	0.12394	
0	0	0	0	0.04649	0.04124	0.04416	0.04405	0.02824	0.01289	0.11119	0.02362	0.00072	0.00045	0.17415	0.00062	0.00093	0.00241	0.0005	0.1721	0.10789	0.00252	0.05819	0.00734	0.12741	0.01323	0.01802	0.01728	0.01423	0.00497	0.14741	0.00933	0.02425	0.02213	0.01508	0.11448	
0.20554	0.147	0.10597	0.04649	0	0	0	0	0.07925	0.03675	0.32109	0.06791	0.00203	0.00131	0.49971	0.00195	0.00209	0.00705	0.00142	0.49444	0.31399	0.00708	0.16142	0.02251	0.36763	0.03828	0.04989	0.0492	0.05286	0.01863	0.39592	0.03759	0.07468	0.06498	0.04301	0.32233	
0.05296	0.03833	0.02719	0.04124	0	0	0	0	0.0262	0.01145	0.10117	0.0209	0.00054	0.00033	0.15814	0.00071	0.00072	0.00208	0.00046	0.15646	0.09715	0.00249	0.05265	0.00743	0.11616	0.01283	0.01543	0.0153	0.0109	0.00408	0.13742	0.00732	0.02155	0.01947	0.01286	0.10584	
0.05528	0.03876	0.02836	0.04416	0	0	0	0	0.02676	0.01192	0.10474	0.02314	0.00068	0.00049	0.16484	0.00055	0.0008	0.00247	0.00033	0.16296	0.1015	0.0023	0.05553	0.00723	0.12105	0.01262	0.01645	0.01644	0.01125	0.00373	0.1433	0.00828	0.02283	0.01991	0.01373	0.11009	
0.05586	0.04016	0.02865	0.04405	0	0	0	0	0.02733	0.01257	0.1057	0.02312	0.00074	0.00053	0.1669	0.00055	0.00084	0.0023	0.00063	0.16495	0.10208	0.00237	0.05658	0.00769	0.12298	0.0125	0.01706	0.01618	0.01177	0.00411	0.14487	0.00797	0.02301	0.02004	0.01315	0.11252	
0.05922	0.04178	0.0303	0.02824	0.07925	0.0262	0.02676	0.02733	0	0	0	0	0.00065	0.00036	0.15789	0.00064	0.00059	0.00201	0.00045	0.15649	0.09482	0.00248	0.05478	0.00746	0.11709	0.01196	0.01566	0.01483	0.01248	0.00427	0.13396	0.00883	0.0149	0.01391	0.00914	0.12159	
0.02674	0.01928	0.01378	0.01289	0.03675	0.01145	0.01192	0.01257	0	0	0	0	0.00028	0.00025	0.07188	0.00028	0.00034	0.00095	0.00017	0.07123	0.04339	0.00101	0.02503	0.00326	0.0531	0.00559	0.00707	0.00693	0.00547	0.0019	0.06159	0.00373	0.00712	0.00602	0.00433	0.05522	
0.23322	0.16792	0.12037	0.11119	0.32109	0.10117	0.10474	0.1057	0	0	0	0	0.00255	0.00179	0.62591	0.00245	0.00284	0.00919	0.00178	0.61889	0.39561	0.00893	0.20032	0.02784	0.45927	0.04846	0.06273	0.06224	0.05917	0.02091	0.5116	0.04102	0.10662	0.09312	0.06174	0.37122	
0.05046	0.03527	0.02572	0.02362	0.06791	0.0209	0.02314	0.02312	0	0	0	0	0.00051	0.00026	0.13391	0.00039	0.00068	0.00175	0.00044	0.1322	0.0809	0.00182	0.04605	0.0063	0.09836	0.01022	0.01337	0.01312	0.00966	0.00347	0.11436	0.00758	0.01343	0.01135	0.00754	0.10275	
0.00134	0.00113	0.0008	0.00072	0.00203	0.00054	0.00068	0.00074	0.00065	0.00028	0.00255	0.00051	0	0	0	0	0	3e-05	1e-05	0.00395	0.00257	7e-05	0.00117	0.00018	0.00275	0.00032	0.00045	0.00047	0.00028	0.00012	0.00329	0.0003	0.00045	0.00058	0.00045	0.00251	
0.00098	0.00071	0.00052	0.00045	0.00131	0.00033	0.00049	0.00053	0.00036	0.00025	0.00179	0.00026	0	0	0	0	3e-05	3e-05	0	0.0026	0.00166	4e-05	0.00085	0.00011	0.00207	0.00017	0.00021	0.00021	0.0002	7e-05	0.00221	0.00018	0.00037	0.00037	0.00018	0.00174	
0.36578	0.26145	0.18821	0.17415	0.49971	0.15814	0.16484	0.1669	0.15789	0.07188	0.62591	0.13391	0	0	0	0	0.00441	0.01376	0.00281	0.96861	0.60814	0.01406	0.32298	0.04441	0.72015	0.07544	0.09791	0.09609	0.08607	0.03028	0.81286	0.06038	0.14072	0.12292	0.08184	0.64411	
0.00154	0.00096	0.00064	0.00062	0.00195	0.00071	0.00055	0.00055	0.00064	0.00028	0.00245	0.00039	0	0	0	0	1e-05	8e-05	2e-05	0.00365	0.00235	7e-05	0.00118	0.00016	0.00285	0.0003	0.00026	0.00035	0.00023	8e-05	0.00315	0.0003	0.00053	0.00053	0.00028	0.00242	
0.00156	0.00112	0.00084	0.00093	0.00209	0.00072	0.0008	0.00084	0.00059	0.00034	0.00284	0.00068	0	3e-05	0.00441	1e-05	0	0	0	0	0.00259	6e-05	0.00159	0.00021	0.00325	0.00039	0.00045	0.00036	0.00035	9e-05	0.00378	0.00023	0.00062	0.00063	0.00042	0.00278	
0.005	0.00387	0.00262	0.00241	0.00705	0.00208	0.00247	0.0023	0.00201	0.00095	0.00919	0.00175	3e-05	3e-05	0.01376	8e-05	0	0	0	0	0.00854	0.00024	0.0045	0.00062	0.01029	0.00114	0.00124	0.00123	0.00143	0.00038	0.01137	0.00072	0.00197	0.00177	0.00117	0.00899	
0.00096	0.00075	0.00063	0.0005	0.00142	0.00046	0.00033	0.00063	0.00045	0.00017	0.00178	0.00044	1e-05	0	0.00281	2e-05	0	0	0	0	0.00168	4e-05	0.001	0.00012	0.00218	0.00016	0.00023	0.00027	0.00025	0.00011	0.00231	0.00017	0.00049	0.00032	0.00026	0.00177	
0.36212	0.25851	0.18608	0.1721	0.49444	0.15646	0.16296	0.16495	0.15649	0.07123	0.61889	0.1322	0.00395	0.0026	0.96861	0.00365	0	0	0	0	0.60191	0.0139	0.31909	0.04391	0.7121	0.07454	0.09691	0.09526	0.08475	0.02997	0.80405	0.06004	0.13899	0.12168	0.0809	0.63724	
0.22711	0.16232	0.1174	0.10789	0.31399	0.09715	0.1015	0.10208	0.09482	0.04339	0.39561	0.0809	0.00257	0.00166	0.60814	0.00235	0.00259	0.00854	0.00168	0.60191	0	0	0	0	0.44816	0.0464	0.06081	0.05935	0.06584	0.02306	0.47936	0.04646	0.10279	0.09016	0.06058	0.36119	
0.00521	0.00375	0.00276	0.00252	0.00708	0.00249	0.0023	0.00237	0.00248	0.00101	0.00893	0.00182	7e-05	4e-05	0.01406	7e-05	6e-05	0.00024	4e-05	0.0139	0	0	0	0	0.01096	0.00095	0.00126	0.00107	0.0014	0.00041	0.01171	0.00072	0.00149	0.00138	0.00098	0.01039	
0.12071	0.0862	0.06108	0.05819	0.16142	0.05265	0.05553	0.05658	0.05478	0.02503	0.20032	0.04605	0.00117	0.00085	0.32298	0.00118	0.00159	0.0045	0.001	0.31909	0	0	0	0	0.23624	0.02505	0.03252	0.03237	0.01538	0.00555	0.29433	0.01092	0.03302	0.02837	0.01835	0.24644	
0.01661	0.01198	0.00893	0.00734	0.02251	0.00743	0.00723	0.00769	0.00746	0.00326	0.02784	0.0063	0.00018	0.00011	0.04441	0.00016	0.00021	0.00062	0.00012	0.04391	0	0	0	0	0.03246	0.00383	0.00424	0.00433	0.00416	0.00153	0.03611	0.00306	0.00477	0.00449	0.00284	0.03276	
0.2697	0.1924	0.13831	0.12741	0.36763	0.11616	0.12105	0.12298	0.11709	0.0531	0.45927	0.09836	0.00275	0.00207	0.72015	0.00285	0.00325	0.01029	0.00218	0.7121	0.44816	0.01096	0.23624	0.03246	0	0	0	0	0.06303	0.02245	0.59737	0.04497	0.10306	0.09072	0.05999	0.47405	
0.02793	0.02009	0.01498	0.01323	0.03828	0.01283	0.01262	0.0125	0.01196	0.00559	0.04846	0.01022	0.00032	0.00017	0.07544	0.0003	0.00039	0.00114	0.00016	0.07454	0.0464	0.00095	0.02505	0.00383	0	0	0	0	0.00664	0.0021	0.0631	0.00439	0.01071	0.00939	0.00644	0.04969	
0.03621	0.0263	0.0183	0.01802	0.04989	0.01543	0.01645	0.01706	0.01566	0.00707	0.06273	0.01337	0.00045	0.00021	0.09791	0.00026	0.00045	0.00124	0.00023	0.09691	0.06081	0.00126	0.03252	0.00424	0	0	0	0	0.00829	0.00298	0.08171	0.00585	0.01423	0.0124	0.00855	0.06365	
0.0358	0.02546	0.01858	0.01728	0.0492	0.0153	0.01644	0.01618	0.01483	0.00693	0.06224	0.01312	0.00047	0.00021	0.09609	0.00035	0.00036	0.00123	0.00027	0.09526	0.05935	0.00107	0.03237	0.00433	0	0	0	0	0.00882	0.00302	0.07933	0.00595	0.01407	0.01189	0.00777	0.06339	
0.0322	0.02346	0.01689	0.01423	0.05286	0.0109	0.01125	0.01177	0.01248	0.00547	0.05917	0.00966	0.00028	0.0002	0.08607	0.00023	0.00035	0.00143	0.00025	0.08475	0.06584	0.0014	0.01538	0.00416	0.06303	0.00664	0.00829	0.00882	0	0	0	0	0.0216	0.0183	0.01204	0.03484	
0.01194	0.00792	0.00572	0.00497	0.01863	0.00408	0.00373	0.00411	0.00427	0.0019	0.02091	0.00347	0.00012	7e-05	0.03028	8e-05	9e-05	0.00038	0.00011	0.02997	0.02306	0.00041	0.00555	0.00153	0.02245	0.0021	0.00298	0.00302	0	0	0	0	0.00746	0.00654	0.00449	0.01206	
0.30236	0.21625	0.15549	0.14741	0.39592	0.13742	0.1433	0.14487	0.13396	0.06159	0.5116	0.11436	0.00329	0.00221	0.81286	0.00315	0.00378	0.01137	0.00231	0.80405	0.47936	0.01171	0.29433	0.03611	0.59737	0.0631	0.08171	0.07933	0	0	0	0	0.09795	0.08665	0.05712	0.57979	
0.02314	0.01662	0.01207	0.00933	0.03759	0.00732	0.00828	0.00797	0.00883	0.00373	0.04102	0.00758	0.0003	0.00018	0.06038	0.0003	0.00023	0.00072	0.00017	0.06004	0.04646	0.00072	0.01092	0.00306	0.04497	0.00439	0.00585	0.00595	0	0	0	0	0.01506	0.01291	0.0091	0.02409	
0.0529	0.03778	0.02714	0.02425	0.07468	0.02155	0.02283	0.02301	0.0149	0.00712	0.10662	0.01343	0.00045	0.00037	0.14072	0.00053	0.00062	0.00197	0.00049	0.13899	0.10279	0.00149	0.03302	0.00477	0.10306	0.01071	0.01423	0.01407	0.0216	0.00746	0.09795	0.01506	0	0	0	0	
0.04669	0.03221	0.02337	0.02213	0.06498	0.01947	0.01991	0.02004	0.01391	0.00602	0.09312	0.01135	0.00058	0.00037	0.12292	0.00053	0.00063	0.00177	0.00032	0.12168	0.09016	0.00138	0.02837	0.00449	0.09072	0.00939	0.0124	0.01189	0.0183	0.00654	0.08665	0.01291	0	0	0	0	
0.03008	0.02187	0.01572	0.01508	0.04301	0.01286	0.01373	0.01315	0.00914	0.00433	0.06174	0.00754	0.00045	0.00018	0.08184	0.00028	0.00042	0.00117	0.00026	0.0809	0.06058	0.00098	0.01835	0.00284	0.05999	0.00644	0.00855	0.00777	0.01204	0.00449	0.05712	0.0091	0	0	0	0	
0.23997	0.17239	0.12394	0.11448	0.32233	0.10584	0.11009	0.11252	0.12159	0.05522	0.37122	0.10275	0.00251	0.00174	0.64411	0.00242	0.00278	0.00899	0.00177	0.63724	0.36119	0.01039	0.24644	0.03276	0.47405	0.04969	0.06365	0.06339	0.03484	0.01206	0.57979	0.02409	0	0	0	0	
