0	0	0	0	0.20482	0.05402	0.05454	0.05478	0.05966	0.02648	0.23243	0.04959	0.00159	0.00089	0.3645	0.00118	0.00176	0.00508	0.00107	0.36025	0.22184	0.00619	0.12198	0.01815	0.26858	0.02846	0.03507	0.03605	0.0322	0.01113	0.30255	0.02228	0.05239	0.04656	0.02982	0.23939	
0	0	0	0	0.14571	0.03718	0.03965	0.0389	0.04271	0.01878	0.16449	0.03546	0.00098	0.00058	0.25903	0.00085	0.00119	0.00358	0.00081	0.25586	0.15805	0.00422	0.0863	0.01287	0.19059	0.01988	0.02574	0.02523	0.02249	0.00801	0.2145	0.01644	0.03797	0.0333	0.02106	0.16911	
0	0	0	0	0.10645	0.02738	0.02945	0.02929	0.03157	0.0135	0.12089	0.02661	0.00087	0.00047	0.1905	0.00073	0.00078	0.00241	0.00052	0.18886	0.11602	0.00297	0.06431	0.00927	0.14107	0.01368	0.01911	0.01871	0.01683	0.00578	0.15809	0.01187	0.02715	0.02465	0.01607	0.1247	
0	0	0	0	0.04689	0.04275	0.04379	0.0444	0.02853	0.01267	0.11189	0.02474	0.00072	0.00042	0.17612	0.00057	0.00081	0.0025	0.00044	0.17408	0.1092	0.00294	0.05726	0.00843	0.12974	0.01289	0.01736	0.01784	0.01397	0.00468	0.14923	0.00995	0.02428	0.02206	0.01477	0.11672	
0.20482	0.14571	0.10645	0.04689	0	0	0	0	0.08132	0.03519	0.31963	0.06773	0.00195	0.0012	0.49906	0.00166	0.00226	0.0069	0.00143	0.49328	0.29505	0.00872	0.17372	0.02638	0.36909	0.03737	0.04859	0.04882	0.05245	0.01868	0.39498	0.03776	0.07311	0.0662	0.04333	0.32123	
0.05402	0.03718	0.02738	0.04275	0	0	0	0	0.02632	0.01182	0.10081	0.02238	0.00079	0.00037	0.15964	0.00053	0.00062	0.00207	0.00048	0.15816	0.10044	0.00266	0.05098	0.00725	0.11795	0.01235	0.0155	0.01553	0.01049	0.00336	0.13997	0.00751	0.02206	0.01977	0.01225	0.10725	
0.05454	0.03965	0.02945	0.04379	0	0	0	0	0.02686	0.0123	0.10544	0.02283	0.00074	0.00041	0.16578	0.0005	0.00084	0.00233	0.00053	0.16373	0.10523	0.00232	0.05239	0.00749	0.1213	0.01282	0.01688	0.01643	0.0113	0.00384	0.14477	0.00752	0.02366	0.02031	0.01333	0.11013	
0.05478	0.0389	0.02929	0.0444	0	0	0	0	0.02797	0.01212	0.10382	0.02346	0.00068	0.00038	0.16567	0.00064	0.00082	0.00227	0.0004	0.16388	0.10439	0.00262	0.05276	0.0076	0.12164	0.01237	0.01631	0.01705	0.01125	0.00372	0.14465	0.00775	0.02296	0.02029	0.01281	0.11131	
0.05966	0.04271	0.03157	0.02853	0.08132	0.02632	0.02686	0.02797	0	0	0	0	0.00065	0.00035	0.16091	0.00056	0.00068	0.00236	0.00045	0.15898	0.09523	0.00285	0.05625	0.00814	0.11898	0.01183	0.01585	0.01581	0.01266	0.00422	0.13648	0.00911	0.01549	0.01433	0.00889	0.12376	
0.02648	0.01878	0.0135	0.01267	0.03519	0.01182	0.0123	0.01212	0	0	0	0	0.00022	0.00018	0.07083	0.0002	0.00034	0.00095	0.00016	0.06998	0.04193	0.00108	0.02477	0.00365	0.05181	0.00563	0.007	0.00699	0.00528	0.00179	0.06067	0.00369	0.00711	0.00637	0.00411	0.05384	
0.23243	0.16449	0.12089	0.11189	0.31963	0.10081	0.10544	0.10382	0	0	0	0	0.00275	0.00147	0.62349	0.00199	0.00291	0.0084	0.00193	0.61646	0.38824	0.01014	0.20155	0.02977	0.46086	0.04672	0.06078	0.06134	0.05736	0.02	0.51171	0.04063	0.10559	0.09464	0.06108	0.36839	
0.04959	0.03546	0.02661	0.02474	0.06773	0.02238	0.02283	0.02346	0	0	0	0	0.00054	0.00036	0.13492	0.00058	0.00061	0.00186	0.0003	0.13363	0.07971	0.00225	0.04728	0.00716	0.09833	0.01073	0.01365	0.01369	0.01019	0.00359	0.11551	0.00711	0.0136	0.01123	0.00764	0.10393	
0.00159	0.00098	0.00087	0.00072	0.00195	0.00079	0.00074	0.00068	0.00065	0.00022	0.00275	0.00054	0	0	0	0	3e-05	7e-05	1e-05	0.00405	0.00255	8e-05	0.00143	0.0001	0.00322	0.00024	0.00027	0.00043	0.00036	6e-05	0.00357	0.00017	0.00059	0.00047	0.00037	0.00273	
0.00089	0.00058	0.00047	0.00042	0.0012	0.00037	0.00041	0.00038	0.00035	0.00018	0.00147	0.00036	0	0	0	0	2e-05	5e-05	0	0.00229	0.00126	5e-05	0.00087	0.00018	0.00165	0.00021	0.00024	0.00026	0.00024	6e-05	0.00192	0.00014	0.0003	0.00028	0.00024	0.00154	
0.3645	0.25903	0.1905	0.17612	0.49906	0.15964	0.16578	0.16567	0.16091	0.07083	0.62349	0.13492	0	0	0	0	0.00443	0.01342	0.00282	0.96948	0.59923	0.01617	0.32653	0.04822	0.72248	0.07427	0.09653	0.09687	0.08445	0.02941	0.8163	0.05999	0.14042	0.12544	0.08085	0.64344	
0.00118	0.00085	0.00073	0.00057	0.00166	0.00053	0.0005	0.00064	0.00056	0.0002	0.00199	0.00058	0	0	0	0	6e-05	3e-05	1e-05	0.00323	0.00207	2e-05	0.00102	0.00022	0.00263	0.00019	0.00024	0.00027	0.00044	7e-05	0.00258	0.00024	0.00048	0.00038	0.00026	0.00221	
0.00176	0.00119	0.00078	0.00081	0.00226	0.00062	0.00084	0.00082	0.00068	0.00034	0.00291	0.00061	3e-05	2e-05	0.00443	6e-05	0	0	0	0	0.0027	9e-05	0.00151	0.00024	0.00329	0.00034	0.00047	0.00044	0.00039	0.00016	0.0037	0.00029	0.00063	0.00061	0.00036	0.00294	
0.00508	0.00358	0.00241	0.0025	0.0069	0.00207	0.00233	0.00227	0.00236	0.00095	0.0084	0.00186	7e-05	5e-05	0.01342	3e-05	0	0	0	0	0.00834	0.00024	0.00427	0.00072	0.01002	0.0009	0.00127	0.00138	0.00112	0.00028	0.01133	0.00084	0.00173	0.0017	0.00121	0.00893	
0.00107	0.00081	0.00052	0.00044	0.00143	0.00048	0.00053	0.0004	0.00045	0.00016	0.00193	0.0003	1e-05	0	0.00282	1e-05	0	0	0	0	0.00177	8e-05	0.00087	0.00012	0.00197	0.00028	0.00028	0.00031	0.00027	9e-05	0.00222	0.00026	0.00049	0.00051	0.00021	0.00163	
0.36025	0.25586	0.18886	0.17408	0.49328	0.15816	0.16373	0.16388	0.15898	0.06998	0.61646	0.13363	0.00405	0.00229	0.96948	0.00323	0	0	0	0	0.5923	0.01591	0.3232	0.04764	0.7147	0.07339	0.09526	0.0957	0.08371	0.02907	0.80712	0.05915	0.13894	0.12375	0.07994	0.63642	
0.22184	0.15805	0.11602	0.1092	0.29505	0.10044	0.10523	0.10439	0.09523	0.04193	0.38824	0.07971	0.00255	0.00126	0.59923	0.00207	0.0027	0.00834	0.00177	0.5923	0	0	0	0	0.44181	0.0454	0.05866	0.05924	0.06579	0.02266	0.4706	0.04606	0.10087	0.09118	0.05876	0.3543	
0.00619	0.00422	0.00297	0.00294	0.00872	0.00266	0.00232	0.00262	0.00285	0.00108	0.01014	0.00225	8e-05	5e-05	0.01617	2e-05	9e-05	0.00024	8e-05	0.01591	0	0	0	0	0.01192	0.00133	0.00156	0.00151	0.00147	0.00055	0.01297	0.00133	0.0018	0.00184	0.00103	0.01165	
0.12198	0.0863	0.06431	0.05726	0.17372	0.05098	0.05239	0.05276	0.05625	0.02477	0.20155	0.04728	0.00143	0.00087	0.32653	0.00102	0.00151	0.00427	0.00087	0.3232	0	0	0	0	0.24068	0.02436	0.0326	0.03221	0.01344	0.00463	0.30178	0.01	0.0338	0.02857	0.01873	0.24875	
0.01815	0.01287	0.00927	0.00843	0.02638	0.00725	0.00749	0.0076	0.00814	0.00365	0.02977	0.00716	0.0001	0.00018	0.04822	0.00022	0.00024	0.00072	0.00012	0.04764	0	0	0	0	0.03557	0.00382	0.00446	0.00487	0.00479	0.00176	0.03902	0.00315	0.00532	0.00498	0.0032	0.03522	
0.26858	0.19059	0.14107	0.12974	0.36909	0.11795	0.1213	0.12164	0.11898	0.05181	0.46086	0.09833	0.00322	0.00165	0.72248	0.00263	0.00329	0.01002	0.00197	0.7147	0.44181	0.01192	0.24068	0.03557	0	0	0	0	0.062	0.02166	0.60235	0.04397	0.10411	0.09208	0.05879	0.475	
0.02846	0.01988	0.01368	0.01289	0.03737	0.01235	0.01282	0.01237	0.01183	0.00563	0.04672	0.01073	0.00024	0.00021	0.07427	0.00019	0.00034	0.0009	0.00028	0.07339	0.0454	0.00133	0.02436	0.00382	0	0	0	0	0.00654	0.00239	0.06129	0.00469	0.01057	0.00979	0.00647	0.04808	
0.03507	0.02574	0.01911	0.01736	0.04859	0.0155	0.01688	0.01631	0.01585	0.007	0.06078	0.01365	0.00027	0.00024	0.09653	0.00024	0.00047	0.00127	0.00028	0.09526	0.05866	0.00156	0.0326	0.00446	0	0	0	0	0.00839	0.00274	0.08039	0.00576	0.01312	0.0121	0.00856	0.0635	
0.03605	0.02523	0.01871	0.01784	0.04882	0.01553	0.01643	0.01705	0.01581	0.00699	0.06134	0.01369	0.00043	0.00026	0.09687	0.00027	0.00044	0.00138	0.00031	0.0957	0.05924	0.00151	0.03221	0.00487	0	0	0	0	0.00856	0.00281	0.08034	0.00612	0.01399	0.0126	0.0079	0.06334	
0.0322	0.02249	0.01683	0.01397	0.05245	0.01049	0.0113	0.01125	0.01266	0.00528	0.05736	0.01019	0.00036	0.00024	0.08445	0.00044	0.00039	0.00112	0.00027	0.08371	0.06579	0.00147	0.01344	0.00479	0.062	0.00654	0.00839	0.00856	0	0	0	0	0.02026	0.01847	0.01195	0.03481	
0.01113	0.00801	0.00578	0.00468	0.01868	0.00336	0.00384	0.00372	0.00422	0.00179	0.02	0.00359	6e-05	6e-05	0.02941	7e-05	0.00016	0.00028	9e-05	0.02907	0.02266	0.00055	0.00463	0.00176	0.02166	0.00239	0.00274	0.00281	0	0	0	0	0.00745	0.00629	0.0043	0.01156	
0.30255	0.2145	0.15809	0.14923	0.39498	0.13997	0.14477	0.14465	0.13648	0.06067	0.51171	0.11551	0.00357	0.00192	0.8163	0.00258	0.0037	0.01133	0.00222	0.80712	0.4706	0.01297	0.30178	0.03902	0.60235	0.06129	0.08039	0.08034	0	0	0	0	0.0987	0.08861	0.05739	0.57967	
0.02228	0.01644	0.01187	0.00995	0.03776	0.00751	0.00752	0.00775	0.00911	0.00369	0.04063	0.00711	0.00017	0.00014	0.05999	0.00024	0.00029	0.00084	0.00026	0.05915	0.04606	0.00133	0.01	0.00315	0.04397	0.00469	0.00576	0.00612	0	0	0	0	0.01538	0.0132	0.00808	0.02388	
0.05239	0.03797	0.02715	0.02428	0.07311	0.02206	0.02366	0.02296	0.01549	0.00711	0.10559	0.0136	0.00059	0.0003	0.14042	0.00048	0.00063	0.00173	0.00049	0.13894	0.10087	0.0018	0.0338	0.00532	0.10411	0.01057	0.01312	0.01399	0.02026	0.00745	0.0987	0.01538	0	0	0	0	
0.04656	0.0333	0.02465	0.02206	0.0662	0.01977	0.02031	0.02029	0.01433	0.00637	0.09464	0.01123	0.00047	0.00028	0.12544	0.00038	0.00061	0.0017	0.00051	0.12375	0.09118	0.00184	0.02857	0.00498	0.09208	0.00979	0.0121	0.0126	0.01847	0.00629	0.08861	0.0132	0	0	0	0	
0.02982	0.02106	0.01607	0.01477	0.04333	0.01225	0.01333	0.01281	0.00889	0.00411	0.06108	0.00764	0.00037	0.00024	0.08085	0.00026	0.00036	0.00121	0.00021	0.07994	0.05876	0.00103	0.01873	0.0032	0.05879	0.00647	0.00856	0.0079	0.01195	0.0043	0.05739	0.00808	0	0	0	0	
0.23939	0.16911	0.1247	0.11672	0.32123	0.10725	0.11013	0.11131	0.12376	0.05384	0.36839	0.10393	0.00273	0.00154	0.64344	0.00221	0.00294	0.00893	0.00163	0.63642	0.3543	0.01165	0.24875	0.03522	0.475	0.04808	0.0635	0.06334	0.03481	0.01156	0.57967	0.02388	0	0	0	0	
