0	0	0	0	0.20475	0.0538	0.05478	0.05464	0.05868	0.02675	0.2324	0.05014	0.00153	0.00098	0.36404	0.00142	0.0013	0.00498	0.001	0.36069	0.2224	0.00573	0.12278	0.01706	0.26698	0.029	0.03606	0.03593	0.03282	0.01096	0.30157	0.02262	0.0523	0.04653	0.03023	0.23891	
0	0	0	0	0.14449	0.03848	0.04076	0.04094	0.04148	0.01905	0.16812	0.03602	0.00144	0.0008	0.26149	0.00094	0.00114	0.00375	0.00076	0.25902	0.16111	0.00423	0.08655	0.01278	0.19364	0.01958	0.02537	0.02608	0.02353	0.00831	0.21606	0.01677	0.03667	0.03307	0.02124	0.17369	
0	0	0	0	0.10692	0.02709	0.02841	0.02927	0.03059	0.01389	0.12153	0.02568	0.00072	0.00056	0.18972	0.00069	0.00098	0.00282	0.00055	0.18734	0.11686	0.00305	0.0629	0.00888	0.13887	0.0143	0.01913	0.01939	0.01612	0.00613	0.15735	0.01209	0.0263	0.02426	0.01597	0.12516	
0	0	0	0	0.04636	0.04146	0.04352	0.04433	0.0286	0.01213	0.11037	0.02457	0.00087	0.00053	0.17376	0.00051	0.0008	0.00242	0.00051	0.17194	0.11028	0.00269	0.0547	0.008	0.12871	0.0132	0.01727	0.01649	0.01407	0.00456	0.14791	0.00913	0.02459	0.0212	0.01431	0.11557	
0.20475	0.14449	0.10692	0.04636	0	0	0	0	0.08004	0.03602	0.31879	0.06767	0.00233	0.00142	0.49691	0.00186	0.00231	0.00712	0.00129	0.4918	0.28752	0.00876	0.17962	0.02662	0.36511	0.03835	0.04962	0.04944	0.05352	0.01881	0.39305	0.03714	0.07212	0.06385	0.04213	0.32442	
0.0538	0.03848	0.02709	0.04146	0	0	0	0	0.02539	0.012	0.10086	0.02258	0.0007	0.00056	0.15903	0.00054	0.00069	0.00223	0.00055	0.15736	0.10427	0.00214	0.04762	0.0068	0.1175	0.01225	0.01519	0.01589	0.01115	0.00363	0.13832	0.00773	0.02148	0.02024	0.01286	0.10625	
0.05478	0.04076	0.02841	0.04352	0	0	0	0	0.02664	0.01194	0.10651	0.02238	0.00081	0.00042	0.16567	0.00057	0.00077	0.00222	0.00037	0.16411	0.10904	0.00221	0.04948	0.00674	0.12263	0.01248	0.01641	0.01595	0.01081	0.00381	0.14526	0.00759	0.0228	0.02053	0.01328	0.11086	
0.05464	0.04094	0.02927	0.04433	0	0	0	0	0.02728	0.01186	0.10626	0.02378	0.00072	0.00047	0.1674	0.00059	0.00045	0.0024	0.00061	0.16572	0.10982	0.00259	0.05021	0.00656	0.12296	0.013	0.01661	0.01661	0.01106	0.00371	0.14626	0.00815	0.02346	0.02044	0.01348	0.1118	
0.05868	0.04148	0.03059	0.0286	0.08004	0.02539	0.02664	0.02728	0	0	0	0	0.00065	0.00044	0.1575	0.00076	0.00068	0.00213	0.0004	0.15614	0.0936	0.00259	0.05535	0.00781	0.11645	0.01204	0.01515	0.01571	0.0121	0.00415	0.13431	0.00879	0.01567	0.01359	0.0087	0.12139	
0.02675	0.01905	0.01389	0.01213	0.03602	0.012	0.01194	0.01186	0	0	0	0	0.0004	0.00021	0.07098	0.00023	0.00032	0.00102	0.0001	0.07038	0.04251	0.0011	0.02467	0.00354	0.0527	0.00555	0.00646	0.00711	0.00564	0.00203	0.0603	0.00385	0.00729	0.00642	0.004	0.05411	
0.2324	0.16812	0.12153	0.11037	0.31879	0.10086	0.10651	0.10626	0	0	0	0	0.00289	0.00183	0.62559	0.00211	0.0027	0.00893	0.00184	0.61895	0.39371	0.00967	0.20004	0.029	0.45937	0.0483	0.06315	0.0616	0.05786	0.02026	0.51343	0.04087	0.10434	0.09356	0.06119	0.37333	
0.05014	0.03602	0.02568	0.02457	0.06767	0.02258	0.02238	0.02378	0	0	0	0	0.00062	0.00039	0.13494	0.00046	0.00052	0.00189	0.00048	0.13352	0.08083	0.00234	0.04687	0.00637	0.09968	0.01019	0.01307	0.01347	0.01094	0.00352	0.11485	0.0071	0.01256	0.01149	0.00786	0.1045	
0.00153	0.00144	0.00072	0.00087	0.00233	0.0007	0.00081	0.00072	0.00065	0.0004	0.00289	0.00062	0	0	0	0	4e-05	5e-05	2e-05	0.00445	0.00283	6e-05	0.00144	0.00023	0.00338	0.00032	0.00041	0.00045	0.00036	0.00017	0.0038	0.00023	0.00074	0.00066	0.00039	0.00277	
0.00098	0.0008	0.00056	0.00053	0.00142	0.00056	0.00042	0.00047	0.00044	0.00021	0.00183	0.00039	0	0	0	0	0	3e-05	2e-05	0.00282	0.00162	4e-05	0.00108	0.00013	0.00214	0.00023	0.0002	0.0003	0.00013	8e-05	0.00247	0.00019	0.00038	0.0004	0.00015	0.00194	
0.36404	0.26149	0.18972	0.17376	0.49691	0.15903	0.16567	0.1674	0.1575	0.07098	0.62559	0.13494	0	0	0	0	0.00417	0.01383	0.00276	0.96825	0.60409	0.01553	0.32326	0.04613	0.7201	0.07521	0.09683	0.09687	0.08571	0.02959	0.81366	0.06005	0.13825	0.12353	0.08088	0.64635	
0.00142	0.00094	0.00069	0.00051	0.00186	0.00054	0.00057	0.00059	0.00076	0.00023	0.00211	0.00046	0	0	0	0	1e-05	6e-05	2e-05	0.00347	0.00211	7e-05	0.00115	0.00023	0.00258	0.00032	0.00039	0.00027	0.00034	0.00012	0.00296	0.00014	0.00049	0.00047	0.00033	0.00227	
0.0013	0.00114	0.00098	0.0008	0.00231	0.00069	0.00077	0.00045	0.00068	0.00032	0.0027	0.00052	4e-05	0	0.00417	1e-05	0	0	0	0	0.00255	3e-05	0.00146	0.00018	0.00309	0.00028	0.00042	0.00043	0.0004	0.00018	0.00334	0.0003	0.00054	0.00063	0.00032	0.00273	
0.00498	0.00375	0.00282	0.00242	0.00712	0.00223	0.00222	0.0024	0.00213	0.00102	0.00893	0.00189	5e-05	3e-05	0.01383	6e-05	0	0	0	0	0.00819	0.00027	0.00485	0.00066	0.01057	0.00094	0.00132	0.00114	0.00108	0.00044	0.01159	0.00086	0.00209	0.00176	0.0011	0.00902	
0.001	0.00076	0.00055	0.00051	0.00129	0.00055	0.00037	0.00061	0.0004	0.0001	0.00184	0.00048	2e-05	2e-05	0.00276	2e-05	0	0	0	0	0.0016	5e-05	0.00098	0.00019	0.00201	0.00025	0.00027	0.00029	0.00021	6e-05	0.0023	0.00025	0.00042	0.00039	0.00023	0.00178	
0.36069	0.25902	0.18734	0.17194	0.4918	0.15736	0.16411	0.16572	0.15614	0.07038	0.61895	0.13352	0.00445	0.00282	0.96825	0.00347	0	0	0	0	0.59831	0.01535	0.31964	0.04569	0.71253	0.07461	0.09582	0.09603	0.08485	0.02928	0.80566	0.0592	0.13681	0.12228	0.0801	0.6398	
0.2224	0.16111	0.11686	0.11028	0.28752	0.10427	0.10904	0.10982	0.0936	0.04251	0.39371	0.08083	0.00283	0.00162	0.60409	0.00211	0.00255	0.00819	0.0016	0.59831	0	0	0	0	0.44473	0.04651	0.0597	0.05971	0.06722	0.02304	0.47333	0.04706	0.10073	0.09105	0.05885	0.36002	
0.00573	0.00423	0.00305	0.00269	0.00876	0.00214	0.00221	0.00259	0.00259	0.0011	0.00967	0.00234	6e-05	4e-05	0.01553	7e-05	3e-05	0.00027	5e-05	0.01535	0	0	0	0	0.01141	0.0011	0.00168	0.00151	0.00165	0.0005	0.01253	0.00102	0.00168	0.00149	0.00124	0.01129	
0.12278	0.08655	0.0629	0.0547	0.17962	0.04762	0.04948	0.05021	0.05535	0.02467	0.20004	0.04687	0.00144	0.00108	0.32326	0.00115	0.00146	0.00485	0.00098	0.31964	0	0	0	0	0.238	0.02468	0.03185	0.0324	0.01319	0.00487	0.29966	0.00921	0.03207	0.02812	0.01884	0.2479	
0.01706	0.01278	0.00888	0.008	0.02662	0.0068	0.00674	0.00656	0.00781	0.00354	0.029	0.00637	0.00023	0.00013	0.04613	0.00023	0.00018	0.00066	0.00019	0.04569	0	0	0	0	0.03406	0.00379	0.0046	0.00427	0.00448	0.00155	0.03737	0.00332	0.00538	0.0044	0.00282	0.03412	
0.26698	0.19364	0.13887	0.12871	0.36511	0.1175	0.12263	0.12296	0.11645	0.0527	0.45937	0.09968	0.00338	0.00214	0.7201	0.00258	0.00309	0.01057	0.00201	0.71253	0.44473	0.01141	0.238	0.03406	0	0	0	0	0.06241	0.02189	0.59997	0.04393	0.10124	0.0913	0.05953	0.47613	
0.029	0.01958	0.0143	0.0132	0.03835	0.01225	0.01248	0.013	0.01204	0.00555	0.0483	0.01019	0.00032	0.00023	0.07521	0.00032	0.00028	0.00094	0.00025	0.07461	0.04651	0.0011	0.02468	0.00379	0	0	0	0	0.00691	0.00217	0.06251	0.00449	0.01077	0.00903	0.0062	0.05008	
0.03606	0.02537	0.01913	0.01727	0.04962	0.01519	0.01641	0.01661	0.01515	0.00646	0.06315	0.01307	0.00041	0.0002	0.09683	0.00039	0.00042	0.00132	0.00027	0.09582	0.0597	0.00168	0.03185	0.0046	0	0	0	0	0.0086	0.00318	0.07998	0.00607	0.01395	0.0124	0.00841	0.06307	
0.03593	0.02608	0.01939	0.01649	0.04944	0.01589	0.01595	0.01661	0.01571	0.00711	0.0616	0.01347	0.00045	0.0003	0.09687	0.00027	0.00043	0.00114	0.00029	0.09603	0.05971	0.00151	0.0324	0.00427	0	0	0	0	0.00862	0.00272	0.08043	0.00612	0.0139	0.01233	0.00761	0.06405	
0.03282	0.02353	0.01612	0.01407	0.05352	0.01115	0.01081	0.01106	0.0121	0.00564	0.05786	0.01094	0.00036	0.00013	0.08571	0.00034	0.0004	0.00108	0.00021	0.08485	0.06722	0.00165	0.01319	0.00448	0.06241	0.00691	0.0086	0.00862	0	0	0	0	0.02155	0.01783	0.01175	0.03541	
0.01096	0.00831	0.00613	0.00456	0.01881	0.00363	0.00381	0.00371	0.00415	0.00203	0.02026	0.00352	0.00017	8e-05	0.02959	0.00012	0.00018	0.00044	6e-05	0.02928	0.02304	0.0005	0.00487	0.00155	0.02189	0.00217	0.00318	0.00272	0	0	0	0	0.00712	0.00653	0.00404	0.01227	
0.30157	0.21606	0.15735	0.14791	0.39305	0.13832	0.14526	0.14626	0.13431	0.0603	0.51343	0.11485	0.0038	0.00247	0.81366	0.00296	0.00334	0.01159	0.0023	0.80566	0.47333	0.01253	0.29966	0.03737	0.59997	0.06251	0.07998	0.08043	0	0	0	0	0.09685	0.0877	0.05717	0.58117	
0.02262	0.01677	0.01209	0.00913	0.03714	0.00773	0.00759	0.00815	0.00879	0.00385	0.04087	0.0071	0.00023	0.00019	0.06005	0.00014	0.0003	0.00086	0.00025	0.0592	0.04706	0.00102	0.00921	0.00332	0.04393	0.00449	0.00607	0.00612	0	0	0	0	0.01434	0.013	0.00879	0.02448	
0.0523	0.03667	0.0263	0.02459	0.07212	0.02148	0.0228	0.02346	0.01567	0.00729	0.10434	0.01256	0.00074	0.00038	0.13825	0.00049	0.00054	0.00209	0.00042	0.13681	0.10073	0.00168	0.03207	0.00538	0.10124	0.01077	0.01395	0.0139	0.02155	0.00712	0.09685	0.01434	0	0	0	0	
0.04653	0.03307	0.02426	0.0212	0.06385	0.02024	0.02053	0.02044	0.01359	0.00642	0.09356	0.01149	0.00066	0.0004	0.12353	0.00047	0.00063	0.00176	0.00039	0.12228	0.09105	0.00149	0.02812	0.0044	0.0913	0.00903	0.0124	0.01233	0.01783	0.00653	0.0877	0.013	0	0	0	0	
0.03023	0.02124	0.01597	0.01431	0.04213	0.01286	0.01328	0.01348	0.0087	0.004	0.06119	0.00786	0.00039	0.00015	0.08088	0.00033	0.00032	0.0011	0.00023	0.0801	0.05885	0.00124	0.01884	0.00282	0.05953	0.0062	0.00841	0.00761	0.01175	0.00404	0.05717	0.00879	0	0	0	0	
0.23891	0.17369	0.12516	0.11557	0.32442	0.10625	0.11086	0.1118	0.12139	0.05411	0.37333	0.1045	0.00277	0.00194	0.64635	0.00227	0.00273	0.00902	0.00178	0.6398	0.36002	0.01129	0.2479	0.03412	0.47613	0.05008	0.06307	0.06405	0.03541	0.01227	0.58117	0.02448	0	0	0	0	
