0	0	0	0	0.20546	0.05262	0.05507	0.0542	0.05853	0.0264	0.23104	0.05138	0.00121	0.0009	0.36409	0.00115	0.00154	0.00516	0.00088	0.35977	0.22368	0.00583	0.11952	0.01832	0.26821	0.02779	0.03541	0.03594	0.03262	0.01176	0.30095	0.02202	0.05148	0.04558	0.03078	0.23951	
0	0	0	0	0.14699	0.03861	0.03967	0.03979	0.04288	0.01859	0.16734	0.03625	0.0012	0.00067	0.26252	0.00067	0.00105	0.00358	0.00083	0.2596	0.15991	0.00413	0.08766	0.01336	0.19304	0.02029	0.02559	0.02614	0.02321	0.00802	0.21734	0.01649	0.03781	0.0339	0.02103	0.17232	
0	0	0	0	0.10709	0.02762	0.02884	0.02872	0.03113	0.01408	0.12123	0.02583	0.00076	0.00051	0.19028	0.00072	0.00103	0.00258	0.00054	0.18812	0.11592	0.00296	0.0642	0.00919	0.13973	0.0149	0.01879	0.01885	0.01639	0.00607	0.15785	0.01196	0.02735	0.02369	0.01583	0.1254	
0	0	0	0	0.0468	0.04228	0.04246	0.04378	0.02762	0.01252	0.11056	0.02462	0.00074	0.00063	0.17339	0.00056	0.00064	0.00261	0.00049	0.17158	0.10906	0.00244	0.05586	0.00796	0.1291	0.01266	0.01738	0.01618	0.01332	0.00468	0.14838	0.00894	0.02474	0.02092	0.01416	0.1155	
0.20546	0.14699	0.10709	0.0468	0	0	0	0	0.08174	0.03642	0.31806	0.07012	0.00196	0.0013	0.50156	0.00152	0.00213	0.00684	0.00133	0.49604	0.28797	0.009	0.18174	0.02763	0.36839	0.03829	0.05028	0.04938	0.05348	0.01939	0.39583	0.03764	0.07222	0.06388	0.04179	0.32845	
0.05262	0.03861	0.02762	0.04228	0	0	0	0	0.02597	0.01149	0.10125	0.02242	0.00057	0.00054	0.15954	0.00048	0.00068	0.00239	0.00051	0.15755	0.10516	0.00211	0.04708	0.00678	0.11804	0.01208	0.01589	0.01512	0.01075	0.00344	0.1396	0.00734	0.02283	0.01988	0.01262	0.1058	
0.05507	0.03967	0.02884	0.04246	0	0	0	0	0.02634	0.01181	0.10521	0.02268	0.00072	0.00045	0.16431	0.00056	0.00062	0.0024	0.00045	0.16257	0.10782	0.00207	0.04896	0.00719	0.12151	0.01258	0.01547	0.01648	0.01089	0.00394	0.14395	0.00726	0.0233	0.02019	0.01367	0.10888	
0.0542	0.03979	0.02872	0.04378	0	0	0	0	0.02611	0.01187	0.10565	0.02286	0.00066	0.00042	0.16487	0.00054	0.00083	0.0023	0.00045	0.16291	0.10762	0.00218	0.04946	0.00723	0.12214	0.01269	0.01553	0.01613	0.01042	0.00376	0.14514	0.00717	0.02303	0.02014	0.01372	0.1096	
0.05853	0.04288	0.03113	0.02762	0.08174	0.02597	0.02634	0.02611	0	0	0	0	0.00062	0.00047	0.15863	0.00044	0.00063	0.00226	0.00049	0.15678	0.09489	0.00269	0.05458	0.008	0.11647	0.01247	0.01584	0.01538	0.01195	0.00438	0.13547	0.00836	0.0155	0.0137	0.00917	0.12179	
0.0264	0.01859	0.01408	0.01252	0.03642	0.01149	0.01181	0.01187	0	0	0	0	0.00036	0.00018	0.07084	0.00021	0.00037	0.00112	0.00013	0.06997	0.04157	0.00118	0.02553	0.00331	0.05267	0.00553	0.00698	0.00641	0.0056	0.00179	0.06078	0.00342	0.007	0.00611	0.00392	0.05456	
0.23104	0.16734	0.12123	0.11056	0.31806	0.10125	0.10521	0.10565	0	0	0	0	0.00247	0.00169	0.62404	0.00197	0.00284	0.00877	0.00175	0.61681	0.39003	0.00957	0.19975	0.03082	0.4604	0.0474	0.06107	0.0613	0.05734	0.02056	0.51178	0.04049	0.10553	0.09268	0.06102	0.37094	
0.05138	0.03625	0.02583	0.02462	0.07012	0.02242	0.02268	0.02286	0	0	0	0	0.00046	0.00037	0.13677	0.00048	0.00042	0.00178	0.00037	0.13551	0.08208	0.00192	0.04738	0.0067	0.10054	0.01024	0.01328	0.01402	0.01065	0.0038	0.11649	0.00714	0.01335	0.0116	0.00769	0.10544	
0.00121	0.0012	0.00076	0.00074	0.00196	0.00057	0.00072	0.00066	0.00062	0.00036	0.00247	0.00046	0	0	0	0	1e-05	0.00011	1e-05	0.00378	0.00241	8e-05	0.00123	0.00019	0.00283	0.00019	0.00037	0.00052	0.00026	0.00012	0.00328	0.00025	0.00055	0.00049	0.00022	0.00265	
0.0009	0.00067	0.00051	0.00063	0.0013	0.00054	0.00045	0.00042	0.00047	0.00018	0.00169	0.00037	0	0	0	0	2e-05	2e-05	0	0.00267	0.00148	6e-05	0.001	0.00017	0.00191	0.0002	0.00022	0.00038	0.00021	9e-05	0.00226	0.00015	0.00032	0.00033	0.00019	0.00187	
0.36409	0.26252	0.19028	0.17339	0.50156	0.15954	0.16431	0.16487	0.15863	0.07084	0.62404	0.13677	0	0	0	0	0.00423	0.01376	0.00271	0.96958	0.6029	0.01518	0.32398	0.04822	0.72312	0.07497	0.09624	0.09595	0.08493	0.03024	0.81624	0.05887	0.14004	0.12285	0.08117	0.64622	
0.00115	0.00067	0.00072	0.00056	0.00152	0.00048	0.00056	0.00054	0.00044	0.00021	0.00197	0.00048	0	0	0	0	0	4e-05	2e-05	0.00304	0.00178	4e-05	0.00103	0.00025	0.00222	0.00028	0.00034	0.00026	0.00014	8e-05	0.00274	0.00014	0.00047	0.00042	0.00022	0.00199	
0.00154	0.00105	0.00103	0.00064	0.00213	0.00068	0.00062	0.00083	0.00063	0.00037	0.00284	0.00042	1e-05	2e-05	0.00423	0	0	0	0	0	0.00273	3e-05	0.00126	0.00024	0.00324	0.00028	0.00037	0.00037	0.00035	0.00023	0.00343	0.00025	0.00062	0.00043	0.00045	0.00276	
0.00516	0.00358	0.00258	0.00261	0.00684	0.00239	0.0024	0.0023	0.00226	0.00112	0.00877	0.00178	0.00011	2e-05	0.01376	4e-05	0	0	0	0	0.0086	0.0002	0.00446	0.00067	0.01022	0.00094	0.00143	0.00134	0.00093	0.00039	0.01184	0.00077	0.00174	0.00191	0.00114	0.00914	
0.00088	0.00083	0.00054	0.00049	0.00133	0.00051	0.00045	0.00045	0.00049	0.00013	0.00175	0.00037	1e-05	0	0.00271	2e-05	0	0	0	0	0.00165	7e-05	0.00081	0.00021	0.00211	0.0002	0.00019	0.00024	0.00031	0.00011	0.0021	0.00022	0.00033	0.00038	0.00032	0.00171	
0.35977	0.2596	0.18812	0.17158	0.49604	0.15755	0.16257	0.16291	0.15678	0.06997	0.61681	0.13551	0.00378	0.00267	0.96958	0.00304	0	0	0	0	0.59559	0.01506	0.32071	0.04771	0.71451	0.07422	0.09518	0.09516	0.08395	0.0298	0.80715	0.05817	0.13869	0.12137	0.07989	0.63912	
0.22368	0.15991	0.11592	0.10906	0.28797	0.10516	0.10782	0.10762	0.09489	0.04157	0.39003	0.08208	0.00241	0.00148	0.6029	0.00178	0.00273	0.0086	0.00165	0.59559	0	0	0	0	0.44457	0.04604	0.05847	0.05949	0.06624	0.0237	0.47269	0.04594	0.1016	0.08922	0.05877	0.35898	
0.00583	0.00413	0.00296	0.00244	0.009	0.00211	0.00207	0.00218	0.00269	0.00118	0.00957	0.00192	8e-05	6e-05	0.01518	4e-05	3e-05	0.0002	7e-05	0.01506	0	0	0	0	0.01116	0.00109	0.00173	0.00138	0.0016	0.00059	0.01212	0.00105	0.00174	0.00158	0.00099	0.01105	
0.11952	0.08766	0.0642	0.05586	0.18174	0.04708	0.04896	0.04946	0.05458	0.02553	0.19975	0.04738	0.00123	0.001	0.32398	0.00103	0.00126	0.00446	0.00081	0.32071	0	0	0	0	0.2387	0.0248	0.03233	0.03141	0.01269	0.00439	0.301	0.00916	0.03253	0.0284	0.01892	0.24739	
0.01832	0.01336	0.00919	0.00796	0.02763	0.00678	0.00719	0.00723	0.008	0.00331	0.03082	0.0067	0.00019	0.00017	0.04822	0.00025	0.00024	0.00067	0.00021	0.04771	0	0	0	0	0.03565	0.00371	0.00464	0.00483	0.00501	0.00185	0.03871	0.00326	0.00551	0.00489	0.00312	0.03531	
0.26821	0.19304	0.13973	0.1291	0.36839	0.11804	0.12151	0.12214	0.11647	0.05267	0.4604	0.10054	0.00283	0.00191	0.72312	0.00222	0.00324	0.01022	0.00211	0.71451	0.44457	0.01116	0.2387	0.03565	0	0	0	0	0.06263	0.02261	0.60162	0.04322	0.1037	0.09085	0.06009	0.47544	
0.02779	0.02029	0.0149	0.01266	0.03829	0.01208	0.01258	0.01269	0.01247	0.00553	0.0474	0.01024	0.00019	0.0002	0.07497	0.00028	0.00028	0.00094	0.0002	0.07422	0.04604	0.00109	0.0248	0.00371	0	0	0	0	0.00682	0.00213	0.06192	0.00477	0.01067	0.00936	0.00606	0.04955	
0.03541	0.02559	0.01879	0.01738	0.05028	0.01589	0.01547	0.01553	0.01584	0.00698	0.06107	0.01328	0.00037	0.00022	0.09624	0.00034	0.00037	0.00143	0.00019	0.09518	0.05847	0.00173	0.03233	0.00464	0	0	0	0	0.00785	0.00292	0.08067	0.00573	0.01337	0.01219	0.00766	0.06395	
0.03594	0.02614	0.01885	0.01618	0.04938	0.01512	0.01648	0.01613	0.01538	0.00641	0.0613	0.01402	0.00052	0.00038	0.09595	0.00026	0.00037	0.00134	0.00024	0.09516	0.05949	0.00138	0.03141	0.00483	0	0	0	0	0.00824	0.00287	0.08031	0.00569	0.01364	0.01169	0.00799	0.06379	
0.03262	0.02321	0.01639	0.01332	0.05348	0.01075	0.01089	0.01042	0.01195	0.0056	0.05734	0.01065	0.00026	0.00021	0.08493	0.00014	0.00035	0.00093	0.00031	0.08395	0.06624	0.0016	0.01269	0.00501	0.06263	0.00682	0.00785	0.00824	0	0	0	0	0.02092	0.01775	0.01158	0.03529	
0.01176	0.00802	0.00607	0.00468	0.01939	0.00344	0.00394	0.00376	0.00438	0.00179	0.02056	0.0038	0.00012	9e-05	0.03024	8e-05	0.00023	0.00039	0.00011	0.0298	0.0237	0.00059	0.00439	0.00185	0.02261	0.00213	0.00292	0.00287	0	0	0	0	0.00711	0.00699	0.00453	0.0119	
0.30095	0.21734	0.15785	0.14838	0.39583	0.1396	0.14395	0.14514	0.13547	0.06078	0.51178	0.11649	0.00328	0.00226	0.81624	0.00274	0.00343	0.01184	0.0021	0.80715	0.47269	0.01212	0.301	0.03871	0.60162	0.06192	0.08067	0.08031	0	0	0	0	0.09928	0.08674	0.05732	0.58118	
0.02202	0.01649	0.01196	0.00894	0.03764	0.00734	0.00726	0.00717	0.00836	0.00342	0.04049	0.00714	0.00025	0.00015	0.05887	0.00014	0.00025	0.00077	0.00022	0.05817	0.04594	0.00105	0.00916	0.00326	0.04322	0.00477	0.00573	0.00569	0	0	0	0	0.01407	0.01261	0.00837	0.02436	
0.05148	0.03781	0.02735	0.02474	0.07222	0.02283	0.0233	0.02303	0.0155	0.007	0.10553	0.01335	0.00055	0.00032	0.14004	0.00047	0.00062	0.00174	0.00033	0.13869	0.1016	0.00174	0.03253	0.00551	0.1037	0.01067	0.01337	0.01364	0.02092	0.00711	0.09928	0.01407	0	0	0	0	
0.04558	0.0339	0.02369	0.02092	0.06388	0.01988	0.02019	0.02014	0.0137	0.00611	0.09268	0.0116	0.00049	0.00033	0.12285	0.00042	0.00043	0.00191	0.00038	0.12137	0.08922	0.00158	0.0284	0.00489	0.09085	0.00936	0.01219	0.01169	0.01775	0.00699	0.08674	0.01261	0	0	0	0	
0.03078	0.02103	0.01583	0.01416	0.04179	0.01262	0.01367	0.01372	0.00917	0.00392	0.06102	0.00769	0.00022	0.00019	0.08117	0.00022	0.00045	0.00114	0.00032	0.07989	0.05877	0.00099	0.01892	0.00312	0.06009	0.00606	0.00766	0.00799	0.01158	0.00453	0.05732	0.00837	0	0	0	0	
0.23951	0.17232	0.1254	0.1155	0.32845	0.1058	0.10888	0.1096	0.12179	0.05456	0.37094	0.10544	0.00265	0.00187	0.64622	0.00199	0.00276	0.00914	0.00171	0.63912	0.35898	0.01105	0.24739	0.03531	0.47544	0.04955	0.06395	0.06379	0.03529	0.0119	0.58118	0.02436	0	0	0	0	
