0	0	0	0	0.214854	0.0533692	0.0445308	0.0719308	0.0748462	0.0268769	0.222277	0.0606846	0.00225385	0.00640769	0.373808	0.00221538	0.00292308	0.00407692	0.00182308	0.375862	0.201669	0.00888462	0.121631	0.0525	0.262238	0.0268077	0.0416154	0.0540231	0.0448385	0.0163077	0.282131	0.0414077	0.0862077	0.0440385	0.0375769	0.216862	
0	0	0	0	0.1441	0.0274769	0.0219308	0.0352769	0.0453923	0.0159923	0.132608	0.0347923	0.00131538	0.00405385	0.222115	0.0013	0.00169231	0.00250769	0.00113846	0.223446	0.120954	0.00548462	0.0712308	0.0311154	0.154662	0.0163538	0.025	0.0327692	0.0277692	0.0102615	0.164554	0.0262	0.0509077	0.0268538	0.0224385	0.128585	
0	0	0	0	0.125808	0.0228538	0.0194538	0.0308615	0.0385769	0.0138615	0.115969	0.0305692	0.00116154	0.00321538	0.193569	0.00103077	0.00135385	0.00209231	0.000884615	0.194646	0.105554	0.00486923	0.0619	0.0266538	0.132477	0.0146462	0.0225	0.0293538	0.0235769	0.00869231	0.143808	0.0229	0.0439615	0.0233462	0.0198538	0.111815	
0	0	0	0	0.0448769	0.0442077	0.0377462	0.0607231	0.0370462	0.0138308	0.105354	0.0313231	0.000884615	0.00293077	0.182677	0.00106154	0.00135385	0.00198462	0.000830769	0.183385	0.0955385	0.0045	0.0628846	0.0246308	0.134885	0.0116308	0.0179692	0.0230692	0.0176769	0.00714615	0.145515	0.0172154	0.0383154	0.0196769	0.0164769	0.113085	
0.214854	0.1441	0.125808	0.0448769	0	0	0	0	0.105377	0.0338846	0.314546	0.0758308	0.00299231	0.00923077	0.5144	0.00301538	0.00395385	0.00555385	0.00246154	0.517669	0.289877	0.0124615	0.154569	0.0727308	0.335162	0.0422538	0.0658385	0.0863846	0.0752077	0.0276846	0.355462	0.0712846	0.128477	0.0671231	0.0566923	0.277346	
0.0533692	0.0274769	0.0228538	0.0442077	0	0	0	0	0.0346462	0.0109231	0.0774846	0.0248538	0.000884615	0.00223846	0.144123	0.000661538	0.00111538	0.00165385	0.000669231	0.144469	0.0741846	0.0035	0.0512308	0.0189923	0.1109	0.00819231	0.0127154	0.0161	0.0118154	0.00423846	0.120385	0.0114692	0.0281846	0.0147308	0.0124308	0.0925615	
0.0445308	0.0219308	0.0194538	0.0377462	0	0	0	0	0.0282077	0.00931538	0.0660462	0.0200923	0.000615385	0.00193846	0.120462	0.000646154	0.000892308	0.00138462	0.000669231	0.120715	0.0611615	0.00309231	0.0432308	0.0161769	0.0916538	0.00722308	0.0109385	0.0138462	0.0100077	0.00379231	0.100908	0.00895385	0.0242077	0.0120385	0.0104615	0.0769538	
0.0719308	0.0352769	0.0308615	0.0607231	0	0	0	0	0.0276308	0.0164385	0.118131	0.0365923	0.00112308	0.0032	0.193185	0.00128462	0.00136154	0.00206923	0.000876923	0.194485	0.0984923	0.00468462	0.0686154	0.027	0.146546	0.0117692	0.0175923	0.0228846	0.0168308	0.00669231	0.159254	0.0160154	0.0385231	0.0200231	0.0167615	0.123485	
0.0748462	0.0453923	0.0385769	0.0370462	0.105377	0.0346462	0.0282077	0.0276308	0	0	0	0	0.00108462	0.00296154	0.190785	0.00103077	0.0013	0.00198462	0.000976923	0.1916	0.0980462	0.00510769	0.0753231	0.0173846	0.157323	0.00876923	0.0127154	0.0170538	0.0120385	0.00438462	0.167723	0.0117154	0.0332385	0.0173846	0.0147538	0.130485	
0.0268769	0.0159923	0.0138615	0.0138308	0.0338846	0.0109231	0.00931538	0.0164385	0	0	0	0	0.000376923	0.00117692	0.0686231	0.000384615	0.000484615	0.000869231	0.000361538	0.0688462	0.0355923	0.00168462	0.0272692	0.00601538	0.0567538	0.00291538	0.00503846	0.00585385	0.00440769	0.00151538	0.0608385	0.0038	0.0120538	0.00624615	0.00516154	0.0471	
0.222277	0.132608	0.115969	0.105354	0.314546	0.0774846	0.0660462	0.118131	0	0	0	0	0.00332308	0.0101923	0.559323	0.00336923	0.00453077	0.00617692	0.0026	0.5629	0.311115	0.0130846	0.154062	0.0979462	0.3441	0.0511923	0.0787615	0.102154	0.0878923	0.0327923	0.372285	0.0832385	0.147569	0.0764538	0.0654308	0.286754	
0.0606846	0.0347923	0.0305692	0.0313231	0.0758308	0.0248538	0.0200923	0.0365923	0	0	0	0	0.000830769	0.00227692	0.153438	0.000823077	0.00100769	0.00163077	0.000738462	0.153992	0.0789615	0.00386154	0.0609923	0.0135538	0.126085	0.00656154	0.0105692	0.0141538	0.00952308	0.00371538	0.135162	0.00896923	0.0265308	0.0138308	0.011	0.106008	
0.00225385	0.00131538	0.00116154	0.000884615	0.00299231	0.000884615	0.000615385	0.00112308	0.00108462	0.000376923	0.00332308	0.000830769	0	0	0	0	4.61538e-05	6.92308e-05	1.53846e-05	0.00548462	0.00286154	9.23077e-05	0.00189231	0.000769231	0.00371538	0.000392308	0.000607692	0.0009	0.000976923	0.000284615	0.00363846	0.000715385	0.00126154	0.000623077	0.000569231	0.00316154	
0.00640769	0.00405385	0.00321538	0.00293077	0.00923077	0.00223846	0.00193846	0.0032	0.00296154	0.00117692	0.0101923	0.00227692	0	0	0	0	0.000115385	0.000192308	8.46154e-05	0.0162154	0.00904615	0.000423077	0.00505385	0.00208462	0.0114385	0.00101538	0.00193846	0.00221538	0.00276154	0.001	0.0104846	0.00236154	0.0039	0.00205385	0.00170769	0.00894615	
0.373808	0.222115	0.193569	0.182677	0.5144	0.144123	0.120462	0.193185	0.190785	0.0686231	0.559323	0.153438	0	0	0	0	0.00714615	0.0103692	0.00454615	0.950108	0.508577	0.0231231	0.309108	0.131362	0.665354	0.0676308	0.103815	0.135369	0.109277	0.0408538	0.718362	0.103677	0.212846	0.110508	0.0934154	0.5554	
0.00221538	0.0013	0.00103077	0.00106154	0.00301538	0.000661538	0.000646154	0.00128462	0.00103077	0.000384615	0.00336923	0.000823077	0	0	0	0	1.53846e-05	3.07692e-05	3.07692e-05	0.00553077	0.00323077	0.0001	0.00159231	0.000684615	0.00375385	0.0004	0.000723077	0.000730769	0.000846154	0.000269231	0.00352308	0.000969231	0.00138462	0.000730769	0.000653846	0.00283846	
0.00292308	0.00169231	0.00135385	0.00135385	0.00395385	0.00111538	0.000892308	0.00136154	0.0013	0.000484615	0.00453077	0.00100769	4.61538e-05	0.000115385	0.00714615	1.53846e-05	0	0	0	0	0.00398462	0.000215385	0.00213077	0.000992308	0.00498462	0.000476923	0.000776923	0.00108462	0.000876923	0.000346154	0.00513846	0.000961538	0.00164615	0.000776923	0.0007	0.0042	
0.00407692	0.00250769	0.00209231	0.00198462	0.00555385	0.00165385	0.00138462	0.00206923	0.00198462	0.000869231	0.00617692	0.00163077	6.92308e-05	0.000192308	0.0103692	3.07692e-05	0	0	0	0	0.00562308	0.000276923	0.00344615	0.00131538	0.00736923	0.000730769	0.00108462	0.00147692	0.00119231	0.000330769	0.00795385	0.00118462	0.00226154	0.00133846	0.000876923	0.00618462	
0.00182308	0.00113846	0.000884615	0.000830769	0.00246154	0.000669231	0.000669231	0.000876923	0.000976923	0.000361538	0.0026	0.000738462	1.53846e-05	8.46154e-05	0.00454615	3.07692e-05	0	0	0	0	0.00235385	6.15385e-05	0.00167692	0.000584615	0.00316923	0.000361538	0.0005	0.000646154	0.000523077	0.000230769	0.00356923	0.000353846	0.00111538	0.000476923	0.000446154	0.00263846	
0.375862	0.223446	0.194646	0.183385	0.517669	0.144469	0.120715	0.194485	0.1916	0.0688462	0.5629	0.153992	0.00548462	0.0162154	0.950108	0.00553077	0	0	0	0	0.511754	0.0231846	0.310392	0.132008	0.668738	0.0678692	0.104723	0.136008	0.111269	0.0415	0.719346	0.105223	0.214369	0.111323	0.0943231	0.557323	
0.201669	0.120954	0.105554	0.0955385	0.289877	0.0741846	0.0611615	0.0984923	0.0980462	0.0355923	0.311115	0.0789615	0.00286154	0.00904615	0.508577	0.00323077	0.00398462	0.00562308	0.00235385	0.511754	0	0	0	0	0.339838	0.0402231	0.0632231	0.0804308	0.0810846	0.0301231	0.335423	0.0770846	0.132792	0.0698154	0.0587692	0.262338	
0.00888462	0.00548462	0.00486923	0.0045	0.0124615	0.0035	0.00309231	0.00468462	0.00510769	0.00168462	0.0130846	0.00386154	9.23077e-05	0.000423077	0.0231231	0.0001	0.000215385	0.000276923	6.15385e-05	0.0231846	0	0	0	0	0.0138692	0.00218462	0.00329231	0.00439231	0.00180769	0.000653846	0.0198154	0.00146154	0.00423846	0.00215385	0.00178462	0.0155615	
0.121631	0.0712308	0.0619	0.0628846	0.154569	0.0512308	0.0432308	0.0686154	0.0753231	0.0272692	0.154062	0.0609923	0.00189231	0.00505385	0.309108	0.00159231	0.00213077	0.00344615	0.00167692	0.310392	0	0	0	0	0.274215	0.00969231	0.0144308	0.0193077	0.0195538	0.0071	0.272931	0.0180615	0.0554538	0.0283846	0.0242308	0.209577	
0.0525	0.0311154	0.0266538	0.0246308	0.0727308	0.0189923	0.0161769	0.027	0.0173846	0.00601538	0.0979462	0.0135538	0.000769231	0.00208462	0.131362	0.000684615	0.000992308	0.00131538	0.000584615	0.132008	0	0	0	0	0.0563385	0.0173385	0.0261385	0.0350846	0.0114154	0.00453077	0.107838	0.0111154	0.0269077	0.0135615	0.0115615	0.0828692	
0.262238	0.154662	0.132477	0.134885	0.335162	0.1109	0.0916538	0.146546	0.157323	0.0567538	0.3441	0.126085	0.00371538	0.0114385	0.665354	0.00375385	0.00498462	0.00736923	0.00316923	0.668738	0.339838	0.0138692	0.274215	0.0563385	0	0	0	0	0.0658308	0.0245769	0.531154	0.0627	0.142646	0.0740538	0.0631462	0.404415	
0.0268077	0.0163538	0.0146462	0.0116308	0.0422538	0.00819231	0.00722308	0.0117692	0.00876923	0.00291538	0.0511923	0.00656154	0.000392308	0.00101538	0.0676308	0.0004	0.000476923	0.000730769	0.000361538	0.0678692	0.0402231	0.00218462	0.00969231	0.0173385	0	0	0	0	0.0103231	0.00393077	0.0454615	0.00972308	0.0170615	0.00867692	0.00734615	0.0363538	
0.0416154	0.025	0.0225	0.0179692	0.0658385	0.0127154	0.0109385	0.0175923	0.0127154	0.00503846	0.0787615	0.0105692	0.000607692	0.00193846	0.103815	0.000723077	0.000776923	0.00108462	0.0005	0.104723	0.0632231	0.00329231	0.0144308	0.0261385	0	0	0	0	0.0165231	0.00556154	0.0700077	0.0149923	0.0261462	0.0136	0.0114615	0.0558769	
0.0540231	0.0327692	0.0293538	0.0230692	0.0863846	0.0161	0.0138462	0.0228846	0.0170538	0.00585385	0.102154	0.0141538	0.0009	0.00221538	0.135369	0.000730769	0.00108462	0.00147692	0.000646154	0.136008	0.0804308	0.00439231	0.0193077	0.0350846	0	0	0	0	0.0211846	0.00833846	0.0893846	0.0203077	0.0335385	0.0175846	0.0143923	0.0737	
0.0448385	0.0277692	0.0235769	0.0176769	0.0752077	0.0118154	0.0100077	0.0168308	0.0120385	0.00440769	0.0878923	0.00952308	0.000976923	0.00276154	0.109277	0.000846154	0.000876923	0.00119231	0.000523077	0.111269	0.0810846	0.00180769	0.0195538	0.0114154	0.0658308	0.0103231	0.0165231	0.0211846	0	0	0	0	0.0351846	0.0184923	0.0150308	0.0451538	
0.0163077	0.0102615	0.00869231	0.00714615	0.0276846	0.00423846	0.00379231	0.00669231	0.00438462	0.00151538	0.0327923	0.00371538	0.000284615	0.001	0.0408538	0.000269231	0.000346154	0.000330769	0.000230769	0.0415	0.0301231	0.000653846	0.0071	0.00453077	0.0245769	0.00393077	0.00556154	0.00833846	0	0	0	0	0.0131154	0.00678462	0.00586154	0.0166462	
0.282131	0.164554	0.143808	0.145515	0.355462	0.120385	0.100908	0.159254	0.167723	0.0608385	0.372285	0.135162	0.00363846	0.0104846	0.718362	0.00352308	0.00513846	0.00795385	0.00356923	0.719346	0.335423	0.0198154	0.272931	0.107838	0.531154	0.0454615	0.0700077	0.0893846	0	0	0	0	0.1376	0.0712308	0.0607	0.466477	
0.0414077	0.0262	0.0229	0.0172154	0.0712846	0.0114692	0.00895385	0.0160154	0.0117154	0.0038	0.0832385	0.00896923	0.000715385	0.00236154	0.103677	0.000969231	0.000961538	0.00118462	0.000353846	0.105223	0.0770846	0.00146154	0.0180615	0.0111154	0.0627	0.00972308	0.0149923	0.0203077	0	0	0	0	0.0334923	0.0174077	0.0147538	0.0420692	
0.0862077	0.0509077	0.0439615	0.0383154	0.128477	0.0281846	0.0242077	0.0385231	0.0332385	0.0120538	0.147569	0.0265308	0.00126154	0.0039	0.212846	0.00138462	0.00164615	0.00226154	0.00111538	0.214369	0.132792	0.00423846	0.0554538	0.0269077	0.142646	0.0170615	0.0261462	0.0335385	0.0351846	0.0131154	0.1376	0.0334923	0	0	0	0	
0.0440385	0.0268538	0.0233462	0.0196769	0.0671231	0.0147308	0.0120385	0.0200231	0.0173846	0.00624615	0.0764538	0.0138308	0.000623077	0.00205385	0.110508	0.000730769	0.000776923	0.00133846	0.000476923	0.111323	0.0698154	0.00215385	0.0283846	0.0135615	0.0740538	0.00867692	0.0136	0.0175846	0.0184923	0.00678462	0.0712308	0.0174077	0	0	0	0	
0.0375769	0.0224385	0.0198538	0.0164769	0.0566923	0.0124308	0.0104615	0.0167615	0.0147538	0.00516154	0.0654308	0.011	0.000569231	0.00170769	0.0934154	0.000653846	0.0007	0.000876923	0.000446154	0.0943231	0.0587692	0.00178462	0.0242308	0.0115615	0.0631462	0.00734615	0.0114615	0.0143923	0.0150308	0.00586154	0.0607	0.0147538	0	0	0	0	
0.216862	0.128585	0.111815	0.113085	0.277346	0.0925615	0.0769538	0.123485	0.130485	0.0471	0.286754	0.106008	0.00316154	0.00894615	0.5554	0.00283846	0.0042	0.00618462	0.00263846	0.557323	0.262338	0.0155615	0.209577	0.0828692	0.404415	0.0363538	0.0558769	0.0737	0.0451538	0.0166462	0.466477	0.0420692	0	0	0	0	
