0	0	0	0	0.212531	0.0539462	0.0443538	0.0731923	0.0757385	0.0270692	0.221685	0.0595308	0.00223846	0.00613846	0.373485	0.00216154	0.00276923	0.00417692	0.00201538	0.375062	0.200115	0.00895385	0.122415	0.0525385	0.261369	0.0261923	0.0420923	0.0543692	0.0452692	0.0156077	0.281777	0.0413692	0.0847	0.0433077	0.0371077	0.218908	
0	0	0	0	0.144723	0.0262692	0.0210154	0.0352615	0.0438462	0.0157308	0.133085	0.0346077	0.00133846	0.0037	0.220962	0.00126923	0.00176923	0.00240769	0.00105385	0.222038	0.120585	0.0053	0.0703615	0.0310231	0.152123	0.0165538	0.0256769	0.0329154	0.0273692	0.00986923	0.163369	0.0266615	0.0510077	0.0262538	0.0230538	0.126954	
0	0	0	0	0.126208	0.0231846	0.0186846	0.0319	0.0397231	0.0141385	0.115446	0.0306692	0.00121538	0.00347692	0.194008	0.00127692	0.00146154	0.00203846	0.000946154	0.195531	0.105208	0.00469231	0.0630692	0.0270077	0.134454	0.0141	0.0226692	0.0287538	0.0242154	0.00883077	0.143654	0.0232769	0.0449769	0.0227692	0.0192462	0.112985	
0	0	0	0	0.0452385	0.0454231	0.0366846	0.0613846	0.0366615	0.0138	0.107177	0.0310923	0.00122308	0.00318462	0.183246	0.00107692	0.00156923	0.00202308	0.000946154	0.184192	0.0962615	0.00428462	0.0629538	0.0252308	0.135246	0.0114538	0.0186	0.0234308	0.0186308	0.00643846	0.145985	0.0176769	0.0381923	0.0194385	0.0168846	0.114215	
0.212531	0.144723	0.126208	0.0452385	0	0	0	0	0.105985	0.0334	0.315338	0.0739769	0.00320769	0.00901538	0.513331	0.00314615	0.00403077	0.00557692	0.00253846	0.516554	0.284346	0.0122077	0.157615	0.0745308	0.332531	0.0429615	0.0667846	0.0864231	0.0764	0.0270077	0.353408	0.0718846	0.129838	0.0660308	0.0563154	0.276515	
0.0539462	0.0262692	0.0231846	0.0454231	0	0	0	0	0.0346231	0.0111231	0.0785846	0.0244923	0.000876923	0.00235385	0.144777	0.000815385	0.00109231	0.00166154	0.000715385	0.145354	0.0750308	0.00356154	0.0516385	0.0185923	0.111123	0.00786923	0.0133615	0.0164692	0.0127077	0.00433077	0.120331	0.0114538	0.0277462	0.0146308	0.0121769	0.0942692	
0.0443538	0.0210154	0.0186846	0.0366846	0	0	0	0	0.0287308	0.00892308	0.0631308	0.0199538	0.000653846	0.00184615	0.1176	0.000638462	0.000976923	0.00118462	0.000561538	0.118015	0.0606923	0.00294615	0.0418	0.0153	0.0904538	0.00639231	0.0106923	0.0132	0.0096	0.00332308	0.0989154	0.0089	0.0221154	0.0117462	0.0103308	0.0765462	
0.0731923	0.0352615	0.0319	0.0613846	0	0	0	0	0.0266308	0.0172923	0.120338	0.0374769	0.00127692	0.00328462	0.195992	0.00118462	0.00146923	0.00222308	0.00114615	0.1969	0.1021	0.00451538	0.0677462	0.0273769	0.149085	0.0110769	0.0182	0.0233769	0.0167769	0.00608462	0.162131	0.0167462	0.0391769	0.0193615	0.0174692	0.125731	
0.0757385	0.0438462	0.0397231	0.0366615	0.105985	0.0346231	0.0287308	0.0266308	0	0	0	0	0.00108462	0.00298462	0.190831	0.00106923	0.00134615	0.00194615	0.000953846	0.191723	0.0983692	0.00503846	0.0753923	0.0171692	0.1558	0.00893077	0.0133769	0.0178615	0.0130077	0.0045	0.166985	0.0114769	0.0330923	0.0169846	0.0144923	0.1314	
0.0270692	0.0157308	0.0141385	0.0138	0.0334	0.0111231	0.00892308	0.0172923	0	0	0	0	0.000369231	0.0011	0.0688692	0.0004	0.000530769	0.000761538	0.000307692	0.0691385	0.0360462	0.00166923	0.0271231	0.0059	0.0572692	0.00268462	0.0048	0.00598462	0.00436154	0.00155385	0.0608308	0.00399231	0.0120923	0.00586154	0.00493846	0.0478462	
0.221685	0.133085	0.115446	0.107177	0.315338	0.0785846	0.0631308	0.120338	0	0	0	0	0.00369231	0.0100154	0.560177	0.00350769	0.00446154	0.00616154	0.00296154	0.563808	0.311515	0.0124154	0.154638	0.0988231	0.344092	0.0503077	0.0802615	0.102731	0.0889154	0.0315154	0.371946	0.0850154	0.147454	0.0758	0.0654692	0.288669	
0.0595308	0.0346077	0.0306692	0.0310923	0.0739769	0.0244923	0.0199538	0.0374769	0	0	0	0	0.000869231	0.0024	0.151823	0.000807692	0.00123077	0.00177692	0.000738462	0.152154	0.0762385	0.00410769	0.0616462	0.0139077	0.126031	0.00637692	0.0106	0.0128923	0.0092	0.00317692	0.135023	0.0085	0.0262385	0.0131231	0.0113923	0.105146	
0.00223846	0.00133846	0.00121538	0.00122308	0.00320769	0.000876923	0.000653846	0.00127692	0.00108462	0.000369231	0.00369231	0.000869231	0	0	0	0	3.07692e-05	9.23077e-05	1.53846e-05	0.00587692	0.00339231	0.000146154	0.0018	0.000676923	0.00417692	0.000346154	0.000607692	0.000884615	0.000907692	0.000353846	0.00377692	0.000976923	0.00131538	0.000730769	0.0007	0.00326923	
0.00613846	0.0037	0.00347692	0.00318462	0.00901538	0.00235385	0.00184615	0.00328462	0.00298462	0.0011	0.0100154	0.0024	0	0	0	0	9.23077e-05	0.000230769	6.15385e-05	0.0161154	0.00906154	0.000369231	0.00489231	0.00217692	0.0110462	0.00105385	0.00196154	0.00243846	0.00260769	0.000923077	0.0102923	0.00267692	0.00386154	0.00186923	0.00176154	0.00900769	
0.373485	0.220962	0.194008	0.183246	0.513331	0.144777	0.1176	0.195992	0.190831	0.0688692	0.560177	0.151823	0	0	0	0	0.00738462	0.0102923	0.00486154	0.949162	0.506585	0.0225846	0.310369	0.132162	0.664108	0.0665	0.105815	0.135277	0.111092	0.0392231	0.716962	0.104423	0.2123	0.108492	0.0931692	0.557738	
0.00216154	0.00126923	0.00127692	0.00107692	0.00314615	0.000815385	0.000638462	0.00118462	0.00106923	0.0004	0.00350769	0.000807692	0	0	0	0	6.15385e-05	3.07692e-05	2.30769e-05	0.00566923	0.00313077	0.000130769	0.00173846	0.000784615	0.00386154	0.0004	0.000653846	0.000869231	0.000876923	0.000246154	0.00375385	0.000907692	0.0014	0.000676923	0.000661538	0.00304615	
0.00276923	0.00176923	0.00146154	0.00156923	0.00403077	0.00109231	0.000976923	0.00146923	0.00134615	0.000530769	0.00446154	0.00123077	3.07692e-05	9.23077e-05	0.00738462	6.15385e-05	0	0	0	0	0.00390769	0.000284615	0.00232308	0.00105385	0.0052	0.000561538	0.000930769	0.000876923	0.000984615	0.000369231	0.0054	0.000815385	0.00173077	0.000884615	0.000746154	0.00420769	
0.00417692	0.00240769	0.00203846	0.00202308	0.00557692	0.00166154	0.00118462	0.00222308	0.00194615	0.000761538	0.00616154	0.00177692	9.23077e-05	0.000230769	0.0102923	3.07692e-05	0	0	0	0	0.00539231	0.000261538	0.00355385	0.00143846	0.00742308	0.000630769	0.00116154	0.00143077	0.00117692	0.0004	0.00806154	0.00100769	0.00248462	0.00126154	0.001	0.0059	
0.00201538	0.00105385	0.000946154	0.000946154	0.00253846	0.000715385	0.000561538	0.00114615	0.000953846	0.000307692	0.00296154	0.000738462	1.53846e-05	6.15385e-05	0.00486154	2.30769e-05	0	0	0	0	0.00258462	0.000115385	0.00166923	0.000592308	0.00343846	0.000315385	0.000446154	0.000761538	0.0005	0.0002	0.00366154	0.0006	0.00100769	0.0006	0.000515385	0.00283846	
0.375062	0.222038	0.195531	0.184192	0.516554	0.145354	0.118015	0.1969	0.191723	0.0691385	0.563808	0.152154	0.00587692	0.0161154	0.949162	0.00566923	0	0	0	0	0.510285	0.0225692	0.311254	0.132715	0.667131	0.0667923	0.1065	0.1364	0.112823	0.0397769	0.717662	0.106562	0.213654	0.109023	0.0940308	0.560115	
0.200115	0.120585	0.105208	0.0962615	0.284346	0.0750308	0.0606923	0.1021	0.0983692	0.0360462	0.311515	0.0762385	0.00339231	0.00906154	0.506585	0.00313077	0.00390769	0.00539231	0.00258462	0.510285	0	0	0	0	0.339831	0.0396462	0.0625385	0.0801538	0.0822231	0.0289692	0.333415	0.0775615	0.1331	0.0689615	0.0577077	0.2624	
0.00895385	0.0053	0.00469231	0.00428462	0.0122077	0.00356154	0.00294615	0.00451538	0.00503846	0.00166923	0.0124154	0.00410769	0.000146154	0.000369231	0.0225846	0.000130769	0.000284615	0.000261538	0.000115385	0.0225692	0	0	0	0	0.0142923	0.0018	0.00306154	0.00407692	0.0016	0.000623077	0.0194154	0.00159231	0.00455385	0.002	0.00203077	0.0146462	
0.122415	0.0703615	0.0630692	0.0629538	0.157615	0.0516385	0.0418	0.0677462	0.0753923	0.0271231	0.154638	0.0616462	0.0018	0.00489231	0.310369	0.00173846	0.00232308	0.00355385	0.00166923	0.311254	0	0	0	0	0.273169	0.00980769	0.0158385	0.0199846	0.0199923	0.00680769	0.2734	0.0186	0.0550692	0.0274846	0.0242	0.212046	
0.0525385	0.0310231	0.0270077	0.0252308	0.0745308	0.0185923	0.0153	0.0273769	0.0171692	0.0059	0.0988231	0.0139077	0.000676923	0.00217692	0.132162	0.000784615	0.00105385	0.00143846	0.000592308	0.132715	0	0	0	0	0.0559	0.0170462	0.0276	0.0352538	0.0116692	0.00434615	0.108554	0.0112308	0.0261538	0.0133231	0.0123538	0.0839692	
0.261369	0.152123	0.134454	0.135246	0.332531	0.111123	0.0904538	0.149085	0.1558	0.0572692	0.344092	0.126031	0.00417692	0.0110462	0.664108	0.00386154	0.0052	0.00742308	0.00343846	0.667131	0.339831	0.0142923	0.273169	0.0559	0	0	0	0	0.0669077	0.0234231	0.529638	0.0632231	0.142231	0.0727231	0.0623154	0.405923	
0.0261923	0.0165538	0.0141	0.0114538	0.0429615	0.00786923	0.00639231	0.0110769	0.00893077	0.00268462	0.0503077	0.00637692	0.000346154	0.00105385	0.0665	0.0004	0.000561538	0.000630769	0.000315385	0.0667923	0.0396462	0.0018	0.00980769	0.0170462	0	0	0	0	0.0105769	0.00353846	0.0440692	0.0101154	0.0165692	0.00873077	0.00726154	0.0357385	
0.0420923	0.0256769	0.0226692	0.0186	0.0667846	0.0133615	0.0106923	0.0182	0.0133769	0.0048	0.0802615	0.0106	0.000607692	0.00196154	0.105815	0.000653846	0.000930769	0.00116154	0.000446154	0.1065	0.0625385	0.00306154	0.0158385	0.0276	0	0	0	0	0.0170769	0.00631538	0.0705	0.0151462	0.0262231	0.0133923	0.0117846	0.0576385	
0.0543692	0.0329154	0.0287538	0.0234308	0.0864231	0.0164692	0.0132	0.0233769	0.0178615	0.00598462	0.102731	0.0128923	0.000884615	0.00243846	0.135277	0.000869231	0.000876923	0.00143077	0.000761538	0.1364	0.0801538	0.00407692	0.0199846	0.0352538	0	0	0	0	0.0209231	0.00746923	0.0905769	0.0205	0.0338538	0.0169231	0.0149308	0.0737615	
0.0452692	0.0273692	0.0242154	0.0186308	0.0764	0.0127077	0.0096	0.0167769	0.0130077	0.00436154	0.0889154	0.0092	0.000907692	0.00260769	0.111092	0.000876923	0.000984615	0.00117692	0.0005	0.112823	0.0822231	0.0016	0.0199923	0.0116692	0.0669077	0.0105769	0.0170769	0.0209231	0	0	0	0	0.0351077	0.0179538	0.0160154	0.0464077	
0.0156077	0.00986923	0.00883077	0.00643846	0.0270077	0.00433077	0.00332308	0.00608462	0.0045	0.00155385	0.0315154	0.00317692	0.000353846	0.000923077	0.0392231	0.000246154	0.000369231	0.0004	0.0002	0.0397769	0.0289692	0.000623077	0.00680769	0.00434615	0.0234231	0.00353846	0.00631538	0.00746923	0	0	0	0	0.0120154	0.0069	0.00530769	0.0165231	
0.281777	0.163369	0.143654	0.145985	0.353408	0.120331	0.0989154	0.162131	0.166985	0.0608308	0.371946	0.135023	0.00377692	0.0102923	0.716962	0.00375385	0.0054	0.00806154	0.00366154	0.717662	0.333415	0.0194154	0.2734	0.108554	0.529638	0.0440692	0.0705	0.0905769	0	0	0	0	0.137885	0.07	0.0609769	0.465923	
0.0413692	0.0266615	0.0232769	0.0176769	0.0718846	0.0114538	0.0089	0.0167462	0.0114769	0.00399231	0.0850154	0.0085	0.000976923	0.00267692	0.104423	0.000907692	0.000815385	0.00100769	0.0006	0.106562	0.0775615	0.00159231	0.0186	0.0112308	0.0632231	0.0101154	0.0151462	0.0205	0	0	0	0	0.0338692	0.0169154	0.0139923	0.0442077	
0.0847	0.0510077	0.0449769	0.0381923	0.129838	0.0277462	0.0221154	0.0391769	0.0330923	0.0120923	0.147454	0.0262385	0.00131538	0.00386154	0.2123	0.0014	0.00173077	0.00248462	0.00100769	0.213654	0.1331	0.00455385	0.0550692	0.0261538	0.142231	0.0165692	0.0262231	0.0338538	0.0351077	0.0120154	0.137885	0.0338692	0	0	0	0	
0.0433077	0.0262538	0.0227692	0.0194385	0.0660308	0.0146308	0.0117462	0.0193615	0.0169846	0.00586154	0.0758	0.0131231	0.000730769	0.00186923	0.108492	0.000676923	0.000884615	0.00126154	0.0006	0.109023	0.0689615	0.002	0.0274846	0.0133231	0.0727231	0.00873077	0.0133923	0.0169231	0.0179538	0.0069	0.07	0.0169154	0	0	0	0	
0.0371077	0.0230538	0.0192462	0.0168846	0.0563154	0.0121769	0.0103308	0.0174692	0.0144923	0.00493846	0.0654692	0.0113923	0.0007	0.00176154	0.0931692	0.000661538	0.000746154	0.001	0.000515385	0.0940308	0.0577077	0.00203077	0.0242	0.0123538	0.0623154	0.00726154	0.0117846	0.0149308	0.0160154	0.00530769	0.0609769	0.0139923	0	0	0	0	
0.218908	0.126954	0.112985	0.114215	0.276515	0.0942692	0.0765462	0.125731	0.1314	0.0478462	0.288669	0.105146	0.00326923	0.00900769	0.557738	0.00304615	0.00420769	0.0059	0.00283846	0.560115	0.2624	0.0146462	0.212046	0.0839692	0.405923	0.0357385	0.0576385	0.0737615	0.0464077	0.0165231	0.465923	0.0442077	0	0	0	0	
