0	0	0	0	0.211862	0.0551769	0.0447923	0.0738769	0.0756692	0.0264385	0.222915	0.0606846	0.00216154	0.00643077	0.374623	0.00249231	0.00288462	0.00457692	0.00200769	0.376238	0.2018	0.00907692	0.122092	0.0527385	0.262315	0.0267769	0.0417923	0.0548231	0.0432231	0.0159231	0.284623	0.0419385	0.0853615	0.0431308	0.0371231	0.220092	
0	0	0	0	0.144562	0.0258	0.0217231	0.0351769	0.0445231	0.0152692	0.131738	0.0357308	0.00128462	0.00383077	0.220762	0.00138462	0.00163077	0.00224615	0.00113077	0.222254	0.119292	0.00538462	0.0715	0.0310846	0.152862	0.0159077	0.0252846	0.0332077	0.0274308	0.0102769	0.163915	0.0256385	0.0499462	0.0267923	0.0225769	0.127946	
0	0	0	0	0.125162	0.0223692	0.0192077	0.0314077	0.0384385	0.0140846	0.115154	0.0304692	0.00127692	0.00346923	0.192131	0.00126923	0.00159231	0.00210769	0.000992308	0.193454	0.103662	0.00509231	0.0617846	0.0276077	0.132285	0.0145231	0.0223462	0.0289923	0.0239385	0.00896923	0.142569	0.0226692	0.0445385	0.0224846	0.0197923	0.111331	
0	0	0	0	0.0459077	0.0453	0.0362231	0.0614538	0.0364462	0.0142615	0.106715	0.0314615	0.00113077	0.00280769	0.184054	0.000892308	0.00156154	0.00206154	0.000853846	0.184408	0.0974846	0.00468462	0.0615385	0.0251769	0.135646	0.0112923	0.0186923	0.0232538	0.0186	0.00666154	0.146292	0.0173308	0.0388308	0.0196308	0.0169769	0.113446	
0.211862	0.144562	0.125162	0.0459077	0	0	0	0	0.105654	0.0335615	0.313523	0.0747538	0.00320769	0.00913846	0.511885	0.00326154	0.00386154	0.00568462	0.00246923	0.515477	0.282108	0.0128077	0.156962	0.0756154	0.332692	0.0427385	0.0664308	0.0856308	0.0741846	0.0277154	0.354054	0.0715385	0.128454	0.0658615	0.0568154	0.276362	
0.0551769	0.0258	0.0223692	0.0453	0	0	0	0	0.0345077	0.0106923	0.0782923	0.0251538	0.000853846	0.00246154	0.144508	0.000823077	0.00123846	0.00150769	0.000823077	0.145077	0.0741385	0.00362308	0.0515077	0.0193769	0.110685	0.00784615	0.0134308	0.0166846	0.0117769	0.00431538	0.121254	0.0113	0.0279692	0.0136692	0.0128077	0.0942	
0.0447923	0.0217231	0.0192077	0.0362231	0	0	0	0	0.0293769	0.00888462	0.0630923	0.0205923	0.000576923	0.00198462	0.118623	0.000761538	0.000961538	0.00153846	0.0006	0.118846	0.0618692	0.00293846	0.0419385	0.0152	0.0915692	0.00625385	0.0103692	0.0137538	0.00964615	0.00361538	0.0996462	0.00903846	0.0229	0.0117615	0.0100462	0.0772385	
0.0738769	0.0351769	0.0314077	0.0614538	0	0	0	0	0.0255385	0.0169154	0.121615	0.0378462	0.00121538	0.00295385	0.196554	0.00119231	0.00160769	0.00226154	0.00109231	0.196954	0.104123	0.00486923	0.0665077	0.0264154	0.148162	0.0116615	0.0178846	0.0242077	0.0175846	0.00618462	0.162446	0.0157	0.0393538	0.0207462	0.0168	0.125015	
0.0756692	0.0445231	0.0384385	0.0364462	0.105654	0.0345077	0.0293769	0.0255385	0	0	0	0	0.00105385	0.00298462	0.189915	0.00112308	0.00134615	0.002	0.000930769	0.1908	0.0975692	0.00522308	0.0749462	0.0173385	0.155854	0.00846154	0.0136846	0.0170769	0.0122692	0.0043	0.167062	0.0114462	0.0332308	0.0168	0.0144385	0.130608	
0.0264385	0.0152692	0.0140846	0.0142615	0.0335615	0.0106923	0.00888462	0.0169154	0	0	0	0	0.000407692	0.000938462	0.0683615	0.000346154	0.0005	0.000738462	0.000330769	0.0684846	0.0343231	0.00180769	0.0277462	0.00617692	0.0562308	0.00303077	0.00442308	0.00636923	0.00424615	0.0016	0.0604385	0.00376923	0.0119385	0.00601538	0.00516923	0.0469308	
0.222915	0.131738	0.115154	0.106715	0.313523	0.0782923	0.0630923	0.121615	0	0	0	0	0.00350769	0.00986923	0.559454	0.00369231	0.00464615	0.00649231	0.00281538	0.562569	0.311108	0.0131231	0.152792	0.0995	0.344123	0.0504538	0.0794	0.102546	0.0875077	0.0325692	0.372977	0.0834692	0.147608	0.0754923	0.0652462	0.288177	
0.0606846	0.0357308	0.0304692	0.0314615	0.0747538	0.0251538	0.0205923	0.0378462	0	0	0	0	0.000884615	0.00274615	0.153838	0.000876923	0.00117692	0.00176154	0.000907692	0.1545	0.0792385	0.00408462	0.0614308	0.0135923	0.1269	0.00655385	0.0106077	0.0142846	0.00916923	0.00336154	0.136923	0.00889231	0.0259	0.0137308	0.0116154	0.1071	
0.00216154	0.00128462	0.00127692	0.00113077	0.00320769	0.000853846	0.000576923	0.00121538	0.00105385	0.000407692	0.00350769	0.000884615	0	0	0	0	6.92308e-05	3.84615e-05	3.07692e-05	0.00571538	0.00333077	0.000176923	0.00168462	0.000661538	0.00393846	0.000446154	0.000646154	0.000823077	0.00103846	0.000284615	0.00349231	0.00103846	0.00142308	0.000715385	0.000615385	0.0031	
0.00643077	0.00383077	0.00346923	0.00280769	0.00913846	0.00246154	0.00198462	0.00295385	0.00298462	0.000938462	0.00986923	0.00274615	0	0	0	0	8.46154e-05	0.000215385	8.46154e-05	0.0161538	0.00931538	0.000384615	0.00471538	0.00212308	0.0113	0.00113846	0.00177692	0.00232308	0.00264615	0.000930769	0.0105846	0.00237692	0.00399231	0.0017	0.00182308	0.00902308	
0.374623	0.220762	0.192131	0.184054	0.511885	0.144508	0.118623	0.196554	0.189915	0.0683615	0.559454	0.153838	0	0	0	0	0.00744615	0.0106692	0.00484615	0.948608	0.506285	0.0235231	0.308754	0.133008	0.663908	0.0664	0.105023	0.136238	0.108592	0.0401769	0.719415	0.103385	0.212062	0.108931	0.0933154	0.557262	
0.00249231	0.00138462	0.00126923	0.000892308	0.00326154	0.000823077	0.000761538	0.00119231	0.00112308	0.000346154	0.00369231	0.000876923	0	0	0	0	6.92308e-05	6.92308e-05	2.30769e-05	0.00587692	0.00330769	0.000153846	0.00176154	0.000815385	0.00396154	0.000515385	0.000669231	0.000892308	0.000915385	0.000438462	0.00390769	0.000776923	0.0012	0.000692308	0.000715385	0.00343077	
0.00288462	0.00163077	0.00159231	0.00156154	0.00386154	0.00123846	0.000961538	0.00160769	0.00134615	0.0005	0.00464615	0.00117692	6.92308e-05	8.46154e-05	0.00744615	6.92308e-05	0	0	0	0	0.00375385	0.000192308	0.00266923	0.00105385	0.00518462	0.000446154	0.000961538	0.00107692	0.000838462	0.000330769	0.00564615	0.000853846	0.00166923	0.00103077	0.000715385	0.00425385	
0.00457692	0.00224615	0.00210769	0.00206154	0.00568462	0.00150769	0.00153846	0.00226154	0.002	0.000738462	0.00649231	0.00176154	3.84615e-05	0.000215385	0.0106692	6.92308e-05	0	0	0	0	0.00539231	0.000261538	0.00376923	0.00156923	0.00757692	0.000746154	0.00139231	0.00127692	0.00125385	0.000423077	0.00814615	0.00116923	0.00246154	0.00108462	0.000976923	0.00646923	
0.00200769	0.00113077	0.000992308	0.000853846	0.00246923	0.000823077	0.0006	0.00109231	0.000930769	0.000330769	0.00281538	0.000907692	3.07692e-05	8.46154e-05	0.00484615	2.30769e-05	0	0	0	0	0.00266154	0.000115385	0.00156923	0.000638462	0.0035	0.000338462	0.000546154	0.0006	0.000584615	0.000138462	0.00380769	0.000453846	0.00101538	0.000546154	0.000476923	0.00294615	
0.376238	0.222254	0.193454	0.184408	0.515477	0.145077	0.118846	0.196954	0.1908	0.0684846	0.562569	0.1545	0.00571538	0.0161538	0.948608	0.00587692	0	0	0	0	0.510431	0.0236692	0.308908	0.133346	0.666846	0.0669692	0.105215	0.137323	0.110515	0.0409385	0.7198	0.1051	0.213531	0.109377	0.0943	0.559146	
0.2018	0.119292	0.103662	0.0974846	0.282108	0.0741385	0.0618692	0.104123	0.0975692	0.0343231	0.311108	0.0792385	0.00333077	0.00931538	0.506285	0.00330769	0.00375385	0.00539231	0.00266154	0.510431	0	0	0	0	0.339515	0.0397692	0.0617308	0.0812231	0.0805231	0.0299077	0.335208	0.0766	0.133454	0.0678462	0.0586769	0.262262	
0.00907692	0.00538462	0.00509231	0.00468462	0.0128077	0.00362308	0.00293846	0.00486923	0.00522308	0.00180769	0.0131231	0.00408462	0.000176923	0.000384615	0.0235231	0.000153846	0.000192308	0.000261538	0.000115385	0.0236692	0	0	0	0	0.0144615	0.00212308	0.00323846	0.00441538	0.00178462	0.000653846	0.0202923	0.00150769	0.00424615	0.00219231	0.00197692	0.0158231	
0.122092	0.0715	0.0617846	0.0615385	0.156962	0.0515077	0.0419385	0.0665077	0.0749462	0.0277462	0.152792	0.0614308	0.00168462	0.00471538	0.308754	0.00176154	0.00266923	0.00376923	0.00156923	0.308908	0	0	0	0	0.273177	0.00953846	0.0149154	0.0192846	0.0191385	0.00688462	0.272477	0.0184154	0.0539846	0.0283462	0.0244692	0.210115	
0.0527385	0.0310846	0.0276077	0.0251769	0.0756154	0.0193769	0.0152	0.0264154	0.0173385	0.00617692	0.0995	0.0135923	0.000661538	0.00212308	0.133008	0.000815385	0.00105385	0.00156923	0.000638462	0.133346	0	0	0	0	0.0559538	0.0170692	0.0282308	0.0353538	0.0117462	0.00438462	0.109423	0.0110538	0.0269923	0.0136538	0.0113462	0.0846154	
0.262315	0.152862	0.132285	0.135646	0.332692	0.110685	0.0915692	0.148162	0.155854	0.0562308	0.344123	0.1269	0.00393846	0.0113	0.663908	0.00396154	0.00518462	0.00757692	0.0035	0.666846	0.339515	0.0144615	0.273177	0.0559538	0	0	0	0	0.0654308	0.0239692	0.531831	0.0618769	0.141154	0.0724	0.0635	0.406054	
0.0267769	0.0159077	0.0145231	0.0112923	0.0427385	0.00784615	0.00625385	0.0116615	0.00846154	0.00303077	0.0504538	0.00655385	0.000446154	0.00113846	0.0664	0.000515385	0.000446154	0.000746154	0.000338462	0.0669692	0.0397692	0.00212308	0.00953846	0.0170692	0	0	0	0	0.0106077	0.00372308	0.0443	0.00986923	0.0169769	0.0085	0.00708462	0.0359385	
0.0417923	0.0252846	0.0223462	0.0186923	0.0664308	0.0134308	0.0103692	0.0178846	0.0136846	0.00442308	0.0794	0.0106077	0.000646154	0.00177692	0.105023	0.000669231	0.000961538	0.00139231	0.000546154	0.105215	0.0617308	0.00323846	0.0149154	0.0282308	0	0	0	0	0.0162538	0.00601538	0.0701769	0.0156692	0.0269385	0.0134308	0.0114	0.0563462	
0.0548231	0.0332077	0.0289923	0.0232538	0.0856308	0.0166846	0.0137538	0.0242077	0.0170769	0.00636923	0.102546	0.0142846	0.000823077	0.00232308	0.136238	0.000892308	0.00107692	0.00127692	0.0006	0.137323	0.0812231	0.00441538	0.0192846	0.0353538	0	0	0	0	0.0209	0.00812308	0.0910923	0.0201615	0.0336077	0.0177077	0.0144846	0.0744769	
0.0432231	0.0274308	0.0239385	0.0186	0.0741846	0.0117769	0.00964615	0.0175846	0.0122692	0.00424615	0.0875077	0.00916923	0.00103846	0.00264615	0.108592	0.000915385	0.000838462	0.00125385	0.000584615	0.110515	0.0805231	0.00178462	0.0191385	0.0117462	0.0654308	0.0106077	0.0162538	0.0209	0	0	0	0	0.0348077	0.0174231	0.0155231	0.0454385	
0.0159231	0.0102769	0.00896923	0.00666154	0.0277154	0.00431538	0.00361538	0.00618462	0.0043	0.0016	0.0325692	0.00336154	0.000284615	0.000930769	0.0401769	0.000438462	0.000330769	0.000423077	0.000138462	0.0409385	0.0299077	0.000653846	0.00688462	0.00438462	0.0239692	0.00372308	0.00601538	0.00812308	0	0	0	0	0.0123923	0.00667692	0.0056	0.0171615	
0.284623	0.163915	0.142569	0.146292	0.354054	0.121254	0.0996462	0.162446	0.167062	0.0604385	0.372977	0.136923	0.00349231	0.0105846	0.719415	0.00390769	0.00564615	0.00814615	0.00380769	0.7198	0.335208	0.0202923	0.272477	0.109423	0.531831	0.0443	0.0701769	0.0910923	0	0	0	0	0.1385	0.0715154	0.0607692	0.466615	
0.0419385	0.0256385	0.0226692	0.0173308	0.0715385	0.0113	0.00903846	0.0157	0.0114462	0.00376923	0.0834692	0.00889231	0.00103846	0.00237692	0.103385	0.000776923	0.000853846	0.00116923	0.000453846	0.1051	0.0766	0.00150769	0.0184154	0.0110538	0.0618769	0.00986923	0.0156692	0.0201615	0	0	0	0	0.0329769	0.0164231	0.0145769	0.0436	
0.0853615	0.0499462	0.0445385	0.0388308	0.128454	0.0279692	0.0229	0.0393538	0.0332308	0.0119385	0.147608	0.0259	0.00142308	0.00399231	0.212062	0.0012	0.00166923	0.00246154	0.00101538	0.213531	0.133454	0.00424615	0.0539846	0.0269923	0.141154	0.0169769	0.0269385	0.0336077	0.0348077	0.0123923	0.1385	0.0329769	0	0	0	0	
0.0431308	0.0267923	0.0224846	0.0196308	0.0658615	0.0136692	0.0117615	0.0207462	0.0168	0.00601538	0.0754923	0.0137308	0.000715385	0.0017	0.108931	0.000692308	0.00103077	0.00108462	0.000546154	0.109377	0.0678462	0.00219231	0.0283462	0.0136538	0.0724	0.0085	0.0134308	0.0177077	0.0174231	0.00667692	0.0715154	0.0164231	0	0	0	0	
0.0371231	0.0225769	0.0197923	0.0169769	0.0568154	0.0128077	0.0100462	0.0168	0.0144385	0.00516923	0.0652462	0.0116154	0.000615385	0.00182308	0.0933154	0.000715385	0.000715385	0.000976923	0.000476923	0.0943	0.0586769	0.00197692	0.0244692	0.0113462	0.0635	0.00708462	0.0114	0.0144846	0.0155231	0.0056	0.0607692	0.0145769	0	0	0	0	
0.220092	0.127946	0.111331	0.113446	0.276362	0.0942	0.0772385	0.125015	0.130608	0.0469308	0.288177	0.1071	0.0031	0.00902308	0.557262	0.00343077	0.00425385	0.00646923	0.00294615	0.559146	0.262262	0.0158231	0.210115	0.0846154	0.406054	0.0359385	0.0563462	0.0744769	0.0454385	0.0171615	0.466615	0.0436	0	0	0	0	
