0	0	0	0	0.211162	0.0549692	0.0442615	0.0747231	0.0745077	0.0268615	0.223246	0.0605	0.00205385	0.00642308	0.3745	0.00213846	0.00273077	0.00428462	0.00206154	0.376038	0.200662	0.00912308	0.124146	0.0511846	0.262792	0.0266923	0.0418231	0.0538077	0.0436692	0.0162154	0.282946	0.0422846	0.0855308	0.0427462	0.0367923	0.220046	
0	0	0	0	0.147915	0.0248923	0.0211154	0.0343154	0.0457769	0.0156538	0.1325	0.0343077	0.00129231	0.00396923	0.221638	0.00133846	0.00161538	0.00230769	0.00114615	0.223169	0.118523	0.00556923	0.0731846	0.0309615	0.151892	0.0173	0.0259154	0.0331308	0.0278308	0.00994615	0.163792	0.0266692	0.0515769	0.0269769	0.0223462	0.127338	
0	0	0	0	0.127808	0.0224538	0.0175615	0.0305154	0.0390769	0.0139	0.115362	0.03	0.00115385	0.00329231	0.192715	0.00117692	0.00153077	0.00213846	0.000930769	0.193738	0.103292	0.00503077	0.0631615	0.0268538	0.133392	0.0144385	0.0226308	0.0278769	0.0240231	0.0089	0.142938	0.0224769	0.0448462	0.0227231	0.0189769	0.111792	
0	0	0	0	0.0441692	0.0454462	0.0381615	0.0605308	0.0350846	0.0146	0.107015	0.0316077	0.000930769	0.00270769	0.183608	0.00106154	0.00149231	0.00184615	0.000853846	0.184115	0.0992615	0.00436923	0.0610077	0.0236692	0.135254	0.0118231	0.0179154	0.0233154	0.0176308	0.0065	0.147123	0.0170538	0.0380692	0.0192615	0.0159462	0.115031	
0.211162	0.147915	0.127808	0.0441692	0	0	0	0	0.108185	0.0330385	0.316438	0.0733923	0.00298462	0.00898462	0.515777	0.00330769	0.00398462	0.00554615	0.00284615	0.518677	0.272877	0.0134615	0.168062	0.0766538	0.334008	0.0435692	0.0672538	0.0862231	0.0753077	0.0277308	0.355838	0.0721769	0.131892	0.0671462	0.0570077	0.275008	
0.0549692	0.0248923	0.0224538	0.0454462	0	0	0	0	0.0362	0.0114462	0.0757154	0.0244	0.000776923	0.00230769	0.143962	0.000715385	0.00103846	0.00170769	0.000630769	0.144385	0.0784538	0.00317692	0.0490154	0.0171154	0.1122	0.00798462	0.0120846	0.0154923	0.0113846	0.00428462	0.120985	0.0111077	0.0275077	0.0135	0.0116923	0.0950615	
0.0442615	0.0211154	0.0175615	0.0381615	0	0	0	0	0.0292154	0.00928462	0.0626077	0.0199923	0.000546154	0.00192308	0.118038	0.000592308	0.000938462	0.00143077	0.000584615	0.118146	0.0641231	0.00286923	0.0402308	0.0138769	0.0902231	0.00683846	0.0106769	0.0133615	0.00943077	0.0033	0.0993308	0.00903846	0.0228846	0.0115769	0.00920769	0.0774308	
0.0747231	0.0343154	0.0305154	0.0605308	0	0	0	0	0.0208462	0.0172462	0.123362	0.0386308	0.00112308	0.00317692	0.194685	0.0011	0.00140769	0.00189231	0.000930769	0.195854	0.106285	0.00458462	0.0641923	0.0250231	0.1469	0.0118615	0.0182692	0.0230538	0.0170308	0.00624615	0.160646	0.0161615	0.0377385	0.0194846	0.0161538	0.126708	
0.0745077	0.0457769	0.0390769	0.0350846	0.108185	0.0362	0.0292154	0.0208462	0	0	0	0	0.000915385	0.00272308	0.189823	0.000984615	0.00143077	0.00218462	0.000892308	0.189938	0.0971308	0.00503846	0.0763692	0.0159077	0.155015	0.0085	0.0135615	0.0173692	0.0121308	0.00431538	0.166331	0.0116692	0.0333923	0.0171615	0.0138692	0.130023	
0.0268615	0.0156538	0.0139	0.0146	0.0330385	0.0114462	0.00928462	0.0172462	0	0	0	0	0.000269231	0.00120769	0.0692154	0.000323077	0.000469231	0.000761538	0.000330769	0.0694538	0.0358308	0.00163846	0.0276615	0.00588462	0.0565923	0.00303846	0.00512308	0.00626154	0.00406923	0.00173846	0.0612462	0.00396154	0.0118846	0.00576923	0.00530769	0.0480538	
0.223246	0.1325	0.115362	0.107015	0.316438	0.0757154	0.0626077	0.123362	0	0	0	0	0.00346923	0.0101769	0.560892	0.00358462	0.00433077	0.0059	0.00293846	0.564954	0.309769	0.0132	0.156231	0.0989231	0.346323	0.0515615	0.0796077	0.100631	0.0879	0.0321308	0.373992	0.0841	0.148931	0.0755308	0.0638	0.289862	
0.0605	0.0343077	0.03	0.0316077	0.0733923	0.0244	0.0199923	0.0386308	0	0	0	0	0.000776923	0.00228462	0.152531	0.000823077	0.00113846	0.00173077	0.000830769	0.152715	0.0790077	0.00421538	0.0612385	0.0119538	0.1254	0.00715385	0.00999231	0.0138692	0.00905385	0.00337692	0.135231	0.00875385	0.0258154	0.0132462	0.0110846	0.106269	
0.00205385	0.00129231	0.00115385	0.000930769	0.00298462	0.000776923	0.000546154	0.00112308	0.000915385	0.000269231	0.00346923	0.000776923	0	0	0	0	1.53846e-05	6.92308e-05	3.84615e-05	0.00530769	0.00318462	0.000130769	0.00145385	0.000661538	0.00347692	0.000384615	0.000692308	0.000876923	0.00121538	0.000492308	0.00273077	0.000992308	0.00137692	0.000761538	0.000638462	0.00265385	
0.00642308	0.00396923	0.00329231	0.00270769	0.00898462	0.00230769	0.00192308	0.00317692	0.00272308	0.00120769	0.0101769	0.00228462	0	0	0	0	0.000115385	0.000153846	5.38462e-05	0.0160692	0.00926923	0.0003	0.0048	0.00202308	0.0106385	0.00125385	0.00189231	0.00260769	0.00331538	0.000930769	0.00919231	0.00295385	0.00391538	0.00183077	0.00166923	0.00897692	
0.3745	0.221638	0.192715	0.183608	0.515777	0.143962	0.118038	0.194685	0.189823	0.0692154	0.560892	0.152531	0	0	0	0	0.0072	0.0102846	0.0049	0.950077	0.506131	0.0235308	0.313569	0.129231	0.665462	0.0682538	0.105038	0.133708	0.107508	0.0397923	0.721638	0.103523	0.213192	0.108408	0.0912	0.559662	
0.00213846	0.00133846	0.00117692	0.00106154	0.00330769	0.000715385	0.000592308	0.0011	0.000984615	0.000323077	0.00358462	0.000823077	0	0	0	0	3.84615e-05	6.92308e-05	0	0.00560769	0.00315385	0.000130769	0.00167692	0.000753846	0.00375385	0.000361538	0.000661538	0.000938462	0.00111538	0.000346154	0.00323846	0.00101538	0.00153846	0.000707692	0.000553846	0.00291538	
0.00273077	0.00161538	0.00153077	0.00149231	0.00398462	0.00103846	0.000938462	0.00140769	0.00143077	0.000469231	0.00433077	0.00113846	1.53846e-05	0.000115385	0.0072	3.84615e-05	0	0	0	0	0.00383846	0.000153846	0.00256923	0.000807692	0.00525385	0.000453846	0.000769231	0.000892308	0.000892308	0.000315385	0.00541538	0.000746154	0.00143846	0.0008	0.000715385	0.00441538	
0.00428462	0.00230769	0.00213846	0.00184615	0.00554615	0.00170769	0.00143077	0.00189231	0.00218462	0.000761538	0.0059	0.00173077	6.92308e-05	0.000153846	0.0102846	6.92308e-05	0	0	0	0	0.00563077	0.000230769	0.00331538	0.0014	0.00719231	0.000784615	0.00106154	0.00153846	0.00123077	0.000523077	0.00760769	0.00121538	0.00213077	0.00122308	0.00109231	0.00613077	
0.00206154	0.00114615	0.000930769	0.000853846	0.00284615	0.000630769	0.000584615	0.000930769	0.000892308	0.000330769	0.00293846	0.000830769	3.84615e-05	5.38462e-05	0.0049	0	0	0	0	0	0.00259231	0.000207692	0.00153846	0.000653846	0.00340769	0.000407692	0.000538462	0.000638462	0.0006	0.000238462	0.00355385	0.0006	0.00111538	0.000553846	0.000469231	0.00285385	
0.376038	0.223169	0.193738	0.184115	0.518677	0.144385	0.118146	0.195854	0.189938	0.0694538	0.564954	0.152715	0.00530769	0.0160692	0.950077	0.00560769	0	0	0	0	0.509677	0.0235	0.314077	0.129808	0.667477	0.0686077	0.105915	0.135062	0.110431	0.0404846	0.720223	0.105923	0.215338	0.109131	0.0917846	0.560808	
0.200662	0.118523	0.103292	0.0992615	0.272877	0.0784538	0.0641231	0.106285	0.0971308	0.0358308	0.309769	0.0790077	0.00318462	0.00926923	0.506131	0.00315385	0.00383846	0.00563077	0.00259231	0.509677	0	0	0	0	0.338077	0.0412923	0.0622846	0.0800846	0.08	0.0297308	0.334438	0.0775692	0.134346	0.0683077	0.0574615	0.261623	
0.00912308	0.00556923	0.00503077	0.00436923	0.0134615	0.00317692	0.00286923	0.00458462	0.00503846	0.00163846	0.0132	0.00421538	0.000130769	0.0003	0.0235308	0.000130769	0.000153846	0.000230769	0.000207692	0.0235	0	0	0	0	0.0144154	0.00202308	0.00312308	0.00453077	0.00166923	0.000661538	0.0200923	0.00166923	0.00441538	0.00222308	0.00196154	0.0154923	
0.124146	0.0731846	0.0631615	0.0610077	0.168062	0.0490154	0.0402308	0.0641923	0.0763692	0.0276615	0.156231	0.0612385	0.00145385	0.0048	0.313569	0.00167692	0.00256923	0.00331538	0.00153846	0.314077	0	0	0	0	0.2771	0.00936923	0.0154308	0.0196	0.0197692	0.00676154	0.276962	0.0180077	0.0553769	0.0278846	0.0231231	0.215115	
0.0511846	0.0309615	0.0268538	0.0236692	0.0766538	0.0171154	0.0138769	0.0250231	0.0159077	0.00588462	0.0989231	0.0119538	0.000661538	0.00202308	0.129231	0.000753846	0.000807692	0.0014	0.000653846	0.129808	0	0	0	0	0.0537385	0.0175692	0.0274462	0.0339154	0.0117154	0.00440769	0.105308	0.0112385	0.0258846	0.0132923	0.0115154	0.0819769	
0.262792	0.151892	0.133392	0.135254	0.334008	0.1122	0.0902231	0.1469	0.155015	0.0565923	0.346323	0.1254	0.00347692	0.0106385	0.665462	0.00375385	0.00525385	0.00719231	0.00340769	0.667477	0.338077	0.0144154	0.2771	0.0537385	0	0	0	0	0.0644538	0.0232846	0.534846	0.0607462	0.142469	0.0724	0.0609385	0.407523	
0.0266923	0.0173	0.0144385	0.0118231	0.0435692	0.00798462	0.00683846	0.0118615	0.0085	0.00303846	0.0515615	0.00715385	0.000384615	0.00125385	0.0682538	0.000361538	0.000453846	0.000784615	0.000407692	0.0686077	0.0412923	0.00202308	0.00936923	0.0175692	0	0	0	0	0.0109077	0.00424615	0.0444462	0.0106538	0.0178692	0.00901538	0.00710769	0.0362615	
0.0418231	0.0259154	0.0226308	0.0179154	0.0672538	0.0120846	0.0106769	0.0182692	0.0135615	0.00512308	0.0796077	0.00999231	0.000692308	0.00189231	0.105038	0.000661538	0.000769231	0.00106154	0.000538462	0.105915	0.0622846	0.00312308	0.0154308	0.0274462	0	0	0	0	0.0168154	0.00617692	0.0690692	0.0162231	0.0268462	0.0133231	0.0115077	0.0566077	
0.0538077	0.0331308	0.0278769	0.0233154	0.0862231	0.0154923	0.0133615	0.0230538	0.0173692	0.00626154	0.100631	0.0138692	0.000876923	0.00260769	0.133708	0.000938462	0.000892308	0.00153846	0.000638462	0.135062	0.0800846	0.00453077	0.0196	0.0339154	0	0	0	0	0.0209769	0.00785385	0.0884385	0.0208615	0.0328385	0.0169692	0.0145077	0.0738154	
0.0436692	0.0278308	0.0240231	0.0176308	0.0753077	0.0113846	0.00943077	0.0170308	0.0121308	0.00406923	0.0879	0.00905385	0.00121538	0.00331538	0.107508	0.00111538	0.000892308	0.00123077	0.0006	0.110431	0.08	0.00166923	0.0197692	0.0117154	0.0644538	0.0109077	0.0168154	0.0209769	0	0	0	0	0.0346462	0.0173923	0.0149769	0.0461385	
0.0162154	0.00994615	0.0089	0.0065	0.0277308	0.00428462	0.0033	0.00624615	0.00431538	0.00173846	0.0321308	0.00337692	0.000492308	0.000930769	0.0397923	0.000346154	0.000315385	0.000523077	0.000238462	0.0404846	0.0297308	0.000661538	0.00676154	0.00440769	0.0232846	0.00424615	0.00617692	0.00785385	0	0	0	0	0.0127385	0.00626154	0.00534615	0.0172154	
0.282946	0.163792	0.142938	0.147123	0.355838	0.120985	0.0993308	0.160646	0.166331	0.0612462	0.373992	0.135231	0.00273077	0.00919231	0.721638	0.00323846	0.00541538	0.00760769	0.00355385	0.720223	0.334438	0.0200923	0.276962	0.105308	0.534846	0.0444462	0.0690692	0.0884385	0	0	0	0	0.139631	0.0719077	0.0598846	0.465377	
0.0422846	0.0266692	0.0224769	0.0170538	0.0721769	0.0111077	0.00903846	0.0161615	0.0116692	0.00396154	0.0841	0.00875385	0.000992308	0.00295385	0.103523	0.00101538	0.000746154	0.00121538	0.0006	0.105923	0.0775692	0.00166923	0.0180077	0.0112385	0.0607462	0.0106538	0.0162231	0.0208615	0	0	0	0	0.0330077	0.0161462	0.0138538	0.0454769	
0.0855308	0.0515769	0.0448462	0.0380692	0.131892	0.0275077	0.0228846	0.0377385	0.0333923	0.0118846	0.148931	0.0258154	0.00137692	0.00391538	0.213192	0.00153846	0.00143846	0.00213077	0.00111538	0.215338	0.134346	0.00441538	0.0553769	0.0258846	0.142469	0.0178692	0.0268462	0.0328385	0.0346462	0.0127385	0.139631	0.0330077	0	0	0	0	
0.0427462	0.0269769	0.0227231	0.0192615	0.0671462	0.0135	0.0115769	0.0194846	0.0171615	0.00576923	0.0755308	0.0132462	0.000761538	0.00183077	0.108408	0.000707692	0.0008	0.00122308	0.000553846	0.109131	0.0683077	0.00222308	0.0278846	0.0132923	0.0724	0.00901538	0.0133231	0.0169692	0.0173923	0.00626154	0.0719077	0.0161462	0	0	0	0	
0.0367923	0.0223462	0.0189769	0.0159462	0.0570077	0.0116923	0.00920769	0.0161538	0.0138692	0.00530769	0.0638	0.0110846	0.000638462	0.00166923	0.0912	0.000553846	0.000715385	0.00109231	0.000469231	0.0917846	0.0574615	0.00196154	0.0231231	0.0115154	0.0609385	0.00710769	0.0115077	0.0145077	0.0149769	0.00534615	0.0598846	0.0138538	0	0	0	0	
0.220046	0.127338	0.111792	0.115031	0.275008	0.0950615	0.0774308	0.126708	0.130023	0.0480538	0.289862	0.106269	0.00265385	0.00897692	0.559662	0.00291538	0.00441538	0.00613077	0.00285385	0.560808	0.261623	0.0154923	0.215115	0.0819769	0.407523	0.0362615	0.0566077	0.0738154	0.0461385	0.0172154	0.465377	0.0454769	0	0	0	0	
