0	0	0	0	0.219215	0.0515385	0.0424846	0.0692692	0.0742692	0.0259538	0.222162	0.0601231	0.00228462	0.00654615	0.3714	0.00227692	0.00301538	0.00397692	0.0019	0.373615	0.199992	0.00875385	0.122231	0.0515308	0.260562	0.0271	0.0421231	0.0527231	0.0444923	0.0156692	0.280077	0.0422692	0.0847615	0.0440385	0.0370231	0.216685	
0	0	0	0	0.142123	0.0275231	0.0224769	0.0363923	0.0440077	0.0157923	0.132646	0.0360692	0.00122308	0.00385385	0.222123	0.00131538	0.00173077	0.00243846	0.00116154	0.223185	0.119354	0.00513077	0.0727846	0.0312462	0.155485	0.0163385	0.0250692	0.0316231	0.0271462	0.0100308	0.166169	0.0251692	0.0506846	0.0266923	0.0223385	0.1288	
0	0	0	0	0.122854	0.0242923	0.0207154	0.0328308	0.0388077	0.0139692	0.116638	0.0312769	0.00130769	0.00348462	0.194362	0.00153846	0.00153077	0.00243077	0.000923077	0.195808	0.105715	0.00436154	0.0631385	0.0274769	0.135677	0.0137692	0.0224538	0.0287923	0.0236308	0.00868462	0.145677	0.0227	0.0452231	0.0228615	0.0200692	0.112538	
0	0	0	0	0.0461231	0.0451538	0.0369692	0.0600385	0.0376385	0.0139077	0.105769	0.0309692	0.00123846	0.00335385	0.182608	0.00108462	0.00133846	0.00191538	0.000730769	0.1843	0.0966231	0.00433846	0.0624077	0.0249154	0.1348	0.0119769	0.0184615	0.0230462	0.0186846	0.00666923	0.145315	0.0176154	0.0400538	0.0209	0.0173692	0.109962	
0.219215	0.142123	0.122854	0.0461231	0	0	0	0	0.100408	0.0339154	0.318308	0.0776846	0.00333846	0.00917692	0.514377	0.00342308	0.00413077	0.00567692	0.00247692	0.518031	0.2877	0.0119077	0.157415	0.0732923	0.338508	0.0425462	0.0659538	0.0833077	0.0753231	0.0270769	0.358023	0.0698923	0.125662	0.0652923	0.0554	0.283962	
0.0515385	0.0275231	0.0242923	0.0451538	0	0	0	0	0.0330462	0.0110538	0.0796308	0.0247769	0.000938462	0.00259231	0.144038	0.000938462	0.00113846	0.00166923	0.000784615	0.144915	0.0737923	0.00322308	0.0520538	0.0194385	0.110046	0.00889231	0.0130846	0.0164846	0.0114462	0.00436923	0.120531	0.0121615	0.0297385	0.0156692	0.0132	0.0899	
0.0424846	0.0224769	0.0207154	0.0369692	0	0	0	0	0.0272462	0.00927692	0.0654231	0.0207	0.000692308	0.00193077	0.119385	0.000638462	0.00100769	0.00137692	0.000615385	0.119646	0.0612538	0.00283846	0.0424	0.0161538	0.0916077	0.00692308	0.0108154	0.0133	0.0104615	0.00385385	0.0988308	0.0095	0.0251308	0.0124846	0.0104846	0.0745462	
0.0692692	0.0363923	0.0328308	0.0600385	0	0	0	0	0.0340231	0.0153769	0.113854	0.0352769	0.00108462	0.00353846	0.192692	0.00121538	0.00133846	0.00203846	0.000838462	0.194315	0.0989385	0.00461538	0.0686923	0.0262846	0.146362	0.0108231	0.0182538	0.0230923	0.0167231	0.00575385	0.159854	0.0162	0.0401923	0.0210462	0.0177154	0.119577	
0.0742692	0.0440077	0.0388077	0.0376385	0.100408	0.0330462	0.0272462	0.0340231	0	0	0	0	0.00121538	0.00331538	0.189085	0.00110769	0.0016	0.00226154	0.000969231	0.189892	0.0968923	0.00463077	0.0754	0.0178	0.155469	0.00880769	0.0133923	0.0170538	0.0119385	0.00443077	0.166523	0.0118308	0.0340692	0.0172385	0.0148769	0.128538	
0.0259538	0.0157923	0.0139692	0.0139077	0.0339154	0.0110538	0.00927692	0.0153769	0	0	0	0	0.000384615	0.00123077	0.0675846	0.000423077	0.0005	0.000792308	0.000284615	0.0680462	0.0351308	0.00171538	0.0262308	0.00654615	0.0562154	0.00291538	0.00447692	0.00601538	0.00453846	0.00161538	0.0593077	0.00416154	0.0117462	0.00638462	0.00556154	0.0459308	
0.222162	0.132646	0.116638	0.105769	0.318308	0.0796308	0.0654231	0.113854	0	0	0	0	0.00360769	0.0100769	0.559808	0.00372308	0.00432308	0.00596154	0.00272308	0.564208	0.310854	0.0124077	0.157685	0.0962692	0.346608	0.0508	0.0796	0.100208	0.0876231	0.0313385	0.375977	0.0822769	0.147192	0.0767692	0.0644077	0.288846	
0.0601231	0.0360692	0.0312769	0.0309692	0.0776846	0.0247769	0.0207	0.0352769	0	0	0	0	0.000846154	0.00261538	0.154015	0.000961538	0.00119231	0.00174615	0.000738462	0.154762	0.0788077	0.00383077	0.0612462	0.0145538	0.128231	0.00666154	0.0106385	0.0129077	0.00985385	0.00366923	0.135431	0.00948462	0.0277154	0.0141	0.0119538	0.104669	
0.00228462	0.00122308	0.00130769	0.00123846	0.00333846	0.000938462	0.000692308	0.00108462	0.00121538	0.000384615	0.00360769	0.000846154	0	0	0	0	4.61538e-05	0.000115385	7.69231e-06	0.00588462	0.00322308	9.23077e-05	0.00196154	0.000776923	0.00406923	0.000415385	0.000769231	0.0008	0.000853846	0.000276923	0.00419231	0.000730769	0.00146154	0.000592308	0.000715385	0.00328462	
0.00654615	0.00385385	0.00348462	0.00335385	0.00917692	0.00259231	0.00193077	0.00353846	0.00331538	0.00123077	0.0100769	0.00261538	0	0	0	0	0.000138462	0.000238462	0.000138462	0.0167231	0.00873846	0.000438462	0.00570769	0.00235385	0.0114308	0.00116154	0.00218462	0.00246154	0.0022	0.000815385	0.0121231	0.0021	0.00387692	0.00209231	0.00193846	0.00933077	
0.3714	0.222123	0.194362	0.182608	0.514377	0.144038	0.119385	0.192692	0.189085	0.0675846	0.559808	0.154015	0	0	0	0	0.00739231	0.0103615	0.00455385	0.948185	0.506523	0.0219077	0.310938	0.131123	0.666577	0.0672692	0.104492	0.132154	0.110146	0.0397	0.716508	0.104138	0.213908	0.111138	0.0935154	0.551931	
0.00227692	0.00131538	0.00153846	0.00108462	0.00342308	0.000938462	0.000638462	0.00121538	0.00110769	0.000423077	0.00372308	0.000961538	0	0	0	0	3.84615e-05	4.61538e-05	1.53846e-05	0.00611538	0.0032	0.000146154	0.00195385	0.000915385	0.00444615	0.000338462	0.000661538	0.000769231	0.000753846	0.000261538	0.00441538	0.000784615	0.00147692	0.000669231	0.000630769	0.00343846	
0.00301538	0.00173077	0.00153077	0.00133846	0.00413077	0.00113846	0.00100769	0.00133846	0.0016	0.0005	0.00432308	0.00119231	4.61538e-05	0.000138462	0.00739231	3.84615e-05	0	0	0	0	0.00410769	0.000169231	0.00241538	0.000923077	0.0051	0.000530769	0.000869231	0.00111538	0.000846154	0.000323077	0.00563077	0.000815385	0.00168462	0.000892308	0.000792308	0.00424615	
0.00397692	0.00243846	0.00243077	0.00191538	0.00567692	0.00166923	0.00137692	0.00203846	0.00226154	0.000792308	0.00596154	0.00174615	0.000115385	0.000238462	0.0103615	4.61538e-05	0	0	0	0	0.00565385	0.000246154	0.00346923	0.00139231	0.00726923	0.000846154	0.00119231	0.00145385	0.00131538	0.0004	0.00798462	0.00106154	0.00236154	0.00117692	0.00107692	0.00614615	
0.0019	0.00116154	0.000923077	0.000730769	0.00247692	0.000784615	0.000615385	0.000838462	0.000969231	0.000284615	0.00272308	0.000738462	7.69231e-06	0.000138462	0.00455385	1.53846e-05	0	0	0	0	0.00241538	9.23077e-05	0.00155385	0.000653846	0.00313846	0.000392308	0.000546154	0.000638462	0.000569231	0.000146154	0.00333077	0.000669231	0.000938462	0.000561538	0.0005	0.00271538	
0.373615	0.223185	0.195808	0.1843	0.518031	0.144915	0.119646	0.194315	0.189892	0.0680462	0.564208	0.154762	0.00588462	0.0167231	0.948185	0.00611538	0	0	0	0	0.509508	0.0220769	0.313123	0.1322	0.671015	0.0674154	0.1055	0.132977	0.111223	0.0401846	0.720292	0.105208	0.215738	0.111862	0.0944308	0.554877	
0.199992	0.119354	0.105715	0.0966231	0.2877	0.0737923	0.0612538	0.0989385	0.0968923	0.0351308	0.310854	0.0788077	0.00322308	0.00873846	0.506523	0.0032	0.00410769	0.00565385	0.00241538	0.509508	0	0	0	0	0.338869	0.0407462	0.0628385	0.0792308	0.0808923	0.0293308	0.335062	0.0764	0.132746	0.0695308	0.0582615	0.261146	
0.00875385	0.00513077	0.00436154	0.00433846	0.0119077	0.00322308	0.00283846	0.00461538	0.00463077	0.00171538	0.0124077	0.00383077	9.23077e-05	0.000438462	0.0219077	0.000146154	0.000169231	0.000246154	9.23077e-05	0.0220769	0	0	0	0	0.0135154	0.00206154	0.00305385	0.00395385	0.00147692	0.000607692	0.0189231	0.00157692	0.00371538	0.00228462	0.00186154	0.0147231	
0.122231	0.0727846	0.0631385	0.0624077	0.157415	0.0520538	0.0424	0.0686923	0.0754	0.0262308	0.157685	0.0612462	0.00196154	0.00570769	0.310938	0.00195385	0.00241538	0.00346923	0.00155385	0.313123	0	0	0	0	0.2764	0.0098	0.0154077	0.0189538	0.0203	0.00738462	0.273654	0.0192231	0.0578846	0.0287231	0.0249308	0.209023	
0.0515308	0.0312462	0.0274769	0.0249154	0.0732923	0.0194385	0.0161538	0.0262846	0.0178	0.00654615	0.0962692	0.0145538	0.000776923	0.00235385	0.131123	0.000915385	0.000923077	0.00139231	0.000653846	0.1322	0	0	0	0	0.0577385	0.0165769	0.0268077	0.0340462	0.0112846	0.00373077	0.1096	0.0105538	0.0263769	0.0139538	0.0117462	0.0830923	
0.260562	0.155485	0.135677	0.1348	0.338508	0.110046	0.0916077	0.146362	0.155469	0.0562154	0.346608	0.128231	0.00406923	0.0114308	0.666577	0.00444615	0.0051	0.00726923	0.00313846	0.671015	0.338869	0.0135154	0.2764	0.0577385	0	0	0	0	0.0690615	0.0250769	0.527192	0.0651923	0.145577	0.0749923	0.0631154	0.402838	
0.0271	0.0163385	0.0137692	0.0119769	0.0425462	0.00889231	0.00692308	0.0108231	0.00880769	0.00291538	0.0508	0.00666154	0.000415385	0.00116154	0.0672692	0.000338462	0.000530769	0.000846154	0.000392308	0.0674154	0.0407462	0.00206154	0.0098	0.0165769	0	0	0	0	0.00963077	0.00374615	0.0463462	0.00946154	0.0166308	0.00829231	0.00766154	0.0366	
0.0421231	0.0250692	0.0224538	0.0184615	0.0659538	0.0130846	0.0108154	0.0182538	0.0133923	0.00447692	0.0796	0.0106385	0.000769231	0.00218462	0.104492	0.000661538	0.000869231	0.00119231	0.000546154	0.1055	0.0628385	0.00305385	0.0154077	0.0268077	0	0	0	0	0.0159538	0.00535385	0.0722923	0.0145077	0.0260385	0.0136769	0.0114538	0.0569385	
0.0527231	0.0316231	0.0287923	0.0230462	0.0833077	0.0164846	0.0133	0.0230923	0.0170538	0.00601538	0.100208	0.0129077	0.0008	0.00246154	0.132154	0.000769231	0.00111538	0.00145385	0.000638462	0.132977	0.0792308	0.00395385	0.0189538	0.0340462	0	0	0	0	0.0193077	0.00687692	0.0914077	0.0185923	0.0324769	0.0175308	0.0145692	0.0716077	
0.0444923	0.0271462	0.0236308	0.0186846	0.0753231	0.0114462	0.0104615	0.0167231	0.0119385	0.00453846	0.0876231	0.00985385	0.000853846	0.0022	0.110146	0.000753846	0.000846154	0.00131538	0.000569231	0.111223	0.0808923	0.00147692	0.0203	0.0112846	0.0690615	0.00963077	0.0159538	0.0193077	0	0	0	0	0.0348615	0.0181385	0.0159538	0.045	
0.0156692	0.0100308	0.00868462	0.00666923	0.0270769	0.00436923	0.00385385	0.00575385	0.00443077	0.00161538	0.0313385	0.00366923	0.000276923	0.000815385	0.0397	0.000261538	0.000323077	0.0004	0.000146154	0.0401846	0.0293308	0.000607692	0.00738462	0.00373077	0.0250769	0.00374615	0.00535385	0.00687692	0	0	0	0	0.0128692	0.00658462	0.00550769	0.0160923	
0.280077	0.166169	0.145677	0.145315	0.358023	0.120531	0.0988308	0.159854	0.166523	0.0593077	0.375977	0.135431	0.00419231	0.0121231	0.716508	0.00441538	0.00563077	0.00798462	0.00333077	0.720292	0.335062	0.0189231	0.273654	0.1096	0.527192	0.0463462	0.0722923	0.0914077	0	0	0	0	0.139215	0.0721077	0.0606154	0.4653	
0.0422692	0.0251692	0.0227	0.0176154	0.0698923	0.0121615	0.0095	0.0162	0.0118308	0.00416154	0.0822769	0.00948462	0.000730769	0.0021	0.104138	0.000784615	0.000815385	0.00106154	0.000669231	0.105208	0.0764	0.00157692	0.0192231	0.0105538	0.0651923	0.00946154	0.0145077	0.0185923	0	0	0	0	0.0337769	0.0176615	0.0147231	0.0415923	
0.0847615	0.0506846	0.0452231	0.0400538	0.125662	0.0297385	0.0251308	0.0401923	0.0340692	0.0117462	0.147192	0.0277154	0.00146154	0.00387692	0.213908	0.00147692	0.00168462	0.00236154	0.000938462	0.215738	0.132746	0.00371538	0.0578846	0.0263769	0.145577	0.0166308	0.0260385	0.0324769	0.0348615	0.0128692	0.139215	0.0337769	0	0	0	0	
0.0440385	0.0266923	0.0228615	0.0209	0.0652923	0.0156692	0.0124846	0.0210462	0.0172385	0.00638462	0.0767692	0.0141	0.000592308	0.00209231	0.111138	0.000669231	0.000892308	0.00117692	0.000561538	0.111862	0.0695308	0.00228462	0.0287231	0.0139538	0.0749923	0.00829231	0.0136769	0.0175308	0.0181385	0.00658462	0.0721077	0.0176615	0	0	0	0	
0.0370231	0.0223385	0.0200692	0.0173692	0.0554	0.0132	0.0104846	0.0177154	0.0148769	0.00556154	0.0644077	0.0119538	0.000715385	0.00193846	0.0935154	0.000630769	0.000792308	0.00107692	0.0005	0.0944308	0.0582615	0.00186154	0.0249308	0.0117462	0.0631154	0.00766154	0.0114538	0.0145692	0.0159538	0.00550769	0.0606154	0.0147231	0	0	0	0	
0.216685	0.1288	0.112538	0.109962	0.283962	0.0899	0.0745462	0.119577	0.128538	0.0459308	0.288846	0.104669	0.00328462	0.00933077	0.551931	0.00343846	0.00424615	0.00614615	0.00271538	0.554877	0.261146	0.0147231	0.209023	0.0830923	0.402838	0.0366	0.0569385	0.0716077	0.045	0.0160923	0.4653	0.0415923	0	0	0	0	
