0	0	0	0	0.227715	0.0376846	0.0357	0.0441846	0.0393077	0.0128154	0.2637	0.0294615	0.00149231	0.000638462	0.342215	0.000938462	0.00109231	0.00543077	0.000753846	0.338008	0.197546	0.0135769	0.113338	0.0208231	0.232877	0.0297923	0.0366462	0.0459692	0.0403	0.0202385	0.253808	0.0309385	0.0698615	0.0511231	0.0536231	0.170677	
0	0	0	0	0.219146	0.0350769	0.0345923	0.0437538	0.0377692	0.012	0.254431	0.0283692	0.00149231	0.000707692	0.329354	0.00101538	0.0012	0.00518462	0.000923077	0.325262	0.191685	0.0138615	0.106708	0.0203154	0.221008	0.0304077	0.0362692	0.0448846	0.0403077	0.0197077	0.241877	0.0306769	0.0683077	0.0479692	0.0526538	0.163638	
0	0	0	0	0.123469	0.0199769	0.0199692	0.0241385	0.0216462	0.00636923	0.143138	0.0164	0.000753846	0.000438462	0.185931	0.000430769	0.000515385	0.00261538	0.000461538	0.183962	0.107292	0.00789231	0.0605077	0.0118615	0.124608	0.0166769	0.0204385	0.0258308	0.0220154	0.0107846	0.138131	0.0166231	0.0387769	0.0276	0.0291308	0.0920462	
0	0	0	0	0.0379154	0.0306769	0.0293692	0.0366308	0.0194077	0.00623846	0.0943615	0.0145846	0.000453846	0.000284615	0.133515	0.000338462	0.000492308	0.00193846	0.000423077	0.131738	0.0755846	0.00551538	0.0451769	0.00831538	0.0928692	0.0113692	0.0133692	0.0169846	0.0120692	0.00592308	0.107254	0.00934615	0.0255846	0.0164385	0.0180308	0.0745385	
0.227715	0.219146	0.123469	0.0379154	0	0	0	0	0.0530462	0.0168231	0.4991	0.0392769	0.00249231	0.00129231	0.602838	0.00162308	0.00197692	0.00913077	0.00149231	0.595646	0.359485	0.0241385	0.188523	0.0361	0.396538	0.0562692	0.0687	0.0867385	0.0883077	0.0441308	0.408092	0.0677154	0.139646	0.0987769	0.106231	0.263592	
0.0376846	0.0350769	0.0199769	0.0306769	0	0	0	0	0.0207462	0.00638462	0.0805	0.0157846	0.000484615	0.000246154	0.122338	0.000346154	0.000392308	0.00185385	0.000330769	0.120838	0.0666308	0.00526154	0.0436077	0.00791538	0.0866077	0.0101923	0.0118385	0.0147769	0.00828462	0.0039	0.105038	0.00619231	0.0198923	0.0138462	0.0149538	0.0747231	
0.0357	0.0345923	0.0199692	0.0293692	0	0	0	0	0.0198154	0.00620769	0.0783077	0.0153	0.000530769	0.000253846	0.118515	0.000330769	0.000453846	0.00192308	0.000292308	0.116962	0.0648308	0.00501538	0.0419769	0.00780769	0.0840308	0.00996923	0.0114538	0.0141769	0.00811538	0.00374615	0.101731	0.00603846	0.0193231	0.0135077	0.0142615	0.0725385	
0.0441846	0.0437538	0.0241385	0.0366308	0	0	0	0	0.0245231	0.00800769	0.0977231	0.0184538	0.000684615	0.000276923	0.147323	0.000423077	0.000476923	0.00226154	0.000446154	0.145523	0.0811615	0.00643077	0.0516231	0.00949231	0.104185	0.0118154	0.0147308	0.0179769	0.00998462	0.00487692	0.126208	0.00763846	0.0236692	0.017	0.0179923	0.0900462	
0.0393077	0.0377692	0.0216462	0.0194077	0.0530462	0.0207462	0.0198154	0.0245231	0	0	0	0	0.000507692	0.0003	0.117	0.000323077	0.000284615	0.00206923	0.0003	0.115477	0.0643154	0.00444615	0.0420231	0.00734615	0.0932154	0.00696923	0.00793846	0.0100077	0.00994615	0.00466923	0.0962846	0.00723077	0.0133231	0.00976923	0.0101615	0.0848769	
0.0128154	0.012	0.00636923	0.00623846	0.0168231	0.00638462	0.00620769	0.00800769	0	0	0	0	8.46154e-05	8.46154e-05	0.0371692	8.46154e-05	0.000207692	0.000561538	7.69231e-05	0.0365769	0.0200615	0.00153846	0.0134692	0.00235385	0.0297077	0.00220769	0.00253077	0.00297692	0.00323077	0.00139231	0.0300538	0.00274615	0.0042	0.00307692	0.00301538	0.0271308	
0.2637	0.254431	0.143138	0.0943615	0.4991	0.0805	0.0783077	0.0977231	0	0	0	0	0.00313846	0.00151538	0.748854	0.00212308	0.00256154	0.0112385	0.00203846	0.739792	0.439608	0.0310615	0.2387	0.0462615	0.477946	0.0743462	0.0902846	0.113054	0.0940846	0.0471154	0.542385	0.0720462	0.175231	0.122777	0.1325	0.325123	
0.0294615	0.0283692	0.0164	0.0145846	0.0392769	0.0157846	0.0153	0.0184538	0	0	0	0	0.000461538	0.000169231	0.0879923	0.000192308	0.000246154	0.0013	0.000146154	0.0871231	0.0481231	0.0038	0.0315385	0.00535385	0.0704923	0.00472308	0.00596923	0.00763077	0.00743077	0.00347692	0.0723462	0.00556154	0.00977692	0.00750769	0.00776154	0.0637692	
0.00149231	0.00149231	0.000753846	0.000453846	0.00249231	0.000484615	0.000530769	0.000684615	0.000507692	8.46154e-05	0.00313846	0.000461538	0	0	0	0	2.30769e-05	5.38462e-05	1.53846e-05	0.0041	0.00254615	0.000176923	0.00126923	0.0002	0.00281538	0.000376923	0.000423077	0.000576923	0.000523077	0.000207692	0.00301538	0.000446154	0.000838462	0.000592308	0.000646154	0.00211538	
0.000638462	0.000707692	0.000438462	0.000284615	0.00129231	0.000246154	0.000253846	0.000276923	0.0003	8.46154e-05	0.00151538	0.000169231	0	0	0	0	0	0	7.69231e-06	0.00206154	0.00115385	7.69231e-05	0.0007	0.000138462	0.00140769	0.000184615	0.0002	0.000276923	0.000246154	0.000123077	0.00156923	0.000130769	0.000430769	0.000307692	0.000284615	0.00104615	
0.342215	0.329354	0.185931	0.133515	0.602838	0.122338	0.118515	0.147323	0.117	0.0371692	0.748854	0.0879923	0	0	0	0	0.00326154	0.0150692	0.00253077	0.970154	0.566938	0.0405	0.322777	0.0608	0.665269	0.0874692	0.1058	0.132477	0.113646	0.0561	0.734477	0.0867923	0.200723	0.1418	0.152015	0.496477	
0.000938462	0.00101538	0.000430769	0.000338462	0.00162308	0.000346154	0.000330769	0.000423077	0.000323077	8.46154e-05	0.00212308	0.000192308	0	0	0	0	1.53846e-05	4.61538e-05	7.69231e-06	0.00265385	0.00146923	9.23077e-05	0.000984615	0.000176923	0.00186923	0.000215385	0.0003	0.000338462	0.000276923	0.000223077	0.00200769	0.000215385	0.000538462	0.000430769	0.000492308	0.00126154	
0.00109231	0.0012	0.000515385	0.000492308	0.00197692	0.000392308	0.000453846	0.000476923	0.000284615	0.000207692	0.00256154	0.000246154	2.30769e-05	0	0.00326154	1.53846e-05	0	0	0	0	0.00196154	0.000123077	0.00105385	0.000161538	0.00217692	0.000307692	0.000323077	0.000492308	0.0003	0.000223077	0.00246923	0.000307692	0.000753846	0.000438462	0.000546154	0.00156154	
0.00543077	0.00518462	0.00261538	0.00193846	0.00913077	0.00185385	0.00192308	0.00226154	0.00206923	0.000561538	0.0112385	0.0013	5.38462e-05	0	0.0150692	4.61538e-05	0	0	0	0	0.00855385	0.000576923	0.00519231	0.000846154	0.0102923	0.00136923	0.00153077	0.00197692	0.00157692	0.000838462	0.0111538	0.0016	0.00292308	0.00227692	0.00237692	0.00759231	
0.000753846	0.000923077	0.000461538	0.000423077	0.00149231	0.000330769	0.000292308	0.000446154	0.0003	7.69231e-05	0.00203846	0.000146154	1.53846e-05	7.69231e-06	0.00253077	7.69231e-06	0	0	0	0	0.00150769	0.0001	0.000846154	0.000107692	0.00175385	0.000238462	0.000238462	0.000330769	0.000346154	0.000161538	0.00181538	0.000238462	0.000523077	0.000407692	0.000338462	0.00129231	
0.338008	0.325262	0.183962	0.131738	0.595646	0.120838	0.116962	0.145523	0.115477	0.0365769	0.739792	0.0871231	0.0041	0.00206154	0.970154	0.00265385	0	0	0	0	0.560085	0.0400462	0.318638	0.0602	0.657138	0.0863308	0.104631	0.130869	0.112469	0.0554308	0.725631	0.0854385	0.198331	0.140008	0.150177	0.490454	
0.197546	0.191685	0.107292	0.0755846	0.359485	0.0666308	0.0648308	0.0811615	0.0643154	0.0200615	0.439608	0.0481231	0.00254615	0.00115385	0.566938	0.00146923	0.00196154	0.00855385	0.00150769	0.560085	0	0	0	0	0.347338	0.0602923	0.0730385	0.0914385	0.0875077	0.0440077	0.373769	0.0668231	0.120869	0.0853308	0.0909923	0.274915	
0.0135769	0.0138615	0.00789231	0.00551538	0.0241385	0.00526154	0.00501538	0.00643077	0.00444615	0.00153846	0.0310615	0.0038	0.000176923	7.69231e-05	0.0405	9.23077e-05	0.000123077	0.000576923	0.0001	0.0400462	0	0	0	0	0.0263385	0.00388462	0.00475385	0.00586923	0.00292308	0.00132308	0.0344154	0.00218462	0.00796154	0.00583077	0.00581538	0.0212385	
0.113338	0.106708	0.0605077	0.0451769	0.188523	0.0436077	0.0419769	0.0516231	0.0420231	0.0134692	0.2387	0.0315385	0.00126923	0.0007	0.322777	0.000984615	0.00105385	0.00519231	0.000846154	0.318638	0	0	0	0	0.258708	0.0180846	0.0214615	0.0274769	0.0202154	0.0094	0.280569	0.0155462	0.0621538	0.0438538	0.0475077	0.172215	
0.0208231	0.0203154	0.0118615	0.00831538	0.0361	0.00791538	0.00780769	0.00949231	0.00734615	0.00235385	0.0462615	0.00535385	0.0002	0.000138462	0.0608	0.000176923	0.000161538	0.000846154	0.000107692	0.0602	0	0	0	0	0.0389769	0.00598462	0.00746923	0.00888462	0.00404615	0.00192308	0.0523154	0.00303077	0.0115462	0.00811538	0.00912308	0.0325308	
0.232877	0.221008	0.124608	0.0928692	0.396538	0.0866077	0.0840308	0.104185	0.0932154	0.0297077	0.477946	0.0704923	0.00281538	0.00140769	0.665269	0.00186923	0.00217692	0.0102923	0.00175385	0.657138	0.347338	0.0263385	0.258708	0.0389769	0	0	0	0	0.0607231	0.0304462	0.533523	0.0466692	0.129862	0.0919846	0.0987077	0.350808	
0.0297923	0.0304077	0.0166769	0.0113692	0.0562692	0.0101923	0.00996923	0.0118154	0.00696923	0.00220769	0.0743462	0.00472308	0.000376923	0.000184615	0.0874692	0.000215385	0.000307692	0.00136923	0.000238462	0.0863308	0.0602923	0.00388462	0.0180846	0.00598462	0	0	0	0	0.0141385	0.00713846	0.0560846	0.0108846	0.0197692	0.0137077	0.0139923	0.0407769	
0.0366462	0.0362692	0.0204385	0.0133692	0.0687	0.0118385	0.0114538	0.0147308	0.00793846	0.00253077	0.0902846	0.00596923	0.000423077	0.0002	0.1058	0.0003	0.000323077	0.00153077	0.000238462	0.104631	0.0730385	0.00475385	0.0214615	0.00746923	0	0	0	0	0.0178231	0.00849231	0.0673923	0.0130154	0.0234538	0.0165154	0.0185077	0.0482462	
0.0459692	0.0448846	0.0258308	0.0169846	0.0867385	0.0147769	0.0141769	0.0179769	0.0100077	0.00297692	0.113054	0.00763077	0.000576923	0.000276923	0.132477	0.000338462	0.000492308	0.00197692	0.000330769	0.130869	0.0914385	0.00586923	0.0274769	0.00888462	0	0	0	0	0.0220077	0.0105769	0.0840692	0.0170154	0.0294462	0.0209231	0.0222308	0.0610692	
0.0403	0.0403077	0.0220154	0.0120692	0.0883077	0.00828462	0.00811538	0.00998462	0.00994615	0.00323077	0.0940846	0.00743077	0.000523077	0.000246154	0.113646	0.000276923	0.0003	0.00157692	0.000346154	0.112469	0.0875077	0.00292308	0.0202154	0.00404615	0.0607231	0.0141385	0.0178231	0.0220077	0	0	0	0	0.0308077	0.0218462	0.0236	0.0384385	
0.0202385	0.0197077	0.0107846	0.00592308	0.0441308	0.0039	0.00374615	0.00487692	0.00466923	0.00139231	0.0471154	0.00347692	0.000207692	0.000123077	0.0561	0.000223077	0.000223077	0.000838462	0.000161538	0.0554308	0.0440077	0.00132308	0.0094	0.00192308	0.0304462	0.00713846	0.00849231	0.0105769	0	0	0	0	0.0155615	0.0104769	0.0115769	0.0190385	
0.253808	0.241877	0.138131	0.107254	0.408092	0.105038	0.101731	0.126208	0.0962846	0.0300538	0.542385	0.0723462	0.00301538	0.00156923	0.734477	0.00200769	0.00246923	0.0111538	0.00181538	0.725631	0.373769	0.0344154	0.280569	0.0523154	0.533523	0.0560846	0.0673923	0.0840692	0	0	0	0	0.132146	0.0939769	0.101192	0.413754	
0.0309385	0.0306769	0.0166231	0.00934615	0.0677154	0.00619231	0.00603846	0.00763846	0.00723077	0.00274615	0.0720462	0.00556154	0.000446154	0.000130769	0.0867923	0.000215385	0.000307692	0.0016	0.000238462	0.0854385	0.0668231	0.00218462	0.0155462	0.00303077	0.0466692	0.0108846	0.0130154	0.0170154	0	0	0	0	0.0240154	0.0168308	0.0170692	0.0296692	
0.0698615	0.0683077	0.0387769	0.0255846	0.139646	0.0198923	0.0193231	0.0236692	0.0133231	0.0042	0.175231	0.00977692	0.000838462	0.000430769	0.200723	0.000538462	0.000753846	0.00292308	0.000523077	0.198331	0.120869	0.00796154	0.0621538	0.0115462	0.129862	0.0197692	0.0234538	0.0294462	0.0308077	0.0155615	0.132146	0.0240154	0	0	0	0	
0.0511231	0.0479692	0.0276	0.0164385	0.0987769	0.0138462	0.0135077	0.017	0.00976923	0.00307692	0.122777	0.00750769	0.000592308	0.000307692	0.1418	0.000430769	0.000438462	0.00227692	0.000407692	0.140008	0.0853308	0.00583077	0.0438538	0.00811538	0.0919846	0.0137077	0.0165154	0.0209231	0.0218462	0.0104769	0.0939769	0.0168308	0	0	0	0	
0.0536231	0.0526538	0.0291308	0.0180308	0.106231	0.0149538	0.0142615	0.0179923	0.0101615	0.00301538	0.1325	0.00776154	0.000646154	0.000284615	0.152015	0.000492308	0.000546154	0.00237692	0.000338462	0.150177	0.0909923	0.00581538	0.0475077	0.00912308	0.0987077	0.0139923	0.0185077	0.0222308	0.0236	0.0115769	0.101192	0.0170692	0	0	0	0	
0.170677	0.163638	0.0920462	0.0745385	0.263592	0.0747231	0.0725385	0.0900462	0.0848769	0.0271308	0.325123	0.0637692	0.00211538	0.00104615	0.496477	0.00126154	0.00156154	0.00759231	0.00129231	0.490454	0.274915	0.0212385	0.172215	0.0325308	0.350808	0.0407769	0.0482462	0.0610692	0.0384385	0.0190385	0.413754	0.0296692	0	0	0	0	
