0	0	0	0	0.19849	0.05392	0.05685	0.06006	0.05789	0.02694	0.23635	0.04814	0.00017	0	0.36905	0.0001	0.00015	0.00362	0.00014	0.36541	0.22471	0.00553	0.12175	0.01733	0.27207	0.0248	0.03791	0.03454	0.03412	0.00998	0.29968	0.02554	0.04901	0.0462	0.02397	0.25014	
0	0	0	0	0.16585	0.0312	0.0318	0.03379	0.04084	0.01853	0.16911	0.03416	0.00017	3e-05	0.2624	4e-05	0.00015	0.00228	6e-05	0.26015	0.14748	0.00442	0.09625	0.01449	0.19149	0.01828	0.02719	0.02568	0.02392	0.00748	0.21384	0.0174	0.03562	0.0328	0.01751	0.17671	
0	0	0	0	0.10169	0.02922	0.02897	0.03013	0.0298	0.01338	0.12246	0.02437	0.00012	3e-05	0.18979	7e-05	8e-05	0.00181	2e-05	0.1881	0.11565	0.00293	0.0615	0.00993	0.13922	0.01296	0.01956	0.01827	0.01761	0.00533	0.15455	0.01252	0.02708	0.0222	0.01274	0.12799	
0	0	0	0	0.04955	0.04204	0.04204	0.0444	0.02903	0.01255	0.11193	0.02452	0.00016	3e-05	0.17781	3e-05	8e-05	0.00162	5e-05	0.17628	0.11379	0.00257	0.05354	0.00813	0.13494	0.01058	0.01643	0.01608	0.01373	0.00434	0.14922	0.01074	0.02229	0.02049	0.01164	0.12361	
0.19849	0.16585	0.10169	0.04955	0	0	0	0	0.08148	0.03479	0.33555	0.06376	0.00024	4e-05	0.51516	0.00014	0.00027	0.00482	0.00021	0.51028	0.28603	0.00877	0.19194	0.02884	0.36433	0.03794	0.05952	0.05379	0.05745	0.01731	0.39882	0.042	0.07966	0.07178	0.03834	0.3258	
0.05392	0.0312	0.02922	0.04204	0	0	0	0	0.02753	0.01195	0.09443	0.02247	0.00013	1e-05	0.15618	6e-05	7e-05	0.00159	2e-05	0.1547	0.10243	0.00211	0.04538	0.00646	0.12156	0.00875	0.01303	0.01304	0.00998	0.00335	0.13503	0.00802	0.01778	0.01578	0.0091	0.11372	
0.05685	0.0318	0.02897	0.04204	0	0	0	0	0.02775	0.01253	0.09703	0.02235	0.00018	2e-05	0.15944	2e-05	7e-05	0.00142	2e-05	0.15815	0.10493	0.00209	0.04567	0.00697	0.12273	0.00955	0.01374	0.01364	0.01032	0.0031	0.13868	0.00756	0.01717	0.01632	0.00855	0.11762	
0.06006	0.03379	0.03013	0.0444	0	0	0	0	0.0208	0.01213	0.11284	0.02261	7e-05	2e-05	0.16827	2e-05	5e-05	0.0015	2e-05	0.16681	0.10824	0.00248	0.05005	0.00761	0.1291	0.01038	0.0148	0.0141	0.01163	0.00337	0.14476	0.00862	0.01939	0.01781	0.00987	0.12131	
0.05789	0.04084	0.0298	0.02903	0.08148	0.02753	0.02775	0.0208	0	0	0	0	9e-05	1e-05	0.15741	5e-05	7e-05	0.00145	4e-05	0.156	0.10218	0.0022	0.04669	0.00649	0.12605	0.0079	0.01232	0.01129	0.00932	0.00284	0.13897	0.00643	0.01387	0.01322	0.00767	0.1228	
0.02694	0.01853	0.01338	0.01255	0.03479	0.01195	0.01253	0.01213	0	0	0	0	5e-05	2e-05	0.07133	0	1e-05	0.00072	0	0.07067	0.0466	0.0009	0.02061	0.00329	0.05726	0.00353	0.00512	0.00549	0.004	0.00126	0.06344	0.0027	0.00663	0.00596	0.0032	0.05561	
0.23635	0.16911	0.12246	0.11193	0.33555	0.09443	0.09703	0.11284	0	0	0	0	0.00044	3e-05	0.63925	0.00013	0.00033	0.00606	0.0002	0.63326	0.3661	0.01077	0.22834	0.03464	0.4495	0.04855	0.07351	0.06829	0.06856	0.02097	0.49899	0.05133	0.10177	0.09151	0.04932	0.39725	
0.04814	0.03416	0.02437	0.02452	0.06376	0.02247	0.02235	0.02261	0	0	0	0	4e-05	3e-05	0.13106	6e-05	5e-05	0.0011	3e-05	0.13001	0.08675	0.00158	0.0374	0.00546	0.10491	0.00664	0.01014	0.0095	0.0075	0.00206	0.11589	0.00574	0.01173	0.011	0.00567	0.10279	
0.00017	0.00017	0.00012	0.00016	0.00024	0.00013	0.00018	7e-05	9e-05	5e-05	0.00044	4e-05	0	0	0	0	0	1e-05	0	0.00061	0.00038	0	0.0002	4e-05	0.00043	4e-05	8e-05	7e-05	1e-05	3e-05	0.00055	3e-05	8e-05	7e-05	5e-05	0.00042	
0	3e-05	3e-05	3e-05	4e-05	1e-05	2e-05	2e-05	1e-05	2e-05	3e-05	3e-05	0	0	0	0	0	0	0	9e-05	6e-05	0	3e-05	0	7e-05	1e-05	0	1e-05	2e-05	0	6e-05	1e-05	1e-05	1e-05	1e-05	6e-05	
0.36905	0.2624	0.18979	0.17781	0.51516	0.15618	0.15944	0.16827	0.15741	0.07133	0.63925	0.13106	0	0	0	0	0.00046	0.00931	0.00027	0.98901	0.60103	0.01545	0.33273	0.04984	0.73706	0.06653	0.10099	0.09447	0.08935	0.02709	0.81645	0.06616	0.13389	0.12157	0.06576	0.67783	
0.0001	4e-05	7e-05	3e-05	0.00014	6e-05	2e-05	2e-05	5e-05	0	0.00013	6e-05	0	0	0	0	0	1e-05	0	0.00023	0.00016	0	8e-05	0	0.00016	4e-05	2e-05	2e-05	0	1e-05	0.00023	0	2e-05	4e-05	4e-05	0.00014	
0.00015	0.00015	8e-05	8e-05	0.00027	7e-05	7e-05	5e-05	7e-05	1e-05	0.00033	5e-05	0	0	0.00046	0	0	0	0	0	0.00027	0	0.00017	2e-05	0.00031	5e-05	7e-05	3e-05	4e-05	4e-05	0.00035	3e-05	5e-05	4e-05	1e-05	0.00036	
0.00362	0.00228	0.00181	0.00162	0.00482	0.00159	0.00142	0.0015	0.00145	0.00072	0.00606	0.0011	1e-05	0	0.00931	1e-05	0	0	0	0	0.00559	0.00012	0.00314	0.00048	0.00698	0.00063	0.00095	0.00077	0.00082	0.00023	0.00773	0.00055	0.00124	0.00116	0.00058	0.00635	
0.00014	6e-05	2e-05	5e-05	0.00021	2e-05	2e-05	2e-05	4e-05	0	0.0002	3e-05	0	0	0.00027	0	0	0	0	0	0.00016	1e-05	8e-05	2e-05	0.00017	2e-05	2e-05	6e-05	5e-05	0	0.00019	3e-05	8e-05	1e-05	3e-05	0.00015	
0.36541	0.26015	0.1881	0.17628	0.51028	0.1547	0.15815	0.16681	0.156	0.07067	0.63326	0.13001	0.00061	9e-05	0.98901	0.00023	0	0	0	0	0.59561	0.01532	0.32965	0.04936	0.73026	0.06592	0.10005	0.09371	0.08847	0.02686	0.80902	0.06559	0.13263	0.12048	0.06524	0.67159	
0.22471	0.14748	0.11565	0.11379	0.28603	0.10243	0.10493	0.10824	0.10218	0.0466	0.3661	0.08675	0.00038	6e-05	0.60103	0.00016	0.00027	0.00559	0.00016	0.59561	0	0	0	0	0.44064	0.03849	0.05829	0.06421	0.07021	0.02151	0.45689	0.05302	0.09623	0.08627	0.04759	0.37154	
0.00553	0.00442	0.00293	0.00257	0.00877	0.00211	0.00209	0.00248	0.0022	0.0009	0.01077	0.00158	0	0	0.01545	0	0	0.00012	1e-05	0.01532	0	0	0	0	0.01097	0.00093	0.00154	0.00201	0.00073	0.00018	0.014	0.00054	0.0016	0.0014	0.00077	0.01168	
0.12175	0.09625	0.0615	0.05354	0.19194	0.04538	0.04567	0.05005	0.04669	0.02061	0.22834	0.0374	0.0002	3e-05	0.33273	8e-05	0.00017	0.00314	8e-05	0.32965	0	0	0	0	0.25243	0.02339	0.03544	0.02178	0.01598	0.00482	0.30124	0.011	0.03192	0.02964	0.01517	0.25631	
0.01733	0.01449	0.00993	0.00813	0.02884	0.00646	0.00697	0.00761	0.00649	0.00329	0.03464	0.00546	4e-05	0	0.04984	0	2e-05	0.00048	2e-05	0.04936	0	0	0	0	0.03368	0.00381	0.00582	0.00657	0.00246	0.00062	0.04516	0.00164	0.00425	0.00438	0.00233	0.03892	
0.27207	0.19149	0.13922	0.13494	0.36433	0.12156	0.12273	0.1291	0.12605	0.05726	0.4495	0.10491	0.00043	7e-05	0.73706	0.00016	0.00031	0.00698	0.00017	0.73026	0.44064	0.01097	0.25243	0.03368	0	0	0	0	0.06362	0.01937	0.60804	0.04669	0.09686	0.0876	0.04728	0.50598	
0.0248	0.01828	0.01296	0.01058	0.03794	0.00875	0.00955	0.01038	0.0079	0.00353	0.04855	0.00664	4e-05	1e-05	0.06653	4e-05	5e-05	0.00063	2e-05	0.06592	0.03849	0.00093	0.02339	0.00381	0	0	0	0	0.00629	0.00213	0.05313	0.00507	0.00917	0.00878	0.00458	0.04409	
0.03791	0.02719	0.01956	0.01643	0.05952	0.01303	0.01374	0.0148	0.01232	0.00512	0.07351	0.01014	8e-05	0	0.10099	2e-05	7e-05	0.00095	2e-05	0.10005	0.05829	0.00154	0.03544	0.00582	0	0	0	0	0.00985	0.00287	0.08129	0.00708	0.01433	0.0127	0.00708	0.06698	
0.03454	0.02568	0.01827	0.01608	0.05379	0.01304	0.01364	0.0141	0.01129	0.00549	0.06829	0.0095	7e-05	1e-05	0.09447	2e-05	3e-05	0.00077	6e-05	0.09371	0.06421	0.00201	0.02178	0.00657	0	0	0	0	0.00962	0.00276	0.07483	0.00736	0.01364	0.01261	0.00692	0.0614	
0.03412	0.02392	0.01761	0.01373	0.05745	0.00998	0.01032	0.01163	0.00932	0.004	0.06856	0.0075	1e-05	2e-05	0.08935	0	4e-05	0.00082	5e-05	0.08847	0.07021	0.00073	0.01598	0.00246	0.06362	0.00629	0.00985	0.00962	0	0	0	0	0.02231	0.01743	0.01072	0.03892	
0.00998	0.00748	0.00533	0.00434	0.01731	0.00335	0.0031	0.00337	0.00284	0.00126	0.02097	0.00206	3e-05	0	0.02709	1e-05	4e-05	0.00023	0	0.02686	0.02151	0.00018	0.00482	0.00062	0.01937	0.00213	0.00287	0.00276	0	0	0	0	0.00707	0.00512	0.00313	0.01181	
0.29968	0.21384	0.15455	0.14922	0.39882	0.13503	0.13868	0.14476	0.13897	0.06344	0.49899	0.11589	0.00055	6e-05	0.81645	0.00023	0.00035	0.00773	0.00019	0.80902	0.45689	0.014	0.30124	0.04516	0.60804	0.05313	0.08129	0.07483	0	0	0	0	0.08861	0.08621	0.04395	0.59852	
0.02554	0.0174	0.01252	0.01074	0.042	0.00802	0.00756	0.00862	0.00643	0.0027	0.05133	0.00574	3e-05	1e-05	0.06616	0	3e-05	0.00055	3e-05	0.06559	0.05302	0.00054	0.011	0.00164	0.04669	0.00507	0.00708	0.00736	0	0	0	0	0.01601	0.01293	0.00806	0.0292	
0.04901	0.03562	0.02708	0.02229	0.07966	0.01778	0.01717	0.01939	0.01387	0.00663	0.10177	0.01173	8e-05	1e-05	0.13389	2e-05	5e-05	0.00124	8e-05	0.13263	0.09623	0.0016	0.03192	0.00425	0.09686	0.00917	0.01433	0.01364	0.02231	0.00707	0.08861	0.01601	0	0	0	0	
0.0462	0.0328	0.0222	0.02049	0.07178	0.01578	0.01632	0.01781	0.01322	0.00596	0.09151	0.011	7e-05	1e-05	0.12157	4e-05	4e-05	0.00116	1e-05	0.12048	0.08627	0.0014	0.02964	0.00438	0.0876	0.00878	0.0127	0.01261	0.01743	0.00512	0.08621	0.01293	0	0	0	0	
0.02397	0.01751	0.01274	0.01164	0.03834	0.0091	0.00855	0.00987	0.00767	0.0032	0.04932	0.00567	5e-05	1e-05	0.06576	4e-05	1e-05	0.00058	3e-05	0.06524	0.04759	0.00077	0.01517	0.00233	0.04728	0.00458	0.00708	0.00692	0.01072	0.00313	0.04395	0.00806	0	0	0	0	
0.25014	0.17671	0.12799	0.12361	0.3258	0.11372	0.11762	0.12131	0.1228	0.05561	0.39725	0.10279	0.00042	6e-05	0.67783	0.00014	0.00036	0.00635	0.00015	0.67159	0.37154	0.01168	0.25631	0.03892	0.50598	0.04409	0.06698	0.0614	0.03892	0.01181	0.59852	0.0292	0	0	0	0	
