0	0	0	0	0.229077	0.049	0.0402	0.0665	0.0750615	0.0263231	0.223392	0.06	0.00258462	0.00733846	0.371946	0.00290769	0.00296154	0.00437692	0.00200769	0.375431	0.203162	0.00909231	0.121423	0.0511	0.261246	0.0276077	0.0411923	0.0547308	0.0460923	0.0176769	0.276954	0.0440538	0.0859692	0.0444308	0.0380385	0.216338	
0	0	0	0	0.135754	0.0286692	0.0238923	0.0387846	0.0441308	0.0162077	0.131262	0.0355	0.00133077	0.0042	0.219969	0.0016	0.00176923	0.00244615	0.00106154	0.221823	0.119723	0.00542308	0.0714923	0.0304615	0.154362	0.0158615	0.0252308	0.0316462	0.0276154	0.0102923	0.163431	0.0257615	0.0511538	0.0258923	0.0215692	0.128485	
0	0	0	0	0.1189	0.0252154	0.0205385	0.0344462	0.0394154	0.0141615	0.114023	0.0315	0.00139231	0.00363846	0.192831	0.00123846	0.00146154	0.00226923	0.000861538	0.194508	0.105454	0.00465385	0.0627846	0.0262077	0.134738	0.0135231	0.0221692	0.0286692	0.0244308	0.00878462	0.144062	0.0218231	0.0448846	0.0226692	0.0190308	0.112515	
0	0	0	0	0.0433462	0.0462538	0.0371462	0.0622769	0.0381	0.0138615	0.106731	0.0303308	0.00129231	0.00344615	0.183131	0.00115385	0.00153846	0.00200769	0.000846154	0.184631	0.0977308	0.00426154	0.0616462	0.0253846	0.130131	0.0127692	0.0202077	0.0259154	0.0189923	0.00727692	0.144592	0.0181615	0.0401231	0.0219692	0.0176923	0.109238	
0.229077	0.135754	0.1189	0.0433462	0	0	0	0	0.100169	0.0360923	0.310592	0.0802231	0.00342308	0.0100231	0.509754	0.00387692	0.00430769	0.00582308	0.00250769	0.514438	0.284854	0.0119615	0.1617	0.0685615	0.352862	0.0380462	0.0589154	0.0772538	0.0740154	0.0274	0.356546	0.0691154	0.119923	0.0627385	0.0522231	0.292192	
0.049	0.0286692	0.0252154	0.0462538	0	0	0	0	0.0306462	0.0112615	0.0833308	0.0239	0.00121538	0.0029	0.144062	0.000961538	0.00107692	0.00180769	0.000769231	0.145485	0.0760308	0.00365385	0.0488692	0.0205846	0.102838	0.0101615	0.0158077	0.0203308	0.0136615	0.00522308	0.1177	0.0125538	0.0323154	0.0167538	0.0137462	0.0863231	
0.0402	0.0238923	0.0205385	0.0371462	0	0	0	0	0.0246923	0.00906154	0.0683615	0.0196615	0.0008	0.00213846	0.1181	0.000738462	0.000776923	0.00132308	0.000607692	0.119069	0.0626462	0.0028	0.0398538	0.0164769	0.0844385	0.0083	0.0127923	0.0162462	0.0113692	0.00428462	0.0951231	0.011	0.0264154	0.0134923	0.0112692	0.0706	
0.0665	0.0387846	0.0344462	0.0622769	0	0	0	0	0.0412	0.0141385	0.113123	0.0335462	0.00116154	0.00356154	0.195962	0.00132308	0.00156923	0.00214615	0.000892308	0.1974	0.102538	0.00501538	0.0669231	0.0275308	0.140338	0.0132538	0.0212846	0.0271308	0.0180846	0.00712308	0.159669	0.0171308	0.0434769	0.0219769	0.0190923	0.117462	
0.0750615	0.0441308	0.0394154	0.0381	0.100169	0.0306462	0.0246923	0.0412	0	0	0	0	0.00132308	0.00356923	0.190323	0.00149231	0.00154615	0.00207692	0.000884615	0.1922	0.0955231	0.00444615	0.0709154	0.0258231	0.154469	0.00896154	0.0144385	0.0188385	0.0141923	0.00501538	0.1647	0.0128	0.0341923	0.0182	0.0146538	0.129662	
0.0263231	0.0162077	0.0141615	0.0138615	0.0360923	0.0112615	0.00906154	0.0141385	0	0	0	0	0.000530769	0.00122308	0.0684	0.0004	0.000553846	0.000830769	0.000330769	0.0688385	0.0340385	0.00177692	0.0257615	0.00897692	0.0554231	0.00339231	0.00506154	0.00667692	0.00479231	0.00166154	0.0595538	0.00454615	0.0121	0.00643846	0.00548462	0.0465308	
0.223392	0.131262	0.114023	0.106731	0.310592	0.0833308	0.0683615	0.113123	0	0	0	0	0.00356154	0.0107077	0.557208	0.00393077	0.00443846	0.00652308	0.00272308	0.561723	0.320977	0.0133462	0.162931	0.0781538	0.346031	0.0504154	0.0781769	0.100785	0.0874077	0.0332308	0.372462	0.0823077	0.148177	0.0757615	0.0645231	0.286946	
0.06	0.0355	0.0315	0.0303308	0.0802231	0.0239	0.0196615	0.0335462	0	0	0	0	0.00118462	0.00312308	0.151946	0.00107692	0.00119231	0.00166923	0.000838462	0.153631	0.0755308	0.00386154	0.0577385	0.0202	0.124554	0.00699231	0.0111231	0.0146615	0.0107385	0.00412308	0.132323	0.0101462	0.0276615	0.0145615	0.0116692	0.103438	
0.00258462	0.00133077	0.00139231	0.00129231	0.00342308	0.00121538	0.0008	0.00116154	0.00132308	0.000530769	0.00356154	0.00118462	0	0	0	0	4.61538e-05	9.23077e-05	4.61538e-05	0.00641538	0.0033	0.000115385	0.00230769	0.000876923	0.00451538	0.000469231	0.000669231	0.000946154	0.000884615	0.000238462	0.00483846	0.000638462	0.00133846	0.000846154	0.000615385	0.0038	
0.00733846	0.0042	0.00363846	0.00344615	0.0100231	0.0029	0.00213846	0.00356154	0.00356923	0.00122308	0.0107077	0.00312308	0	0	0	0	0.000138462	0.000223077	8.46154e-05	0.0181769	0.00995385	0.000530769	0.0058	0.00233846	0.0127077	0.00138462	0.00219231	0.00233846	0.00224615	0.000846154	0.0134462	0.00208462	0.00423846	0.00202308	0.00168462	0.0106769	
0.371946	0.219969	0.192831	0.183131	0.509754	0.144062	0.1181	0.195962	0.190323	0.0684	0.557208	0.151946	0	0	0	0	0.00745385	0.0107077	0.00461538	0.9451	0.509038	0.0226538	0.307169	0.129015	0.658615	0.0674692	0.105154	0.136638	0.113092	0.0426769	0.705877	0.106231	0.214846	0.111362	0.0934154	0.548254	
0.00290769	0.0016	0.00123846	0.00115385	0.00387692	0.000961538	0.000738462	0.00132308	0.00149231	0.0004	0.00393077	0.00107692	0	0	0	0	9.23077e-05	7.69231e-05	3.07692e-05	0.0067	0.00377692	0.000130769	0.00206923	0.000923077	0.00463846	0.000438462	0.000784615	0.00103846	0.000907692	0.000269231	0.00487692	0.000846154	0.00170769	0.000730769	0.000615385	0.00384615	
0.00296154	0.00176923	0.00146154	0.00153846	0.00430769	0.00107692	0.000776923	0.00156923	0.00154615	0.000553846	0.00443846	0.00119231	4.61538e-05	0.000138462	0.00745385	9.23077e-05	0	0	0	0	0.00406923	0.000184615	0.00242308	0.00105385	0.00520769	0.000592308	0.000830769	0.0011	0.000923077	0.000361538	0.00566923	0.000776923	0.00183846	0.000869231	0.000746154	0.00427692	
0.00437692	0.00244615	0.00226923	0.00200769	0.00582308	0.00180769	0.00132308	0.00214615	0.00207692	0.000830769	0.00652308	0.00166923	9.23077e-05	0.000223077	0.0107077	7.69231e-05	0	0	0	0	0.00589231	0.000307692	0.00346923	0.00143077	0.00772308	0.000669231	0.00108462	0.00162308	0.00145385	0.000407692	0.0079	0.00133846	0.00275385	0.00133077	0.000892308	0.00612308	
0.00200769	0.00106154	0.000861538	0.000846154	0.00250769	0.000769231	0.000607692	0.000892308	0.000884615	0.000330769	0.00272308	0.000838462	4.61538e-05	8.46154e-05	0.00461538	3.07692e-05	0	0	0	0	0.00253077	0.000123077	0.00141538	0.000707692	0.00322308	0.000323077	0.000484615	0.000746154	0.000676923	0.000184615	0.00341538	0.0005	0.00108462	0.000561538	0.0004	0.00273077	
0.375431	0.221823	0.194508	0.184631	0.514438	0.145485	0.119069	0.1974	0.1922	0.0688385	0.561723	0.153631	0.00641538	0.0181769	0.9451	0.0067	0	0	0	0	0.513577	0.0228154	0.310038	0.129962	0.664323	0.0681769	0.1064	0.137492	0.114077	0.0430769	0.712054	0.107185	0.216454	0.1122	0.0942923	0.553446	
0.203162	0.119723	0.105454	0.0977308	0.284854	0.0760308	0.0626462	0.102538	0.0955231	0.0340385	0.320977	0.0755308	0.0033	0.00995385	0.509038	0.00377692	0.00406923	0.00589231	0.00253077	0.513577	0	0	0	0	0.3187	0.0452615	0.0703385	0.0917692	0.0825846	0.0310077	0.3345	0.0779769	0.126662	0.0654385	0.0543385	0.279631	
0.00909231	0.00542308	0.00465385	0.00426154	0.0119615	0.00365385	0.0028	0.00501538	0.00444615	0.00177692	0.0133462	0.00386154	0.000115385	0.000530769	0.0226538	0.000130769	0.000184615	0.000307692	0.000123077	0.0228154	0	0	0	0	0.0137231	0.00201538	0.00348462	0.00420769	0.00183846	0.000669231	0.0193154	0.00160769	0.00480769	0.00267692	0.00212308	0.0138231	
0.121423	0.0714923	0.0627846	0.0616462	0.1617	0.0488692	0.0398538	0.0669231	0.0709154	0.0257615	0.162931	0.0577385	0.00230769	0.0058	0.307169	0.00206923	0.00242308	0.00346923	0.00141538	0.310038	0	0	0	0	0.272631	0.00973077	0.0149	0.0200846	0.0228154	0.00839231	0.265562	0.0205769	0.0632231	0.0327923	0.0280538	0.193277	
0.0511	0.0304615	0.0262077	0.0253846	0.0685615	0.0205846	0.0164769	0.0275308	0.0258231	0.00897692	0.0781538	0.0202	0.000876923	0.00233846	0.129015	0.000923077	0.00105385	0.00143077	0.000707692	0.129962	0	0	0	0	0.0754231	0.0127538	0.0200769	0.0249	0.00989231	0.00396154	0.109662	0.00963846	0.0274385	0.0140538	0.0118154	0.0798462	
0.261246	0.154362	0.134738	0.130131	0.352862	0.102838	0.0844385	0.140338	0.154469	0.0554231	0.346031	0.124554	0.00451538	0.0127077	0.658615	0.00463846	0.00520769	0.00772308	0.00322308	0.664323	0.3187	0.0137231	0.272631	0.0754231	0	0	0	0	0.0723462	0.0271077	0.512792	0.0682308	0.146154	0.0753462	0.0635692	0.395408	
0.0276077	0.0158615	0.0135231	0.0127692	0.0380462	0.0101615	0.0083	0.0132538	0.00896154	0.00339231	0.0504154	0.00699231	0.000469231	0.00138462	0.0674692	0.000438462	0.000592308	0.000669231	0.000323077	0.0681769	0.0452615	0.00201538	0.00973077	0.0127538	0	0	0	0	0.00966923	0.00367692	0.0473923	0.00902308	0.0166769	0.00852308	0.00731538	0.0372462	
0.0411923	0.0252308	0.0221692	0.0202077	0.0589154	0.0158077	0.0127923	0.0212846	0.0144385	0.00506154	0.0781769	0.0111231	0.000669231	0.00219231	0.105154	0.000784615	0.000830769	0.00108462	0.000484615	0.1064	0.0703385	0.00348462	0.0149	0.0200769	0	0	0	0	0.0153231	0.00599231	0.0734231	0.0140615	0.0255538	0.0136	0.0108385	0.0588077	
0.0547308	0.0316462	0.0286692	0.0259154	0.0772538	0.0203308	0.0162462	0.0271308	0.0188385	0.00667692	0.100785	0.0146615	0.000946154	0.00233846	0.136638	0.00103846	0.0011	0.00162308	0.000746154	0.137492	0.0917692	0.00420769	0.0200846	0.0249	0	0	0	0	0.0197923	0.00725385	0.0954308	0.0184846	0.0337462	0.0174923	0.0146077	0.0751154	
0.0460923	0.0276154	0.0244308	0.0189923	0.0740154	0.0136615	0.0113692	0.0180846	0.0141923	0.00479231	0.0874077	0.0107385	0.000884615	0.00224615	0.113092	0.000907692	0.000923077	0.00145385	0.000676923	0.114077	0.0825846	0.00183846	0.0228154	0.00989231	0.0723462	0.00966923	0.0153231	0.0197923	0	0	0	0	0.0366692	0.0191769	0.0158846	0.0454	
0.0176769	0.0102923	0.00878462	0.00727692	0.0274	0.00522308	0.00428462	0.00712308	0.00501538	0.00166154	0.0332308	0.00412308	0.000238462	0.000846154	0.0426769	0.000269231	0.000361538	0.000407692	0.000184615	0.0430769	0.0310077	0.000669231	0.00839231	0.00396154	0.0271077	0.00367692	0.00599231	0.00725385	0	0	0	0	0.0143692	0.00681538	0.00613077	0.0167154	
0.276954	0.163431	0.144062	0.144592	0.356546	0.1177	0.0951231	0.159669	0.1647	0.0595538	0.372462	0.132323	0.00483846	0.0134462	0.705877	0.00487692	0.00566923	0.0079	0.00341538	0.712054	0.3345	0.0193154	0.265562	0.109662	0.512792	0.0473923	0.0734231	0.0954308	0	0	0	0	0.137115	0.0711	0.0592385	0.461585	
0.0440538	0.0257615	0.0218231	0.0181615	0.0691154	0.0125538	0.011	0.0171308	0.0128	0.00454615	0.0823077	0.0101462	0.000638462	0.00208462	0.106231	0.000846154	0.000776923	0.00133846	0.0005	0.107185	0.0779769	0.00160769	0.0205769	0.00963846	0.0682308	0.00902308	0.0140615	0.0184846	0	0	0	0	0.0339769	0.0178692	0.0150769	0.0428769	
0.0859692	0.0511538	0.0448846	0.0401231	0.119923	0.0323154	0.0264154	0.0434769	0.0341923	0.0121	0.148177	0.0276615	0.00133846	0.00423846	0.214846	0.00170769	0.00183846	0.00275385	0.00108462	0.216454	0.126662	0.00480769	0.0632231	0.0274385	0.146154	0.0166769	0.0255538	0.0337462	0.0366692	0.0143692	0.137115	0.0339769	0	0	0	0	
0.0444308	0.0258923	0.0226692	0.0219692	0.0627385	0.0167538	0.0134923	0.0219769	0.0182	0.00643846	0.0757615	0.0145615	0.000846154	0.00202308	0.111362	0.000730769	0.000869231	0.00133077	0.000561538	0.1122	0.0654385	0.00267692	0.0327923	0.0140538	0.0753462	0.00852308	0.0136	0.0174923	0.0191769	0.00681538	0.0711	0.0178692	0	0	0	0	
0.0380385	0.0215692	0.0190308	0.0176923	0.0522231	0.0137462	0.0112692	0.0190923	0.0146538	0.00548462	0.0645231	0.0116692	0.000615385	0.00168462	0.0934154	0.000615385	0.000746154	0.000892308	0.0004	0.0942923	0.0543385	0.00212308	0.0280538	0.0118154	0.0635692	0.00731538	0.0108385	0.0146077	0.0158846	0.00613077	0.0592385	0.0150769	0	0	0	0	
0.216338	0.128485	0.112515	0.109238	0.292192	0.0863231	0.0706	0.117462	0.129662	0.0465308	0.286946	0.103438	0.0038	0.0106769	0.548254	0.00384615	0.00427692	0.00612308	0.00273077	0.553446	0.279631	0.0138231	0.193277	0.0798462	0.395408	0.0372462	0.0588077	0.0751154	0.0454	0.0167154	0.461585	0.0428769	0	0	0	0	
