0	0	0	0	0.231123	0.0483077	0.0406231	0.0662692	0.0773769	0.0264077	0.223231	0.0593077	0.00266923	0.00655385	0.374469	0.00263077	0.00315385	0.00401538	0.00189231	0.377262	0.203654	0.00890769	0.121192	0.0525692	0.259777	0.0279769	0.0436846	0.0548846	0.0453385	0.0168846	0.280031	0.0440692	0.0861769	0.0437231	0.0384615	0.217962	
0	0	0	0	0.135838	0.0290231	0.0237154	0.0387231	0.0440462	0.0161462	0.132092	0.0350154	0.00163077	0.00434615	0.219838	0.00148462	0.00171538	0.00270769	0.00107692	0.2218	0.1192	0.00518462	0.0727462	0.0301692	0.153646	0.0161308	0.0253308	0.0321923	0.0274385	0.0101308	0.164	0.0257308	0.0507692	0.0257385	0.0227308	0.128062	
0	0	0	0	0.118208	0.0248538	0.0208231	0.0339615	0.0378	0.0143077	0.114862	0.0308769	0.00138462	0.00343846	0.191677	0.00134615	0.00136154	0.00210769	0.000892308	0.193485	0.103931	0.00464615	0.0628077	0.0264615	0.134362	0.0136385	0.0221231	0.0277231	0.0237	0.00875385	0.143308	0.0220846	0.0429	0.0220462	0.0192154	0.113685	
0	0	0	0	0.0432538	0.0465231	0.0375692	0.0611846	0.0376846	0.0133923	0.107277	0.0301769	0.00107692	0.00356154	0.1826	0.00129231	0.00146923	0.00198462	0.000869231	0.184208	0.0975615	0.0044	0.0608923	0.0256769	0.131085	0.0129154	0.0196846	0.0248462	0.0196385	0.00741538	0.143446	0.0180308	0.0398538	0.0217308	0.018	0.108946	
0.231123	0.135838	0.118208	0.0432538	0	0	0	0	0.0993846	0.0355231	0.314638	0.0788769	0.00352308	0.0093	0.512192	0.00340769	0.00376923	0.00555385	0.00258462	0.516515	0.284923	0.0120231	0.160608	0.0708692	0.343654	0.0407846	0.0641769	0.0798077	0.0733692	0.0271692	0.357677	0.0702077	0.119946	0.0609846	0.0541077	0.293385	
0.0483077	0.0290231	0.0248538	0.0465231	0	0	0	0	0.0304615	0.0111231	0.0828615	0.0242615	0.00109231	0.00282308	0.143715	0.00107692	0.00129231	0.00172308	0.000653846	0.145038	0.0753538	0.0036	0.0490538	0.0207	0.105508	0.00945385	0.0143923	0.0193538	0.0131846	0.00497692	0.118246	0.0123	0.0317538	0.0161308	0.0136538	0.0871692	
0.0406231	0.0237154	0.0208231	0.0375692	0	0	0	0	0.0251077	0.0089	0.0685231	0.0202	0.000853846	0.00220769	0.118938	0.000730769	0.00104615	0.00145385	0.0006	0.119631	0.0626308	0.00287692	0.0403231	0.0169	0.0872462	0.0078	0.0124846	0.0152	0.0111923	0.00411538	0.0970308	0.0103923	0.0258462	0.0136231	0.0118615	0.0714	
0.0662692	0.0387231	0.0339615	0.0611846	0	0	0	0	0.0419538	0.0147077	0.111438	0.0320385	0.00129231	0.00356923	0.193738	0.00153846	0.00159231	0.00208462	0.000892308	0.195569	0.101438	0.00463846	0.0676538	0.0264077	0.142462	0.0126231	0.0197692	0.0252846	0.0183692	0.00692308	0.157831	0.0170154	0.0421538	0.0225	0.0187846	0.1167	
0.0773769	0.0440462	0.0378	0.0376846	0.0993846	0.0304615	0.0251077	0.0419538	0	0	0	0	0.00136154	0.00337692	0.190792	0.00137692	0.00155385	0.00220769	0.000961538	0.192185	0.0966	0.0045	0.0732615	0.0225462	0.155631	0.00916154	0.0140846	0.0180308	0.0134692	0.00461538	0.166223	0.0126	0.0341615	0.0175692	0.0149	0.130277	
0.0264077	0.0161462	0.0143077	0.0133923	0.0355231	0.0111231	0.0089	0.0147077	0	0	0	0	0.000569231	0.00133077	0.0679154	0.000438462	0.000630769	0.000861538	0.0003	0.0684615	0.0340385	0.00170769	0.0263231	0.00818462	0.0551	0.00333077	0.00523077	0.00659231	0.00461538	0.00180769	0.0592769	0.00455385	0.0120077	0.00659231	0.00522308	0.0464308	
0.223231	0.132092	0.114862	0.107277	0.314638	0.0828615	0.0685231	0.111438	0	0	0	0	0.00381538	0.0105308	0.559323	0.00379231	0.00440769	0.00622308	0.00270769	0.564123	0.317423	0.0132231	0.161069	0.0857462	0.345462	0.0509769	0.0799692	0.101054	0.0875077	0.0327308	0.374646	0.0825769	0.147185	0.0750231	0.0659154	0.289338	
0.0593077	0.0350154	0.0308769	0.0301769	0.0788769	0.0242615	0.0202	0.0320385	0	0	0	0	0.00101538	0.00266154	0.150554	0.00114615	0.00110769	0.00152308	0.000761538	0.151985	0.0762846	0.00370769	0.0569846	0.0184	0.122677	0.00719231	0.0115385	0.0139692	0.0105231	0.00403077	0.130638	0.0101846	0.0263462	0.0140538	0.0123692	0.102608	
0.00266923	0.00163077	0.00138462	0.00107692	0.00352308	0.00109231	0.000853846	0.00129231	0.00136154	0.000569231	0.00381538	0.00101538	0	0	0	0	5.38462e-05	6.92308e-05	3.84615e-05	0.0066	0.00360769	0.000176923	0.00206923	0.000907692	0.00471538	0.000507692	0.000738462	0.0008	0.000661538	0.000284615	0.00506154	0.000753846	0.00170769	0.000807692	0.000507692	0.00373846	
0.00655385	0.00434615	0.00343846	0.00356154	0.0093	0.00282308	0.00220769	0.00356923	0.00337692	0.00133077	0.0105308	0.00266154	0	0	0	0	0.000130769	0.000261538	6.92308e-05	0.0174385	0.00932308	0.000446154	0.00552308	0.00260769	0.0122231	0.00126923	0.00197692	0.00243077	0.00215385	0.000676923	0.0130846	0.00198462	0.00373077	0.00208462	0.00169231	0.0103923	
0.374469	0.219838	0.191677	0.1826	0.512192	0.143715	0.118938	0.193738	0.190792	0.0679154	0.559323	0.150554	0	0	0	0	0.00743846	0.0104308	0.00460769	0.946108	0.507969	0.0223692	0.307885	0.130362	0.657292	0.0683615	0.107308	0.135623	0.112515	0.0419538	0.707546	0.106569	0.212892	0.109446	0.0957308	0.550515	
0.00263077	0.00148462	0.00134615	0.00129231	0.00340769	0.00107692	0.000730769	0.00153846	0.00137692	0.000438462	0.00379231	0.00114615	0	0	0	0	7.69231e-05	5.38462e-05	1.53846e-05	0.00660769	0.00344615	0.000146154	0.00216154	0.001	0.00463846	0.000523077	0.0008	0.000792308	0.000784615	0.000269231	0.00509231	0.000607692	0.00136923	0.0009	0.000476923	0.00400769	
0.00315385	0.00171538	0.00136154	0.00146923	0.00376923	0.00129231	0.00104615	0.00159231	0.00155385	0.000630769	0.00440769	0.00110769	5.38462e-05	0.000130769	0.00743846	7.69231e-05	0	0	0	0	0.00383077	0.000192308	0.00256154	0.00111538	0.00538462	0.000530769	0.000846154	0.000938462	0.0008	0.000323077	0.0057	0.000876923	0.00165385	0.000892308	0.000946154	0.00420769	
0.00401538	0.00270769	0.00210769	0.00198462	0.00555385	0.00172308	0.00145385	0.00208462	0.00220769	0.000861538	0.00622308	0.00152308	6.92308e-05	0.000261538	0.0104308	5.38462e-05	0	0	0	0	0.00569231	0.0002	0.00342308	0.0015	0.00743077	0.000746154	0.00118462	0.00145385	0.00137692	0.000376923	0.00788462	0.00117692	0.00226154	0.00122308	0.00105385	0.00627692	
0.00189231	0.00107692	0.000892308	0.000869231	0.00258462	0.000653846	0.0006	0.000892308	0.000961538	0.0003	0.00270769	0.000761538	3.84615e-05	6.92308e-05	0.00460769	1.53846e-05	0	0	0	0	0.00238462	0.000130769	0.00152308	0.000692308	0.00316923	0.000392308	0.000530769	0.000638462	0.000546154	0.000223077	0.00342308	0.000538462	0.00103077	0.000469231	0.000515385	0.00271538	
0.377262	0.2218	0.193485	0.184208	0.516515	0.145038	0.119631	0.195569	0.192185	0.0684615	0.564123	0.151985	0.0066	0.0174385	0.946108	0.00660769	0	0	0	0	0.512438	0.0226154	0.310131	0.131569	0.662885	0.0689923	0.108262	0.136615	0.113392	0.0422615	0.713777	0.107323	0.214754	0.110654	0.0958923	0.555454	
0.203654	0.1192	0.103931	0.0975615	0.284923	0.0753538	0.0626308	0.101438	0.0966	0.0340385	0.317423	0.0762846	0.00360769	0.00932308	0.507969	0.00344615	0.00383077	0.00569231	0.00238462	0.512438	0	0	0	0	0.328369	0.0435	0.0674769	0.085	0.0823154	0.0303769	0.333538	0.0781154	0.127931	0.0665231	0.0579692	0.271923	
0.00890769	0.00518462	0.00464615	0.0044	0.0120231	0.0036	0.00287692	0.00463846	0.0045	0.00170769	0.0132231	0.00370769	0.000176923	0.000446154	0.0223692	0.000146154	0.000192308	0.0002	0.000130769	0.0226154	0	0	0	0	0.0130923	0.00213077	0.00344615	0.00446923	0.00185385	0.000661538	0.0192308	0.00139231	0.00454615	0.00201538	0.00189231	0.0146846	
0.121192	0.0727462	0.0628077	0.0608923	0.160608	0.0490538	0.0403231	0.0676538	0.0732615	0.0263231	0.161069	0.0569846	0.00206923	0.00552308	0.307885	0.00216154	0.00256154	0.00342308	0.00152308	0.310131	0	0	0	0	0.270423	0.0104769	0.0158769	0.0208615	0.0214615	0.0081	0.267469	0.0206077	0.0597923	0.0309615	0.0265615	0.200323	
0.0525692	0.0301692	0.0264615	0.0256769	0.0708692	0.0207	0.0169	0.0264077	0.0225462	0.00818462	0.0857462	0.0184	0.000907692	0.00260769	0.130362	0.001	0.00111538	0.0015	0.000692308	0.131569	0	0	0	0	0.0669846	0.0145538	0.0240231	0.0293154	0.0104846	0.00404615	0.110546	0.0098	0.0274308	0.0137385	0.0119846	0.0817231	
0.259777	0.153646	0.134362	0.131085	0.343654	0.105508	0.0872462	0.142462	0.155631	0.0551	0.345462	0.122677	0.00471538	0.0122231	0.657292	0.00463846	0.00538462	0.00743077	0.00316923	0.662885	0.328369	0.0130923	0.270423	0.0669846	0	0	0	0	0.0716077	0.0269077	0.511585	0.0687692	0.143269	0.0739231	0.0647846	0.396892	
0.0279769	0.0161308	0.0136385	0.0129154	0.0407846	0.00945385	0.0078	0.0126231	0.00916154	0.00333077	0.0509769	0.00719231	0.000507692	0.00126923	0.0683615	0.000523077	0.000530769	0.000746154	0.000392308	0.0689923	0.0435	0.00213077	0.0104769	0.0145538	0	0	0	0	0.00987692	0.00345385	0.048	0.00933077	0.0164923	0.00891538	0.00776154	0.0374923	
0.0436846	0.0253308	0.0221231	0.0196846	0.0641769	0.0143923	0.0124846	0.0197692	0.0140846	0.00523077	0.0799692	0.0115385	0.000738462	0.00197692	0.107308	0.0008	0.000846154	0.00118462	0.000530769	0.108262	0.0674769	0.00344615	0.0158769	0.0240231	0	0	0	0	0.0155077	0.0058	0.0751769	0.0143385	0.0265	0.0138462	0.0113692	0.0591077	
0.0548846	0.0321923	0.0277231	0.0248462	0.0798077	0.0193538	0.0152	0.0252846	0.0180308	0.00659231	0.101054	0.0139692	0.0008	0.00243077	0.135623	0.000792308	0.000938462	0.00145385	0.000638462	0.136615	0.085	0.00446923	0.0208615	0.0293154	0	0	0	0	0.0191231	0.00702308	0.0960231	0.0174769	0.0334385	0.0165538	0.0144923	0.0751615	
0.0453385	0.0274385	0.0237	0.0196385	0.0733692	0.0131846	0.0111923	0.0183692	0.0134692	0.00461538	0.0875077	0.0105231	0.000661538	0.00215385	0.112515	0.000784615	0.0008	0.00137692	0.000546154	0.113392	0.0823154	0.00185385	0.0214615	0.0104846	0.0716077	0.00987692	0.0155077	0.0191231	0	0	0	0	0.0364385	0.0191077	0.0165846	0.0439846	
0.0168846	0.0101308	0.00875385	0.00741538	0.0271692	0.00497692	0.00411538	0.00692308	0.00461538	0.00180769	0.0327308	0.00403077	0.000284615	0.000676923	0.0419538	0.000269231	0.000323077	0.000376923	0.000223077	0.0422615	0.0303769	0.000661538	0.0081	0.00404615	0.0269077	0.00345385	0.0058	0.00702308	0	0	0	0	0.0136077	0.00689231	0.00616923	0.0165154	
0.280031	0.164	0.143308	0.143446	0.357677	0.118246	0.0970308	0.157831	0.166223	0.0592769	0.374646	0.130638	0.00506154	0.0130846	0.707546	0.00509231	0.0057	0.00788462	0.00342308	0.713777	0.333538	0.0192308	0.267469	0.110546	0.511585	0.048	0.0751769	0.0960231	0	0	0	0	0.135085	0.0700846	0.0599308	0.465685	
0.0440692	0.0257308	0.0220846	0.0180308	0.0702077	0.0123	0.0103923	0.0170154	0.0126	0.00455385	0.0825769	0.0101846	0.000753846	0.00198462	0.106569	0.000607692	0.000876923	0.00117692	0.000538462	0.107323	0.0781154	0.00139231	0.0206077	0.0098	0.0687692	0.00933077	0.0143385	0.0174769	0	0	0	0	0.0345692	0.0171538	0.0157231	0.0424692	
0.0861769	0.0507692	0.0429	0.0398538	0.119946	0.0317538	0.0258462	0.0421538	0.0341615	0.0120077	0.147185	0.0263462	0.00170769	0.00373077	0.212892	0.00136923	0.00165385	0.00226154	0.00103077	0.214754	0.127931	0.00454615	0.0597923	0.0274308	0.143269	0.0164923	0.0265	0.0334385	0.0364385	0.0136077	0.135085	0.0345692	0	0	0	0	
0.0437231	0.0257385	0.0220462	0.0217308	0.0609846	0.0161308	0.0136231	0.0225	0.0175692	0.00659231	0.0750231	0.0140538	0.000807692	0.00208462	0.109446	0.0009	0.000892308	0.00122308	0.000469231	0.110654	0.0665231	0.00201538	0.0309615	0.0137385	0.0739231	0.00891538	0.0138462	0.0165538	0.0191077	0.00689231	0.0700846	0.0171538	0	0	0	0	
0.0384615	0.0227308	0.0192154	0.018	0.0541077	0.0136538	0.0118615	0.0187846	0.0149	0.00522308	0.0659154	0.0123692	0.000507692	0.00169231	0.0957308	0.000476923	0.000946154	0.00105385	0.000515385	0.0958923	0.0579692	0.00189231	0.0265615	0.0119846	0.0647846	0.00776154	0.0113692	0.0144923	0.0165846	0.00616923	0.0599308	0.0157231	0	0	0	0	
0.217962	0.128062	0.113685	0.108946	0.293385	0.0871692	0.0714	0.1167	0.130277	0.0464308	0.289338	0.102608	0.00373846	0.0103923	0.550515	0.00400769	0.00420769	0.00627692	0.00271538	0.555454	0.271923	0.0146846	0.200323	0.0817231	0.396892	0.0374923	0.0591077	0.0751615	0.0439846	0.0165154	0.465685	0.0424692	0	0	0	0	
