0	0	0	0	0.2323	0.0328692	0.0283	0.0547846	0.0342615	0.0128615	0.263162	0.0379692	0.00265385	0.00259231	0.340538	0.00246923	0.00263846	0.00824615	0.00180769	0.335562	0.213815	0.0220308	0.0578154	0.0545923	0.166585	0.0537615	0.0315692	0.0963385	0.0625385	0.0340615	0.177892	0.0737615	0.0723385	0.0640846	0.0443231	0.167508	
0	0	0	0	0.215285	0.0314077	0.0264385	0.0515615	0.0332077	0.0121308	0.2437	0.0356538	0.00242308	0.0023	0.317792	0.00217692	0.00217692	0.00805385	0.00218462	0.312277	0.198769	0.0197154	0.0550846	0.0511231	0.157477	0.0494077	0.0282308	0.0895769	0.0589692	0.0312462	0.164092	0.0703846	0.066	0.0604385	0.0419615	0.156292	
0	0	0	0	0.125554	0.0181231	0.0160231	0.0293231	0.0193077	0.00694615	0.142138	0.0206308	0.00138462	0.0014	0.184785	0.00145385	0.00123077	0.00483077	0.00113846	0.181823	0.116915	0.0112692	0.0319231	0.0289154	0.092	0.0285154	0.0164923	0.0520154	0.0336923	0.0182462	0.0961769	0.0409077	0.0398	0.0338308	0.0239615	0.0914308	
0	0	0	0	0.0405308	0.0275846	0.0237154	0.0462	0.0180538	0.00672308	0.094	0.0192538	0.00116923	0.00111538	0.134869	0.000876923	0.000830769	0.00336154	0.000884615	0.132954	0.0885154	0.00808462	0.0232615	0.0181692	0.0722769	0.0188692	0.0107462	0.0361385	0.0214923	0.0117692	0.0785231	0.0262462	0.0281769	0.0245846	0.0177154	0.0675538	
0.2323	0.215285	0.125554	0.0405308	0	0	0	0	0.0463846	0.0172385	0.499838	0.0502077	0.00453077	0.00438462	0.600446	0.00430769	0.00411538	0.0148	0.00351538	0.591238	0.363146	0.0383462	0.102677	0.1095	0.272669	0.103238	0.0576462	0.180115	0.123338	0.0665538	0.275146	0.148631	0.1301	0.112831	0.0798615	0.290877	
0.0328692	0.0314077	0.0181231	0.0275846	0	0	0	0	0.0196615	0.00733846	0.0620692	0.0209154	0.000807692	0.000930769	0.107508	0.000738462	0.000723077	0.00283846	0.000792308	0.105631	0.0725	0.00649231	0.0191615	0.0118308	0.0631154	0.0131769	0.00813846	0.0255538	0.0151769	0.00793077	0.0698154	0.0170615	0.0214538	0.0198769	0.0136538	0.055	
0.0283	0.0264385	0.0160231	0.0237154	0	0	0	0	0.0164538	0.0063	0.0534923	0.0182308	0.0008	0.000753846	0.0922538	0.000669231	0.000592308	0.00238462	0.000546154	0.0909538	0.0625923	0.00561538	0.0157538	0.0105154	0.0530923	0.0115077	0.00721538	0.0226615	0.0125923	0.00696923	0.0594769	0.0154385	0.0183308	0.0173846	0.0116538	0.0471077	
0.0547846	0.0515615	0.0293231	0.0462	0	0	0	0	0.0223308	0.00778462	0.1276	0.0241538	0.00149231	0.00133846	0.177777	0.00126154	0.00144615	0.00446923	0.00116154	0.174792	0.119777	0.0106462	0.0304923	0.0209538	0.0994615	0.0226308	0.0140385	0.0457385	0.0255846	0.0138692	0.112246	0.0301692	0.0364308	0.0328462	0.0227923	0.0898	
0.0342615	0.0332077	0.0193077	0.0180538	0.0463846	0.0196615	0.0164538	0.0223308	0	0	0	0	0.000807692	0.000815385	0.102369	0.000838462	0.000723077	0.00256923	0.000615385	0.100923	0.0639077	0.00660769	0.0199	0.0144154	0.0654462	0.0103462	0.00692308	0.0221154	0.0122769	0.00669231	0.0713	0.0145615	0.0209	0.0187	0.0124769	0.0527538	
0.0128615	0.0121308	0.00694615	0.00672308	0.0172385	0.00733846	0.0063	0.00778462	0	0	0	0	0.000284615	0.000292308	0.0379154	0.000169231	0.000292308	0.000946154	0.000184615	0.0372385	0.0239462	0.00236923	0.00716923	0.00517692	0.0240462	0.004	0.00250769	0.00810769	0.00454615	0.00223846	0.0266077	0.00526923	0.00750769	0.00695385	0.00448462	0.0197154	
0.263162	0.2437	0.142138	0.094	0.499838	0.0620692	0.0534923	0.1276	0	0	0	0	0.00567692	0.00559231	0.726585	0.00514615	0.00511538	0.0181	0.00447692	0.715308	0.460515	0.0447769	0.120254	0.117454	0.327662	0.124885	0.0701	0.220354	0.146462	0.0796769	0.340477	0.176385	0.1567	0.136608	0.0972538	0.352438	
0.0379692	0.0356538	0.0206308	0.0192538	0.0502077	0.0209154	0.0182308	0.0241538	0	0	0	0	0.000861538	0.000707692	0.111115	0.000823077	0.000746154	0.00287692	0.000738462	0.109146	0.0696462	0.00734615	0.0207615	0.0157538	0.0711846	0.0113231	0.00750769	0.0234923	0.0134077	0.00671538	0.0783	0.0150846	0.0212077	0.0206769	0.0137462	0.0578769	
0.00265385	0.00242308	0.00138462	0.00116923	0.00453077	0.000807692	0.0008	0.00149231	0.000807692	0.000284615	0.00567692	0.000861538	0	0	0	0	3.84615e-05	0.000169231	5.38462e-05	0.00736923	0.00475385	0.000484615	0.00119231	0.0012	0.00375385	0.00120769	0.000592308	0.00207692	0.0012	0.000746154	0.00393077	0.00175385	0.00173846	0.00120769	0.001	0.00368462	
0.00259231	0.0023	0.0014	0.00111538	0.00438462	0.000930769	0.000753846	0.00133846	0.000815385	0.000292308	0.00559231	0.000707692	0	0	0	0	3.84615e-05	0.000184615	3.84615e-05	0.00714615	0.00439231	0.000561538	0.00131538	0.00113846	0.00367692	0.0011	0.000669231	0.00196154	0.00115385	0.000676923	0.00394615	0.00163077	0.00149231	0.0014	0.00100769	0.00350769	
0.340538	0.317792	0.184785	0.134869	0.600446	0.107508	0.0922538	0.177777	0.102369	0.0379154	0.726585	0.111115	0	0	0	0	0.00674615	0.0239692	0.00589231	0.941377	0.604823	0.0596077	0.164308	0.149246	0.477354	0.147215	0.0850769	0.268338	0.173208	0.0932923	0.504969	0.206515	0.201731	0.178977	0.125108	0.472169	
0.00246923	0.00217692	0.00145385	0.000876923	0.00430769	0.000738462	0.000669231	0.00126154	0.000838462	0.000169231	0.00514615	0.000823077	0	0	0	0	5.38462e-05	0.000169231	3.07692e-05	0.00672308	0.00404615	0.000446154	0.00126923	0.00121538	0.00355385	0.00103077	0.0007	0.00169231	0.00113077	0.000607692	0.00383846	0.0014	0.00135385	0.00135385	0.000846154	0.00342308	
0.00263846	0.00217692	0.00123077	0.000830769	0.00411538	0.000723077	0.000592308	0.00144615	0.000723077	0.000292308	0.00511538	0.000746154	3.84615e-05	3.84615e-05	0.00674615	5.38462e-05	0	0	0	0	0.00419231	0.000369231	0.00118462	0.00113077	0.00322308	0.00110769	0.000615385	0.00193077	0.00118462	0.000638462	0.00366154	0.00139231	0.00145385	0.00124615	0.000823077	0.00335385	
0.00824615	0.00805385	0.00483077	0.00336154	0.0148	0.00283846	0.00238462	0.00446923	0.00256923	0.000946154	0.0181	0.00287692	0.000169231	0.000184615	0.0239692	0.000169231	0	0	0	0	0.0149923	0.00141538	0.00418462	0.0039	0.0116769	0.00385385	0.00235385	0.00660769	0.00433077	0.00234615	0.0126385	0.00517692	0.00522308	0.00455385	0.00296923	0.0117462	
0.00180769	0.00218462	0.00113846	0.000884615	0.00351538	0.000792308	0.000546154	0.00116154	0.000615385	0.000184615	0.00447692	0.000738462	5.38462e-05	3.84615e-05	0.00589231	3.07692e-05	0	0	0	0	0.00364615	0.000292308	0.00111538	0.000961538	0.00287692	0.000946154	0.000507692	0.00168462	0.000969231	0.000561538	0.00306923	0.00141538	0.00116923	0.00114615	0.000730769	0.00296923	
0.335562	0.312277	0.181823	0.132954	0.591238	0.105631	0.0909538	0.174792	0.100923	0.0372385	0.715308	0.109146	0.00736923	0.00714615	0.941377	0.00672308	0	0	0	0	0.595185	0.0590231	0.1616	0.146808	0.470562	0.144646	0.0835615	0.263846	0.170208	0.0917769	0.497315	0.203315	0.198469	0.175992	0.123438	0.464715	
0.213815	0.198769	0.116915	0.0885154	0.363146	0.0725	0.0625923	0.119777	0.0639077	0.0239462	0.460515	0.0696462	0.00475385	0.00439231	0.604823	0.00404615	0.00419231	0.0149923	0.00364615	0.595185	0	0	0	0	0.299646	0.0918385	0.0508615	0.175669	0.117577	0.0632077	0.296923	0.140308	0.129631	0.113823	0.0806462	0.293915	
0.0220308	0.0197154	0.0112692	0.00808462	0.0383462	0.00649231	0.00561538	0.0106462	0.00660769	0.00236923	0.0447769	0.00734615	0.000484615	0.000561538	0.0596077	0.000446154	0.000369231	0.00141538	0.000292308	0.0590231	0	0	0	0	0.0303462	0.00838462	0.00490769	0.0174615	0.00904615	0.00475385	0.0358692	0.0114308	0.0118923	0.0109	0.00722308	0.0310846	
0.0578154	0.0550846	0.0319231	0.0232615	0.102677	0.0191615	0.0157538	0.0304923	0.0199	0.00716923	0.120254	0.0207615	0.00119231	0.00131538	0.164308	0.00126923	0.00118462	0.00418462	0.00111538	0.1616	0	0	0	0	0.108354	0.0224154	0.0140308	0.0232846	0.0248615	0.0135231	0.0999769	0.0297231	0.0338308	0.0300308	0.0208	0.0834231	
0.0545923	0.0511231	0.0289154	0.0181692	0.1095	0.0118308	0.0105154	0.0209538	0.0144154	0.00517692	0.117454	0.0157538	0.0012	0.00113846	0.149246	0.00121538	0.00113077	0.0039	0.000961538	0.146808	0	0	0	0	0.0499923	0.0279154	0.0172385	0.0576538	0.0252077	0.0138385	0.0839154	0.0298385	0.0309615	0.0281846	0.0192923	0.0743615	
0.166585	0.157477	0.092	0.0722769	0.272669	0.0631154	0.0530923	0.0994615	0.0654462	0.0240462	0.327662	0.0711846	0.00375385	0.00367692	0.477354	0.00355385	0.00322308	0.0116769	0.00287692	0.470562	0.299646	0.0303462	0.108354	0.0499923	0	0	0	0	0.0758231	0.0402231	0.283215	0.0890769	0.0995154	0.0877308	0.0609077	0.240185	
0.0537615	0.0494077	0.0285154	0.0188692	0.103238	0.0131769	0.0115077	0.0226308	0.0103462	0.004	0.124885	0.0113231	0.00120769	0.0011	0.147215	0.00103077	0.00110769	0.00385385	0.000946154	0.144646	0.0918385	0.00838462	0.0224154	0.0279154	0	0	0	0	0.0360923	0.0193231	0.0512462	0.0438923	0.0328231	0.0283231	0.0204923	0.0689154	
0.0315692	0.0282308	0.0164923	0.0107462	0.0576462	0.00813846	0.00721538	0.0140385	0.00692308	0.00250769	0.0701	0.00750769	0.000592308	0.000669231	0.0850769	0.0007	0.000615385	0.00235385	0.000507692	0.0835615	0.0508615	0.00490769	0.0140308	0.0172385	0	0	0	0	0.0152538	0.00823077	0.0444	0.0191538	0.0173692	0.0165615	0.0115154	0.0415923	
0.0963385	0.0895769	0.0520154	0.0361385	0.180115	0.0255538	0.0226615	0.0457385	0.0221154	0.00810769	0.220354	0.0234923	0.00207692	0.00196154	0.268338	0.00169231	0.00193077	0.00660769	0.00168462	0.263846	0.175669	0.0174615	0.0232846	0.0576538	0	0	0	0	0.0495231	0.0275462	0.137823	0.0591769	0.0566077	0.0503231	0.0350462	0.132092	
0.0625385	0.0589692	0.0336923	0.0214923	0.123338	0.0151769	0.0125923	0.0255846	0.0122769	0.00454615	0.146462	0.0134077	0.0012	0.00115385	0.173208	0.00113077	0.00118462	0.00433077	0.000969231	0.170208	0.117577	0.00904615	0.0248615	0.0252077	0.0758231	0.0360923	0.0152538	0.0495231	0	0	0	0	0.0433923	0.0344077	0.0265154	0.0723769	
0.0340615	0.0312462	0.0182462	0.0117692	0.0665538	0.00793077	0.00696923	0.0138692	0.00669231	0.00223846	0.0796769	0.00671538	0.000746154	0.000676923	0.0932923	0.000607692	0.000638462	0.00234615	0.000561538	0.0917769	0.0632077	0.00475385	0.0135231	0.0138385	0.0402231	0.0193231	0.00823077	0.0275462	0	0	0	0	0.0230846	0.0187231	0.0145308	0.0389846	
0.177892	0.164092	0.0961769	0.0785231	0.275146	0.0698154	0.0594769	0.112246	0.0713	0.0266077	0.340477	0.0783	0.00393077	0.00394615	0.504969	0.00383846	0.00366154	0.0126385	0.00306923	0.497315	0.296923	0.0358692	0.0999769	0.0839154	0.283215	0.0512462	0.0444	0.137823	0	0	0	0	0.0893846	0.0882462	0.0552154	0.283838	
0.0737615	0.0703846	0.0409077	0.0262462	0.148631	0.0170615	0.0154385	0.0301692	0.0145615	0.00526923	0.176385	0.0150846	0.00175385	0.00163077	0.206515	0.0014	0.00139231	0.00517692	0.00141538	0.203315	0.140308	0.0114308	0.0297231	0.0298385	0.0890769	0.0438923	0.0191538	0.0591769	0	0	0	0	0.0504538	0.0415615	0.0317	0.0875846	
0.0723385	0.066	0.0398	0.0281769	0.1301	0.0214538	0.0183308	0.0364308	0.0209	0.00750769	0.1567	0.0212077	0.00173846	0.00149231	0.201731	0.00135385	0.00145385	0.00522308	0.00116923	0.198469	0.129631	0.0118923	0.0338308	0.0309615	0.0995154	0.0328231	0.0173692	0.0566077	0.0433923	0.0230846	0.0893846	0.0504538	0	0	0	0	
0.0640846	0.0604385	0.0338308	0.0245846	0.112831	0.0198769	0.0173846	0.0328462	0.0187	0.00695385	0.136608	0.0206769	0.00120769	0.0014	0.178977	0.00135385	0.00124615	0.00455385	0.00114615	0.175992	0.113823	0.0109	0.0300308	0.0281846	0.0877308	0.0283231	0.0165615	0.0503231	0.0344077	0.0187231	0.0882462	0.0415615	0	0	0	0	
0.0443231	0.0419615	0.0239615	0.0177154	0.0798615	0.0136538	0.0116538	0.0227923	0.0124769	0.00448462	0.0972538	0.0137462	0.001	0.00100769	0.125108	0.000846154	0.000823077	0.00296923	0.000730769	0.123438	0.0806462	0.00722308	0.0208	0.0192923	0.0609077	0.0204923	0.0115154	0.0350462	0.0265154	0.0145308	0.0552154	0.0317	0	0	0	0	
0.167508	0.156292	0.0914308	0.0675538	0.290877	0.055	0.0471077	0.0898	0.0527538	0.0197154	0.352438	0.0578769	0.00368462	0.00350769	0.472169	0.00342308	0.00335385	0.0117462	0.00296923	0.464715	0.293915	0.0310846	0.0834231	0.0743615	0.240185	0.0689154	0.0415923	0.132092	0.0723769	0.0389846	0.283838	0.0875846	0	0	0	0	
