0	0	0	0	0.2414	0.0347538	0.0269	0.0572769	0.0366538	0.0142538	0.269923	0.0395	0.00324615	0.00246154	0.352808	0.00181538	0.00230769	0.00936923	0.00149231	0.347162	0.228077	0.0206538	0.0524615	0.0591385	0.179946	0.0521	0.0271462	0.101138	0.0701538	0.0357615	0.176085	0.0783308	0.0809154	0.0619231	0.0421462	0.175346	
0	0	0	0	0.211392	0.0313077	0.0239615	0.0495538	0.0318692	0.0120923	0.238108	0.0341462	0.00325385	0.00247692	0.308846	0.00163846	0.00215385	0.00776154	0.00121538	0.305085	0.198508	0.0187462	0.0459538	0.0530077	0.156462	0.0463923	0.0233538	0.0900077	0.0615538	0.0315154	0.155438	0.0677077	0.0709154	0.0542538	0.0365308	0.154515	
0	0	0	0	0.122869	0.0175538	0.0136923	0.0289538	0.0184154	0.0068	0.138231	0.0196231	0.00159231	0.00135385	0.1792	0.000923077	0.00114615	0.00463846	0.000715385	0.176569	0.115946	0.0103615	0.0259846	0.0307769	0.0898692	0.0281154	0.0133077	0.0517769	0.0362462	0.0186462	0.0882385	0.0399385	0.0405077	0.032	0.0211231	0.0894385	
0	0	0	0	0.0412231	0.0295	0.0226846	0.0469769	0.0179462	0.00643846	0.0960615	0.0199385	0.00121538	0.000946154	0.137469	0.000753846	0.000907692	0.00362308	0.000446154	0.135408	0.0929846	0.00766923	0.0207538	0.0189769	0.0748769	0.0184462	0.0103846	0.0366769	0.0237923	0.0114308	0.0786077	0.0265538	0.0304846	0.0240538	0.0160385	0.0698077	
0.2414	0.211392	0.122869	0.0412231	0	0	0	0	0.0466923	0.0179	0.501831	0.0504615	0.00572308	0.00441538	0.603438	0.00330769	0.00388462	0.0149846	0.00243077	0.595585	0.373223	0.0355923	0.0890231	0.119046	0.283062	0.0998769	0.0488923	0.185054	0.135938	0.0691615	0.261531	0.150254	0.141438	0.107892	0.0736615	0.293892	
0.0347538	0.0313077	0.0175538	0.0295	0	0	0	0	0.0210615	0.00798462	0.0613077	0.0227615	0.00112308	0.000815385	0.110592	0.000584615	0.000761538	0.00324615	0.000423077	0.108685	0.0778538	0.00643077	0.0165308	0.0123	0.0662615	0.0123538	0.00709231	0.0274077	0.0158692	0.00811538	0.0717154	0.0174154	0.0241923	0.0187462	0.0121692	0.0580077	
0.0269	0.0239615	0.0136923	0.0226846	0	0	0	0	0.0160538	0.00618462	0.0479	0.0171	0.000823077	0.000761538	0.0852308	0.000423077	0.000676923	0.00242308	0.000307692	0.0838308	0.0597692	0.00503077	0.0125231	0.00991538	0.0505385	0.0103231	0.00554615	0.0208308	0.0121077	0.00602308	0.0552692	0.0138385	0.0180462	0.0144154	0.00993077	0.0448462	
0.0572769	0.0495538	0.0289538	0.0469769	0	0	0	0	0.0210769	0.00751538	0.131285	0.0228846	0.00163846	0.00124615	0.179062	0.000815385	0.00119231	0.00473846	0.000707692	0.176123	0.124669	0.0103769	0.0270769	0.0206385	0.101292	0.0225	0.0126615	0.0463077	0.0278308	0.0140538	0.109854	0.0310231	0.0391462	0.0311769	0.0200769	0.0923615	
0.0366538	0.0318692	0.0184154	0.0179462	0.0466923	0.0210615	0.0160538	0.0210769	0	0	0	0	0.00103077	0.000892308	0.102408	0.000553846	0.000830769	0.00316154	0.000507692	0.100385	0.0705846	0.00565385	0.0152615	0.0133846	0.0666538	0.00981538	0.00601538	0.0224	0.0127538	0.00623077	0.0717385	0.0141615	0.0215923	0.0176923	0.0109077	0.0546923	
0.0142538	0.0120923	0.0068	0.00643846	0.0179	0.00798462	0.00618462	0.00751538	0	0	0	0	0.000346154	0.000315385	0.0387385	0.000184615	0.000223077	0.00114615	0.000253846	0.0379615	0.0265923	0.00204615	0.0059	0.00504615	0.0252231	0.00373077	0.00232308	0.00830769	0.00467692	0.00248462	0.0268308	0.00559231	0.00841538	0.00628462	0.00427692	0.0206077	
0.269923	0.238108	0.138231	0.0960615	0.501831	0.0613077	0.0479	0.131285	0	0	0	0	0.00675385	0.00519231	0.726677	0.0037	0.00450769	0.0175538	0.00273077	0.717531	0.4622	0.0435308	0.107592	0.129	0.337338	0.120546	0.0595769	0.224862	0.160269	0.0816077	0.322915	0.177531	0.169162	0.129023	0.0887769	0.355362	
0.0395	0.0341462	0.0196231	0.0199385	0.0504615	0.0227615	0.0171	0.0228846	0	0	0	0	0.00117692	0.000838462	0.1105	0.000692308	0.000953846	0.00353077	0.000376923	0.108346	0.0761385	0.0062	0.0164	0.0144692	0.0719385	0.0109615	0.00627692	0.0240308	0.0140462	0.00703077	0.0768846	0.0152462	0.0236538	0.0192308	0.0118769	0.0584462	
0.00324615	0.00325385	0.00159231	0.00121538	0.00572308	0.00112308	0.000823077	0.00163846	0.00103077	0.000346154	0.00675385	0.00117692	0	0	0	0	6.15385e-05	0.000353846	3.07692e-05	0.00886154	0.00593846	0.000661538	0.00122308	0.00148462	0.00463077	0.00151538	0.000715385	0.00244615	0.00172308	0.000807692	0.00472308	0.00205385	0.00196923	0.00163846	0.00109231	0.00460769	
0.00246154	0.00247692	0.00135385	0.000946154	0.00441538	0.000815385	0.000761538	0.00124615	0.000892308	0.000315385	0.00519231	0.000838462	0	0	0	0	4.61538e-05	0.000192308	7.69231e-06	0.00699231	0.00463077	0.000461538	0.000984615	0.00116154	0.00354615	0.000984615	0.000615385	0.00209231	0.00153077	0.000569231	0.00361538	0.00152308	0.00160769	0.00106154	0.000776923	0.00379231	
0.352808	0.308846	0.1792	0.137469	0.603438	0.110592	0.0852308	0.179062	0.102408	0.0387385	0.726677	0.1105	0	0	0	0	0.00635385	0.0247846	0.00380769	0.943377	0.6218	0.0561077	0.142131	0.158285	0.490285	0.141838	0.0725385	0.273662	0.187408	0.0954615	0.487469	0.207985	0.218138	0.168592	0.113362	0.478231	
0.00181538	0.00163846	0.000923077	0.000753846	0.00330769	0.000584615	0.000423077	0.000815385	0.000553846	0.000184615	0.0037	0.000692308	0	0	0	0	5.38462e-05	6.15385e-05	2.30769e-05	0.00499231	0.00314615	0.0002	0.000815385	0.000969231	0.00269231	0.000715385	0.000323077	0.0014	0.00108462	0.000515385	0.00256154	0.000969231	0.00110769	0.000938462	0.000607692	0.00247692	
0.00230769	0.00215385	0.00114615	0.000907692	0.00388462	0.000761538	0.000676923	0.00119231	0.000830769	0.000223077	0.00450769	0.000953846	6.15385e-05	4.61538e-05	0.00635385	5.38462e-05	0	0	0	0	0.00418462	0.000415385	0.00106154	0.000853846	0.00342308	0.000892308	0.000469231	0.00173077	0.00118462	0.0007	0.00333846	0.00129231	0.00141538	0.00108462	0.000576923	0.00343846	
0.00936923	0.00776154	0.00463846	0.00362308	0.0149846	0.00324615	0.00242308	0.00473846	0.00316154	0.00114615	0.0175538	0.00353077	0.000353846	0.000192308	0.0247846	6.15385e-05	0	0	0	0	0.0160077	0.00163077	0.00346154	0.00429231	0.0131308	0.00342308	0.00183077	0.00700769	0.00463077	0.00226154	0.0134	0.0051	0.00566154	0.00455385	0.00306154	0.0121154	
0.00149231	0.00121538	0.000715385	0.000446154	0.00243077	0.000423077	0.000307692	0.000707692	0.000507692	0.000253846	0.00273077	0.000376923	3.07692e-05	7.69231e-06	0.00380769	2.30769e-05	0	0	0	0	0.00237692	0.000215385	0.000576923	0.0007	0.00200769	0.000576923	0.000269231	0.00101538	0.000730769	0.000392308	0.00187692	0.000869231	0.000953846	0.000669231	0.000392308	0.00185385	
0.347162	0.305085	0.176569	0.135408	0.595585	0.108685	0.0838308	0.176123	0.100385	0.0379615	0.717531	0.108346	0.00886154	0.00699231	0.943377	0.00499231	0	0	0	0	0.612946	0.0551692	0.140054	0.156054	0.482592	0.140162	0.0716231	0.269846	0.1852	0.094	0.479754	0.205269	0.214792	0.165923	0.111808	0.4717	
0.228077	0.198508	0.115946	0.0929846	0.373223	0.0778538	0.0597692	0.124669	0.0705846	0.0265923	0.4622	0.0761385	0.00593846	0.00463077	0.6218	0.00314615	0.00418462	0.0160077	0.00237692	0.612946	0	0	0	0	0.3207	0.0897462	0.0442	0.180869	0.1307	0.0662	0.292969	0.145646	0.142769	0.109915	0.0753538	0.307477	
0.0206538	0.0187462	0.0103615	0.00766923	0.0355923	0.00643077	0.00503077	0.0103769	0.00565385	0.00204615	0.0435308	0.0062	0.000661538	0.000461538	0.0561077	0.0002	0.000415385	0.00163077	0.000215385	0.0551692	0	0	0	0	0.0289615	0.00776923	0.0043	0.0164	0.00927692	0.00473846	0.0332231	0.0101923	0.0125	0.00976154	0.00639231	0.0287769	
0.0524615	0.0459538	0.0259846	0.0207538	0.0890231	0.0165308	0.0125231	0.0270769	0.0152615	0.0059	0.107592	0.0164	0.00122308	0.000984615	0.142131	0.000815385	0.00106154	0.00346154	0.000576923	0.140054	0	0	0	0	0.0978231	0.0184308	0.0100308	0.0188692	0.0235769	0.0114846	0.0850846	0.0250077	0.0313615	0.0248769	0.0159769	0.0729385	
0.0591385	0.0530077	0.0307769	0.0189769	0.119046	0.0123	0.00991538	0.0206385	0.0133846	0.00504615	0.129	0.0144692	0.00148462	0.00116154	0.158285	0.000969231	0.000853846	0.00429231	0.0007	0.156054	0	0	0	0	0.0536692	0.0291077	0.0156615	0.0634615	0.0281923	0.0149308	0.0870923	0.0316846	0.0361923	0.0276769	0.0181154	0.0799154	
0.179946	0.156462	0.0898692	0.0748769	0.283062	0.0662615	0.0505385	0.101292	0.0666538	0.0252231	0.337338	0.0719385	0.00463077	0.00354615	0.490285	0.00269231	0.00342308	0.0131308	0.00200769	0.482592	0.3207	0.0289615	0.0978231	0.0536692	0	0	0	0	0.0844769	0.0439385	0.277931	0.0948077	0.109546	0.0854769	0.0560308	0.2501	
0.0521	0.0463923	0.0281154	0.0184462	0.0998769	0.0123538	0.0103231	0.0225	0.00981538	0.00373077	0.120546	0.0109615	0.00151538	0.000984615	0.141838	0.000715385	0.000892308	0.00342308	0.000576923	0.140162	0.0897462	0.00776923	0.0184308	0.0291077	0	0	0	0	0.0385692	0.0198231	0.0447231	0.0419385	0.0348462	0.0259615	0.0179308	0.0663154	
0.0271462	0.0233538	0.0133077	0.0103846	0.0488923	0.00709231	0.00554615	0.0126615	0.00601538	0.00232308	0.0595769	0.00627692	0.000715385	0.000615385	0.0725385	0.000323077	0.000469231	0.00183077	0.000269231	0.0716231	0.0442	0.0043	0.0100308	0.0156615	0	0	0	0	0.0142769	0.00711538	0.0370308	0.0157692	0.016	0.0126308	0.00861538	0.0369462	
0.101138	0.0900077	0.0517769	0.0366769	0.185054	0.0274077	0.0208308	0.0463077	0.0224	0.00830769	0.224862	0.0240308	0.00244615	0.00209231	0.273662	0.0014	0.00173077	0.00700769	0.00101538	0.269846	0.180869	0.0164	0.0188692	0.0634615	0	0	0	0	0.0544231	0.0264769	0.138685	0.0600154	0.0624308	0.0481615	0.0332615	0.135746	
0.0701538	0.0615538	0.0362462	0.0237923	0.135938	0.0158692	0.0121077	0.0278308	0.0127538	0.00467692	0.160269	0.0140462	0.00172308	0.00153077	0.187408	0.00108462	0.00118462	0.00463077	0.000730769	0.1852	0.1307	0.00927692	0.0235769	0.0281923	0.0844769	0.0385692	0.0142769	0.0544231	0	0	0	0	0.0504923	0.0352231	0.0262615	0.0797692	
0.0357615	0.0315154	0.0186462	0.0114308	0.0691615	0.00811538	0.00602308	0.0140538	0.00623077	0.00248462	0.0816077	0.00703077	0.000807692	0.000569231	0.0954615	0.000515385	0.0007	0.00226154	0.000392308	0.094	0.0662	0.00473846	0.0114846	0.0149308	0.0439385	0.0198231	0.00711538	0.0264769	0	0	0	0	0.0259923	0.0178615	0.0136923	0.0398077	
0.176085	0.155438	0.0882385	0.0786077	0.261531	0.0717154	0.0552692	0.109854	0.0717385	0.0268308	0.322915	0.0768846	0.00472308	0.00361538	0.487469	0.00256154	0.00333846	0.0134	0.00187692	0.479754	0.292969	0.0332231	0.0850846	0.0870923	0.277931	0.0447231	0.0370308	0.138685	0	0	0	0	0.0888538	0.0820692	0.0467077	0.280738	
0.0783308	0.0677077	0.0399385	0.0265538	0.150254	0.0174154	0.0138385	0.0310231	0.0141615	0.00559231	0.177531	0.0152462	0.00205385	0.00152308	0.207985	0.000969231	0.00129231	0.0051	0.000869231	0.205269	0.145646	0.0101923	0.0250077	0.0316846	0.0948077	0.0419385	0.0157692	0.0600154	0	0	0	0	0.0574846	0.0370769	0.0291769	0.0887923	
0.0809154	0.0709154	0.0405077	0.0304846	0.141438	0.0241923	0.0180462	0.0391462	0.0215923	0.00841538	0.169162	0.0236538	0.00196923	0.00160769	0.218138	0.00110769	0.00141538	0.00566154	0.000953846	0.214792	0.142769	0.0125	0.0313615	0.0361923	0.109546	0.0348462	0.016	0.0624308	0.0504923	0.0259923	0.0888538	0.0574846	0	0	0	0	
0.0619231	0.0542538	0.032	0.0240538	0.107892	0.0187462	0.0144154	0.0311769	0.0176923	0.00628462	0.129023	0.0192308	0.00163846	0.00106154	0.168592	0.000938462	0.00108462	0.00455385	0.000669231	0.165923	0.109915	0.00976154	0.0248769	0.0276769	0.0854769	0.0259615	0.0126308	0.0481615	0.0352231	0.0178615	0.0820692	0.0370769	0	0	0	0	
0.0421462	0.0365308	0.0211231	0.0160385	0.0736615	0.0121692	0.00993077	0.0200769	0.0109077	0.00427692	0.0887769	0.0118769	0.00109231	0.000776923	0.113362	0.000607692	0.000576923	0.00306154	0.000392308	0.111808	0.0753538	0.00639231	0.0159769	0.0181154	0.0560308	0.0179308	0.00861538	0.0332615	0.0262615	0.0136923	0.0467077	0.0291769	0	0	0	0	
0.175346	0.154515	0.0894385	0.0698077	0.293892	0.0580077	0.0448462	0.0923615	0.0546923	0.0206077	0.355362	0.0584462	0.00460769	0.00379231	0.478231	0.00247692	0.00343846	0.0121154	0.00185385	0.4717	0.307477	0.0287769	0.0729385	0.0799154	0.2501	0.0663154	0.0369462	0.135746	0.0797692	0.0398077	0.280738	0.0887923	0	0	0	0	
