0	0	0	0	0.225377	0.0364615	0.0365846	0.0438077	0.0401385	0.0130846	0.257869	0.0311385	0.00118462	0.000961538	0.338885	0.0012	0.00130769	0.0133308	0.00112308	0.326469	0.203223	0.0163769	0.103246	0.0193846	0.226085	0.0318462	0.0397538	0.0445462	0.0392	0.0243462	0.246146	0.0325385	0.0668154	0.0518923	0.0597769	0.163746	
0	0	0	0	0.215731	0.0366077	0.0352615	0.0432231	0.0379846	0.0127231	0.249923	0.0301923	0.00123077	0.00103077	0.327377	0.00118462	0.00113077	0.0124615	0.00126154	0.315969	0.195354	0.0156385	0.100185	0.0196462	0.219254	0.0296231	0.0385846	0.0433615	0.0377462	0.0230308	0.239023	0.0310231	0.0632769	0.0488846	0.0586077	0.160054	
0	0	0	0	0.125138	0.0205154	0.0200462	0.0246	0.0229615	0.00711538	0.142654	0.0175692	0.000676923	0.000592308	0.188431	0.0006	0.000776923	0.00727692	0.000523077	0.181723	0.112046	0.00898462	0.0584231	0.0108462	0.126438	0.0173077	0.0220154	0.0245385	0.0215846	0.0136385	0.136231	0.0188462	0.0371	0.0285308	0.0339077	0.0907615	
0	0	0	0	0.0378077	0.0308231	0.0306385	0.0373769	0.0208923	0.00668462	0.0927538	0.0163154	0.000569231	0.000430769	0.135146	0.0005	0.000469231	0.00543077	0.0004	0.130346	0.0790923	0.00633846	0.0434	0.00781538	0.0925231	0.0116154	0.0156308	0.0168769	0.0116769	0.00773077	0.106415	0.0108231	0.0255	0.0186154	0.0225538	0.0699769	
0.225377	0.215731	0.125138	0.0378077	0	0	0	0	0.0525077	0.0172615	0.493769	0.0405154	0.00216154	0.0018	0.598069	0.00202308	0.0023	0.0231308	0.00207692	0.576546	0.363477	0.0296154	0.175769	0.0351923	0.394869	0.0557923	0.0725692	0.0808231	0.0812923	0.0507769	0.402938	0.0690462	0.122608	0.0941692	0.111892	0.275385	
0.0364615	0.0366077	0.0205154	0.0308231	0	0	0	0	0.0218692	0.00711538	0.0781308	0.0172923	0.0004	0.000423077	0.123177	0.000407692	0.000507692	0.00470769	0.0004	0.118792	0.0709769	0.00563077	0.0408846	0.00691538	0.0847154	0.0103769	0.0139846	0.0153308	0.00913846	0.00593846	0.1021	0.00723077	0.0216692	0.0172154	0.0201077	0.0654154	
0.0365846	0.0352615	0.0200462	0.0306385	0	0	0	0	0.0211846	0.00692308	0.0772692	0.0171538	0.000492308	0.000384615	0.121169	0.000484615	0.000376923	0.00477692	0.000315385	0.117062	0.0695462	0.00526923	0.0404385	0.00727692	0.0841308	0.0106538	0.0130154	0.0147308	0.00914615	0.00534615	0.100262	0.00777692	0.0219615	0.0162	0.0195846	0.0647846	
0.0438077	0.0432231	0.0246	0.0373769	0	0	0	0	0.0264154	0.00830769	0.0940308	0.0202538	0.000607692	0.000407692	0.147423	0.000569231	0.0005	0.00588462	0.000515385	0.142108	0.0857154	0.00682308	0.0481615	0.00830769	0.100585	0.0135692	0.0164154	0.0184385	0.0106308	0.00668462	0.122515	0.00917692	0.0264538	0.0203385	0.0232615	0.0789538	
0.0401385	0.0379846	0.0229615	0.0208923	0.0525077	0.0218692	0.0211846	0.0264154	0	0	0	0	0.000515385	0.000338462	0.120685	0.000438462	0.000415385	0.00461538	0.000484615	0.116462	0.0714077	0.00541538	0.0381538	0.007	0.0831923	0.0104538	0.0134385	0.0148923	0.0109615	0.00664615	0.0952308	0.00913846	0.0151462	0.0119846	0.0130692	0.0817769	
0.0130846	0.0127231	0.00711538	0.00668462	0.0172615	0.00711538	0.00692308	0.00830769	0	0	0	0	0.000115385	0.000138462	0.0392308	0.000123077	0.000123077	0.00147692	0.000169231	0.0378385	0.0230692	0.00177692	0.0125462	0.00221538	0.0266769	0.00372308	0.0043	0.00490769	0.00358462	0.00209231	0.0310385	0.00289231	0.00476923	0.0041	0.00475385	0.0259846	
0.257869	0.249923	0.142654	0.0927538	0.493769	0.0781308	0.0772692	0.0940308	0	0	0	0	0.00263077	0.00226154	0.735662	0.00264615	0.00274615	0.0286308	0.00234615	0.709477	0.440146	0.0356462	0.224277	0.0431308	0.490808	0.0679615	0.0871462	0.0972846	0.0871615	0.0550846	0.527046	0.0739077	0.161246	0.123046	0.146146	0.312762	
0.0311385	0.0301923	0.0175692	0.0163154	0.0405154	0.0172923	0.0171538	0.0202538	0	0	0	0	0.0004	0.000276923	0.0942615	0.000276923	0.0004	0.00377692	0.000307692	0.0907308	0.0550923	0.0045	0.0302769	0.00534615	0.0636231	0.00825385	0.0111	0.0122385	0.0085	0.00492308	0.0745	0.00729231	0.0115308	0.00879231	0.0108769	0.0640154	
0.00118462	0.00123077	0.000676923	0.000569231	0.00216154	0.0004	0.000492308	0.000607692	0.000515385	0.000115385	0.00263077	0.0004	0	0	0	0	7.69231e-06	0.000153846	2.30769e-05	0.00347692	0.00219231	0.000223077	0.00111538	0.000130769	0.00246154	0.000361538	0.000415385	0.000423077	0.000292308	0.000269231	0.00276923	0.000330769	0.000615385	0.000607692	0.000584615	0.00185385	
0.000961538	0.00103077	0.000592308	0.000430769	0.0018	0.000423077	0.000384615	0.000407692	0.000338462	0.000138462	0.00226154	0.000276923	0	0	0	0	7.69231e-06	7.69231e-05	1.53846e-05	0.00291538	0.00170769	0.000169231	0.000969231	0.000169231	0.00198462	0.0003	0.000407692	0.000323077	0.000384615	0.000215385	0.00206923	0.000346154	0.000630769	0.000461538	0.000507692	0.00141538	
0.338885	0.327377	0.188431	0.135146	0.598069	0.123177	0.121169	0.147423	0.120685	0.0392308	0.735662	0.0942615	0	0	0	0	0.00365385	0.0381308	0.00324615	0.944808	0.583723	0.0468385	0.302123	0.0571538	0.657385	0.0894538	0.114862	0.128138	0.109231	0.0680308	0.720308	0.0922692	0.1908	0.146285	0.173169	0.479585	
0.0012	0.00118462	0.0006	0.0005	0.00202308	0.000407692	0.000484615	0.000569231	0.000438462	0.000123077	0.00264615	0.000276923	0	0	0	0	1.53846e-05	0.000138462	2.30769e-05	0.00330769	0.00209231	0.000107692	0.00104615	0.000238462	0.00246923	0.000276923	0.0003	0.000438462	0.0003	0.000230769	0.00266923	0.000284615	0.000646154	0.000569231	0.000584615	0.00168462	
0.00130769	0.00113077	0.000776923	0.000469231	0.0023	0.000507692	0.000376923	0.0005	0.000415385	0.000123077	0.00274615	0.0004	7.69231e-06	7.69231e-06	0.00365385	1.53846e-05	0	0	0	0	0.00209231	0.0002	0.00116154	0.000230769	0.0025	0.000276923	0.000392308	0.000515385	0.000407692	0.000284615	0.00269231	0.0003	0.000753846	0.000469231	0.000569231	0.00189231	
0.0133308	0.0124615	0.00727692	0.00543077	0.0231308	0.00470769	0.00477692	0.00588462	0.00461538	0.00147692	0.0286308	0.00377692	0.000153846	7.69231e-05	0.0381308	0.000138462	0	0	0	0	0.0225538	0.00171538	0.0119385	0.00229231	0.0259615	0.00340769	0.00419231	0.00493846	0.00416154	0.00274615	0.0283769	0.00321538	0.00754615	0.00573077	0.00685385	0.0183692	
0.00112308	0.00126154	0.000523077	0.0004	0.00207692	0.0004	0.000315385	0.000515385	0.000484615	0.000169231	0.00234615	0.000307692	2.30769e-05	1.53846e-05	0.00324615	2.30769e-05	0	0	0	0	0.002	0.000115385	0.00101538	0.000176923	0.00228462	0.000315385	0.000346154	0.000361538	0.000261538	0.000176923	0.00253077	0.000338462	0.000653846	0.000446154	0.000546154	0.00166154	
0.326469	0.315969	0.181723	0.130346	0.576546	0.118792	0.117062	0.142108	0.116462	0.0378385	0.709477	0.0907308	0.00347692	0.00291538	0.944808	0.00330769	0	0	0	0	0.563069	0.0453077	0.291138	0.0549923	0.633554	0.0863923	0.111054	0.123508	0.105377	0.0655385	0.694215	0.0893769	0.183738	0.141277	0.166877	0.462615	
0.203223	0.195354	0.112046	0.0790923	0.363477	0.0709769	0.0695462	0.0857154	0.0714077	0.0230692	0.440146	0.0550923	0.00219231	0.00170769	0.583723	0.00209231	0.00209231	0.0225538	0.002	0.563069	0	0	0	0	0.384646	0.0550538	0.0708154	0.0792	0.0802846	0.0499154	0.390877	0.0686385	0.116646	0.0888923	0.106454	0.277723	
0.0163769	0.0156385	0.00898462	0.00633846	0.0296154	0.00563077	0.00526923	0.00682308	0.00541538	0.00177692	0.0356462	0.0045	0.000223077	0.000169231	0.0468385	0.000107692	0.0002	0.00171538	0.000115385	0.0453077	0	0	0	0	0.0308692	0.00453077	0.00583846	0.0061	0.00660769	0.00417692	0.0312385	0.00531538	0.00917692	0.00733077	0.00885385	0.0219769	
0.103246	0.100185	0.0584231	0.0434	0.175769	0.0408846	0.0404385	0.0481615	0.0381538	0.0125462	0.224277	0.0302769	0.00111538	0.000969231	0.302123	0.00104615	0.00116154	0.0119385	0.00101538	0.291138	0	0	0	0	0.211323	0.0250692	0.0326615	0.0362	0.0158615	0.00994615	0.266677	0.0127692	0.0559077	0.0424923	0.0491308	0.157723	
0.0193846	0.0196462	0.0108462	0.00781538	0.0351923	0.00691538	0.00727692	0.00830769	0.007	0.00221538	0.0431308	0.00534615	0.000130769	0.000169231	0.0571538	0.000238462	0.000230769	0.00229231	0.000176923	0.0549923	0	0	0	0	0.0374615	0.00573846	0.00666923	0.00782308	0.00745385	0.00470769	0.0390231	0.00650769	0.0109615	0.00920769	0.0104077	0.0271154	
0.226085	0.219254	0.126438	0.0925231	0.394869	0.0847154	0.0841308	0.100585	0.0831923	0.0266769	0.490808	0.0636231	0.00246154	0.00198462	0.657385	0.00246923	0.0025	0.0259615	0.00228462	0.633554	0.384646	0.0308692	0.211323	0.0374615	0	0	0	0	0.0590923	0.0366692	0.519869	0.0486692	0.125408	0.0958385	0.113908	0.329146	
0.0318462	0.0296231	0.0173077	0.0116154	0.0557923	0.0103769	0.0106538	0.0135692	0.0104538	0.00372308	0.0679615	0.00825385	0.000361538	0.0003	0.0894538	0.000276923	0.000276923	0.00340769	0.000315385	0.0863923	0.0550538	0.00453077	0.0250692	0.00573846	0	0	0	0	0.0136769	0.00880769	0.0560308	0.0118769	0.0181	0.0141615	0.0165154	0.0416154	
0.0397538	0.0385846	0.0220154	0.0156308	0.0725692	0.0139846	0.0130154	0.0164154	0.0134385	0.0043	0.0871462	0.0111	0.000415385	0.000407692	0.114862	0.0003	0.000392308	0.00419231	0.000346154	0.111054	0.0708154	0.00583846	0.0326615	0.00666923	0	0	0	0	0.0175385	0.0110077	0.0720692	0.0153692	0.0235462	0.0183	0.0210615	0.0530769	
0.0445462	0.0433615	0.0245385	0.0168769	0.0808231	0.0153308	0.0147308	0.0184385	0.0148923	0.00490769	0.0972846	0.0122385	0.000423077	0.000323077	0.128138	0.000438462	0.000515385	0.00493846	0.000361538	0.123508	0.0792	0.0061	0.0362	0.00782308	0	0	0	0	0.0199	0.0122615	0.0798462	0.0173154	0.0256385	0.0196231	0.0233615	0.0607	
0.0392	0.0377462	0.0215846	0.0116769	0.0812923	0.00913846	0.00914615	0.0106308	0.0109615	0.00358462	0.0871615	0.0085	0.000292308	0.000384615	0.109231	0.0003	0.000407692	0.00416154	0.000261538	0.105377	0.0802846	0.00660769	0.0158615	0.00745385	0.0590923	0.0136769	0.0175385	0.0199	0	0	0	0	0.0278231	0.0211538	0.0252385	0.0359923	
0.0243462	0.0230308	0.0136385	0.00773077	0.0507769	0.00593846	0.00534615	0.00668462	0.00664615	0.00209231	0.0550846	0.00492308	0.000269231	0.000215385	0.0680308	0.000230769	0.000284615	0.00274615	0.000176923	0.0655385	0.0499154	0.00417692	0.00994615	0.00470769	0.0366692	0.00880769	0.0110077	0.0122615	0	0	0	0	0.0172692	0.0131923	0.0159692	0.0223154	
0.246146	0.239023	0.136231	0.106415	0.402938	0.1021	0.100262	0.122515	0.0952308	0.0310385	0.527046	0.0745	0.00276923	0.00206923	0.720308	0.00266923	0.00269231	0.0283769	0.00253077	0.694215	0.390877	0.0312385	0.266677	0.0390231	0.519869	0.0560308	0.0720692	0.0798462	0	0	0	0	0.124146	0.0956538	0.112462	0.395554	
0.0325385	0.0310231	0.0188462	0.0108231	0.0690462	0.00723077	0.00777692	0.00917692	0.00913846	0.00289231	0.0739077	0.00729231	0.000330769	0.000346154	0.0922692	0.000284615	0.0003	0.00321538	0.000338462	0.0893769	0.0686385	0.00531538	0.0127692	0.00650769	0.0486692	0.0118769	0.0153692	0.0173154	0	0	0	0	0.0234538	0.0179231	0.0211769	0.0306769	
0.0668154	0.0632769	0.0371	0.0255	0.122608	0.0216692	0.0219615	0.0264538	0.0151462	0.00476923	0.161246	0.0115308	0.000615385	0.000630769	0.1908	0.000646154	0.000753846	0.00754615	0.000653846	0.183738	0.116646	0.00917692	0.0559077	0.0109615	0.125408	0.0181	0.0235462	0.0256385	0.0278231	0.0172692	0.124146	0.0234538	0	0	0	0	
0.0518923	0.0488846	0.0285308	0.0186154	0.0941692	0.0172154	0.0162	0.0203385	0.0119846	0.0041	0.123046	0.00879231	0.000607692	0.000461538	0.146285	0.000569231	0.000469231	0.00573077	0.000446154	0.141277	0.0888923	0.00733077	0.0424923	0.00920769	0.0958385	0.0141615	0.0183	0.0196231	0.0211538	0.0131923	0.0956538	0.0179231	0	0	0	0	
0.0597769	0.0586077	0.0339077	0.0225538	0.111892	0.0201077	0.0195846	0.0232615	0.0130692	0.00475385	0.146146	0.0108769	0.000584615	0.000507692	0.173169	0.000584615	0.000569231	0.00685385	0.000546154	0.166877	0.106454	0.00885385	0.0491308	0.0104077	0.113908	0.0165154	0.0210615	0.0233615	0.0252385	0.0159692	0.112462	0.0211769	0	0	0	0	
0.163746	0.160054	0.0907615	0.0699769	0.275385	0.0654154	0.0647846	0.0789538	0.0817769	0.0259846	0.312762	0.0640154	0.00185385	0.00141538	0.479585	0.00168462	0.00189231	0.0183692	0.00166154	0.462615	0.277723	0.0219769	0.157723	0.0271154	0.329146	0.0416154	0.0530769	0.0607	0.0359923	0.0223154	0.395554	0.0306769	0	0	0	0	
