0	0	0	0	0.238331	0.0339615	0.0263385	0.0574538	0.0347923	0.0151538	0.268246	0.0378923	0.0062	0.00115385	0.345023	0.00370769	0.0049	0.00486154	0.00155385	0.344769	0.229146	0.0185154	0.0453462	0.0630769	0.186085	0.0502	0.0218154	0.0979846	0.0768	0.0360462	0.167877	0.0753615	0.0828538	0.0533923	0.0409462	0.178892	
0	0	0	0	0.211646	0.0314846	0.0232846	0.0512846	0.0317615	0.0134846	0.238723	0.0337308	0.00569231	0.0011	0.3077	0.00320769	0.00412308	0.00484615	0.00161538	0.307115	0.203954	0.0172462	0.0401846	0.0563154	0.163969	0.0459	0.0195846	0.0882462	0.0685077	0.0325154	0.149238	0.0674385	0.0744154	0.0486308	0.0354769	0.159177	
0	0	0	0	0.121331	0.0171462	0.0130154	0.0286846	0.0173923	0.00766923	0.1363	0.0188154	0.00336154	0.000515385	0.174662	0.00163846	0.00229231	0.00263077	0.0007	0.174554	0.115946	0.00993846	0.0230231	0.0312692	0.0927077	0.0261154	0.0112	0.0501538	0.0393692	0.0186615	0.0843692	0.0377769	0.0417846	0.0281462	0.0202308	0.0900154	
0	0	0	0	0.0473462	0.0288462	0.0221615	0.0476846	0.0189923	0.0079	0.0990538	0.0200923	0.00252308	0.000584615	0.141462	0.00146923	0.00196923	0.00202308	0.000630769	0.141415	0.0941385	0.00782308	0.0186615	0.0254154	0.0779308	0.0195846	0.00917692	0.0393462	0.0282385	0.0129692	0.0769	0.0279308	0.0338	0.0219	0.0163	0.0740385	
0.238331	0.211646	0.121331	0.0473462	0	0	0	0	0.0438385	0.0185	0.508985	0.0473308	0.0110308	0.00200769	0.599269	0.00634615	0.00836154	0.00883077	0.00283846	0.598623	0.397415	0.0329462	0.0792077	0.109085	0.313477	0.0908154	0.0389	0.175462	0.146885	0.0689846	0.258523	0.144262	0.146885	0.0964615	0.0715923	0.303715	
0.0339615	0.0314846	0.0171462	0.0288462	0	0	0	0	0.0174077	0.00762308	0.0677615	0.0186462	0.00186154	0.000330769	0.108154	0.00109231	0.00149231	0.00163846	0.000507692	0.1078	0.0722077	0.00583077	0.0137769	0.0196231	0.0607615	0.0148077	0.0068	0.0290692	0.0187231	0.00957692	0.0640077	0.0191308	0.0256462	0.0161385	0.0119462	0.0577077	
0.0263385	0.0232846	0.0130154	0.0221615	0	0	0	0	0.0129615	0.00552308	0.0526308	0.0136846	0.00147692	0.000346154	0.0821077	0.000869231	0.00117692	0.00133077	0.000423077	0.0818692	0.0543308	0.00473077	0.0105538	0.0151846	0.0456	0.0112615	0.00503846	0.0229	0.0149692	0.0066	0.0491692	0.0140615	0.0191385	0.0123231	0.00913846	0.0442	
0.0574538	0.0512846	0.0286846	0.0476846	0	0	0	0	0.0287308	0.0125615	0.112946	0.0308692	0.00340769	0.000669231	0.179315	0.00171538	0.00225385	0.00256154	0.000730769	0.179562	0.119231	0.0100154	0.0236769	0.0321846	0.100854	0.0249154	0.0110385	0.0483	0.0323385	0.0150308	0.106685	0.0310538	0.0411846	0.0271462	0.0202769	0.0965	
0.0347923	0.0317615	0.0173923	0.0189923	0.0438385	0.0174077	0.0129615	0.0287308	0	0	0	0	0.00196923	0.000346154	0.0997462	0.000876923	0.00142308	0.00150769	0.000569231	0.0994385	0.0656538	0.00583846	0.0135692	0.0178769	0.0650077	0.0114538	0.00476923	0.0217077	0.0132923	0.00646154	0.0699538	0.0132308	0.0225077	0.0144692	0.0106231	0.0553385	
0.0151538	0.0134846	0.00766923	0.0079	0.0185	0.00762308	0.00552308	0.0125615	0	0	0	0	0.000807692	0.000115385	0.0429154	0.000369231	0.000623077	0.000538462	0.000184615	0.0428615	0.0281692	0.00248462	0.00581538	0.00773846	0.0274615	0.00471538	0.00237692	0.00965385	0.00561538	0.00262308	0.0302923	0.00567692	0.00957692	0.00613077	0.00486154	0.0236385	
0.268246	0.238723	0.1363	0.0990538	0.508985	0.0677615	0.0526308	0.112946	0	0	0	0	0.0131385	0.00253077	0.719069	0.00758462	0.00961538	0.0105154	0.00335385	0.718838	0.477262	0.0394231	0.0941462	0.131492	0.360069	0.113246	0.0486769	0.220331	0.178854	0.0842846	0.303731	0.175454	0.176554	0.115838	0.0858385	0.364092	
0.0378923	0.0337308	0.0188154	0.0200923	0.0473308	0.0186462	0.0136846	0.0308692	0	0	0	0	0.00186154	0.000361538	0.107115	0.00119231	0.00162308	0.0018	0.000392308	0.106715	0.0721	0.00577692	0.0136846	0.0189692	0.0681538	0.0123846	0.00595385	0.0240385	0.0151538	0.00682308	0.0744077	0.0141462	0.0242154	0.0156308	0.0116308	0.0590538	
0.0062	0.00569231	0.00336154	0.00252308	0.0110308	0.00186154	0.00147692	0.00340769	0.00196923	0.000807692	0.0131385	0.00186154	0	0	0	0	0.000276923	0.000246154	9.23077e-05	0.0171615	0.0117769	0.00104615	0.00212308	0.00283077	0.00938462	0.00249231	0.00112308	0.00477692	0.00368462	0.00178462	0.00853077	0.00377692	0.00374615	0.00298462	0.00208462	0.00896154	
0.00115385	0.0011	0.000515385	0.000584615	0.00200769	0.000330769	0.000346154	0.000669231	0.000346154	0.000115385	0.00253077	0.000361538	0	0	0	0	3.07692e-05	8.46154e-05	2.30769e-05	0.00321538	0.00211538	0.000192308	0.000384615	0.000661538	0.00166923	0.000476923	0.0002	0.00100769	0.000730769	0.000384615	0.00147692	0.000761538	0.000753846	0.000538462	0.000423077	0.00163846	
0.345023	0.3077	0.174662	0.141462	0.599269	0.108154	0.0821077	0.179315	0.0997462	0.0429154	0.719069	0.107115	0	0	0	0	0.0127923	0.0139	0.00434615	0.937808	0.622838	0.0517769	0.123538	0.170692	0.504377	0.1375	0.0597385	0.267231	0.206477	0.0969692	0.463815	0.201585	0.226146	0.146938	0.109338	0.486423	
0.00370769	0.00320769	0.00163846	0.00146923	0.00634615	0.00109231	0.000869231	0.00171538	0.000876923	0.000369231	0.00758462	0.00119231	0	0	0	0	0.000184615	0.000130769	3.84615e-05	0.00966923	0.00645385	0.000507692	0.00116923	0.00189231	0.00526154	0.00133077	0.000715385	0.00271538	0.00202308	0.00105385	0.00456154	0.00238462	0.00220769	0.00160769	0.00110769	0.0051	
0.0049	0.00412308	0.00229231	0.00196923	0.00836154	0.00149231	0.00117692	0.00225385	0.00142308	0.000623077	0.00961538	0.00162308	0.000276923	3.07692e-05	0.0127923	0.000184615	0	0	0	0	0.00852308	0.000730769	0.00163077	0.0024	0.00683846	0.00195385	0.0009	0.00359231	0.00289231	0.00127692	0.00634615	0.00276923	0.00303846	0.00198462	0.00155385	0.00670769	
0.00486154	0.00484615	0.00263077	0.00202308	0.00883077	0.00163846	0.00133077	0.00256154	0.00150769	0.000538462	0.0105154	0.0018	0.000246154	8.46154e-05	0.0139	0.000130769	0	0	0	0	0.00922308	0.000730769	0.00179231	0.00261538	0.00767692	0.00206154	0.000792308	0.00383077	0.00320769	0.00139231	0.0069	0.00286154	0.00342308	0.00216923	0.0017	0.00706923	
0.00155385	0.00161538	0.0007	0.000630769	0.00283846	0.000507692	0.000423077	0.000730769	0.000569231	0.000184615	0.00335385	0.000392308	9.23077e-05	2.30769e-05	0.00434615	3.84615e-05	0	0	0	0	0.00277692	0.000269231	0.000576923	0.000876923	0.00216154	0.000638462	0.000307692	0.00139231	0.000938462	0.000392308	0.00223077	0.000938462	0.00109231	0.000746154	0.000446154	0.00221538	
0.344769	0.307115	0.174554	0.141415	0.598623	0.1078	0.0818692	0.179562	0.0994385	0.0428615	0.718838	0.106715	0.0171615	0.00321538	0.937808	0.00966923	0	0	0	0	0.622662	0.0517923	0.123215	0.170185	0.504015	0.137146	0.0597769	0.266915	0.205877	0.0971308	0.462908	0.201938	0.2253	0.147169	0.109254	0.486131	
0.229146	0.203954	0.115946	0.0941385	0.397415	0.0722077	0.0543308	0.119231	0.0656538	0.0281692	0.477262	0.0721	0.0117769	0.00211538	0.622838	0.00645385	0.00852308	0.00922308	0.00277692	0.622662	0	0	0	0	0.338062	0.0907308	0.0391462	0.175246	0.138654	0.0652462	0.304438	0.134846	0.149754	0.0989538	0.0729923	0.321485	
0.0185154	0.0172462	0.00993846	0.00782308	0.0329462	0.00583077	0.00473077	0.0100154	0.00583846	0.00248462	0.0394231	0.00577692	0.00104615	0.000192308	0.0517769	0.000507692	0.000730769	0.000730769	0.000269231	0.0517923	0	0	0	0	0.0276769	0.00748462	0.00358462	0.0147769	0.0108385	0.00554615	0.0261077	0.0110308	0.0126692	0.00757692	0.00593077	0.0273462	
0.0453462	0.0401846	0.0230231	0.0186615	0.0792077	0.0137769	0.0105538	0.0236769	0.0135692	0.00581538	0.0941462	0.0136846	0.00212308	0.000384615	0.123538	0.00116923	0.00163077	0.00179231	0.000576923	0.123215	0	0	0	0	0.0671923	0.0174231	0.00747692	0.0351231	0.0260692	0.0121538	0.0625615	0.0264308	0.0291	0.0188077	0.0148308	0.0644769	
0.0630769	0.0563154	0.0312692	0.0254154	0.109085	0.0196231	0.0151846	0.0321846	0.0178769	0.00773846	0.131492	0.0189692	0.00283077	0.000661538	0.170692	0.00189231	0.0024	0.00261538	0.000876923	0.170185	0	0	0	0	0.0877615	0.0261615	0.0115692	0.0505846	0.0373538	0.0172462	0.0852769	0.0362	0.0413308	0.0267308	0.0192	0.0888154	
0.186085	0.163969	0.0927077	0.0779308	0.313477	0.0607615	0.0456	0.100854	0.0650077	0.0274615	0.360069	0.0681538	0.00938462	0.00166923	0.504377	0.00526154	0.00683846	0.00767692	0.00216154	0.504015	0.338062	0.0276769	0.0671923	0.0877615	0	0	0	0	0.0996846	0.0475615	0.275177	0.0982692	0.118808	0.0784846	0.0581769	0.265223	
0.0502	0.0459	0.0261154	0.0195846	0.0908154	0.0148077	0.0112615	0.0249154	0.0114538	0.00471538	0.113246	0.0123846	0.00249231	0.000476923	0.1375	0.00133077	0.00195385	0.00206154	0.000638462	0.137146	0.0907308	0.00748462	0.0174231	0.0261615	0	0	0	0	0.0330538	0.0154846	0.0601462	0.0331154	0.0335769	0.0218923	0.0164385	0.0698923	
0.0218154	0.0195846	0.0112	0.00917692	0.0389	0.0068	0.00503846	0.0110385	0.00476923	0.00237692	0.0486769	0.00595385	0.00112308	0.0002	0.0597385	0.000715385	0.0009	0.000792308	0.000307692	0.0597769	0.0391462	0.00358462	0.00747692	0.0115692	0	0	0	0	0.0144769	0.00665385	0.0266846	0.0139615	0.0146385	0.00926923	0.00710769	0.0307615	
0.0979846	0.0882462	0.0501538	0.0393462	0.175462	0.0290692	0.0229	0.0483	0.0217077	0.00965385	0.220331	0.0240385	0.00477692	0.00100769	0.267231	0.00271538	0.00359231	0.00383077	0.00139231	0.266915	0.175246	0.0147769	0.0351231	0.0505846	0	0	0	0	0.0657	0.0304923	0.116377	0.0631615	0.0658308	0.0424231	0.0312308	0.136246	
0.0768	0.0685077	0.0393692	0.0282385	0.146885	0.0187231	0.0149692	0.0323385	0.0132923	0.00561538	0.178854	0.0151538	0.00368462	0.000730769	0.206477	0.00202308	0.00289231	0.00320769	0.000938462	0.205877	0.138654	0.0108385	0.0260692	0.0373538	0.0996846	0.0330538	0.0144769	0.0657	0	0	0	0	0.0588308	0.0372615	0.0290692	0.0877538	
0.0360462	0.0325154	0.0186615	0.0129692	0.0689846	0.00957692	0.0066	0.0150308	0.00646154	0.00262308	0.0842846	0.00682308	0.00178462	0.000384615	0.0969692	0.00105385	0.00127692	0.00139231	0.000392308	0.0971308	0.0652462	0.00554615	0.0121538	0.0172462	0.0475615	0.0154846	0.00665385	0.0304923	0	0	0	0	0.0276462	0.0184692	0.0129923	0.0410846	
0.167877	0.149238	0.0843692	0.0769	0.258523	0.0640077	0.0491692	0.106685	0.0699538	0.0302923	0.303731	0.0744077	0.00853077	0.00147692	0.463815	0.00456154	0.00634615	0.0069	0.00223077	0.462908	0.304438	0.0261077	0.0625615	0.0852769	0.275177	0.0601462	0.0266846	0.116377	0	0	0	0	0.0895154	0.0588	0.0432	0.286869	
0.0753615	0.0674385	0.0377769	0.0279308	0.144262	0.0191308	0.0140615	0.0310538	0.0132308	0.00567692	0.175454	0.0141462	0.00377692	0.000761538	0.201585	0.00238462	0.00276923	0.00286154	0.000938462	0.201938	0.134846	0.0110308	0.0264308	0.0362	0.0982692	0.0331154	0.0139615	0.0631615	0	0	0	0	0.0568615	0.0375385	0.0276923	0.0864154	
0.0828538	0.0744154	0.0417846	0.0338	0.146885	0.0256462	0.0191385	0.0411846	0.0225077	0.00957692	0.176554	0.0242154	0.00374615	0.000753846	0.226146	0.00220769	0.00303846	0.00342308	0.00109231	0.2253	0.149754	0.0126692	0.0291	0.0413308	0.118808	0.0335769	0.0146385	0.0658308	0.0588308	0.0276462	0.0895154	0.0568615	0	0	0	0	
0.0533923	0.0486308	0.0281462	0.0219	0.0964615	0.0161385	0.0123231	0.0271462	0.0144692	0.00613077	0.115838	0.0156308	0.00298462	0.000538462	0.146938	0.00160769	0.00198462	0.00216923	0.000746154	0.147169	0.0989538	0.00757692	0.0188077	0.0267308	0.0784846	0.0218923	0.00926923	0.0424231	0.0372615	0.0184692	0.0588	0.0375385	0	0	0	0	
0.0409462	0.0354769	0.0202308	0.0163	0.0715923	0.0119462	0.00913846	0.0202769	0.0106231	0.00486154	0.0858385	0.0116308	0.00208462	0.000423077	0.109338	0.00110769	0.00155385	0.0017	0.000446154	0.109254	0.0729923	0.00593077	0.0148308	0.0192	0.0581769	0.0164385	0.00710769	0.0312308	0.0290692	0.0129923	0.0432	0.0276923	0	0	0	0	
0.178892	0.159177	0.0900154	0.0740385	0.303715	0.0577077	0.0442	0.0965	0.0553385	0.0236385	0.364092	0.0590538	0.00896154	0.00163846	0.486423	0.0051	0.00670769	0.00706923	0.00221538	0.486131	0.321485	0.0273462	0.0644769	0.0888154	0.265223	0.0698923	0.0307615	0.136246	0.0877538	0.0410846	0.286869	0.0864154	0	0	0	0	
