0	0	0	0	0.236831	0.0343769	0.0258846	0.0564	0.0359077	0.0147462	0.265138	0.0377	0.0064	0.00122308	0.342523	0.00334615	0.00494615	0.00506154	0.00173846	0.341746	0.227669	0.0195077	0.0448077	0.0615077	0.184415	0.0510846	0.0219462	0.0960462	0.0748154	0.0364462	0.167692	0.0745385	0.0833231	0.0533692	0.04	0.1768	
0	0	0	0	0.215985	0.0310769	0.0236923	0.0504538	0.0310462	0.0135385	0.242462	0.0341615	0.00572308	0.000961538	0.311169	0.00335385	0.00424615	0.00464615	0.00138462	0.310931	0.205785	0.0170769	0.0415	0.0568462	0.166485	0.0463692	0.0199077	0.0884462	0.069	0.0325462	0.151908	0.0677538	0.0746615	0.0486462	0.0368308	0.161069	
0	0	0	0	0.119692	0.0175462	0.0131385	0.0285615	0.0178154	0.00711538	0.135538	0.0184692	0.00335385	0.000576923	0.173454	0.00155385	0.00256923	0.00245385	0.000784615	0.173131	0.116054	0.00978462	0.0222231	0.0308769	0.0929385	0.0253077	0.0108538	0.0498385	0.0384538	0.0177154	0.0845462	0.0382231	0.0419385	0.0273692	0.0209769	0.0886538	
0	0	0	0	0.0468154	0.0290077	0.0219231	0.0486154	0.0187538	0.00750769	0.100223	0.0198769	0.00249231	0.000523077	0.141838	0.00150769	0.00203846	0.00209231	0.000576923	0.141654	0.0935	0.00813846	0.0192385	0.0254846	0.0789	0.0195462	0.00851538	0.0394	0.0288615	0.0132538	0.0762077	0.0280385	0.0340231	0.0217	0.0167923	0.0738462	
0.236831	0.215985	0.119692	0.0468154	0	0	0	0	0.0441462	0.0185	0.509554	0.0471231	0.0110077	0.00215385	0.600246	0.00591538	0.00852308	0.00890769	0.00276923	0.599123	0.400592	0.0334462	0.0786538	0.106631	0.314338	0.0908154	0.0390308	0.175138	0.146377	0.0689077	0.2596	0.144438	0.147238	0.0964923	0.0722385	0.303354	
0.0343769	0.0310769	0.0175462	0.0290077	0	0	0	0	0.0178	0.00693846	0.0690692	0.0182	0.002	0.000330769	0.108638	0.00103846	0.00156154	0.00168462	0.000461538	0.1083	0.0714923	0.00613077	0.0143615	0.0200231	0.0617154	0.0150615	0.00663077	0.0286	0.0187692	0.00938462	0.0650154	0.0188385	0.0254692	0.0159846	0.0129	0.0576538	
0.0258846	0.0236923	0.0131385	0.0219231	0	0	0	0	0.0127692	0.00563077	0.0517769	0.0144615	0.00168462	0.000284615	0.0816462	0.00102308	0.00113077	0.00113077	0.000392308	0.0819846	0.0538077	0.00497692	0.0109	0.0149538	0.0463	0.0113385	0.00493077	0.0220692	0.0141308	0.00686154	0.0494846	0.0141615	0.0193308	0.0123538	0.00944615	0.0435077	
0.0564	0.0504538	0.0285615	0.0486154	0	0	0	0	0.0288077	0.0118385	0.112962	0.0304231	0.00327692	0.000515385	0.178454	0.00178462	0.00258462	0.00253077	0.000861538	0.178054	0.117115	0.00995385	0.0238538	0.0331077	0.100385	0.0250923	0.0106308	0.0479231	0.0318538	0.0148077	0.106254	0.0311154	0.0419077	0.0262538	0.0200154	0.0958538	
0.0359077	0.0310462	0.0178154	0.0187538	0.0441462	0.0178	0.0127692	0.0288077	0	0	0	0	0.00186154	0.0004	0.100392	0.000869231	0.00140769	0.00156154	0.000407692	0.100146	0.0659231	0.00557692	0.0135538	0.0184692	0.0652308	0.0114308	0.00496154	0.0219	0.0131769	0.00649231	0.0707	0.0131538	0.0232154	0.0145846	0.0108846	0.0548385	
0.0147462	0.0135385	0.00711538	0.00750769	0.0185	0.00693846	0.00563077	0.0118385	0	0	0	0	0.000715385	0.000107692	0.0417231	0.000361538	0.000546154	0.000438462	0.000184615	0.0417385	0.0272692	0.00261538	0.00560769	0.00741538	0.0270615	0.00470769	0.00203846	0.0091	0.0057	0.00252308	0.0292538	0.00543077	0.00903846	0.00603846	0.00463846	0.0231923	
0.265138	0.242462	0.135538	0.100223	0.509554	0.0690692	0.0517769	0.112962	0	0	0	0	0.0134385	0.00237692	0.720223	0.00732308	0.0102769	0.0106462	0.00337692	0.719062	0.480262	0.0398769	0.0940308	0.129192	0.359977	0.114662	0.0489538	0.219769	0.178215	0.0848462	0.304292	0.176008	0.177885	0.115062	0.0873385	0.363077	
0.0377	0.0341615	0.0184692	0.0198769	0.0471231	0.0182	0.0144615	0.0304231	0	0	0	0	0.00195385	0.0004	0.106646	0.00120769	0.00156923	0.00160769	0.000515385	0.106515	0.0695538	0.00643846	0.0145769	0.0196385	0.0704692	0.0115077	0.00526923	0.0229615	0.0140385	0.0061	0.0761077	0.0139615	0.0238077	0.0154	0.0117385	0.0592615	
0.0064	0.00572308	0.00335385	0.00249231	0.0110077	0.002	0.00168462	0.00327692	0.00186154	0.000715385	0.0134385	0.00195385	0	0	0	0	0.000230769	0.000269231	6.92308e-05	0.0174	0.0115462	0.00113077	0.00221538	0.00307692	0.00926154	0.00262308	0.00113077	0.00495385	0.00395385	0.00183077	0.00853846	0.00364615	0.0043	0.00243846	0.00201538	0.00921538	
0.00122308	0.000961538	0.000576923	0.000523077	0.00215385	0.000330769	0.000284615	0.000515385	0.0004	0.000107692	0.00237692	0.0004	0	0	0	0	7.69231e-05	3.07692e-05	7.69231e-06	0.00316923	0.00206923	0.000130769	0.000530769	0.000553846	0.0018	0.000430769	0.000184615	0.000869231	0.000792308	0.000253846	0.00148462	0.000753846	0.000769231	0.000569231	0.0003	0.00164615	
0.342523	0.311169	0.173454	0.141838	0.600246	0.108638	0.0816462	0.178454	0.100392	0.0417231	0.720223	0.106646	0	0	0	0	0.0134	0.0138231	0.00436154	0.9374	0.623154	0.0526308	0.1238	0.1694	0.506392	0.137831	0.0594	0.265362	0.204238	0.0969462	0.465531	0.202269	0.226531	0.146692	0.111192	0.484569	
0.00334615	0.00335385	0.00155385	0.00150769	0.00591538	0.00103846	0.00102308	0.00178462	0.000869231	0.000361538	0.00732308	0.00120769	0	0	0	0	9.23077e-05	0.000130769	4.61538e-05	0.00949231	0.00623846	0.000615385	0.00122308	0.00168462	0.00528462	0.00142308	0.000507692	0.00254615	0.00214615	0.000930769	0.0048	0.00188462	0.00234615	0.00138462	0.00109231	0.00493846	
0.00494615	0.00424615	0.00256923	0.00203846	0.00852308	0.00156154	0.00113077	0.00258462	0.00140769	0.000546154	0.0102769	0.00156923	0.000230769	7.69231e-05	0.0134	9.23077e-05	0	0	0	0	0.00890769	0.000815385	0.00167692	0.0024	0.00710769	0.00201538	0.000738462	0.00393846	0.00308462	0.0014	0.00640769	0.00290769	0.00302308	0.00204615	0.00168462	0.00704615	
0.00506154	0.00464615	0.00245385	0.00209231	0.00890769	0.00168462	0.00113077	0.00253077	0.00156154	0.000438462	0.0106462	0.00160769	0.000269231	3.07692e-05	0.0138231	0.000130769	0	0	0	0	0.00897692	0.000792308	0.00185385	0.00263077	0.00746154	0.00217692	0.000853846	0.00376154	0.00293077	0.00146923	0.00696923	0.00288462	0.00317692	0.00216154	0.00172308	0.00719231	
0.00173846	0.00138462	0.000784615	0.000576923	0.00276923	0.000461538	0.000392308	0.000861538	0.000407692	0.000184615	0.00337692	0.000515385	6.92308e-05	7.69231e-06	0.00436154	4.61538e-05	0	0	0	0	0.00298462	0.000215385	0.000530769	0.000753846	0.00242308	0.000623077	0.000223077	0.00121538	0.00105385	0.000415385	0.00215385	0.000861538	0.00110769	0.000546154	0.000423077	0.00240769	
0.341746	0.310931	0.173131	0.141654	0.599123	0.1083	0.0819846	0.178054	0.100146	0.0417385	0.719062	0.106515	0.0174	0.00316923	0.9374	0.00949231	0	0	0	0	0.622138	0.0526846	0.123708	0.168931	0.505746	0.137492	0.0594077	0.264815	0.204062	0.0966769	0.464823	0.2019	0.226638	0.146331	0.110769	0.483723	
0.227669	0.205785	0.116054	0.0935	0.400592	0.0714923	0.0538077	0.117115	0.0659231	0.0272692	0.480262	0.0695538	0.0115462	0.00206923	0.623154	0.00623846	0.00890769	0.00897692	0.00298462	0.622138	0	0	0	0	0.341885	0.0891308	0.0392308	0.172762	0.139869	0.0657462	0.298892	0.1385	0.151408	0.0981	0.0748769	0.318623	
0.0195077	0.0170769	0.00978462	0.00813846	0.0334462	0.00613077	0.00497692	0.00995385	0.00557692	0.00261538	0.0398769	0.00643846	0.00113077	0.000130769	0.0526308	0.000615385	0.000815385	0.000792308	0.000215385	0.0526846	0	0	0	0	0.0295154	0.00731538	0.0032	0.0144769	0.0109692	0.00515385	0.0277308	0.0106538	0.0127231	0.00803077	0.00588462	0.0278692	
0.0448077	0.0415	0.0222231	0.0192385	0.0786538	0.0143615	0.0109	0.0238538	0.0135538	0.00560769	0.0940308	0.0145769	0.00221538	0.000530769	0.1238	0.00122308	0.00167692	0.00185385	0.000530769	0.123708	0	0	0	0	0.0683154	0.0186538	0.00724615	0.0335538	0.0257538	0.0118923	0.0651846	0.0249385	0.0296385	0.0188154	0.0142154	0.0651	
0.0615077	0.0568462	0.0308769	0.0254846	0.106631	0.0200231	0.0149538	0.0331077	0.0184692	0.00741538	0.129192	0.0196385	0.00307692	0.000553846	0.1694	0.00168462	0.0024	0.00263077	0.000753846	0.168931	0	0	0	0	0.0830231	0.0272077	0.0115462	0.0529385	0.0345385	0.0171692	0.0885462	0.0344615	0.0401769	0.0261385	0.0196231	0.0887769	
0.184415	0.166485	0.0929385	0.0789	0.314338	0.0617154	0.0463	0.100385	0.0652308	0.0270615	0.359977	0.0704692	0.00926154	0.0018	0.506392	0.00528462	0.00710769	0.00746154	0.00242308	0.505746	0.341885	0.0295154	0.0683154	0.0830231	0	0	0	0	0.0984615	0.0465923	0.279438	0.0982462	0.119046	0.0774615	0.0587769	0.267454	
0.0510846	0.0463692	0.0253077	0.0195462	0.0908154	0.0150615	0.0113385	0.0250923	0.0114308	0.00470769	0.114662	0.0115077	0.00262308	0.000430769	0.137831	0.00142308	0.00201538	0.00217692	0.000623077	0.137492	0.0891308	0.00731538	0.0186538	0.0272077	0	0	0	0	0.0343154	0.0159538	0.0594462	0.0325923	0.0349615	0.0220077	0.0164308	0.0689077	
0.0219462	0.0199077	0.0108538	0.00851538	0.0390308	0.00663077	0.00493077	0.0106308	0.00496154	0.00203846	0.0489538	0.00526923	0.00113077	0.000184615	0.0594	0.000507692	0.000738462	0.000853846	0.000223077	0.0594077	0.0392308	0.0032	0.00724615	0.0115462	0	0	0	0	0.0143462	0.00674615	0.0259308	0.0142	0.0149154	0.00935385	0.00706154	0.0298923	
0.0960462	0.0884462	0.0498385	0.0394	0.175138	0.0286	0.0220692	0.0479231	0.0219	0.0091	0.219769	0.0229615	0.00495385	0.000869231	0.265362	0.00254615	0.00393846	0.00376154	0.00121538	0.264815	0.172762	0.0144769	0.0335538	0.0529385	0	0	0	0	0.0640077	0.0306692	0.115538	0.0635154	0.0650231	0.0422615	0.0323308	0.134115	
0.0748154	0.069	0.0384538	0.0288615	0.146377	0.0187692	0.0141308	0.0318538	0.0131769	0.0057	0.178215	0.0140385	0.00395385	0.000792308	0.204238	0.00214615	0.00308462	0.00293077	0.00105385	0.204062	0.139869	0.0109692	0.0257538	0.0345385	0.0984615	0.0343154	0.0143462	0.0640077	0	0	0	0	0.0576923	0.0372923	0.0282538	0.0878923	
0.0364462	0.0325462	0.0177154	0.0132538	0.0689077	0.00938462	0.00686154	0.0148077	0.00649231	0.00252308	0.0848462	0.0061	0.00183077	0.000253846	0.0969462	0.000930769	0.0014	0.00146923	0.000415385	0.0966769	0.0657462	0.00515385	0.0118923	0.0171692	0.0465923	0.0159538	0.00674615	0.0306692	0	0	0	0	0.0277308	0.0176308	0.0134923	0.0411077	
0.167692	0.151908	0.0845462	0.0762077	0.2596	0.0650154	0.0494846	0.106254	0.0707	0.0292538	0.304292	0.0761077	0.00853846	0.00148462	0.465531	0.0048	0.00640769	0.00696923	0.00215385	0.464823	0.298892	0.0277308	0.0651846	0.0885462	0.279438	0.0594462	0.0259308	0.115538	0	0	0	0	0.0906385	0.0587615	0.0445385	0.286415	
0.0745385	0.0677538	0.0382231	0.0280385	0.144438	0.0188385	0.0141615	0.0311154	0.0131538	0.00543077	0.176008	0.0139615	0.00364615	0.000753846	0.202269	0.00188462	0.00290769	0.00288462	0.000861538	0.2019	0.1385	0.0106538	0.0249385	0.0344615	0.0982462	0.0325923	0.0142	0.0635154	0	0	0	0	0.0578846	0.0374	0.0283154	0.0849538	
0.0833231	0.0746615	0.0419385	0.0340231	0.147238	0.0254692	0.0193308	0.0419077	0.0232154	0.00903846	0.177885	0.0238077	0.0043	0.000769231	0.226531	0.00234615	0.00302308	0.00317692	0.00110769	0.226638	0.151408	0.0127231	0.0296385	0.0401769	0.119046	0.0349615	0.0149154	0.0650231	0.0576923	0.0277308	0.0906385	0.0578846	0	0	0	0	
0.0533692	0.0486462	0.0273692	0.0217	0.0964923	0.0159846	0.0123538	0.0262538	0.0145846	0.00603846	0.115062	0.0154	0.00243846	0.000569231	0.146692	0.00138462	0.00204615	0.00216154	0.000546154	0.146331	0.0981	0.00803077	0.0188154	0.0261385	0.0774615	0.0220077	0.00935385	0.0422615	0.0372923	0.0176308	0.0587615	0.0374	0	0	0	0	
0.04	0.0368308	0.0209769	0.0167923	0.0722385	0.0129	0.00944615	0.0200154	0.0108846	0.00463846	0.0873385	0.0117385	0.00201538	0.0003	0.111192	0.00109231	0.00168462	0.00172308	0.000423077	0.110769	0.0748769	0.00588462	0.0142154	0.0196231	0.0587769	0.0164308	0.00706154	0.0323308	0.0282538	0.0134923	0.0445385	0.0283154	0	0	0	0	
0.1768	0.161069	0.0886538	0.0738462	0.303354	0.0576538	0.0435077	0.0958538	0.0548385	0.0231923	0.363077	0.0592615	0.00921538	0.00164615	0.484569	0.00493846	0.00704615	0.00719231	0.00240769	0.483723	0.318623	0.0278692	0.0651	0.0887769	0.267454	0.0689077	0.0298923	0.134115	0.0878923	0.0411077	0.286415	0.0849538	0	0	0	0	
