0	0	0	0	0.225338	0.0364231	0.0310385	0.0603154	0.0353692	0.0126538	0.265762	0.0393308	0.00285385	0.00279231	0.344808	0.00266154	0.00271538	0.00983846	0.00248462	0.338077	0.217438	0.0215462	0.0596154	0.0545154	0.171577	0.0535077	0.0303923	0.0976385	0.0643615	0.0349846	0.177969	0.0758	0.0736462	0.0635923	0.0441231	0.171754	
0	0	0	0	0.208454	0.0347769	0.0294231	0.0562154	0.0333077	0.0118385	0.246685	0.0370385	0.00315385	0.00253846	0.320446	0.00273077	0.00246154	0.00886154	0.00233846	0.315208	0.2043	0.0198385	0.0545385	0.0501923	0.159992	0.0500154	0.0287231	0.0901385	0.0602077	0.0332154	0.165585	0.0698615	0.0685923	0.0592	0.0421538	0.158923	
0	0	0	0	0.120815	0.0203615	0.0165231	0.0328846	0.0191692	0.0069	0.143092	0.0214231	0.00162308	0.00152308	0.185815	0.00162308	0.00167692	0.00506923	0.00138462	0.182454	0.119069	0.0113231	0.0309231	0.0292692	0.0931	0.0282769	0.0165077	0.0527	0.0348	0.0189615	0.0960385	0.0407846	0.0405077	0.0339692	0.0242692	0.0918385	
0	0	0	0	0.0639077	0.0180462	0.0154308	0.0300462	0.0133692	0.00517692	0.0946	0.0142846	0.00132308	0.0011	0.123946	0.00106154	0.00114615	0.00356154	0.000838462	0.121885	0.0789462	0.00796154	0.0211846	0.0193385	0.0623385	0.0195923	0.0108231	0.0346769	0.0225923	0.0119846	0.0662769	0.0265769	0.0266462	0.0228615	0.0164615	0.0614615	
0.225338	0.208454	0.120815	0.0639077	0	0	0	0	0.0549154	0.0188231	0.484946	0.0598308	0.00551538	0.00501538	0.602885	0.0051	0.0049	0.0169538	0.00448462	0.592177	0.382885	0.0378538	0.102946	0.0948308	0.301823	0.0935538	0.0541538	0.168985	0.120646	0.0663692	0.289785	0.141715	0.129723	0.111415	0.0782231	0.299154	
0.0364231	0.0347769	0.0203615	0.0180462	0	0	0	0	0.0129154	0.00510769	0.0761077	0.0154769	0.000992308	0.000846154	0.106923	0.000846154	0.000884615	0.00269231	0.000707692	0.105323	0.0679077	0.00666154	0.0176615	0.0173769	0.0531846	0.0167308	0.00923846	0.0304538	0.0179077	0.00953077	0.0619308	0.0202385	0.0226846	0.0192615	0.0139923	0.0536692	
0.0310385	0.0294231	0.0165231	0.0154308	0	0	0	0	0.0114077	0.00433846	0.0641538	0.0125154	0.000853846	0.000776923	0.0899692	0.000815385	0.0008	0.00247692	0.000653846	0.0884846	0.0574538	0.00563077	0.0156231	0.0137077	0.0449308	0.0137231	0.00788462	0.0258769	0.0145923	0.00794615	0.0524615	0.0174154	0.0196615	0.0164154	0.0119154	0.0444231	
0.0603154	0.0562154	0.0328846	0.0300462	0	0	0	0	0.0219769	0.0083	0.124931	0.0242538	0.00159231	0.00131538	0.175238	0.00131538	0.00141538	0.00520769	0.0012	0.171638	0.111508	0.0105231	0.0300308	0.0274	0.0870692	0.0273846	0.0151692	0.0498385	0.0288154	0.0153	0.101692	0.0336538	0.0373231	0.0325308	0.0228769	0.0867308	
0.0353692	0.0333077	0.0191692	0.0133692	0.0549154	0.0129154	0.0114077	0.0219769	0	0	0	0	0.000915385	0.000884615	0.0986615	0.000753846	0.000838462	0.00296154	0.000684615	0.0967308	0.0627692	0.00591538	0.0169615	0.0155692	0.0494923	0.0155462	0.00827692	0.0279	0.0181538	0.00987692	0.0515846	0.0216	0.0211615	0.0180692	0.0128462	0.0491385	
0.0126538	0.0118385	0.0069	0.00517692	0.0188231	0.00510769	0.00433846	0.0083	0	0	0	0	0.000269231	0.000230769	0.0356769	0.000392308	0.000253846	0.000961538	0.000307692	0.0350462	0.0228385	0.00228462	0.00616154	0.00528462	0.0178769	0.00553846	0.00304615	0.0101077	0.00673846	0.00370769	0.0183538	0.00776923	0.00726154	0.00660769	0.0049	0.0178	
0.265762	0.246685	0.143092	0.0946	0.484946	0.0761077	0.0641538	0.124931	0	0	0	0	0.00687692	0.00585385	0.731377	0.00603077	0.00593077	0.0204385	0.00524615	0.718523	0.464131	0.0457538	0.124631	0.115623	0.365385	0.113046	0.0650769	0.206631	0.137315	0.0743769	0.378523	0.159923	0.157646	0.134677	0.0952692	0.362546	
0.0393308	0.0370385	0.0214231	0.0142846	0.0598308	0.0154769	0.0125154	0.0242538	0	0	0	0	0.000892308	0.000984615	0.1093	0.0009	0.000976923	0.00296923	0.000807692	0.107323	0.0700154	0.00671538	0.0185077	0.0168385	0.0542538	0.0172615	0.0100462	0.0305154	0.0197538	0.0111846	0.0574077	0.0237308	0.0233231	0.0202692	0.0139923	0.0544923	
0.00285385	0.00315385	0.00162308	0.00132308	0.00551538	0.000992308	0.000853846	0.00159231	0.000915385	0.000269231	0.00687692	0.000892308	0	0	0	0	8.46154e-05	0.0002	3.07692e-05	0.00863846	0.00558462	0.000461538	0.00157692	0.00133077	0.00421538	0.00129231	0.000876923	0.00256923	0.00162308	0.000776923	0.00471538	0.00183846	0.002	0.00152308	0.00110769	0.00432308	
0.00279231	0.00253846	0.00152308	0.0011	0.00501538	0.000846154	0.000776923	0.00131538	0.000884615	0.000230769	0.00585385	0.000984615	0	0	0	0	3.84615e-05	0.000253846	3.84615e-05	0.00762308	0.00476923	0.000492308	0.00131538	0.00137692	0.00396923	0.00111538	0.000661538	0.00220769	0.00143077	0.000669231	0.00412308	0.00173077	0.00148462	0.00138462	0.000946154	0.00413846	
0.344808	0.320446	0.185815	0.123946	0.602885	0.106923	0.0899692	0.175238	0.0986615	0.0356769	0.731377	0.1093	0	0	0	0	0.00778462	0.0267308	0.00688462	0.933615	0.6043	0.0591923	0.162246	0.149277	0.474669	0.147946	0.0842385	0.268162	0.177238	0.0969462	0.492946	0.207885	0.204223	0.175323	0.123892	0.471577	
0.00266154	0.00273077	0.00162308	0.00106154	0.0051	0.000846154	0.000815385	0.00131538	0.000753846	0.000392308	0.00603077	0.0009	0	0	0	0	9.23077e-05	0.000146154	9.23077e-05	0.00774615	0.0051	0.000523077	0.00112308	0.00133077	0.00415385	0.00103846	0.000669231	0.00221538	0.00166923	0.000753846	0.00408462	0.00156923	0.00168462	0.00139231	0.00106154	0.00393846	
0.00271538	0.00246154	0.00167692	0.00114615	0.0049	0.000884615	0.0008	0.00141538	0.000838462	0.000253846	0.00593077	0.000976923	8.46154e-05	3.84615e-05	0.00778462	9.23077e-05	0	0	0	0	0.00504615	0.000415385	0.00136923	0.00116923	0.00381538	0.00107692	0.000846154	0.00226154	0.00139231	0.000792308	0.00417692	0.00163846	0.00163846	0.00136923	0.00116154	0.00383077	
0.00983846	0.00886154	0.00506923	0.00356154	0.0169538	0.00269231	0.00247692	0.00520769	0.00296154	0.000961538	0.0204385	0.00296923	0.0002	0.000253846	0.0267308	0.000146154	0	0	0	0	0.0170538	0.00162308	0.00450769	0.00414615	0.0133154	0.00416154	0.00246154	0.00739231	0.00482308	0.00249231	0.0143	0.00571538	0.00574615	0.00514615	0.00377692	0.0126615	
0.00248462	0.00233846	0.00138462	0.000838462	0.00448462	0.000707692	0.000653846	0.0012	0.000684615	0.000307692	0.00524615	0.000807692	3.07692e-05	3.84615e-05	0.00688462	9.23077e-05	0	0	0	0	0.00459231	0.000361538	0.000976923	0.00111538	0.00364615	0.000953846	0.0006	0.00184615	0.00133846	0.000661538	0.00348462	0.00156154	0.00145385	0.00129231	0.000946154	0.00335385	
0.338077	0.315208	0.182454	0.121885	0.592177	0.105323	0.0884846	0.171638	0.0967308	0.0350462	0.718523	0.107323	0.00863846	0.00762308	0.933615	0.00774615	0	0	0	0	0.593062	0.0582692	0.159408	0.146885	0.466231	0.1452	0.0825385	0.263654	0.174408	0.0952	0.483908	0.204108	0.200554	0.171815	0.121123	0.464131	
0.217438	0.2043	0.119069	0.0789462	0.382885	0.0679077	0.0574538	0.111508	0.0627692	0.0228385	0.464131	0.0700154	0.00558462	0.00476923	0.6043	0.0051	0.00504615	0.0170538	0.00459231	0.593062	0	0	0	0	0.302669	0.0930692	0.0539923	0.170023	0.112223	0.0605615	0.314623	0.132346	0.1296	0.110569	0.0784	0.301185	
0.0215462	0.0198385	0.0113231	0.00796154	0.0378538	0.00666154	0.00563077	0.0105231	0.00591538	0.00228462	0.0457538	0.00671538	0.000461538	0.000492308	0.0591923	0.000523077	0.000415385	0.00162308	0.000361538	0.0582692	0	0	0	0	0.0291846	0.00949231	0.00527692	0.0167154	0.0107846	0.00653846	0.0305385	0.0128077	0.0127615	0.0106462	0.00783846	0.0294231	
0.0596154	0.0545385	0.0309231	0.0211846	0.102946	0.0176615	0.0156231	0.0300308	0.0169615	0.00616154	0.124631	0.0185077	0.00157692	0.00131538	0.162246	0.00112308	0.00136923	0.00450769	0.000976923	0.159408	0	0	0	0	0.0807231	0.0252692	0.0140769	0.0461923	0.0307615	0.0167692	0.084	0.0347308	0.0348923	0.0303077	0.0208615	0.0802	
0.0545154	0.0501923	0.0292692	0.0193385	0.0948308	0.0173769	0.0137077	0.0274	0.0155692	0.00528462	0.115623	0.0168385	0.00133077	0.00137692	0.149277	0.00133077	0.00116923	0.00414615	0.00111538	0.146885	0	0	0	0	0.0744308	0.0235615	0.0131	0.0422231	0.0281923	0.0152769	0.0767077	0.0331385	0.0321385	0.0281	0.0199077	0.0731692	
0.171577	0.159992	0.0931	0.0623385	0.301823	0.0531846	0.0449308	0.0870692	0.0494923	0.0178769	0.365385	0.0542538	0.00421538	0.00396923	0.474669	0.00415385	0.00381538	0.0133154	0.00364615	0.466231	0.302669	0.0291846	0.0807231	0.0744308	0	0	0	0	0.0888385	0.0479923	0.246038	0.104138	0.102746	0.0866462	0.0621	0.235515	
0.0535077	0.0500154	0.0282769	0.0195923	0.0935538	0.0167308	0.0137231	0.0273846	0.0155462	0.00553846	0.113046	0.0172615	0.00129231	0.00111538	0.147946	0.00103846	0.00107692	0.00416154	0.000953846	0.1452	0.0930692	0.00949231	0.0252692	0.0235615	0	0	0	0	0.0276692	0.0151538	0.0770923	0.0314769	0.0312615	0.0273077	0.0193692	0.0734538	
0.0303923	0.0287231	0.0165077	0.0108231	0.0541538	0.00923846	0.00788462	0.0151692	0.00827692	0.00304615	0.0650769	0.0100462	0.000876923	0.000661538	0.0842385	0.000669231	0.000846154	0.00246154	0.0006	0.0825385	0.0539923	0.00527692	0.0140769	0.0131	0	0	0	0	0.0157	0.00843846	0.0434	0.0189077	0.0185923	0.0150231	0.0108385	0.0419923	
0.0976385	0.0901385	0.0527	0.0346769	0.168985	0.0304538	0.0258769	0.0498385	0.0279	0.0101077	0.206631	0.0305154	0.00256923	0.00220769	0.268162	0.00221538	0.00226154	0.00739231	0.00184615	0.263654	0.170023	0.0167154	0.0461923	0.0422231	0	0	0	0	0.0497538	0.0275615	0.139338	0.0585	0.0567923	0.0506462	0.0347	0.133015	
0.0643615	0.0602077	0.0348	0.0225923	0.120646	0.0179077	0.0145923	0.0288154	0.0181538	0.00673846	0.137315	0.0197538	0.00162308	0.00143077	0.177238	0.00166923	0.00139231	0.00482308	0.00133846	0.174408	0.112223	0.0107846	0.0307615	0.0281923	0.0888385	0.0276692	0.0157	0.0497538	0	0	0	0	0.0379231	0.0326154	0.0224385	0.0889846	
0.0349846	0.0332154	0.0189615	0.0119846	0.0663692	0.00953077	0.00794615	0.0153	0.00987692	0.00370769	0.0743769	0.0111846	0.000776923	0.000669231	0.0969462	0.000753846	0.000792308	0.00249231	0.000661538	0.0952	0.0605615	0.00653846	0.0167692	0.0152769	0.0479923	0.0151538	0.00843846	0.0275615	0	0	0	0	0.0204769	0.0179692	0.0127538	0.0479462	
0.177969	0.165585	0.0960385	0.0662769	0.289785	0.0619308	0.0524615	0.101692	0.0515846	0.0183538	0.378523	0.0574077	0.00471538	0.00412308	0.492946	0.00408462	0.00417692	0.0143	0.00348462	0.483908	0.314623	0.0305385	0.084	0.0767077	0.246038	0.0770923	0.0434	0.139338	0	0	0	0	0.106392	0.0915615	0.0641385	0.243777	
0.0758	0.0698615	0.0407846	0.0265769	0.141715	0.0202385	0.0174154	0.0336538	0.0216	0.00776923	0.159923	0.0237308	0.00183846	0.00173077	0.207885	0.00156923	0.00163846	0.00571538	0.00156154	0.204108	0.132346	0.0128077	0.0347308	0.0331385	0.104138	0.0314769	0.0189077	0.0585	0	0	0	0	0.0446	0.0374769	0.0276769	0.103269	
0.0736462	0.0685923	0.0405077	0.0266462	0.129723	0.0226846	0.0196615	0.0373231	0.0211615	0.00726154	0.157646	0.0233231	0.002	0.00148462	0.204223	0.00168462	0.00163846	0.00574615	0.00145385	0.200554	0.1296	0.0127615	0.0348923	0.0321385	0.102746	0.0312615	0.0185923	0.0567923	0.0379231	0.0204769	0.106392	0.0446	0	0	0	0	
0.0635923	0.0592	0.0339692	0.0228615	0.111415	0.0192615	0.0164154	0.0325308	0.0180692	0.00660769	0.134677	0.0202692	0.00152308	0.00138462	0.175323	0.00139231	0.00136923	0.00514615	0.00129231	0.171815	0.110569	0.0106462	0.0303077	0.0281	0.0866462	0.0273077	0.0150231	0.0506462	0.0326154	0.0179692	0.0915615	0.0374769	0	0	0	0	
0.0441231	0.0421538	0.0242692	0.0164615	0.0782231	0.0139923	0.0119154	0.0228769	0.0128462	0.0049	0.0952692	0.0139923	0.00110769	0.000946154	0.123892	0.00106154	0.00116154	0.00377692	0.000946154	0.121123	0.0784	0.00783846	0.0208615	0.0199077	0.0621	0.0193692	0.0108385	0.0347	0.0224385	0.0127538	0.0641385	0.0276769	0	0	0	0	
0.171754	0.158923	0.0918385	0.0614615	0.299154	0.0536692	0.0444231	0.0867308	0.0491385	0.0178	0.362546	0.0544923	0.00432308	0.00413846	0.471577	0.00393846	0.00383077	0.0126615	0.00335385	0.464131	0.301185	0.0294231	0.0802	0.0731692	0.235515	0.0734538	0.0419923	0.133015	0.0889846	0.0479462	0.243777	0.103269	0	0	0	0	
