0	0	0	0	0.243807	0.03184	0.0297333	0.0641933	0.0412733	0.0103133	0.274793	0.0431933	0.000113333	0	0.36946	0	0	0.0171067	0	0.352467	0.24012	0.01626	0.0491267	0.0640667	0.182553	0.0451067	0.0270333	0.11488	0.0692467	0.0336933	0.1786	0.0880333	0.0823467	0.0532333	0.0394533	0.19454	
0	0	0	0	0.219367	0.01992	0.0202067	0.0408133	0.03286	0.00772	0.226087	0.03364	0.000153333	0	0.300153	0	0	0.01396	0	0.286347	0.194053	0.01344	0.0393867	0.0534267	0.14608	0.03752	0.0222267	0.09448	0.0596733	0.0271533	0.13962	0.07386	0.0683333	0.0446133	0.0325467	0.154813	
0	0	0	0	0.118587	0.0156933	0.0143467	0.0315933	0.0207933	0.00474667	0.1338	0.02088	6e-05	0	0.18016	0	0	0.00818	0	0.17204	0.118107	0.00808	0.0233333	0.0307	0.0892333	0.0222333	0.0132067	0.0555467	0.0346067	0.0159933	0.0876267	0.0419933	0.0405533	0.0259933	0.0195333	0.09414	
0	0	0	0	0.0460533	0.02524	0.0254533	0.0531533	0.01882	0.00538667	0.10346	0.0222333	4.66667e-05	0	0.149853	0	0	0.00726	0	0.14264	0.103313	0.0058	0.01862	0.0221667	0.0814933	0.0152933	0.00972	0.0433933	0.02398	0.01134	0.08412	0.03046	0.0324533	0.02214	0.0157667	0.07954	
0.243807	0.219367	0.118587	0.0460533	0	0	0	0	0.0617933	0.0124267	0.49976	0.0538333	0.000233333	0	0.62758	0	0	0.0280067	0	0.599807	0.38944	0.0294067	0.0877067	0.12126	0.282507	0.08814	0.0493867	0.20778	0.13764	0.0646	0.255447	0.170127	0.14424	0.0936733	0.0703067	0.319593	
0.03184	0.01992	0.0156933	0.02524	0	0	0	0	0.0178667	0.00484	0.0493133	0.0206733	4.66667e-05	0	0.0926467	0	0	0.00559333	0	0.0871	0.0669467	0.00358667	0.01054	0.01162	0.05602	0.00728	0.0053	0.0240933	0.0118067	0.00564	0.0601867	0.01506	0.0199333	0.01294	0.00890667	0.0509133	
0.0297333	0.0202067	0.0143467	0.0254533	0	0	0	0	0.0172333	0.00454667	0.0476933	0.0202667	2.66667e-05	0	0.0897133	0	0	0.00485333	0	0.0848867	0.0649133	0.00351333	0.0100733	0.01124	0.0540467	0.00738	0.00512	0.0231933	0.0108667	0.00515333	0.0590933	0.0146267	0.0189467	0.0125733	0.00874667	0.0494733	
0.0641933	0.0408133	0.0315933	0.0531533	0	0	0	0	0.0168533	0.00635333	0.141373	0.0251733	6.66667e-05	0	0.189687	0	0	0.00805333	0	0.1817	0.134293	0.00707333	0.0221467	0.02624	0.106787	0.0173533	0.01238	0.0532333	0.0271933	0.0127867	0.11524	0.0345333	0.0405667	0.0267933	0.01934	0.103053	
0.0412733	0.03286	0.0207933	0.01882	0.0617933	0.0178667	0.0172333	0.0168533	0	0	0	0	5.33333e-05	0	0.113693	0	0	0.0117667	0	0.10198	0.0815067	0.00463333	0.0140867	0.01352	0.0731333	0.00782	0.00590667	0.0268867	0.0134067	0.00634667	0.07772	0.0162733	0.0230267	0.0146	0.0105867	0.0655333	
0.0103133	0.00772	0.00474667	0.00538667	0.0124267	0.00484	0.00454667	0.00635333	0	0	0	0	6.66667e-06	0	0.02816	0	0	0.00276	0	0.0254067	0.0203267	0.00116667	0.00347333	0.0032	0.0185067	0.00189333	0.00146	0.00630667	0.00287333	0.00173333	0.0197067	0.00385333	0.00554667	0.00370667	0.00269333	0.01622	
0.274793	0.226087	0.1338	0.10346	0.49976	0.0493133	0.0476933	0.141373	0	0	0	0	0.000286667	0	0.737853	0	0	0.02004	0	0.7181	0.466747	0.0333133	0.0978467	0.140233	0.328367	0.102947	0.0590533	0.247773	0.158387	0.0743267	0.307713	0.197713	0.170887	0.111747	0.0829067	0.3726	
0.0431933	0.03364	0.02088	0.0222333	0.0538333	0.0206733	0.0202667	0.0251733	0	0	0	0	2.66667e-05	0	0.11992	0	0	0.01194	0	0.108007	0.0870133	0.00446667	0.01506	0.0134067	0.0793533	0.00749333	0.00576667	0.0273333	0.01284	0.00577333	0.0848267	0.0165067	0.0242267	0.0159267	0.0111133	0.06868	
0.000113333	0.000153333	6e-05	4.66667e-05	0.000233333	4.66667e-05	2.66667e-05	6.66667e-05	5.33333e-05	6.66667e-06	0.000286667	2.66667e-05	0	0	0	0	0	1.33333e-05	0	0.00036	0.000233333	2e-05	2.66667e-05	9.33333e-05	0.00018	6.66667e-05	0	0.000126667	7.33333e-05	3.33333e-05	0.00018	8.66667e-05	6.66667e-05	4.66667e-05	4.66667e-05	0.000213333	
0	0	0	0	0	0	0	0	0	0	0	0	0	0	0	0	0	0	0	0	0	0	0	0	0	0	0	0	0	0	0	0	0	0	0	0	
0.36946	0.300153	0.18016	0.149853	0.62758	0.0926467	0.0897133	0.189687	0.113693	0.02816	0.737853	0.11992	0	0	0	0	0	0.0464933	0	0.953133	0.65536	0.04356	0.13044	0.170267	0.49918	0.120087	0.0721867	0.308173	0.187433	0.0881467	0.489787	0.23426	0.22362	0.145933	0.107253	0.52282	
0	0	0	0	0	0	0	0	0	0	0	0	0	0	0	0	0	0	0	0	0	0	0	0	0	0	0	0	0	0	0	0	0	0	0	0	
0	0	0	0	0	0	0	0	0	0	0	0	0	0	0	0	0	0	0	0	0	0	0	0	0	0	0	0	0	0	0	0	0	0	0	0	
0.0171067	0.01396	0.00818	0.00726	0.0280067	0.00559333	0.00485333	0.00805333	0.0117667	0.00276	0.02004	0.01194	1.33333e-05	0	0.0464933	0	0	0	0	0	0.0297667	0.0022	0.00641333	0.00812667	0.02558	0.00575333	0.00255333	0.01262	0.00987333	0.00435333	0.0200667	0.0122133	0.01074	0.00682667	0.00496667	0.0239733	
0	0	0	0	0	0	0	0	0	0	0	0	0	0	0	0	0	0	0	0	0	0	0	0	0	0	0	0	0	0	0	0	0	0	0	0	
0.352467	0.286347	0.17204	0.14264	0.599807	0.0871	0.0848867	0.1817	0.10198	0.0254067	0.7181	0.108007	0.00036	0	0.953133	0	0	0	0	0	0.625827	0.04138	0.124053	0.162233	0.47378	0.1144	0.0696333	0.29568	0.177633	0.0838267	0.4699	0.222133	0.212947	0.139153	0.102333	0.49906	
0.24012	0.194053	0.118107	0.103313	0.38944	0.0669467	0.0649133	0.134293	0.0815067	0.0203267	0.466747	0.0870133	0.000233333	0	0.65536	0	0	0.0297667	0	0.625827	0	0	0	0	0.33284	0.0708667	0.0397667	0.21212	0.13208	0.06264	0.295607	0.165267	0.152873	0.1005	0.0735533	0.328667	
0.01626	0.01344	0.00808	0.0058	0.0294067	0.00358667	0.00351333	0.00707333	0.00463333	0.00116667	0.0333133	0.00446667	2e-05	0	0.04356	0	0	0.0022	0	0.04138	0	0	0	0	0.0248467	0.00518	0.00322667	0.0103267	0.00684667	0.00306667	0.0252733	0.00839333	0.00885333	0.00594667	0.00434667	0.0244333	
0.0491267	0.0393867	0.0233333	0.01862	0.0877067	0.01054	0.0100733	0.0221467	0.0140867	0.00347333	0.0978467	0.01506	2.66667e-05	0	0.13044	0	0	0.00641333	0	0.124053	0	0	0	0	0.0849667	0.0128267	0.00816	0.0245133	0.0197467	0.0091	0.07698	0.02464	0.0268	0.0168267	0.01266	0.07418	
0.0640667	0.0534267	0.0307	0.0221667	0.12126	0.01162	0.01124	0.02624	0.01352	0.0032	0.140233	0.0134067	9.33333e-05	0	0.170267	0	0	0.00812667	0	0.162233	0	0	0	0	0.0567067	0.03128	0.0210333	0.06134	0.0288333	0.0133733	0.0921067	0.0360467	0.03516	0.0227067	0.01674	0.0957533	
0.182553	0.14608	0.0892333	0.0814933	0.282507	0.05602	0.0540467	0.106787	0.0731333	0.0185067	0.328367	0.0793533	0.00018	0	0.49918	0	0	0.02558	0	0.47378	0.33284	0.0248467	0.0849667	0.0567067	0	0	0	0	0.08226	0.0386933	0.274793	0.103613	0.109147	0.07174	0.05192	0.266553	
0.0451067	0.03752	0.0222333	0.0152933	0.08814	0.00728	0.00738	0.0173533	0.00782	0.00189333	0.102947	0.00749333	6.66667e-05	0	0.120087	0	0	0.00575333	0	0.1144	0.0708667	0.00518	0.0128267	0.03128	0	0	0	0	0.03408	0.0163533	0.0273467	0.0423733	0.02902	0.01878	0.0143067	0.0580467	
0.0270333	0.0222267	0.0132067	0.00972	0.0493867	0.0053	0.00512	0.01238	0.00590667	0.00146	0.0590533	0.00576667	0	0	0.0721867	0	0	0.00255333	0	0.0696333	0.0397667	0.00322667	0.00816	0.0210333	0	0	0	0	0.0128267	0.00604667	0.0368133	0.0165	0.0161667	0.0103533	0.00762667	0.03804	
0.11488	0.09448	0.0555467	0.0433933	0.20778	0.0240933	0.0231933	0.0532333	0.0268867	0.00630667	0.247773	0.0273333	0.000126667	0	0.308173	0	0	0.01262	0	0.29568	0.21212	0.0103267	0.0245133	0.06134	0	0	0	0	0.05834	0.0270867	0.151013	0.07186	0.0693533	0.0451067	0.0334467	0.160393	
0.0692467	0.0596733	0.0346067	0.02398	0.13764	0.0118067	0.0108667	0.0271933	0.0134067	0.00287333	0.158387	0.01284	7.33333e-05	0	0.187433	0	0	0.00987333	0	0.177633	0.13208	0.00684667	0.0197467	0.0288333	0.08226	0.03408	0.0128267	0.05834	0	0	0	0	0.0485667	0.0328133	0.0212067	0.08492	
0.0336933	0.0271533	0.0159933	0.01134	0.0646	0.00564	0.00515333	0.0127867	0.00634667	0.00173333	0.0743267	0.00577333	3.33333e-05	0	0.0881467	0	0	0.00435333	0	0.0838267	0.06264	0.00306667	0.0091	0.0133733	0.0386933	0.0163533	0.00604667	0.0270867	0	0	0	0	0.0232533	0.0152533	0.0102867	0.0393867	
0.1786	0.13962	0.0876267	0.08412	0.255447	0.0601867	0.0590933	0.11524	0.07772	0.0197067	0.307713	0.0848267	0.00018	0	0.489787	0	0	0.0200667	0	0.4699	0.295607	0.0252733	0.07698	0.0921067	0.274793	0.0273467	0.0368133	0.151013	0	0	0	0	0.0932467	0.0603533	0.0398733	0.296493	
0.0880333	0.07386	0.0419933	0.03046	0.170127	0.01506	0.0146267	0.0345333	0.0162733	0.00385333	0.197713	0.0165067	8.66667e-05	0	0.23426	0	0	0.0122133	0	0.222133	0.165267	0.00839333	0.02464	0.0360467	0.103613	0.0423733	0.0165	0.07186	0	0	0	0	0.05862	0.03756	0.0359333	0.102233	
0.0823467	0.0683333	0.0405533	0.0324533	0.14424	0.0199333	0.0189467	0.0405667	0.0230267	0.00554667	0.170887	0.0242267	6.66667e-05	0	0.22362	0	0	0.01074	0	0.212947	0.152873	0.00885333	0.0268	0.03516	0.109147	0.02902	0.0161667	0.0693533	0.0485667	0.0232533	0.0932467	0.05862	0	0	0	0	
0.0532333	0.0446133	0.0259933	0.02214	0.0936733	0.01294	0.0125733	0.0267933	0.0146	0.00370667	0.111747	0.0159267	4.66667e-05	0	0.145933	0	0	0.00682667	0	0.139153	0.1005	0.00594667	0.0168267	0.0227067	0.07174	0.01878	0.0103533	0.0451067	0.0328133	0.0152533	0.0603533	0.03756	0	0	0	0	
0.0394533	0.0325467	0.0195333	0.0157667	0.0703067	0.00890667	0.00874667	0.01934	0.0105867	0.00269333	0.0829067	0.0111133	4.66667e-05	0	0.107253	0	0	0.00496667	0	0.102333	0.0735533	0.00434667	0.01266	0.01674	0.05192	0.0143067	0.00762667	0.0334467	0.0212067	0.0102867	0.0398733	0.0359333	0	0	0	0	
0.19454	0.154813	0.09414	0.07954	0.319593	0.0509133	0.0494733	0.103053	0.0655333	0.01622	0.3726	0.06868	0.000213333	0	0.52282	0	0	0.0239733	0	0.49906	0.328667	0.0244333	0.07418	0.0957533	0.266553	0.0580467	0.03804	0.160393	0.08492	0.0393867	0.296493	0.102233	0	0	0	0	
