0	0	0	0	0.24424	0.0305533	0.0295	0.0650333	0.0414267	0.0104733	0.27456	0.0428667	0.000113333	0	0.369213	0	0	0.0175533	0	0.351773	0.24158	0.0161867	0.04736	0.0642	0.180753	0.0453667	0.02708	0.116127	0.07028	0.0326267	0.179907	0.0865133	0.0836533	0.0534467	0.0387133	0.193513	
0	0	0	0	0.220367	0.0207	0.0194333	0.0423867	0.03322	0.00790667	0.227807	0.0339533	0.00014	0	0.302747	0	0	0.0147133	0	0.288173	0.19636	0.0139133	0.0390867	0.0535267	0.146267	0.0383	0.0218133	0.0965067	0.06012	0.02762	0.13996	0.0751867	0.06802	0.0437667	0.03274	0.15836	
0	0	0	0	0.11632	0.0159667	0.0140067	0.03068	0.0204467	0.00468	0.130853	0.0209933	4.66667e-05	0	0.176927	0	0	0.0081	0	0.168873	0.116387	0.00772667	0.0227333	0.0301267	0.0866867	0.0218733	0.0128067	0.0556067	0.03258	0.0151667	0.0864467	0.04278	0.04026	0.0262067	0.0188733	0.0916333	
0	0	0	0	0.0462267	0.02604	0.0249	0.0536467	0.0188333	0.00542	0.1038	0.02276	1.33333e-05	0	0.1508	0	0	0.00742667	0	0.143387	0.10444	0.00578667	0.01812	0.0224667	0.0811933	0.01554	0.0102133	0.0438667	0.0245267	0.01146	0.08438	0.0304467	0.03356	0.0214	0.0157333	0.08012	
0.24424	0.220367	0.11632	0.0462267	0	0	0	0	0.0632733	0.01222	0.498633	0.0530267	0.00022	0	0.626933	0	0	0.0289867	0	0.598167	0.3912	0.0301867	0.0849733	0.120793	0.27906	0.0889133	0.0488	0.21038	0.13704	0.0632733	0.255093	0.171747	0.144333	0.0927867	0.0691933	0.32084	
0.0305533	0.0207	0.0159667	0.02604	0	0	0	0	0.01762	0.00499333	0.0495133	0.0211333	2e-05	0	0.09324	0	0	0.00536	0	0.0879	0.0676933	0.00319333	0.01088	0.0114933	0.05546	0.00758	0.00569333	0.0245267	0.01186	0.00545333	0.06116	0.0147867	0.01998	0.0128067	0.0089	0.0515733	
0.0295	0.0194333	0.0140067	0.0249	0	0	0	0	0.0171867	0.00474	0.0464733	0.01944	3.33333e-05	0	0.0878067	0	0	0.0051	0	0.08274	0.06322	0.00328667	0.00989333	0.01144	0.0526267	0.00685333	0.0053	0.02306	0.01104	0.00511333	0.0577467	0.01394	0.0191667	0.01234	0.00850667	0.0478267	
0.0650333	0.0423867	0.03068	0.0536467	0	0	0	0	0.0158467	0.00652667	0.1424	0.0269733	4e-05	0	0.191707	0	0	0.00834667	0	0.1834	0.136653	0.00694667	0.0215533	0.0265933	0.107753	0.0177333	0.01212	0.05414	0.0275667	0.0130333	0.116693	0.0344533	0.0420133	0.0268867	0.01946	0.103387	
0.0414267	0.03322	0.0204467	0.0188333	0.0632733	0.01762	0.0171867	0.0158467	0	0	0	0	4.66667e-05	0	0.11388	0	0	0.0117333	0	0.102193	0.0815333	0.0048	0.0148333	0.01276	0.07242	0.00775333	0.00599333	0.02776	0.0132333	0.00622	0.07832	0.0161533	0.02302	0.0142933	0.01018	0.0664333	
0.0104733	0.00790667	0.00468	0.00542	0.01222	0.00499333	0.00474	0.00652667	0	0	0	0	1.33333e-05	0	0.0284667	0	0	0.00314667	0	0.0253333	0.0208733	0.00124	0.00328667	0.00308	0.0183	0.00188	0.00148	0.00682	0.00317333	0.00148	0.01986	0.00396667	0.00580667	0.00364667	0.00252	0.0165067	
0.27456	0.227807	0.130853	0.1038	0.498633	0.0495133	0.0464733	0.1424	0	0	0	0	0.000206667	0	0.736813	0	0	0.0205267	0	0.716493	0.46872	0.0328867	0.0943467	0.141067	0.32596	0.10348	0.0584	0.24918	0.157867	0.0726733	0.308033	0.198447	0.172653	0.1113	0.0826	0.370467	
0.0428667	0.0339533	0.0209933	0.02276	0.0530267	0.0211333	0.01944	0.0269733	0	0	0	0	4.66667e-05	0	0.120527	0	0	0.0123867	0	0.108187	0.08764	0.00468667	0.0148333	0.0134133	0.07822	0.00796667	0.00604	0.0283467	0.0132333	0.0065	0.08448	0.01636	0.0240133	0.01558	0.01076	0.07022	
0.000113333	0.00014	4.66667e-05	1.33333e-05	0.00022	2e-05	3.33333e-05	4e-05	4.66667e-05	1.33333e-05	0.000206667	4.66667e-05	0	0	0	0	0	3.33333e-05	0	0.00028	0.000233333	1.33333e-05	3.33333e-05	3.33333e-05	0.00016	2.66667e-05	3.33333e-05	9.33333e-05	6e-05	2e-05	0.000126667	0.000106667	0.000106667	3.33333e-05	2e-05	0.000153333	
0	0	0	0	0	0	0	0	0	0	0	0	0	0	0	0	0	0	0	0	0	0	0	0	0	0	0	0	0	0	0	0	0	0	0	0	
0.369213	0.302747	0.176927	0.1508	0.626933	0.09324	0.0878067	0.191707	0.11388	0.0284667	0.736813	0.120527	0	0	0	0	0	0.04776	0	0.951927	0.658533	0.0436	0.127267	0.170287	0.49474	0.121053	0.07188	0.312013	0.187447	0.0868533	0.490567	0.23482	0.225387	0.144787	0.10604	0.523473	
0	0	0	0	0	0	0	0	0	0	0	0	0	0	0	0	0	0	0	0	0	0	0	0	0	0	0	0	0	0	0	0	0	0	0	0	
0	0	0	0	0	0	0	0	0	0	0	0	0	0	0	0	0	0	0	0	0	0	0	0	0	0	0	0	0	0	0	0	0	0	0	0	
0.0175533	0.0147133	0.0081	0.00742667	0.0289867	0.00536	0.0051	0.00834667	0.0117333	0.00314667	0.0205267	0.0123867	3.33333e-05	0	0.04776	0	0	0	0	0	0.0294667	0.00214667	0.00674	0.00944	0.0257067	0.00596	0.00306667	0.01306	0.0104733	0.00473333	0.0198533	0.0127333	0.0103533	0.00698	0.00500667	0.0254533	
0	0	0	0	0	0	0	0	0	0	0	0	0	0	0	0	0	0	0	0	0	0	0	0	0	0	0	0	0	0	0	0	0	0	0	0	
0.351773	0.288173	0.168873	0.143387	0.598167	0.0879	0.08274	0.1834	0.102193	0.0253333	0.716493	0.108187	0.00028	0	0.951927	0	0	0	0	0	0.6293	0.0414667	0.12056	0.16088	0.469193	0.11512	0.0688467	0.299047	0.177033	0.08214	0.47084	0.222193	0.21514	0.13784	0.101053	0.498173	
0.24158	0.19636	0.116387	0.10444	0.3912	0.0676933	0.06322	0.136653	0.0815333	0.0208733	0.46872	0.08764	0.000233333	0	0.658533	0	0	0.0294667	0	0.6293	0	0	0	0	0.330387	0.0730467	0.0406	0.214733	0.132893	0.0610867	0.29834	0.166447	0.1552	0.09966	0.0734267	0.33048	
0.0161867	0.0139133	0.00772667	0.00578667	0.0301867	0.00319333	0.00328667	0.00694667	0.0048	0.00124	0.0328867	0.00468667	1.33333e-05	0	0.0436	0	0	0.00214667	0	0.0414667	0	0	0	0	0.0251667	0.00524667	0.00344	0.00976	0.00662	0.00314	0.0250933	0.00876	0.00886	0.00578667	0.00397333	0.0249933	
0.04736	0.0390867	0.0227333	0.01812	0.0849733	0.01088	0.00989333	0.0215533	0.0148333	0.00328667	0.0943467	0.0148333	3.33333e-05	0	0.127267	0	0	0.00674	0	0.12056	0	0	0	0	0.0828933	0.0116667	0.00786	0.02488	0.0193	0.00928	0.0750333	0.0236867	0.0254133	0.0168733	0.0125533	0.07246	
0.0642	0.0535267	0.0301267	0.0224667	0.120793	0.0114933	0.01144	0.0265933	0.01276	0.00308	0.141067	0.0134133	3.33333e-05	0	0.170287	0	0	0.00944	0	0.16088	0	0	0	0	0.0564533	0.03112	0.0200133	0.0627333	0.0286933	0.0133667	0.0922267	0.0360333	0.03602	0.0225	0.0161067	0.0956933	
0.180753	0.146267	0.0866867	0.0811933	0.27906	0.05546	0.0526267	0.107753	0.07242	0.0183	0.32596	0.07822	0.00016	0	0.49474	0	0	0.0257067	0	0.469193	0.330387	0.0251667	0.0828933	0.0564533	0	0	0	0	0.0834933	0.0386733	0.268733	0.104	0.109167	0.07054	0.0507667	0.264427	
0.0453667	0.0383	0.0218733	0.01554	0.0889133	0.00758	0.00685333	0.0177333	0.00775333	0.00188	0.10348	0.00796667	2.66667e-05	0	0.121053	0	0	0.00596	0	0.11512	0.0730467	0.00524667	0.0116667	0.03112	0	0	0	0	0.03406	0.0162267	0.0275133	0.04328	0.0291133	0.01824	0.01468	0.0590467	
0.02708	0.0218133	0.0128067	0.0102133	0.0488	0.00569333	0.0053	0.01212	0.00599333	0.00148	0.0584	0.00604	3.33333e-05	0	0.07188	0	0	0.00306667	0	0.0688467	0.0406	0.00344	0.00786	0.0200133	0	0	0	0	0.0134667	0.00628667	0.0360533	0.0161067	0.0165133	0.0101867	0.00742	0.0377933	
0.116127	0.0965067	0.0556067	0.0438667	0.21038	0.0245267	0.02306	0.05414	0.02776	0.00682	0.24918	0.0283467	9.33333e-05	0	0.312013	0	0	0.01306	0	0.299047	0.214733	0.00976	0.02488	0.0627333	0	0	0	0	0.0564867	0.0256867	0.158393	0.07154	0.0707	0.0458533	0.0331933	0.16236	
0.07028	0.06012	0.03258	0.0245267	0.13704	0.01186	0.01104	0.0275667	0.0132333	0.00317333	0.157867	0.0132333	6e-05	0	0.187447	0	0	0.0104733	0	0.177033	0.132893	0.00662	0.0193	0.0286933	0.0834933	0.03406	0.0134667	0.0564867	0	0	0	0	0.0499867	0.03232	0.0204333	0.0847667	
0.0326267	0.02762	0.0151667	0.01146	0.0632733	0.00545333	0.00511333	0.0130333	0.00622	0.00148	0.0726733	0.0065	2e-05	0	0.0868533	0	0	0.00473333	0	0.08214	0.0610867	0.00314	0.00928	0.0133667	0.0386733	0.0162267	0.00628667	0.0256867	0	0	0	0	0.0232533	0.0143733	0.00977333	0.0394733	
0.179907	0.13996	0.0864467	0.08438	0.255093	0.06116	0.0577467	0.116693	0.07832	0.01986	0.308033	0.08448	0.000126667	0	0.490567	0	0	0.0198533	0	0.47084	0.29834	0.0250933	0.0750333	0.0922267	0.268733	0.0275133	0.0360533	0.158393	0	0	0	0	0.0941933	0.0605	0.0388	0.2972	
0.0865133	0.0751867	0.04278	0.0304467	0.171747	0.0147867	0.01394	0.0344533	0.0161533	0.00396667	0.198447	0.01636	0.000106667	0	0.23482	0	0	0.0127333	0	0.222193	0.166447	0.00876	0.0236867	0.0360333	0.104	0.04328	0.0161067	0.07154	0	0	0	0	0.05806	0.0376267	0.0370533	0.102187	
0.0836533	0.06802	0.04026	0.03356	0.144333	0.01998	0.0191667	0.0420133	0.02302	0.00580667	0.172653	0.0240133	0.000106667	0	0.225387	0	0	0.0103533	0	0.21514	0.1552	0.00886	0.0254133	0.03602	0.109167	0.0291133	0.0165133	0.0707	0.0499867	0.0232533	0.0941933	0.05806	0	0	0	0	
0.0534467	0.0437667	0.0262067	0.0214	0.0927867	0.0128067	0.01234	0.0268867	0.0142933	0.00364667	0.1113	0.01558	3.33333e-05	0	0.144787	0	0	0.00698	0	0.13784	0.09966	0.00578667	0.0168733	0.0225	0.07054	0.01824	0.0101867	0.0458533	0.03232	0.0143733	0.0605	0.0376267	0	0	0	0	
0.0387133	0.03274	0.0188733	0.0157333	0.0691933	0.0089	0.00850667	0.01946	0.01018	0.00252	0.0826	0.01076	2e-05	0	0.10604	0	0	0.00500667	0	0.101053	0.0734267	0.00397333	0.0125533	0.0161067	0.0507667	0.01468	0.00742	0.0331933	0.0204333	0.00977333	0.0388	0.0370533	0	0	0	0	
0.193513	0.15836	0.0916333	0.08012	0.32084	0.0515733	0.0478267	0.103387	0.0664333	0.0165067	0.370467	0.07022	0.000153333	0	0.523473	0	0	0.0254533	0	0.498173	0.33048	0.0249933	0.07246	0.0956933	0.264427	0.0590467	0.0377933	0.16236	0.0847667	0.0394733	0.2972	0.102187	0	0	0	0	
