0	0	0	0	0.204286	0.0394524	0.0415333	0.0471143	0.0393381	0.0113429	0.252252	0.0294524	0.000895238	0.000461905	0.330214	0.000814286	0.000661905	0.0171619	0.000966667	0.313595	0.189219	0.0154762	0.111829	0.0158619	0.220967	0.0285762	0.0410476	0.0417952	0.0333429	0.0238619	0.246086	0.0290952	0.0615143	0.0535286	0.0674	0.149943	
0	0	0	0	0.219433	0.042319	0.0435857	0.0506429	0.0414762	0.0118	0.271448	0.0312571	0.000804762	0.000442857	0.354	0.000733333	0.00067619	0.0183286	0.000995238	0.335981	0.201543	0.0162905	0.121248	0.0169	0.237624	0.0304571	0.043481	0.044419	0.0357762	0.0256476	0.263162	0.0313952	0.0659143	0.0574238	0.0713048	0.161338	
0	0	0	0	0.118724	0.0222524	0.0234619	0.0278476	0.0227905	0.00641429	0.146133	0.0169476	0.000452381	0.000233333	0.1911	0.0005	0.00032381	0.0102333	0.000509524	0.181219	0.109367	0.00897619	0.0645238	0.00941905	0.12869	0.016581	0.0231095	0.0239048	0.0196381	0.0141048	0.141424	0.017119	0.035619	0.0309286	0.0385143	0.0872238	
0	0	0	0	0.0642	0.0167571	0.0176429	0.0207476	0.0146381	0.0040381	0.0900286	0.0106429	0.000328571	0.00012381	0.118643	0.000252381	0.00022381	0.00618095	0.00032381	0.112619	0.0679381	0.00534286	0.0404048	0.0056619	0.0791048	0.0101571	0.0152	0.0148857	0.0122381	0.00857619	0.0877333	0.0108	0.0224286	0.0191095	0.0239286	0.053881	
0.204286	0.219433	0.118724	0.0642	0	0	0	0	0.0585857	0.0166571	0.487276	0.0441238	0.00147619	0.000785714	0.602914	0.00146667	0.00115238	0.0315667	0.00154762	0.572376	0.34459	0.028119	0.204443	0.0294905	0.403733	0.0527095	0.0748429	0.0753571	0.0633524	0.0459143	0.440971	0.0564048	0.1139	0.0982476	0.122767	0.271729	
0.0394524	0.042319	0.0222524	0.0167571	0	0	0	0	0.0182762	0.00536667	0.083181	0.0139571	0.000280952	0.000166667	0.120105	0.000228571	0.000219048	0.00616667	0.000438095	0.113957	0.0686905	0.0054381	0.0410571	0.00559524	0.0805762	0.0102333	0.0148333	0.0151381	0.0115571	0.0079381	0.0915952	0.00969048	0.0214952	0.0192286	0.024381	0.0556762	
0.0415333	0.0435857	0.0234619	0.0176429	0	0	0	0	0.0191619	0.00564286	0.0873762	0.0140429	0.000342857	0.000114286	0.125486	0.000280952	0.000247619	0.00674762	0.000366667	0.118862	0.0713762	0.00585238	0.0431714	0.00582381	0.0846667	0.0106524	0.0152429	0.0156619	0.0124571	0.00823333	0.0951952	0.0103381	0.0231381	0.0202762	0.0247238	0.0580857	
0.0471143	0.0506429	0.0278476	0.0207476	0	0	0	0	0.022219	0.00592857	0.102029	0.0161762	0.000380952	0.000195238	0.145452	0.00032381	0.000266667	0.00742381	0.000442857	0.138219	0.0834095	0.00667619	0.0493333	0.00693333	0.0974095	0.0121762	0.017919	0.0188476	0.0136286	0.0101048	0.110643	0.0119762	0.0269429	0.0232381	0.0292762	0.0668952	
0.0393381	0.0414762	0.0227905	0.0146381	0.0585857	0.0182762	0.0191619	0.022219	0	0	0	0	0.000271429	0.000142857	0.117571	0.000257143	0.000214286	0.00603333	0.000280952	0.111714	0.0670619	0.00530952	0.0402286	0.00564286	0.0787	0.00997619	0.014319	0.0152476	0.0118381	0.00860476	0.0876619	0.0101381	0.0200762	0.0177762	0.021381	0.0590095	
0.0113429	0.0118	0.00641429	0.0040381	0.0166571	0.00536667	0.00564286	0.00592857	0	0	0	0	8.57143e-05	5.2381e-05	0.033381	7.61905e-05	7.14286e-05	0.00184762	0.000119048	0.0315571	0.0188667	0.00162381	0.0114143	0.00169048	0.0222476	0.00298571	0.00429048	0.00407143	0.00321905	0.0024619	0.024919	0.00299524	0.00579524	0.0051381	0.0061381	0.0165238	
0.252252	0.271448	0.146133	0.0900286	0.487276	0.083181	0.0873762	0.102029	0	0	0	0	0.00189048	0.000980952	0.755238	0.00175238	0.00149048	0.0394762	0.00211429	0.716781	0.431948	0.0349619	0.256657	0.0362952	0.506486	0.0652286	0.0933619	0.0947857	0.0773571	0.0548238	0.560338	0.0673429	0.144619	0.125038	0.157457	0.332748	
0.0294524	0.0312571	0.0169476	0.0106429	0.0441238	0.0139571	0.0140429	0.0161762	0	0	0	0	0.000233333	8.57143e-05	0.0877667	0.000214286	0.000109524	0.00454762	0.000280952	0.0833619	0.0501905	0.00419048	0.0297048	0.00421429	0.0589524	0.00758095	0.0108667	0.0109	0.00858095	0.0063	0.0654857	0.00793333	0.0149857	0.0130381	0.0161714	0.0441048	
0.000895238	0.000804762	0.000452381	0.000328571	0.00147619	0.000280952	0.000342857	0.000380952	0.000271429	8.57143e-05	0.00189048	0.000233333	0	0	0	0	0	0.000152381	1.42857e-05	0.00231429	0.00132381	0.00012381	0.000890476	0.000142857	0.00171429	0.000180952	0.0003	0.000285714	0.000214286	0.000152381	0.00189524	0.000219048	0.000428571	0.000357143	0.00052381	0.00117143	
0.000461905	0.000442857	0.000233333	0.00012381	0.000785714	0.000166667	0.000114286	0.000195238	0.000142857	5.2381e-05	0.000980952	8.57143e-05	0	0	0	0	0	6.66667e-05	9.52381e-06	0.00118571	0.00077619	6.66667e-05	0.000352381	6.66667e-05	0.000838095	0.000109524	0.000157143	0.000157143	0.000171429	8.57143e-05	0.00087619	0.000128571	0.00022381	0.000185714	0.0003	0.000552381	
0.330214	0.354	0.1911	0.118643	0.602914	0.120105	0.125486	0.145452	0.117571	0.033381	0.755238	0.0877667	0	0	0	0	0.00188095	0.0515762	0.0027619	0.937738	0.56459	0.0458143	0.336019	0.0475333	0.662295	0.0852905	0.122124	0.124248	0.100429	0.0717571	0.733948	0.0878238	0.18441	0.160143	0.199838	0.449567	
0.000814286	0.000733333	0.0005	0.000252381	0.00146667	0.000228571	0.000280952	0.00032381	0.000257143	7.61905e-05	0.00175238	0.000214286	0	0	0	0	4.7619e-06	0.000109524	9.52381e-06	0.00217619	0.00137619	8.09524e-05	0.000742857	0.0001	0.0015381	0.000190476	0.000257143	0.000314286	0.000180952	0.000195238	0.00168571	0.000238095	0.000414286	0.000304762	0.000485714	0.00109524	
0.000661905	0.00067619	0.00032381	0.00022381	0.00115238	0.000219048	0.000247619	0.000266667	0.000214286	7.14286e-05	0.00149048	0.000109524	0	0	0.00188095	4.7619e-06	0	0	0	0	0.0011619	6.19048e-05	0.000590476	7.14286e-05	0.0013	0.000195238	0.0002	0.000190476	0.000185714	0.000109524	0.00143333	0.000157143	0.000338095	0.0003	0.000333333	0.000914286	
0.0171619	0.0183286	0.0102333	0.00618095	0.0315667	0.00616667	0.00674762	0.00742381	0.00603333	0.00184762	0.0394762	0.00454762	0.000152381	6.66667e-05	0.0515762	0.000109524	0	0	0	0	0.0297714	0.00230952	0.0174143	0.00240952	0.0346714	0.00437143	0.00642381	0.0064381	0.0051381	0.0038	0.0385143	0.00445238	0.00971905	0.00849048	0.0104143	0.023281	
0.000966667	0.000995238	0.000509524	0.00032381	0.00154762	0.000438095	0.000366667	0.000442857	0.000280952	0.000119048	0.00211429	0.000280952	1.42857e-05	9.52381e-06	0.0027619	9.52381e-06	0	0	0	0	0.00166667	0.000138095	0.000847619	0.000142857	0.00185714	0.000247619	0.000338095	0.000352381	0.000304762	0.000128571	0.00204762	0.000314286	0.0005	0.000414286	0.000595238	0.00128571	
0.313595	0.335981	0.181219	0.112619	0.572376	0.113957	0.118862	0.138219	0.111714	0.0315571	0.716781	0.0833619	0.00231429	0.00118571	0.937738	0.00217619	0	0	0	0	0.535467	0.0435762	0.319152	0.045219	0.628557	0.0809571	0.115876	0.118024	0.0953667	0.0681524	0.69641	0.0834857	0.174919	0.151786	0.189805	0.426905	
0.189219	0.201543	0.109367	0.0679381	0.34459	0.0686905	0.0713762	0.0834095	0.0670619	0.0188667	0.431948	0.0501905	0.00132381	0.00077619	0.56459	0.00137619	0.0011619	0.0297714	0.00166667	0.535467	0	0	0	0	0.378057	0.0486095	0.0703952	0.0710048	0.0677905	0.0485333	0.392881	0.0588619	0.1048	0.0917905	0.114562	0.256914	
0.0154762	0.0162905	0.00897619	0.00534286	0.028119	0.0054381	0.00585238	0.00667619	0.00530952	0.00162381	0.0349619	0.00419048	0.00012381	6.66667e-05	0.0458143	8.09524e-05	6.19048e-05	0.00230952	0.000138095	0.0435762	0	0	0	0	0.0305095	0.00400476	0.00574286	0.00582857	0.00537619	0.00411429	0.0317238	0.00487143	0.00889048	0.0075	0.00964762	0.0200476	
0.111829	0.121248	0.0645238	0.0404048	0.204443	0.0410571	0.0431714	0.0493333	0.0402286	0.0114143	0.256657	0.0297048	0.000890476	0.000352381	0.336019	0.000742857	0.000590476	0.0174143	0.000847619	0.319152	0	0	0	0	0.22621	0.0290762	0.0406381	0.042081	0.0220619	0.0155714	0.280876	0.0194952	0.0626857	0.0539952	0.0673714	0.153952	
0.0158619	0.0169	0.00941905	0.0056619	0.0294905	0.00559524	0.00582381	0.00693333	0.00564286	0.00169048	0.0362952	0.00421429	0.000142857	6.66667e-05	0.0475333	0.0001	7.14286e-05	0.00240952	0.000142857	0.045219	0	0	0	0	0.0316095	0.00408095	0.0060619	0.00609048	0.00576667	0.00397143	0.0329238	0.00518095	0.0091	0.00770476	0.00956667	0.0214714	
0.220967	0.237624	0.12869	0.0791048	0.403733	0.0805762	0.0846667	0.0974095	0.0787	0.0222476	0.506486	0.0589524	0.00171429	0.000838095	0.662295	0.0015381	0.0013	0.0346714	0.00185714	0.628557	0.378057	0.0305095	0.22621	0.0316095	0	0	0	0	0.0637238	0.0454381	0.501305	0.055919	0.123152	0.107824	0.1332	0.30221	
0.0285762	0.0304571	0.016581	0.0101571	0.0527095	0.0102333	0.0106524	0.0121762	0.00997619	0.00298571	0.0652286	0.00758095	0.000180952	0.000109524	0.0852905	0.000190476	0.000195238	0.00437143	0.000247619	0.0809571	0.0486095	0.00400476	0.0290762	0.00408095	0	0	0	0	0.00938571	0.00685714	0.0613571	0.00817143	0.0156952	0.0132762	0.0176952	0.0391048	
0.0410476	0.043481	0.0231095	0.0152	0.0748429	0.0148333	0.0152429	0.017919	0.014319	0.00429048	0.0933619	0.0108667	0.0003	0.000157143	0.122124	0.000257143	0.0002	0.00642381	0.000338095	0.115876	0.0703952	0.00574286	0.0406381	0.0060619	0	0	0	0	0.0137524	0.00972857	0.0871238	0.0122333	0.0230476	0.0200381	0.0249238	0.0548286	
0.0417952	0.044419	0.0239048	0.0148857	0.0753571	0.0151381	0.0156619	0.0188476	0.0152476	0.00407143	0.0947857	0.0109	0.000285714	0.000157143	0.124248	0.000314286	0.000190476	0.0064381	0.000352381	0.118024	0.0710048	0.00582857	0.042081	0.00609048	0	0	0	0	0.0141333	0.0101667	0.088619	0.0120857	0.023581	0.0198524	0.0253286	0.0562429	
0.0333429	0.0357762	0.0196381	0.0122381	0.0633524	0.0115571	0.0124571	0.0136286	0.0118381	0.00321905	0.0773571	0.00858095	0.000214286	0.000171429	0.100429	0.000180952	0.000185714	0.0051381	0.000304762	0.0953667	0.0677905	0.00537619	0.0220619	0.00576667	0.0637238	0.00938571	0.0137524	0.0141333	0	0	0	0	0.0199143	0.0168667	0.0210905	0.0431238	
0.0238619	0.0256476	0.0141048	0.00857619	0.0459143	0.0079381	0.00823333	0.0101048	0.00860476	0.0024619	0.0548238	0.0063	0.000152381	8.57143e-05	0.0717571	0.000195238	0.000109524	0.0038	0.000128571	0.0681524	0.0485333	0.00411429	0.0155714	0.00397143	0.0454381	0.00685714	0.00972857	0.0101667	0	0	0	0	0.0140952	0.0120095	0.0153476	0.0307381	
0.246086	0.263162	0.141424	0.0877333	0.440971	0.0915952	0.0951952	0.110643	0.0876619	0.024919	0.560338	0.0654857	0.00189524	0.00087619	0.733948	0.00168571	0.00143333	0.0385143	0.00204762	0.69641	0.392881	0.0317238	0.280876	0.0329238	0.501305	0.0613571	0.0871238	0.088619	0	0	0	0	0.134476	0.117152	0.146148	0.340629	
0.0290952	0.0313952	0.017119	0.0108	0.0564048	0.00969048	0.0103381	0.0119762	0.0101381	0.00299524	0.0673429	0.00793333	0.000219048	0.000128571	0.0878238	0.000238095	0.000157143	0.00445238	0.000314286	0.0834857	0.0588619	0.00487143	0.0194952	0.00518095	0.055919	0.00817143	0.0122333	0.0120857	0	0	0	0	0.0169905	0.0149619	0.0185619	0.0378952	
0.0615143	0.0659143	0.035619	0.0224286	0.1139	0.0214952	0.0231381	0.0269429	0.0200762	0.00579524	0.144619	0.0149857	0.000428571	0.00022381	0.18441	0.000414286	0.000338095	0.00971905	0.0005	0.174919	0.1048	0.00889048	0.0626857	0.0091	0.123152	0.0156952	0.0230476	0.023581	0.0199143	0.0140952	0.134476	0.0169905	0	0	0	0	
0.0535286	0.0574238	0.0309286	0.0191095	0.0982476	0.0192286	0.0202762	0.0232381	0.0177762	0.0051381	0.125038	0.0130381	0.000357143	0.000185714	0.160143	0.000304762	0.0003	0.00849048	0.000414286	0.151786	0.0917905	0.0075	0.0539952	0.00770476	0.107824	0.0132762	0.0200381	0.0198524	0.0168667	0.0120095	0.117152	0.0149619	0	0	0	0	
0.0674	0.0713048	0.0385143	0.0239286	0.122767	0.024381	0.0247238	0.0292762	0.021381	0.0061381	0.157457	0.0161714	0.00052381	0.0003	0.199838	0.000485714	0.000333333	0.0104143	0.000595238	0.189805	0.114562	0.00964762	0.0673714	0.00956667	0.1332	0.0176952	0.0249238	0.0253286	0.0210905	0.0153476	0.146148	0.0185619	0	0	0	0	
0.149943	0.161338	0.0872238	0.053881	0.271729	0.0556762	0.0580857	0.0668952	0.0590095	0.0165238	0.332748	0.0441048	0.00117143	0.000552381	0.449567	0.00109524	0.000914286	0.023281	0.00128571	0.426905	0.256914	0.0200476	0.153952	0.0214714	0.30221	0.0391048	0.0548286	0.0562429	0.0431238	0.0307381	0.340629	0.0378952	0	0	0	0	
