0	0	0	0	0.22076	0.04444	0.02993	0.05487	0.03397	0.01683	0.26211	0.03709	0.00376	0.00713	0.3369	0.00221	0.0037	0.00464	0.00345	0.33821	0.21235	0.02504	0.06746	0.04515	0.16804	0.06222	0.03278	0.08696	0.06439	0.03696	0.18309	0.06556	0.07185	0.07697	0.04619	0.15499	
0	0	0	0	0.21105	0.04264	0.02852	0.05178	0.03155	0.01686	0.24955	0.03603	0.00377	0.00657	0.32172	0.00193	0.00355	0.00412	0.00354	0.32278	0.20184	0.0241	0.06466	0.04339	0.16154	0.05969	0.03004	0.08272	0.05998	0.03567	0.17344	0.0649	0.06835	0.0726	0.04446	0.14858	
0	0	0	0	0.12478	0.02504	0.01667	0.03006	0.01856	0.00979	0.14769	0.02051	0.0021	0.004	0.18917	0.00128	0.00207	0.00218	0.00184	0.19046	0.11943	0.01421	0.03845	0.02446	0.09605	0.03534	0.01721	0.04795	0.03527	0.02019	0.10328	0.03781	0.04111	0.04278	0.02554	0.08712	
0	0	0	0	0.0476	0.02547	0.01651	0.02988	0.01324	0.00751	0.08315	0.01556	0.00133	0.00225	0.11524	0.00064	0.00109	0.00146	0.00137	0.11554	0.07211	0.00854	0.02309	0.01572	0.05833	0.02047	0.0109	0.02976	0.01965	0.01166	0.06715	0.021	0.02421	0.02613	0.0162	0.05292	
0.22076	0.21105	0.12478	0.0476	0	0	0	0	0.04111	0.02125	0.49603	0.0458	0.00694	0.01224	0.58129	0.00372	0.00645	0.00745	0.00618	0.58411	0.36663	0.04389	0.1165	0.07717	0.29255	0.10776	0.05444	0.14944	0.1235	0.0724	0.27738	0.13091	0.12557	0.13213	0.07981	0.26668	
0.04444	0.04264	0.02504	0.02547	0	0	0	0	0.01949	0.0102	0.08578	0.02212	0.00131	0.00264	0.13281	0.00083	0.00122	0.00174	0.00123	0.1334	0.08237	0.0098	0.0268	0.01862	0.06659	0.02438	0.01227	0.03435	0.01929	0.01152	0.08642	0.02036	0.02804	0.02974	0.0185	0.06131	
0.02993	0.02852	0.01667	0.01651	0	0	0	0	0.01282	0.0071	0.05722	0.01449	0.00108	0.00188	0.08816	0.00051	0.00098	0.00108	0.00095	0.08862	0.05592	0.00651	0.01788	0.01132	0.04509	0.01561	0.00845	0.02248	0.01304	0.00723	0.05781	0.01355	0.0185	0.02003	0.01195	0.04115	
0.05487	0.05178	0.03006	0.02988	0	0	0	0	0.0239	0.01244	0.10347	0.02678	0.00163	0.00319	0.16077	0.001	0.00176	0.00213	0.00184	0.16086	0.10081	0.01169	0.03248	0.02161	0.07973	0.02997	0.01577	0.04112	0.02346	0.01333	0.10535	0.02445	0.03341	0.03658	0.02213	0.07447	
0.03397	0.03155	0.01856	0.01324	0.04111	0.01949	0.01282	0.0239	0	0	0	0	0.00095	0.00186	0.09391	0.0006	0.00106	0.00124	0.00098	0.09404	0.05888	0.0071	0.01869	0.01265	0.04765	0.0172	0.00849	0.02398	0.01622	0.0098	0.05414	0.01716	0.01984	0.02146	0.0129	0.04312	
0.01683	0.01686	0.00979	0.00751	0.02125	0.0102	0.0071	0.01244	0	0	0	0	0.0007	0.00121	0.04884	0.00024	0.00054	0.00071	0.00052	0.04922	0.03139	0.00353	0.0096	0.00647	0.02385	0.00921	0.00475	0.01318	0.00874	0.0053	0.0279	0.00905	0.0105	0.01095	0.00638	0.02316	
0.26211	0.24955	0.14769	0.08315	0.49603	0.08578	0.05722	0.10347	0	0	0	0	0.00808	0.01486	0.71498	0.00458	0.00763	0.00928	0.00764	0.71795	0.44959	0.05352	0.14335	0.09604	0.3599	0.13206	0.06747	0.18307	0.13635	0.07885	0.38422	0.14308	0.15229	0.16201	0.09882	0.32938	
0.03709	0.03603	0.02051	0.01556	0.0458	0.02212	0.01449	0.02678	0	0	0	0	0.00123	0.00202	0.1053	0.00064	0.00118	0.00117	0.00106	0.10578	0.06587	0.00774	0.02202	0.01356	0.05256	0.01925	0.01022	0.02716	0.01798	0.01053	0.0607	0.01998	0.02289	0.02406	0.01429	0.04795	
0.00376	0.00377	0.0021	0.00133	0.00694	0.00131	0.00108	0.00163	0.00095	0.0007	0.00808	0.00123	0	0	0	0	0.0001	0.00017	0.0001	0.01059	0.00659	0.00088	0.00204	0.00145	0.00516	0.00184	0.00112	0.00284	0.00175	0.00125	0.00589	0.00207	0.00226	0.00236	0.00126	0.00508	
0.00713	0.00657	0.004	0.00225	0.01224	0.00264	0.00188	0.00319	0.00186	0.00121	0.01486	0.00202	0	0	0	0	0.0002	0.00021	0.00016	0.01938	0.01204	0.00151	0.00391	0.00249	0.00956	0.00389	0.00177	0.00473	0.00374	0.00206	0.01016	0.00399	0.00405	0.00436	0.00282	0.00872	
0.3369	0.32172	0.18917	0.11524	0.58129	0.13281	0.08816	0.16077	0.09391	0.04884	0.71498	0.1053	0	0	0	0	0.01004	0.01191	0.00985	0.93123	0.58317	0.06915	0.18661	0.1241	0.46628	0.17095	0.08752	0.23828	0.17258	0.10059	0.50789	0.18197	0.19789	0.21042	0.12756	0.42716	
0.00221	0.00193	0.00128	0.00064	0.00372	0.00083	0.00051	0.001	0.0006	0.00024	0.00458	0.00064	0	0	0	0	7e-05	0.00011	9e-05	0.00579	0.00393	0.00035	0.0011	0.00068	0.00296	0.00104	0.00052	0.00154	0.00122	0.00058	0.00302	0.00124	0.00132	0.00134	0.00075	0.00265	
0.0037	0.00355	0.00207	0.00109	0.00645	0.00122	0.00098	0.00176	0.00106	0.00054	0.00763	0.00118	0.0001	0.0002	0.01004	7e-05	0	0	0	0	0.00608	0.00079	0.00219	0.00135	0.00504	0.00181	0.00103	0.00253	0.00183	0.0012	0.00548	0.0019	0.00234	0.00209	0.00143	0.00455	
0.00464	0.00412	0.00218	0.00146	0.00745	0.00174	0.00108	0.00213	0.00124	0.00071	0.00928	0.00117	0.00017	0.00021	0.01191	0.00011	0	0	0	0	0.00781	0.00088	0.00218	0.00153	0.0059	0.00227	0.00113	0.0031	0.00213	0.00134	0.00656	0.00237	0.00247	0.00285	0.00171	0.00537	
0.00345	0.00354	0.00184	0.00137	0.00618	0.00123	0.00095	0.00184	0.00098	0.00052	0.00764	0.00106	0.0001	0.00016	0.00985	9e-05	0	0	0	0	0.00623	0.0006	0.00195	0.00142	0.0045	0.00188	0.00112	0.0027	0.00186	0.00103	0.00547	0.00184	0.00198	0.00225	0.00134	0.00463	
0.33821	0.32278	0.19046	0.11554	0.58411	0.1334	0.08862	0.16086	0.09404	0.04922	0.71795	0.10578	0.01059	0.01938	0.93123	0.00579	0	0	0	0	0.58561	0.06962	0.18734	0.12442	0.46852	0.17176	0.08765	0.23906	0.17347	0.10091	0.50945	0.18316	0.19873	0.21129	0.12791	0.42906	
0.21235	0.20184	0.11943	0.07211	0.36663	0.08237	0.05592	0.10081	0.05888	0.03139	0.44959	0.06587	0.00659	0.01204	0.58317	0.00393	0.00608	0.00781	0.00623	0.58561	0	0	0	0	0.29322	0.10704	0.05512	0.15035	0.10884	0.06408	0.31914	0.11367	0.12425	0.13276	0.08022	0.2685	
0.02504	0.0241	0.01421	0.00854	0.04389	0.0098	0.00651	0.01169	0.0071	0.00353	0.05352	0.00774	0.00088	0.00151	0.06915	0.00035	0.00079	0.00088	0.0006	0.06962	0	0	0	0	0.03443	0.01298	0.00665	0.01783	0.01311	0.0073	0.03779	0.01369	0.01434	0.0161	0.00921	0.03224	
0.06746	0.06466	0.03845	0.02309	0.1165	0.0268	0.01788	0.03248	0.01869	0.0096	0.14335	0.02202	0.00204	0.00391	0.18661	0.0011	0.00219	0.00218	0.00195	0.18734	0	0	0	0	0.09366	0.03524	0.01769	0.04707	0.03501	0.01933	0.10174	0.03758	0.04003	0.04201	0.0264	0.08522	
0.04515	0.04339	0.02446	0.01572	0.07717	0.01862	0.01132	0.02161	0.01265	0.00647	0.09604	0.01356	0.00145	0.00249	0.1241	0.00068	0.00135	0.00153	0.00142	0.12442	0	0	0	0	0.06265	0.02246	0.01147	0.03214	0.02233	0.01377	0.06829	0.02433	0.0269	0.02761	0.01656	0.05765	
0.16804	0.16154	0.09605	0.05833	0.29255	0.06659	0.04509	0.07973	0.04765	0.02385	0.3599	0.05256	0.00516	0.00956	0.46628	0.00296	0.00504	0.0059	0.0045	0.46852	0.29322	0.03443	0.09366	0.06265	0	0	0	0	0.08701	0.05057	0.25444	0.09194	0.10055	0.10523	0.06345	0.21473	
0.06222	0.05969	0.03534	0.02047	0.10776	0.02438	0.01561	0.02997	0.0172	0.00921	0.13206	0.01925	0.00184	0.00389	0.17095	0.00104	0.00181	0.00227	0.00188	0.17176	0.10704	0.01298	0.03524	0.02246	0	0	0	0	0.03198	0.01888	0.09343	0.03343	0.0365	0.03909	0.02376	0.07837	
0.03278	0.03004	0.01721	0.0109	0.05444	0.01227	0.00845	0.01577	0.00849	0.00475	0.06747	0.01022	0.00112	0.00177	0.08752	0.00052	0.00103	0.00113	0.00112	0.08765	0.05512	0.00665	0.01769	0.01147	0	0	0	0	0.01633	0.00911	0.04836	0.01713	0.01865	0.01997	0.01234	0.03997	
0.08696	0.08272	0.04795	0.02976	0.14944	0.03435	0.02248	0.04112	0.02398	0.01318	0.18307	0.02716	0.00284	0.00473	0.23828	0.00154	0.00253	0.0031	0.0027	0.23906	0.15035	0.01783	0.04707	0.03214	0	0	0	0	0.04397	0.02592	0.13073	0.04677	0.04982	0.05419	0.03284	0.11054	
0.06439	0.05998	0.03527	0.01965	0.1235	0.01929	0.01304	0.02346	0.01622	0.00874	0.13635	0.01798	0.00175	0.00374	0.17258	0.00122	0.00183	0.00213	0.00186	0.17347	0.10884	0.01311	0.03501	0.02233	0.08701	0.03198	0.01633	0.04397	0	0	0	0	0.03687	0.03802	0.02389	0.08051	
0.03696	0.03567	0.02019	0.01166	0.0724	0.01152	0.00723	0.01333	0.0098	0.0053	0.07885	0.01053	0.00125	0.00206	0.10059	0.00058	0.0012	0.00134	0.00103	0.10091	0.06408	0.0073	0.01933	0.01377	0.05057	0.01888	0.00911	0.02592	0	0	0	0	0.0215	0.02276	0.01428	0.04594	
0.18309	0.17344	0.10328	0.06715	0.27738	0.08642	0.05781	0.10535	0.05414	0.0279	0.38422	0.0607	0.00589	0.01016	0.50789	0.00302	0.00548	0.00656	0.00547	0.50945	0.31914	0.03779	0.10174	0.06829	0.25444	0.09343	0.04836	0.13073	0	0	0	0	0.10809	0.11568	0.0695	0.23369	
0.06556	0.0649	0.03781	0.021	0.13091	0.02036	0.01355	0.02445	0.01716	0.00905	0.14308	0.01998	0.00207	0.00399	0.18197	0.00124	0.0019	0.00237	0.00184	0.18316	0.11367	0.01369	0.03758	0.02433	0.09194	0.03343	0.01713	0.04677	0	0	0	0	0.03906	0.04202	0.02472	0.08347	
0.07185	0.06835	0.04111	0.02421	0.12557	0.02804	0.0185	0.03341	0.01984	0.0105	0.15229	0.02289	0.00226	0.00405	0.19789	0.00132	0.00234	0.00247	0.00198	0.19873	0.12425	0.01434	0.04003	0.0269	0.10055	0.0365	0.01865	0.04982	0.03687	0.0215	0.10809	0.03906	0	0	0	0	
0.07697	0.0726	0.04278	0.02613	0.13213	0.02974	0.02003	0.03658	0.02146	0.01095	0.16201	0.02406	0.00236	0.00436	0.21042	0.00134	0.00209	0.00285	0.00225	0.21129	0.13276	0.0161	0.04201	0.02761	0.10523	0.03909	0.01997	0.05419	0.03802	0.02276	0.11568	0.04202	0	0	0	0	
0.04619	0.04446	0.02554	0.0162	0.07981	0.0185	0.01195	0.02213	0.0129	0.00638	0.09882	0.01429	0.00126	0.00282	0.12756	0.00075	0.00143	0.00171	0.00134	0.12791	0.08022	0.00921	0.0264	0.01656	0.06345	0.02376	0.01234	0.03284	0.02389	0.01428	0.0695	0.02472	0	0	0	0	
0.15499	0.14858	0.08712	0.05292	0.26668	0.06131	0.04115	0.07447	0.04312	0.02316	0.32938	0.04795	0.00508	0.00872	0.42716	0.00265	0.00455	0.00537	0.00463	0.42906	0.2685	0.03224	0.08522	0.05765	0.21473	0.07837	0.03997	0.11054	0.08051	0.04594	0.23369	0.08347	0	0	0	0	
