0	0	0	0	0.213038	0.0363286	0.0376381	0.0443238	0.0384667	0.0111286	0.253476	0.0282571	0.000909524	0.000380952	0.329338	0.0007	0.000604762	0.0176524	0.000790476	0.312281	0.188352	0.0156667	0.111433	0.0158762	0.219167	0.0295429	0.0410048	0.0416143	0.0347905	0.0247952	0.241514	0.0302286	0.0609714	0.0534714	0.0661762	0.15071	
0	0	0	0	0.226981	0.0385	0.0400619	0.0471476	0.0400952	0.0119143	0.270429	0.0302524	0.00092381	0.000428571	0.35061	0.000728571	0.000609524	0.0181952	0.000990476	0.332895	0.199719	0.0165286	0.119743	0.0167	0.23311	0.0310714	0.0442333	0.0442762	0.0376048	0.0257333	0.257229	0.0321238	0.0644048	0.0560381	0.0706667	0.161581	
0	0	0	0	0.120638	0.0211857	0.0225714	0.0252381	0.0220286	0.00640952	0.145119	0.0160762	0.000480952	0.000214286	0.188529	0.000409524	0.000309524	0.00994286	0.000533333	0.178848	0.108286	0.00882857	0.0631286	0.00939048	0.125086	0.0166762	0.0239476	0.0239238	0.0203857	0.0143429	0.13731	0.0175952	0.035319	0.0299476	0.0378048	0.0865619	
0	0	0	0	0.0474	0.0237476	0.0254571	0.0297429	0.0177667	0.00528571	0.0901333	0.0131619	0.000295238	0.000166667	0.125529	0.000357143	0.000228571	0.00642381	0.000304762	0.11939	0.0709905	0.00582857	0.0434524	0.00607619	0.084219	0.0110714	0.0157571	0.0153	0.0115952	0.00849048	0.0957381	0.0105238	0.022819	0.0196857	0.0248095	0.0590333	
0.213038	0.226981	0.120638	0.0474	0	0	0	0	0.0488619	0.0140381	0.509219	0.0359381	0.00163333	0.000747619	0.6044	0.00127619	0.00108095	0.0317857	0.00148571	0.573705	0.350419	0.0289381	0.198943	0.0297571	0.397971	0.0546333	0.0780667	0.0773857	0.0739619	0.0525143	0.41769	0.0638905	0.115771	0.1008	0.125743	0.265743	
0.0363286	0.0385	0.0211857	0.0237476	0	0	0	0	0.0216619	0.00649524	0.0758381	0.0157667	0.000309524	0.00012381	0.119029	0.0003	0.000214286	0.00619524	0.000333333	0.113019	0.0664286	0.00542857	0.0424286	0.00547619	0.0805333	0.0101524	0.0143381	0.0147381	0.00920476	0.00654762	0.0958571	0.00815238	0.0211571	0.0176429	0.0225857	0.0583762	
0.0376381	0.0400619	0.0225714	0.0254571	0	0	0	0	0.0217619	0.00655714	0.0802667	0.0171429	0.000295238	0.000152381	0.125005	0.00027619	0.000219048	0.00632857	0.000380952	0.1188	0.069719	0.0056	0.0442524	0.00615714	0.0848524	0.0105381	0.014719	0.015619	0.00992381	0.00671429	0.100519	0.00857143	0.0214571	0.0187333	0.0240857	0.0614524	
0.0443238	0.0471476	0.0252381	0.0297429	0	0	0	0	0.0260714	0.00764762	0.0938333	0.0189	0.000371429	0.000166667	0.145571	0.000342857	0.000238095	0.00790476	0.000419048	0.13789	0.080781	0.00688571	0.0521333	0.00665238	0.0982238	0.0130381	0.017819	0.0173714	0.0112857	0.00758571	0.117724	0.00985714	0.0251286	0.0219667	0.0270429	0.0723143	
0.0384667	0.0400952	0.0220286	0.0177667	0.0488619	0.0216619	0.0217619	0.0260714	0	0	0	0	0.0003	0.000161905	0.1176	0.000295238	0.000157143	0.00589048	0.000347619	0.111962	0.0663	0.00549048	0.0411714	0.00539524	0.078481	0.00997143	0.0147381	0.0151667	0.0108667	0.00745714	0.0907286	0.00930476	0.015581	0.0138762	0.0170667	0.0718333	
0.0111286	0.0119143	0.00640952	0.00528571	0.0140381	0.00649524	0.00655714	0.00764762	0	0	0	0	8.09524e-05	3.33333e-05	0.0345286	9.52381e-05	7.61905e-05	0.0019	8.57143e-05	0.0326762	0.0193143	0.00143333	0.0123048	0.00168571	0.0233524	0.00298571	0.00417143	0.00422857	0.00312857	0.00211905	0.026819	0.00267143	0.0045619	0.00386667	0.00502857	0.021281	
0.253476	0.270429	0.145119	0.0901333	0.509219	0.0758381	0.0802667	0.0938333	0	0	0	0	0.00204762	0.000919048	0.754557	0.00163333	0.00137143	0.0396381	0.0019	0.716248	0.432633	0.035819	0.253943	0.0367619	0.5012	0.0676143	0.0955095	0.0948333	0.0824619	0.0580857	0.546781	0.0718286	0.151767	0.131505	0.16471	0.311176	
0.0282571	0.0302524	0.0160762	0.0131619	0.0359381	0.0157667	0.0171429	0.0189	0	0	0	0	0.000180952	7.61905e-05	0.087319	0.000171429	0.000147619	0.00478571	0.000285714	0.0825286	0.0491	0.00410952	0.0303381	0.0042	0.0585476	0.00779048	0.0105238	0.0108857	0.00791905	0.0057	0.0674619	0.00666667	0.0116048	0.00989524	0.0126524	0.0535952	
0.000909524	0.00092381	0.000480952	0.000295238	0.00163333	0.000309524	0.000295238	0.000371429	0.0003	8.09524e-05	0.00204762	0.000180952	0	0	0	0	0	0.000152381	4.7619e-06	0.00245238	0.00141905	0.000138095	0.000919048	0.000133333	0.00161905	0.000238095	0.000338095	0.000414286	0.000261905	0.000171429	0.00197619	0.0002	0.000419048	0.000447619	0.000495238	0.00124762	
0.000380952	0.000428571	0.000214286	0.000166667	0.000747619	0.00012381	0.000152381	0.000166667	0.000161905	3.33333e-05	0.000919048	7.61905e-05	0	0	0	0	4.7619e-06	5.71429e-05	0	0.00112857	0.000614286	5.2381e-05	0.000433333	9.04762e-05	0.000771429	0.000119048	0.000138095	0.000161905	0.000133333	5.71429e-05	0.000885714	0.000114286	0.000190476	0.000214286	0.000266667	0.000519048	
0.329338	0.35061	0.188529	0.125529	0.6044	0.119029	0.125005	0.145571	0.1176	0.0345286	0.754557	0.087319	0	0	0	0	0.00174762	0.051919	0.00260952	0.937729	0.564062	0.0465571	0.335629	0.0477571	0.657757	0.0878619	0.124181	0.124205	0.103743	0.0729952	0.727281	0.0899857	0.182505	0.158129	0.19821	0.455162	
0.0007	0.000728571	0.000409524	0.000357143	0.00127619	0.0003	0.00027619	0.000342857	0.000295238	9.52381e-05	0.00163333	0.000171429	0	0	0	0	0	8.57143e-05	4.7619e-06	0.00210476	0.00125238	0.000104762	0.00077619	6.19048e-05	0.00143333	0.000142857	0.000285714	0.000333333	0.000238095	0.000138095	0.00164762	0.000171429	0.0004	0.000352381	0.000485714	0.000957143	
0.000604762	0.000609524	0.000309524	0.000228571	0.00108095	0.000214286	0.000219048	0.000238095	0.000157143	7.61905e-05	0.00137143	0.000147619	0	4.7619e-06	0.00174762	0	0	0	0	0	0.00110476	7.14286e-05	0.000514286	6.19048e-05	0.00112857	0.000152381	0.000219048	0.000252381	0.000190476	0.000142857	0.00128095	0.000138095	0.000271429	0.000319048	0.000380952	0.000780952	
0.0176524	0.0181952	0.00994286	0.00642381	0.0317857	0.00619524	0.00632857	0.00790476	0.00589048	0.0019	0.0396381	0.00478571	0.000152381	5.71429e-05	0.051919	8.57143e-05	0	0	0	0	0.0295429	0.00238571	0.0175429	0.00274286	0.0343333	0.00480476	0.00659048	0.00648571	0.00552857	0.0038	0.0382	0.00468571	0.00962857	0.0082619	0.0104429	0.023881	
0.000790476	0.000990476	0.000533333	0.000304762	0.00148571	0.000333333	0.000380952	0.000419048	0.000347619	8.57143e-05	0.0019	0.000285714	4.7619e-06	0	0.00260952	4.7619e-06	0	0	0	0	0.00149524	0.000138095	0.000861905	0.00012381	0.00172857	0.000233333	0.0003	0.000357143	0.000271429	0.00017619	0.0019381	0.000233333	0.000566667	0.000390476	0.000442857	0.00121905	
0.312281	0.332895	0.178848	0.11939	0.573705	0.113019	0.1188	0.13789	0.111962	0.0326762	0.716248	0.0825286	0.00245238	0.00112857	0.937729	0.00210476	0	0	0	0	0.535205	0.0442571	0.318838	0.0451143	0.62439	0.0831714	0.117833	0.118019	0.0983857	0.0692429	0.690371	0.0854143	0.173048	0.150171	0.18819	0.432005	
0.188352	0.199719	0.108286	0.0709905	0.350419	0.0664286	0.069719	0.080781	0.0663	0.0193143	0.432633	0.0491	0.00141905	0.000614286	0.564062	0.00125238	0.00110476	0.0295429	0.00149524	0.535205	0	0	0	0	0.359219	0.0543952	0.076419	0.0773143	0.0731286	0.0514381	0.379252	0.0635286	0.106619	0.0919714	0.114567	0.25419	
0.0156667	0.0165286	0.00882857	0.00582857	0.0289381	0.00542857	0.0056	0.00688571	0.00549048	0.00143333	0.035819	0.00410952	0.000138095	5.2381e-05	0.0465571	0.000104762	7.14286e-05	0.00238571	0.000138095	0.0442571	0	0	0	0	0.0295762	0.00441429	0.00667619	0.00618571	0.00627143	0.00421905	0.0312	0.0051619	0.00918095	0.00756667	0.00930476	0.0208	
0.111433	0.119743	0.0631286	0.0434524	0.198943	0.0424286	0.0442524	0.0521333	0.0411714	0.0123048	0.253943	0.0303381	0.000919048	0.000433333	0.335629	0.00077619	0.000514286	0.0175429	0.000861905	0.318838	0	0	0	0	0.242486	0.0249333	0.0352762	0.0350619	0.0188762	0.0134333	0.288933	0.0165143	0.0588048	0.051881	0.065719	0.161352	
0.0158762	0.0167	0.00939048	0.00607619	0.0297571	0.00547619	0.00615714	0.00665238	0.00539524	0.00168571	0.0367619	0.0042	0.000133333	9.04762e-05	0.0477571	6.19048e-05	6.19048e-05	0.00274286	0.00012381	0.0451143	0	0	0	0	0.0303	0.00461905	0.00657143	0.00655238	0.0061	0.00427143	0.0324048	0.00526667	0.00890952	0.00772381	0.00986667	0.0215429	
0.219167	0.23311	0.125086	0.084219	0.397971	0.0805333	0.0848524	0.0982238	0.078481	0.0233524	0.5012	0.0585476	0.00161905	0.000771429	0.657757	0.00143333	0.00112857	0.0343333	0.00172857	0.62439	0.359219	0.0295762	0.242486	0.0303	0	0	0	0	0.0555571	0.0393048	0.518557	0.0481619	0.119805	0.103314	0.130329	0.308133	
0.0295429	0.0310714	0.0166762	0.0110714	0.0546333	0.0101524	0.0105381	0.0130381	0.00997143	0.00298571	0.0676143	0.00779048	0.000238095	0.000119048	0.0878619	0.000142857	0.000152381	0.00480476	0.000233333	0.0831714	0.0543952	0.00441429	0.0249333	0.00461905	0	0	0	0	0.012481	0.00910476	0.0559762	0.0108	0.0165048	0.0146048	0.0180476	0.0392048	
0.0410048	0.0442333	0.0239476	0.0157571	0.0780667	0.0143381	0.014719	0.017819	0.0147381	0.00417143	0.0955095	0.0105238	0.000338095	0.000138095	0.124181	0.000285714	0.000219048	0.00659048	0.0003	0.117833	0.076419	0.00667619	0.0352762	0.00657143	0	0	0	0	0.0178476	0.0124429	0.0788143	0.0158381	0.0237619	0.0205762	0.0254429	0.0551619	
0.0416143	0.0442762	0.0239238	0.0153	0.0773857	0.0147381	0.015619	0.0173714	0.0151667	0.00422857	0.0948333	0.0108857	0.000414286	0.000161905	0.124205	0.000333333	0.000252381	0.00648571	0.000357143	0.118019	0.0773143	0.00618571	0.0350619	0.00655238	0	0	0	0	0.0184905	0.0125095	0.0784429	0.0156714	0.0234429	0.0206476	0.0256381	0.0553857	
0.0347905	0.0376048	0.0203857	0.0115952	0.0739619	0.00920476	0.00992381	0.0112857	0.0108667	0.00312857	0.0824619	0.00791905	0.000261905	0.000133333	0.103743	0.000238095	0.000190476	0.00552857	0.000271429	0.0983857	0.0731286	0.00627143	0.0188762	0.0061	0.0555571	0.012481	0.0178476	0.0184905	0	0	0	0	0.0239143	0.0202095	0.0250238	0.0352286	
0.0247952	0.0257333	0.0143429	0.00849048	0.0525143	0.00654762	0.00671429	0.00758571	0.00745714	0.00211905	0.0580857	0.0057	0.000171429	5.71429e-05	0.0729952	0.000138095	0.000142857	0.0038	0.00017619	0.0692429	0.0514381	0.00421905	0.0134333	0.00427143	0.0393048	0.00910476	0.0124429	0.0125095	0	0	0	0	0.0162048	0.0140857	0.018	0.0250714	
0.241514	0.257229	0.13731	0.0957381	0.41769	0.0958571	0.100519	0.117724	0.0907286	0.026819	0.546781	0.0674619	0.00197619	0.000885714	0.727281	0.00164762	0.00128095	0.0382	0.0019381	0.690371	0.379252	0.0312	0.288933	0.0324048	0.518557	0.0559762	0.0788143	0.0784429	0	0	0	0	0.123224	0.106967	0.134176	0.367424	
0.0302286	0.0321238	0.0175952	0.0105238	0.0638905	0.00815238	0.00857143	0.00985714	0.00930476	0.00267143	0.0718286	0.00666667	0.0002	0.000114286	0.0899857	0.000171429	0.000138095	0.00468571	0.000233333	0.0854143	0.0635286	0.0051619	0.0165143	0.00526667	0.0481619	0.0108	0.0158381	0.0156714	0	0	0	0	0.0201714	0.017881	0.0222571	0.0301619	
0.0609714	0.0644048	0.035319	0.022819	0.115771	0.0211571	0.0214571	0.0251286	0.015581	0.0045619	0.151767	0.0116048	0.000419048	0.000190476	0.182505	0.0004	0.000271429	0.00962857	0.000566667	0.173048	0.106619	0.00918095	0.0588048	0.00890952	0.119805	0.0165048	0.0237619	0.0234429	0.0239143	0.0162048	0.123224	0.0201714	0	0	0	0	
0.0534714	0.0560381	0.0299476	0.0196857	0.1008	0.0176429	0.0187333	0.0219667	0.0138762	0.00386667	0.131505	0.00989524	0.000447619	0.000214286	0.158129	0.000352381	0.000319048	0.0082619	0.000390476	0.150171	0.0919714	0.00756667	0.051881	0.00772381	0.103314	0.0146048	0.0205762	0.0206476	0.0202095	0.0140857	0.106967	0.017881	0	0	0	0	
0.0661762	0.0706667	0.0378048	0.0248095	0.125743	0.0225857	0.0240857	0.0270429	0.0170667	0.00502857	0.16471	0.0126524	0.000495238	0.000266667	0.19821	0.000485714	0.000380952	0.0104429	0.000442857	0.18819	0.114567	0.00930476	0.065719	0.00986667	0.130329	0.0180476	0.0254429	0.0256381	0.0250238	0.018	0.134176	0.0222571	0	0	0	0	
0.15071	0.161581	0.0865619	0.0590333	0.265743	0.0583762	0.0614524	0.0723143	0.0718333	0.021281	0.311176	0.0535952	0.00124762	0.000519048	0.455162	0.000957143	0.000780952	0.023881	0.00121905	0.432005	0.25419	0.0208	0.161352	0.0215429	0.308133	0.0392048	0.0551619	0.0553857	0.0352286	0.0250714	0.367424	0.0301619	0	0	0	0	
