0	0	0	0	0.240392	0.0489538	0.0388077	0.0673615	0.0755769	0.0260308	0.233931	0.0599769	0.00202308	0.0013	0.390192	0.002	0.00211538	0.00375385	0.00187692	0.387769	0.225823	0.00724615	0.0968615	0.0655846	0.255654	0.0304154	0.0419308	0.0675154	0.0451154	0.0157308	0.286338	0.0483308	0.0780769	0.0417692	0.0352615	0.240408	
0	0	0	0	0.136315	0.0277385	0.0220462	0.039	0.0424231	0.0154077	0.131938	0.0353308	0.00121538	0.000653846	0.222292	0.000938462	0.00108462	0.00222308	0.000838462	0.220954	0.128231	0.0044	0.0558231	0.0366462	0.145938	0.0182769	0.0236538	0.0372308	0.0249308	0.00856923	0.163623	0.0279769	0.0446846	0.0233769	0.0205923	0.136446	
0	0	0	0	0.114977	0.0234769	0.0190154	0.0326385	0.0362615	0.0129769	0.112046	0.0288231	0.000892308	0.000684615	0.187385	0.00114615	0.000876923	0.00178462	0.000807692	0.186638	0.108838	0.00368462	0.0473615	0.0302231	0.123938	0.0147385	0.0198769	0.0315538	0.0215615	0.00785385	0.136592	0.0241	0.0380846	0.0194538	0.0175462	0.115023	
0	0	0	0	0.0469692	0.045	0.0353308	0.0619769	0.0358769	0.0139385	0.107469	0.0319923	0.000992308	0.000507692	0.1869	0.000876923	0.000915385	0.00158462	0.000861538	0.185915	0.105031	0.0038	0.0505231	0.0299231	0.131246	0.0128846	0.0176462	0.0275	0.0166385	0.00598462	0.148869	0.0177846	0.0358	0.0197	0.0159692	0.117808	
0.240392	0.136315	0.114977	0.0469692	0	0	0	0	0.104146	0.0327462	0.325885	0.0758769	0.00286923	0.00169231	0.531323	0.00276923	0.00274615	0.00494615	0.0023	0.528662	0.316515	0.00976923	0.123254	0.0891154	0.323338	0.0479308	0.0643538	0.103031	0.0754769	0.0259538	0.355269	0.0819538	0.109731	0.0583615	0.0501	0.320462	
0.0489538	0.0277385	0.0234769	0.045	0	0	0	0	0.0332615	0.0106231	0.0772538	0.0240308	0.0007	0.000469231	0.143362	0.000638462	0.000807692	0.00145385	0.000530769	0.142377	0.0791308	0.00295385	0.0402462	0.0228385	0.105185	0.00891538	0.0122385	0.0188308	0.00999231	0.00344615	0.120508	0.0112231	0.0267923	0.0139692	0.0123538	0.0920538	
0.0388077	0.0220462	0.0190154	0.0353308	0	0	0	0	0.0263462	0.00829231	0.0613154	0.0192462	0.000461538	0.000392308	0.113808	0.000538462	0.000507692	0.00102308	0.000646154	0.113023	0.0626154	0.00230769	0.0321385	0.0181385	0.0839538	0.0069	0.00966154	0.0146846	0.00758462	0.00302308	0.0958231	0.00876923	0.0206615	0.0115615	0.00983846	0.0731385	
0.0673615	0.039	0.0326385	0.0619769	0	0	0	0	0.0263846	0.0166923	0.120931	0.0369692	0.00109231	0.000592308	0.198277	0.00101538	0.000930769	0.00192308	0.000907692	0.197215	0.109662	0.0041	0.0549308	0.0322846	0.1443	0.0125692	0.0168538	0.0272538	0.0151923	0.00571538	0.163823	0.0162462	0.0394615	0.0204077	0.0170769	0.124031	
0.0755769	0.0424231	0.0362615	0.0358769	0.104146	0.0332615	0.0263462	0.0263846	0	0	0	0	0.00114615	0.000692308	0.187477	0.000823077	0.00105385	0.00176154	0.000761538	0.186562	0.105277	0.0043	0.0602308	0.0203308	0.147369	0.00962308	0.0129538	0.0201923	0.00999231	0.00336923	0.1661	0.0106769	0.0267846	0.0145077	0.0121769	0.136669	
0.0260308	0.0154077	0.0129769	0.0139385	0.0327462	0.0106231	0.00829231	0.0166923	0	0	0	0	0.000346154	0.000161538	0.0674923	0.000353846	0.000338462	0.000638462	0.000346154	0.0670308	0.0372615	0.00153077	0.0219923	0.00756923	0.0530846	0.00326923	0.00479231	0.00720769	0.00306923	0.00118462	0.0604308	0.00366923	0.00983846	0.0049	0.00433846	0.0492769	
0.233931	0.131938	0.112046	0.107469	0.325885	0.0772538	0.0613154	0.120931	0	0	0	0	0.00298462	0.00188462	0.5776	0.00291538	0.00285385	0.00545385	0.00266923	0.574408	0.338962	0.00979231	0.118654	0.117977	0.334308	0.0558923	0.0748769	0.120308	0.0872154	0.0310846	0.371269	0.0958154	0.137746	0.0730615	0.0629692	0.311608	
0.0599769	0.0353308	0.0288231	0.0319923	0.0758769	0.0240308	0.0192462	0.0369692	0	0	0	0	0.000646154	0.000407692	0.1542	0.000869231	0.000746154	0.00149231	0.000607692	0.153277	0.0864231	0.00350769	0.0496923	0.0165	0.122015	0.00753077	0.0104846	0.0160923	0.00796923	0.0025	0.137623	0.00803077	0.0222769	0.0118308	0.00988462	0.112131	
0.00202308	0.00121538	0.000892308	0.000992308	0.00286923	0.0007	0.000461538	0.00109231	0.00114615	0.000346154	0.00298462	0.000646154	0	0	0	0	7.69231e-06	4.61538e-05	3.07692e-05	0.00503846	0.00272308	8.46154e-05	0.00141538	0.0009	0.00331538	0.0004	0.000484615	0.000923077	0.000569231	0.000123077	0.00376154	0.000669231	0.001	0.0005	0.000430769	0.00319231	
0.0013	0.000653846	0.000684615	0.000507692	0.00169231	0.000469231	0.000392308	0.000592308	0.000692308	0.000161538	0.00188462	0.000407692	0	0	0	0	3.84615e-05	3.07692e-05	1.53846e-05	0.00306154	0.00186154	4.61538e-05	0.000776923	0.000461538	0.00211538	0.000223077	0.000323077	0.000484615	0.000423077	0.000153846	0.00223846	0.000330769	0.000623077	0.000353846	0.000253846	0.00191538	
0.390192	0.222292	0.187385	0.1869	0.531323	0.143362	0.113808	0.198277	0.187477	0.0674923	0.5776	0.1542	0	0	0	0	0.00493846	0.00921538	0.00432308	0.968292	0.560523	0.0188846	0.247292	0.160069	0.648254	0.0752769	0.101731	0.161508	0.106731	0.0376462	0.725854	0.116538	0.194	0.103031	0.0881231	0.601615	
0.002	0.000938462	0.00114615	0.000876923	0.00276923	0.000638462	0.000538462	0.00101538	0.000823077	0.000353846	0.00291538	0.000869231	0	0	0	0	7.69231e-06	5.38462e-05	1.53846e-05	0.00488462	0.00281538	0.000115385	0.00108462	0.000946154	0.00309231	0.000415385	0.000569231	0.000884615	0.000523077	0.000215385	0.00356923	0.000653846	0.00102308	0.000415385	0.000561538	0.00296154	
0.00211538	0.00108462	0.000876923	0.000915385	0.00274615	0.000807692	0.000507692	0.000930769	0.00105385	0.000338462	0.00285385	0.000746154	7.69231e-06	3.84615e-05	0.00493846	7.69231e-06	0	0	0	0	0.00284615	0.000146154	0.00123846	0.000761538	0.00318462	0.0004	0.000484615	0.000923077	0.000492308	0.000161538	0.00384615	0.000492308	0.000907692	0.000530769	0.000430769	0.00312308	
0.00375385	0.00222308	0.00178462	0.00158462	0.00494615	0.00145385	0.00102308	0.00192308	0.00176154	0.000638462	0.00545385	0.00149231	4.61538e-05	3.07692e-05	0.00921538	5.38462e-05	0	0	0	0	0.00551538	0.000153846	0.00216923	0.00150769	0.00615385	0.000807692	0.000992308	0.00139231	0.001	0.000276923	0.00685385	0.00121538	0.00174615	0.000892308	0.000869231	0.00583846	
0.00187692	0.000838462	0.000807692	0.000861538	0.0023	0.000530769	0.000646154	0.000907692	0.000761538	0.000346154	0.00266923	0.000607692	3.07692e-05	1.53846e-05	0.00432308	1.53846e-05	0	0	0	0	0.00237692	0.0001	0.00112308	0.000784615	0.00286154	0.000315385	0.000507692	0.0007	0.000592308	0.000169231	0.00303846	0.000584615	0.000907692	0.000492308	0.000353846	0.00263077	
0.387769	0.220954	0.186638	0.185915	0.528662	0.142377	0.113023	0.197215	0.186562	0.0670308	0.574408	0.153277	0.00503846	0.00306154	0.968292	0.00488462	0	0	0	0	0.557185	0.0187308	0.246038	0.159323	0.644577	0.0747923	0.101123	0.160785	0.106162	0.0375308	0.721685	0.1159	0.193085	0.102385	0.0877154	0.598092	
0.225823	0.128231	0.108838	0.105031	0.316515	0.0791308	0.0626154	0.109662	0.105277	0.0372615	0.338962	0.0864231	0.00272308	0.00186154	0.560523	0.00281538	0.00284615	0.00551538	0.00237692	0.557185	0	0	0	0	0.3612	0.0458462	0.0622846	0.0985923	0.0803615	0.0278615	0.372877	0.0868231	0.1261	0.0666	0.0569077	0.318315	
0.00724615	0.0044	0.00368462	0.0038	0.00976923	0.00295385	0.00230769	0.0041	0.0043	0.00153077	0.00979231	0.00350769	8.46154e-05	4.61538e-05	0.0188846	0.000115385	0.000146154	0.000153846	0.0001	0.0187308	0	0	0	0	0.0126308	0.00140769	0.00185385	0.00323846	0.00116923	0.000469231	0.0161846	0.00130769	0.00296154	0.0016	0.00137692	0.0131923	
0.0968615	0.0558231	0.0473615	0.0505231	0.123254	0.0402462	0.0321385	0.0549308	0.0602308	0.0219923	0.118654	0.0496923	0.00141538	0.000776923	0.247292	0.00108462	0.00123846	0.00216923	0.00112308	0.246038	0	0	0	0	0.215885	0.00754615	0.0103462	0.0167923	0.0143	0.00531538	0.214631	0.0163231	0.0385308	0.0207615	0.0176846	0.173592	
0.0655846	0.0366462	0.0302231	0.0299231	0.0891154	0.0228385	0.0181385	0.0322846	0.0203308	0.00756923	0.117977	0.0165	0.0009	0.000461538	0.160069	0.000946154	0.000761538	0.00150769	0.000784615	0.159323	0	0	0	0	0.0670615	0.0215154	0.0286231	0.0451769	0.0124154	0.00449231	0.131731	0.0137385	0.0290538	0.0153385	0.0134	0.104585	
0.255654	0.145938	0.123938	0.131246	0.323338	0.105185	0.0839538	0.1443	0.147369	0.0530846	0.334308	0.122015	0.00331538	0.00211538	0.648254	0.00309231	0.00318462	0.00615385	0.00286154	0.644577	0.3612	0.0126308	0.215885	0.0670615	0	0	0	0	0.0637	0.0227231	0.500385	0.0699692	0.123138	0.0655769	0.0564923	0.411569	
0.0304154	0.0182769	0.0147385	0.0128846	0.0479308	0.00891538	0.0069	0.0125692	0.00962308	0.00326923	0.0558923	0.00753077	0.0004	0.000223077	0.0752769	0.000415385	0.0004	0.000807692	0.000315385	0.0747923	0.0458462	0.00140769	0.00754615	0.0215154	0	0	0	0	0.0100692	0.00351538	0.0517	0.0110308	0.0167231	0.00831538	0.00767692	0.0436	
0.0419308	0.0236538	0.0198769	0.0176462	0.0643538	0.0122385	0.00966154	0.0168538	0.0129538	0.00479231	0.0748769	0.0104846	0.000484615	0.000323077	0.101731	0.000569231	0.000484615	0.000992308	0.000507692	0.101123	0.0622846	0.00185385	0.0103462	0.0286231	0	0	0	0	0.0132308	0.00452308	0.0707769	0.0145769	0.0220308	0.0116308	0.00963077	0.0598154	
0.0675154	0.0372308	0.0315538	0.0275	0.103031	0.0188308	0.0146846	0.0272538	0.0201923	0.00720769	0.120308	0.0160923	0.000923077	0.000484615	0.161508	0.000884615	0.000923077	0.00139231	0.0007	0.160785	0.0985923	0.00323846	0.0167923	0.0451769	0	0	0	0	0.0212462	0.00737692	0.112562	0.0226154	0.0347538	0.0187769	0.0155692	0.0947	
0.0451154	0.0249308	0.0215615	0.0166385	0.0754769	0.00999231	0.00758462	0.0151923	0.00999231	0.00306923	0.0872154	0.00796923	0.000569231	0.000423077	0.106731	0.000523077	0.000492308	0.001	0.000592308	0.106162	0.0803615	0.00116923	0.0143	0.0124154	0.0637	0.0100692	0.0132308	0.0212462	0	0	0	0	0.0298231	0.0162	0.0133308	0.0488923	
0.0157308	0.00856923	0.00785385	0.00598462	0.0259538	0.00344615	0.00302308	0.00571538	0.00336923	0.00118462	0.0310846	0.0025	0.000123077	0.000153846	0.0376462	0.000215385	0.000161538	0.000276923	0.000169231	0.0375308	0.0278615	0.000469231	0.00531538	0.00449231	0.0227231	0.00351538	0.00452308	0.00737692	0	0	0	0	0.0105846	0.00536923	0.0047	0.0174846	
0.286338	0.163623	0.136592	0.148869	0.355269	0.120508	0.0958231	0.163823	0.1661	0.0604308	0.371269	0.137623	0.00376154	0.00223846	0.725854	0.00356923	0.00384615	0.00685385	0.00303846	0.721685	0.372877	0.0161846	0.214631	0.131731	0.500385	0.0517	0.0707769	0.112562	0	0	0	0	0.1242	0.0654615	0.0568462	0.488915	
0.0483308	0.0279769	0.0241	0.0177846	0.0819538	0.0112231	0.00876923	0.0162462	0.0106769	0.00366923	0.0958154	0.00803077	0.000669231	0.000330769	0.116538	0.000653846	0.000492308	0.00121538	0.000584615	0.1159	0.0868231	0.00130769	0.0163231	0.0137385	0.0699692	0.0110308	0.0145769	0.0226154	0	0	0	0	0.0320385	0.0172692	0.0144923	0.0543923	
0.0780769	0.0446846	0.0380846	0.0358	0.109731	0.0267923	0.0206615	0.0394615	0.0267846	0.00983846	0.137746	0.0222769	0.001	0.000623077	0.194	0.00102308	0.000907692	0.00174615	0.000907692	0.193085	0.1261	0.00296154	0.0385308	0.0290538	0.123138	0.0167231	0.0220308	0.0347538	0.0298231	0.0105846	0.1242	0.0320385	0	0	0	0	
0.0417692	0.0233769	0.0194538	0.0197	0.0583615	0.0139692	0.0115615	0.0204077	0.0145077	0.0049	0.0730615	0.0118308	0.0005	0.000353846	0.103031	0.000415385	0.000530769	0.000892308	0.000492308	0.102385	0.0666	0.0016	0.0207615	0.0153385	0.0655769	0.00831538	0.0116308	0.0187769	0.0162	0.00536923	0.0654615	0.0172692	0	0	0	0	
0.0352615	0.0205923	0.0175462	0.0159692	0.0501	0.0123538	0.00983846	0.0170769	0.0121769	0.00433846	0.0629692	0.00988462	0.000430769	0.000253846	0.0881231	0.000561538	0.000430769	0.000869231	0.000353846	0.0877154	0.0569077	0.00137692	0.0176846	0.0134	0.0564923	0.00767692	0.00963077	0.0155692	0.0133308	0.0047	0.0568462	0.0144923	0	0	0	0	
0.240408	0.136446	0.115023	0.117808	0.320462	0.0920538	0.0731385	0.124031	0.136669	0.0492769	0.311608	0.112131	0.00319231	0.00191538	0.601615	0.00296154	0.00312308	0.00583846	0.00263077	0.598092	0.318315	0.0131923	0.173592	0.104585	0.411569	0.0436	0.0598154	0.0947	0.0488923	0.0174846	0.488915	0.0543923	0	0	0	0	
