0	0	0	0	0.19988	0.05238	0.0574	0.06036	0.05807	0.026	0.23435	0.0516	0.00025	6e-05	0.36964	7e-05	0.00015	0.00363	8e-05	0.36616	0.22934	0.00576	0.1177	0.01722	0.27314	0.02507	0.03656	0.03525	0.0338	0.01068	0.30041	0.02513	0.05446	0.04717	0.02668	0.24171	
0	0	0	0	0.16779	0.02948	0.03187	0.03352	0.04094	0.01878	0.17557	0.02737	0.00022	3e-05	0.2624	1e-05	0.00013	0.00241	5e-05	0.26007	0.14456	0.00443	0.09821	0.01546	0.19137	0.01857	0.0264	0.02632	0.02425	0.00713	0.21336	0.01792	0.03604	0.03207	0.01768	0.17687	
0	0	0	0	0.09712	0.03677	0.02799	0.02846	0.0293	0.01383	0.12064	0.02657	7e-05	2e-05	0.19023	2e-05	5e-05	0.00171	8e-05	0.1885	0.11607	0.00285	0.06227	0.00915	0.14158	0.01216	0.01837	0.01823	0.01589	0.00506	0.15751	0.01188	0.02324	0.02069	0.01127	0.13514	
0	0	0	0	0.05229	0.03844	0.04231	0.04394	0.02723	0.01281	0.11168	0.02526	0.00019	0	0.17674	5e-05	0.00011	0.00171	3e-05	0.17513	0.11285	0.00246	0.05437	0.0073	0.13347	0.01122	0.01581	0.01648	0.01421	0.00424	0.14854	0.00999	0.02263	0.02035	0.01116	0.12284	
0.19988	0.16779	0.09712	0.05229	0	0	0	0	0.08237	0.0354	0.33714	0.06217	0.00038	3e-05	0.51662	5e-05	0.00023	0.00504	0.00011	0.5117	0.288	0.00904	0.19048	0.02956	0.36215	0.03981	0.05843	0.05669	0.05797	0.01734	0.39938	0.04239	0.08186	0.06997	0.0396	0.32565	
0.05238	0.02948	0.03677	0.03844	0	0	0	0	0.02959	0.012	0.09294	0.02254	0.0001	3e-05	0.15689	5e-05	5e-05	0.00124	2e-05	0.15576	0.10336	0.00206	0.04571	0.00594	0.12383	0.00834	0.01191	0.01299	0.00942	0.00316	0.13746	0.00703	0.01753	0.01648	0.00878	0.11428	
0.0574	0.03187	0.02799	0.04231	0	0	0	0	0.02933	0.0126	0.09421	0.02343	0.00014	3e-05	0.15937	3e-05	2e-05	0.00158	5e-05	0.15792	0.10416	0.00217	0.04702	0.00622	0.12546	0.00918	0.01259	0.01234	0.00928	0.00312	0.13977	0.0074	0.01713	0.016	0.0088	0.11764	
0.06036	0.03352	0.02846	0.04394	0	0	0	0	0.01425	0.01142	0.11795	0.02266	0.00011	2e-05	0.16613	2e-05	0.00014	0.0016	6e-05	0.16448	0.1073	0.00223	0.04934	0.00741	0.12812	0.00969	0.01421	0.01426	0.01148	0.00349	0.14321	0.0081	0.01985	0.01783	0.00961	0.11899	
0.05807	0.04094	0.0293	0.02723	0.08237	0.02959	0.02933	0.01425	0	0	0	0	0.00016	3e-05	0.15533	2e-05	3e-05	0.00143	5e-05	0.15403	0.10138	0.00195	0.04617	0.00604	0.12502	0.0076	0.01139	0.01153	0.00817	0.00245	0.13858	0.00634	0.01395	0.01383	0.00711	0.12065	
0.026	0.01878	0.01383	0.01281	0.0354	0.012	0.0126	0.01142	0	0	0	0	4e-05	0	0.07136	2e-05	5e-05	0.00069	3e-05	0.07065	0.04739	0.001	0.01988	0.00315	0.05771	0.0033	0.00506	0.00535	0.00375	0.00105	0.06386	0.00276	0.00665	0.00588	0.00312	0.05577	
0.23435	0.17557	0.12064	0.11168	0.33714	0.09294	0.09421	0.11795	0	0	0	0	0.00048	7e-05	0.64159	0.0001	0.00029	0.00623	0.00013	0.63559	0.36779	0.01068	0.22892	0.03485	0.45053	0.04999	0.07177	0.06995	0.06934	0.0215	0.50051	0.05089	0.10397	0.08938	0.05034	0.39855	
0.0516	0.02737	0.02657	0.02526	0.06217	0.02254	0.02343	0.02266	0	0	0	0	5e-05	1e-05	0.13073	1e-05	7e-05	0.00111	3e-05	0.12959	0.08626	0.00187	0.03758	0.00509	0.1063	0.00613	0.00892	0.00945	0.00689	0.00211	0.11687	0.00493	0.0118	0.01119	0.00622	0.10159	
0.00025	0.00022	7e-05	0.00019	0.00038	0.0001	0.00014	0.00011	0.00016	4e-05	0.00048	5e-05	0	0	0	0	0	1e-05	0	0.00072	0.00039	2e-05	0.00029	3e-05	0.00055	5e-05	5e-05	8e-05	6e-05	2e-05	0.00062	3e-05	6e-05	0.00014	2e-05	0.00051	
6e-05	3e-05	2e-05	0	3e-05	3e-05	3e-05	2e-05	3e-05	0	7e-05	1e-05	0	0	0	0	0	0	0	0.00011	4e-05	0	5e-05	2e-05	8e-05	1e-05	1e-05	1e-05	0	0	0.00011	0	0	1e-05	0	0.0001	
0.36964	0.2624	0.19023	0.17674	0.51662	0.15689	0.15937	0.16613	0.15533	0.07136	0.64159	0.13073	0	0	0	0	0.00044	0.00945	0.00023	0.98889	0.60229	0.01548	0.33217	0.04907	0.73883	0.06695	0.09705	0.09618	0.08808	0.02708	0.81898	0.06487	0.13631	0.12011	0.06676	0.67583	
7e-05	1e-05	2e-05	5e-05	5e-05	5e-05	3e-05	2e-05	2e-05	2e-05	0.0001	1e-05	0	0	0	0	0	0	1e-05	0.00014	0.0001	0	4e-05	1e-05	0.0001	1e-05	3e-05	1e-05	1e-05	1e-05	0.00011	2e-05	0	2e-05	1e-05	0.00012	
0.00015	0.00013	5e-05	0.00011	0.00023	5e-05	2e-05	0.00014	3e-05	5e-05	0.00029	7e-05	0	0	0.00044	0	0	0	0	0	0.00027	0	0.00016	1e-05	0.00028	5e-05	5e-05	6e-05	2e-05	3e-05	0.00036	3e-05	6e-05	3e-05	2e-05	0.00033	
0.00363	0.00241	0.00171	0.00171	0.00504	0.00124	0.00158	0.0016	0.00143	0.00069	0.00623	0.00111	1e-05	0	0.00945	0	0	0	0	0	0.0055	0.00016	0.00338	0.00042	0.00671	0.00077	0.00107	0.00091	0.00081	0.00021	0.00777	0.00067	0.00117	0.00111	0.00062	0.00656	
8e-05	5e-05	8e-05	3e-05	0.00011	2e-05	5e-05	6e-05	5e-05	3e-05	0.00013	3e-05	0	0	0.00023	1e-05	0	0	0	0	0.00012	0	0.0001	2e-05	0.00017	2e-05	4e-05	1e-05	0	1e-05	0.00023	0	2e-05	2e-05	0	0.0002	
0.36616	0.26007	0.1885	0.17513	0.5117	0.15576	0.15792	0.16448	0.15403	0.07065	0.63559	0.12959	0.00072	0.00011	0.98889	0.00014	0	0	0	0	0.59693	0.01534	0.32891	0.04868	0.7324	0.06618	0.09598	0.0953	0.08732	0.02686	0.81146	0.06422	0.13512	0.11912	0.06615	0.66947	
0.22934	0.14456	0.11607	0.11285	0.288	0.10336	0.10416	0.1073	0.10138	0.04739	0.36779	0.08626	0.00039	4e-05	0.60229	0.0001	0.00027	0.0055	0.00012	0.59693	0	0	0	0	0.44127	0.03841	0.05385	0.06929	0.07152	0.02191	0.45653	0.05286	0.09917	0.0856	0.04838	0.36967	
0.00576	0.00443	0.00285	0.00246	0.00904	0.00206	0.00217	0.00223	0.00195	0.001	0.01068	0.00187	2e-05	0	0.01548	0	0	0.00016	0	0.01534	0	0	0	0	0.01123	0.001	0.00155	0.00172	0.00076	0.0002	0.01408	0.00046	0.00142	0.00151	0.00064	0.01193	
0.1177	0.09821	0.06227	0.05437	0.19048	0.04571	0.04702	0.04934	0.04617	0.01988	0.22892	0.03758	0.00029	5e-05	0.33217	4e-05	0.00016	0.00338	0.0001	0.32891	0	0	0	0	0.25828	0.02282	0.03475	0.0167	0.01356	0.0042	0.305	0.00979	0.03105	0.02882	0.01528	0.2574	
0.01722	0.01546	0.00915	0.0073	0.02956	0.00594	0.00622	0.00741	0.00604	0.00315	0.03485	0.00509	3e-05	2e-05	0.04907	1e-05	1e-05	0.00042	2e-05	0.04868	0	0	0	0	0.02878	0.00479	0.00699	0.00857	0.00231	0.0008	0.04421	0.00181	0.00473	0.00435	0.00249	0.03756	
0.27314	0.19137	0.14158	0.13347	0.36215	0.12383	0.12546	0.12812	0.12502	0.05771	0.45053	0.1063	0.00055	8e-05	0.73883	0.0001	0.00028	0.00671	0.00017	0.7324	0.44127	0.01123	0.25828	0.02878	0	0	0	0	0.06023	0.0179	0.61759	0.04384	0.09679	0.08597	0.04797	0.50883	
0.02507	0.01857	0.01216	0.01122	0.03981	0.00834	0.00918	0.00969	0.0076	0.0033	0.04999	0.00613	5e-05	1e-05	0.06695	1e-05	5e-05	0.00077	2e-05	0.06618	0.03841	0.001	0.02282	0.00479	0	0	0	0	0.00693	0.00226	0.05246	0.00537	0.01006	0.00844	0.00498	0.04354	
0.03656	0.0264	0.01837	0.01581	0.05843	0.01191	0.01259	0.01421	0.01139	0.00506	0.07177	0.00892	5e-05	1e-05	0.09705	3e-05	5e-05	0.00107	4e-05	0.09598	0.05385	0.00155	0.03475	0.00699	0	0	0	0	0.00982	0.00328	0.07672	0.00732	0.01426	0.01228	0.00689	0.06371	
0.03525	0.02632	0.01823	0.01648	0.05669	0.01299	0.01234	0.01426	0.01153	0.00535	0.06995	0.00945	8e-05	1e-05	0.09618	1e-05	6e-05	0.00091	1e-05	0.0953	0.06929	0.00172	0.0167	0.00857	0	0	0	0	0.01117	0.00367	0.07305	0.00839	0.01526	0.01359	0.00695	0.06048	
0.0338	0.02425	0.01589	0.01421	0.05797	0.00942	0.00928	0.01148	0.00817	0.00375	0.06934	0.00689	6e-05	0	0.08808	1e-05	2e-05	0.00081	0	0.08732	0.07152	0.00076	0.01356	0.00231	0.06023	0.00693	0.00982	0.01117	0	0	0	0	0.02328	0.01445	0.01139	0.03903	
0.01068	0.00713	0.00506	0.00424	0.01734	0.00316	0.00312	0.00349	0.00245	0.00105	0.0215	0.00211	2e-05	0	0.02708	1e-05	3e-05	0.00021	1e-05	0.02686	0.02191	0.0002	0.0042	0.0008	0.0179	0.00226	0.00328	0.00367	0	0	0	0	0.007	0.00449	0.00337	0.01225	
0.30041	0.21336	0.15751	0.14854	0.39938	0.13746	0.13977	0.14321	0.13858	0.06386	0.50051	0.11687	0.00062	0.00011	0.81898	0.00011	0.00036	0.00777	0.00023	0.81146	0.45653	0.01408	0.305	0.04421	0.61759	0.05246	0.07672	0.07305	0	0	0	0	0.089	0.09115	0.04421	0.59546	
0.02513	0.01792	0.01188	0.00999	0.04239	0.00703	0.0074	0.0081	0.00634	0.00276	0.05089	0.00493	3e-05	0	0.06487	2e-05	3e-05	0.00067	0	0.06422	0.05286	0.00046	0.00979	0.00181	0.04384	0.00537	0.00732	0.00839	0	0	0	0	0.01709	0.01019	0.00782	0.02982	
0.05446	0.03604	0.02324	0.02263	0.08186	0.01753	0.01713	0.01985	0.01395	0.00665	0.10397	0.0118	6e-05	0	0.13631	0	6e-05	0.00117	2e-05	0.13512	0.09917	0.00142	0.03105	0.00473	0.09679	0.01006	0.01426	0.01526	0.02328	0.007	0.089	0.01709	0	0	0	0	
0.04717	0.03207	0.02069	0.02035	0.06997	0.01648	0.016	0.01783	0.01383	0.00588	0.08938	0.01119	0.00014	1e-05	0.12011	2e-05	3e-05	0.00111	2e-05	0.11912	0.0856	0.00151	0.02882	0.00435	0.08597	0.00844	0.01228	0.01359	0.01445	0.00449	0.09115	0.01019	0	0	0	0	
0.02668	0.01768	0.01127	0.01116	0.0396	0.00878	0.0088	0.00961	0.00711	0.00312	0.05034	0.00622	2e-05	0	0.06676	1e-05	2e-05	0.00062	0	0.06615	0.04838	0.00064	0.01528	0.00249	0.04797	0.00498	0.00689	0.00695	0.01139	0.00337	0.04421	0.00782	0	0	0	0	
0.24171	0.17687	0.13514	0.12284	0.32565	0.11428	0.11764	0.11899	0.12065	0.05577	0.39855	0.10159	0.00051	0.0001	0.67583	0.00012	0.00033	0.00656	0.0002	0.66947	0.36967	0.01193	0.2574	0.03756	0.50883	0.04354	0.06371	0.06048	0.03903	0.01225	0.59546	0.02982	0	0	0	0	
