0	0	0	0	0.20151	0.0502	0.05696	0.05854	0.0561	0.02516	0.23432	0.05163	0.00026	6e-05	0.36683	6e-05	0.00013	0.00355	0.00014	0.36339	0.22603	0.00545	0.11789	0.01784	0.26961	0.02441	0.03721	0.03598	0.03342	0.01017	0.29791	0.02571	0.05411	0.04695	0.02759	0.23856	
0	0	0	0	0.16836	0.02855	0.03353	0.03519	0.04376	0.01966	0.17698	0.02523	0.00025	1e-05	0.26535	2e-05	0.00012	0.00266	4e-05	0.26281	0.14677	0.00439	0.0997	0.01477	0.19329	0.01833	0.02788	0.02613	0.02448	0.00703	0.21603	0.01809	0.03664	0.03287	0.01827	0.17785	
0	0	0	0	0.09306	0.03923	0.02746	0.02879	0.03093	0.01352	0.11729	0.0268	0.0001	0	0.18841	3e-05	5e-05	0.00185	2e-05	0.18662	0.11495	0.00249	0.06229	0.00881	0.14028	0.01233	0.0185	0.01743	0.0161	0.00476	0.15569	0.01199	0.02268	0.02071	0.01069	0.13446	
0	0	0	0	0.05205	0.03748	0.04373	0.04536	0.02726	0.01306	0.1125	0.0258	9e-05	4e-05	0.17846	3e-05	6e-05	0.00172	4e-05	0.1768	0.11447	0.00227	0.05448	0.0074	0.13628	0.011	0.01575	0.01559	0.01435	0.00411	0.14976	0.0104	0.02284	0.02043	0.01079	0.12456	
0.20151	0.16836	0.09306	0.05205	0	0	0	0	0.08469	0.03405	0.3355	0.06074	0.00045	5e-05	0.51444	4e-05	0.00019	0.00501	0.00016	0.50962	0.2845	0.00819	0.19242	0.02987	0.35955	0.04048	0.05966	0.05529	0.05803	0.0165	0.39699	0.04346	0.08151	0.06991	0.04085	0.32271	
0.0502	0.02855	0.03923	0.03748	0	0	0	0	0.02918	0.01251	0.09097	0.0228	0.0001	1e-05	0.15531	4e-05	9e-05	0.00159	1e-05	0.15377	0.10262	0.00232	0.0447	0.00582	0.1223	0.00809	0.01229	0.01278	0.0093	0.00286	0.1362	0.0071	0.01715	0.01532	0.0084	0.11459	
0.05696	0.03353	0.02746	0.04373	0	0	0	0	0.03009	0.01265	0.09545	0.02349	8e-05	3e-05	0.16154	3e-05	3e-05	0.00145	4e-05	0.16016	0.10674	0.00201	0.04684	0.00609	0.12695	0.00837	0.01303	0.01333	0.00967	0.00323	0.14133	0.00745	0.01764	0.01756	0.0086	0.11788	
0.05854	0.03519	0.02879	0.04536	0	0	0	0	0.01409	0.01219	0.11917	0.02243	7e-05	2e-05	0.16776	3e-05	5e-05	0.00173	3e-05	0.16607	0.10836	0.00208	0.0504	0.00704	0.13066	0.00913	0.01436	0.01373	0.01135	0.00348	0.14487	0.00818	0.01997	0.01817	0.00949	0.12025	
0.0561	0.04376	0.03093	0.02726	0.08469	0.02918	0.03009	0.01409	0	0	0	0	8e-05	1e-05	0.15795	1e-05	8e-05	0.00158	2e-05	0.15637	0.10333	0.00198	0.04665	0.00609	0.12791	0.00742	0.01177	0.01095	0.00811	0.00234	0.14138	0.00622	0.0144	0.01434	0.00715	0.12216	
0.02516	0.01966	0.01352	0.01306	0.03405	0.01251	0.01265	0.01219	0	0	0	0	7e-05	2e-05	0.07129	2e-05	1e-05	0.00055	2e-05	0.07082	0.04751	0.00084	0.02046	0.00259	0.05761	0.00353	0.00534	0.00492	0.00367	0.00122	0.06391	0.0026	0.00657	0.00609	0.00302	0.05572	
0.23432	0.17698	0.11729	0.1125	0.3355	0.09097	0.09545	0.11917	0	0	0	0	0.00048	6e-05	0.64044	0.00011	0.00025	0.0064	0.00018	0.63426	0.36586	0.01022	0.22992	0.03509	0.44878	0.04915	0.07324	0.06992	0.0703	0.02065	0.49781	0.05233	0.10326	0.08938	0.05183	0.39662	
0.05163	0.02523	0.0268	0.0258	0.06074	0.0228	0.02349	0.02243	0	0	0	0	7e-05	2e-05	0.12937	0	2e-05	0.00125	2e-05	0.12817	0.08552	0.00156	0.03733	0.00505	0.10516	0.00597	0.00899	0.00934	0.00627	0.00186	0.11629	0.00504	0.01204	0.01115	0.00534	0.10093	
0.00026	0.00025	0.0001	9e-05	0.00045	0.0001	8e-05	7e-05	8e-05	7e-05	0.00048	7e-05	0	0	0	0	0	2e-05	0	0.00068	0.00041	0	0.00025	4e-05	0.00055	4e-05	4e-05	7e-05	6e-05	2e-05	0.00058	4e-05	8e-05	0.00011	4e-05	0.00047	
6e-05	1e-05	0	4e-05	5e-05	1e-05	3e-05	2e-05	1e-05	2e-05	6e-05	2e-05	0	0	0	0	0	0	0	0.00011	8e-05	0	2e-05	1e-05	6e-05	0	2e-05	3e-05	0	0	0.00011	0	4e-05	2e-05	0	5e-05	
0.36683	0.26535	0.18841	0.17846	0.51444	0.15531	0.16154	0.16776	0.15795	0.07129	0.64044	0.12937	0	0	0	0	0.00036	0.00976	0.00024	0.98869	0.60165	0.0146	0.33403	0.04877	0.73874	0.06603	0.09927	0.09501	0.08827	0.02605	0.81858	0.06615	0.13615	0.1208	0.06727	0.67483	
6e-05	2e-05	3e-05	3e-05	4e-05	4e-05	3e-05	3e-05	1e-05	2e-05	0.00011	0	0	0	0	0	0	0	0	0.00014	8e-05	0	6e-05	0	0.00011	0	1e-05	2e-05	2e-05	0	0.00012	0	0	3e-05	3e-05	8e-05	
0.00013	0.00012	5e-05	6e-05	0.00019	9e-05	3e-05	5e-05	8e-05	1e-05	0.00025	2e-05	0	0	0.00036	0	0	0	0	0	0.00021	1e-05	0.00013	1e-05	0.00028	2e-05	2e-05	4e-05	2e-05	0	0.00033	1e-05	3e-05	4e-05	2e-05	0.00027	
0.00355	0.00266	0.00185	0.00172	0.00501	0.00159	0.00145	0.00173	0.00158	0.00055	0.0064	0.00125	2e-05	0	0.00976	0	0	0	0	0	0.00588	9e-05	0.0033	0.00051	0.00708	0.00071	0.00103	0.00096	0.00091	0.00026	0.00801	0.0006	0.0014	0.00124	0.00066	0.00648	
0.00014	4e-05	2e-05	4e-05	0.00016	1e-05	4e-05	3e-05	2e-05	2e-05	0.00018	2e-05	0	0	0.00024	0	0	0	0	0	0.00013	0	0.00011	0	0.00021	0	1e-05	2e-05	3e-05	0	0.00018	3e-05	4e-05	1e-05	4e-05	0.00015	
0.36339	0.26281	0.18662	0.1768	0.50962	0.15377	0.16016	0.16607	0.15637	0.07082	0.63426	0.12817	0.00068	0.00011	0.98869	0.00014	0	0	0	0	0.596	0.0145	0.33082	0.0483	0.73189	0.06534	0.09828	0.09411	0.08739	0.02581	0.81087	0.06555	0.1348	0.11967	0.06662	0.66853	
0.22603	0.14677	0.11495	0.11447	0.2845	0.10262	0.10674	0.10836	0.10333	0.04751	0.36586	0.08552	0.00041	8e-05	0.60165	8e-05	0.00021	0.00588	0.00013	0.596	0	0	0	0	0.44043	0.03663	0.0558	0.06936	0.0725	0.02129	0.45418	0.05425	0.09934	0.08501	0.04965	0.36822	
0.00545	0.00439	0.00249	0.00227	0.00819	0.00232	0.00201	0.00208	0.00198	0.00084	0.01022	0.00156	0	0	0.0146	0	1e-05	9e-05	0	0.0145	0	0	0	0	0.0106	0.00094	0.00137	0.00169	0.00078	0.00019	0.01303	0.0006	0.00144	0.00141	0.00057	0.01118	
0.11789	0.0997	0.06229	0.05448	0.19242	0.0447	0.04684	0.0504	0.04665	0.02046	0.22992	0.03733	0.00025	2e-05	0.33403	6e-05	0.00013	0.0033	0.00011	0.33082	0	0	0	0	0.26229	0.02322	0.03446	0.01439	0.0124	0.00379	0.3087	0.00947	0.03027	0.03023	0.01468	0.25918	
0.01784	0.01477	0.00881	0.0074	0.02987	0.00582	0.00609	0.00704	0.00609	0.00259	0.03509	0.00505	4e-05	1e-05	0.04877	0	1e-05	0.00051	0	0.0483	0	0	0	0	0.02614	0.00528	0.00771	0.00969	0.00267	0.0008	0.04348	0.00187	0.00522	0.00431	0.00244	0.03685	
0.26961	0.19329	0.14028	0.13628	0.35955	0.1223	0.12695	0.13066	0.12791	0.05761	0.44878	0.10516	0.00055	6e-05	0.73874	0.00011	0.00028	0.00708	0.00021	0.73189	0.44043	0.0106	0.26229	0.02614	0	0	0	0	0.05889	0.01751	0.61854	0.04452	0.09696	0.08677	0.04742	0.50831	
0.02441	0.01833	0.01233	0.011	0.04048	0.00809	0.00837	0.00913	0.00742	0.00353	0.04915	0.00597	4e-05	0	0.06603	0	2e-05	0.00071	0	0.06534	0.03663	0.00094	0.02322	0.00528	0	0	0	0	0.00689	0.002	0.05202	0.00516	0.00994	0.00888	0.00463	0.04262	
0.03721	0.02788	0.0185	0.01575	0.05966	0.01229	0.01303	0.01436	0.01177	0.00534	0.07324	0.00899	4e-05	2e-05	0.09927	1e-05	2e-05	0.00103	1e-05	0.09828	0.0558	0.00137	0.03446	0.00771	0	0	0	0	0.01024	0.00319	0.07808	0.00783	0.01473	0.0129	0.0076	0.06411	
0.03598	0.02613	0.01743	0.01559	0.05529	0.01278	0.01333	0.01373	0.01095	0.00492	0.06992	0.00934	7e-05	3e-05	0.09501	2e-05	4e-05	0.00096	2e-05	0.09411	0.06936	0.00169	0.01439	0.00969	0	0	0	0	0.01233	0.00337	0.07075	0.00868	0.01464	0.01241	0.00769	0.06039	
0.03342	0.02448	0.0161	0.01435	0.05803	0.0093	0.00967	0.01135	0.00811	0.00367	0.0703	0.00627	6e-05	0	0.08827	2e-05	2e-05	0.00091	3e-05	0.08739	0.0725	0.00078	0.0124	0.00267	0.05889	0.00689	0.01024	0.01233	0	0	0	0	0.0243	0.01374	0.01169	0.03862	
0.01017	0.00703	0.00476	0.00411	0.0165	0.00286	0.00323	0.00348	0.00234	0.00122	0.02065	0.00186	2e-05	0	0.02605	0	0	0.00026	0	0.02581	0.02129	0.00019	0.00379	0.0008	0.01751	0.002	0.00319	0.00337	0	0	0	0	0.00715	0.0039	0.00363	0.01139	
0.29791	0.21603	0.15569	0.14976	0.39699	0.1362	0.14133	0.14487	0.14138	0.06391	0.49781	0.11629	0.00058	0.00011	0.81858	0.00012	0.00033	0.00801	0.00018	0.81087	0.45418	0.01303	0.3087	0.04348	0.61854	0.05202	0.07808	0.07075	0	0	0	0	0.08669	0.09274	0.0434	0.59656	
0.02571	0.01809	0.01199	0.0104	0.04346	0.0071	0.00745	0.00818	0.00622	0.0026	0.05233	0.00504	4e-05	0	0.06615	0	1e-05	0.0006	3e-05	0.06555	0.05425	0.0006	0.00947	0.00187	0.04452	0.00516	0.00783	0.00868	0	0	0	0	0.01813	0.01058	0.00862	0.02886	
0.05411	0.03664	0.02268	0.02284	0.08151	0.01715	0.01764	0.01997	0.0144	0.00657	0.10326	0.01204	8e-05	4e-05	0.13615	0	3e-05	0.0014	4e-05	0.1348	0.09934	0.00144	0.03027	0.00522	0.09696	0.00994	0.01473	0.01464	0.0243	0.00715	0.08669	0.01813	0	0	0	0	
0.04695	0.03287	0.02071	0.02043	0.06991	0.01532	0.01756	0.01817	0.01434	0.00609	0.08938	0.01115	0.00011	2e-05	0.1208	3e-05	4e-05	0.00124	1e-05	0.11967	0.08501	0.00141	0.03023	0.00431	0.08677	0.00888	0.0129	0.01241	0.01374	0.0039	0.09274	0.01058	0	0	0	0	
0.02759	0.01827	0.01069	0.01079	0.04085	0.0084	0.0086	0.00949	0.00715	0.00302	0.05183	0.00534	4e-05	0	0.06727	3e-05	2e-05	0.00066	4e-05	0.06662	0.04965	0.00057	0.01468	0.00244	0.04742	0.00463	0.0076	0.00769	0.01169	0.00363	0.0434	0.00862	0	0	0	0	
0.23856	0.17785	0.13446	0.12456	0.32271	0.11459	0.11788	0.12025	0.12216	0.05572	0.39662	0.10093	0.00047	5e-05	0.67483	8e-05	0.00027	0.00648	0.00015	0.66853	0.36822	0.01118	0.25918	0.03685	0.50831	0.04262	0.06411	0.06039	0.03862	0.01139	0.59656	0.02886	0	0	0	0	
