0	0	0	0	0.2254	0.0313923	0.0350385	0.0398077	0.0305538	0.00858462	0.270854	0.0216462	0.00109231	0.000530769	0.329308	0.000707692	0.000830769	0.00404615	0.000715385	0.326046	0.200369	0.0107231	0.109285	0.0112615	0.222515	0.0266077	0.0424	0.0401154	0.0284615	0.0216923	0.256262	0.0252231	0.0586923	0.0541385	0.0633385	0.155469	
0	0	0	0	0.242162	0.0347231	0.0366846	0.0433615	0.0319385	0.00920769	0.292285	0.0235	0.00112308	0.000523077	0.354515	0.000769231	0.0007	0.00420769	0.000815385	0.351208	0.215362	0.0112385	0.118269	0.0120615	0.242392	0.0279154	0.0442308	0.0423923	0.0301538	0.0233769	0.275577	0.0278231	0.0628462	0.0586846	0.0685308	0.166869	
0	0	0	0	0.127985	0.0183923	0.0198385	0.0228615	0.0173308	0.00505385	0.154138	0.0125538	0.000630769	0.000284615	0.187785	0.000376923	0.000392308	0.00256154	0.000530769	0.185592	0.113692	0.00637692	0.0627154	0.00629231	0.127738	0.015	0.0240615	0.0222769	0.0164077	0.0130154	0.145408	0.0142462	0.0316923	0.0315077	0.0366692	0.0892077	
0	0	0	0	0.0345385	0.0262846	0.0284231	0.0331077	0.0157923	0.00452308	0.0905923	0.0114462	0.000423077	0.000238462	0.121454	0.000238462	0.000215385	0.00160769	0.000423077	0.120108	0.0714846	0.00396923	0.0431462	0.00375385	0.0912615	0.00786923	0.0120077	0.0112154	0.00886923	0.00644615	0.0993231	0.00771538	0.0176308	0.0176077	0.0196615	0.0674538	
0.2254	0.242162	0.127985	0.0345385	0	0	0	0	0.0384231	0.0111308	0.552954	0.0275769	0.00201538	0.000969231	0.625685	0.00141538	0.00139231	0.00773846	0.0015	0.619454	0.392615	0.0203462	0.196069	0.0210538	0.387631	0.0593846	0.0943308	0.0887385	0.0620231	0.0471308	0.4657	0.0552308	0.123892	0.116492	0.137046	0.252654	
0.0313923	0.0347231	0.0183923	0.0262846	0	0	0	0	0.0162538	0.00523846	0.0768231	0.0124769	0.000430769	0.0002	0.109908	0.000253846	0.000207692	0.00147692	0.000284615	0.108823	0.0624462	0.00391538	0.0408077	0.00362308	0.0886615	0.00529231	0.00858462	0.00825385	0.00639231	0.00518462	0.0934923	0.00572308	0.0143	0.0142385	0.0155538	0.0667	
0.0350385	0.0366846	0.0198385	0.0284231	0	0	0	0	0.0188154	0.00501538	0.0827538	0.0134	0.000407692	0.000153846	0.119254	0.000169231	0.000215385	0.00146154	0.000323077	0.117985	0.0674154	0.00395385	0.0445154	0.0041	0.0964615	0.00598462	0.00894615	0.00859231	0.00707692	0.00556923	0.100515	0.00682308	0.0150615	0.0146308	0.0165769	0.0737154	
0.0398077	0.0433615	0.0228615	0.0331077	0	0	0	0	0.0221231	0.00598462	0.0953385	0.0156923	0.000415385	0.000253846	0.138215	0.000253846	0.000323077	0.00174615	0.000376923	0.136692	0.0784308	0.00409231	0.0520231	0.00459231	0.111154	0.00673077	0.0108385	0.0104154	0.0084	0.00664615	0.116862	0.00723077	0.0176077	0.0165769	0.0190231	0.0859308	
0.0305538	0.0319385	0.0173308	0.0157923	0.0384231	0.0162538	0.0188154	0.0221231	0	0	0	0	0.000276923	0.000192308	0.0949615	0.000184615	0.000176923	0.00115385	0.000261538	0.0940231	0.0552077	0.0031	0.0340923	0.00321538	0.0695154	0.00643077	0.0101769	0.00949231	0.00615385	0.00471538	0.0795692	0.00517692	0.00773846	0.00721538	0.00827692	0.0723846	
0.00858462	0.00920769	0.00505385	0.00452308	0.0111308	0.00523846	0.00501538	0.00598462	0	0	0	0	0.000123077	6.15385e-05	0.0271308	5.38462e-05	7.69231e-05	0.000346154	7.69231e-05	0.0268692	0.0160077	0.00106154	0.00938462	0.000915385	0.0201385	0.00183846	0.00254615	0.00284615	0.00164615	0.00124615	0.0229462	0.00153077	0.00213846	0.00199231	0.0025	0.0207385	
0.270854	0.292285	0.154138	0.0905923	0.552954	0.0768231	0.0827538	0.0953385	0	0	0	0	0.00269231	0.00121538	0.802238	0.00172308	0.00169231	0.00999231	0.00202308	0.794162	0.489215	0.0260615	0.265608	0.0269846	0.543723	0.0647385	0.102831	0.0965769	0.0717154	0.055	0.616869	0.0642846	0.155508	0.1476	0.171523	0.333238	
0.0216462	0.0235	0.0125538	0.0114462	0.0275769	0.0124769	0.0134	0.0156923	0	0	0	0	0.000176923	0.000107692	0.0687308	0.000130769	0.000192308	0.000930769	0.000123077	0.0679	0.0404769	0.00208462	0.0243308	0.00225385	0.0505308	0.00438462	0.00714615	0.00708462	0.00437692	0.00356923	0.0571846	0.00401538	0.00547692	0.00513077	0.0059	0.0526385	
0.00109231	0.00112308	0.000630769	0.000423077	0.00201538	0.000430769	0.000407692	0.000415385	0.000276923	0.000123077	0.00269231	0.000176923	0	0	0	0	0	2.30769e-05	0	0.00324615	0.00195385	8.46154e-05	0.00113846	9.23077e-05	0.00249231	0.000161538	0.000238462	0.000376923	0.000253846	0.000176923	0.00249231	0.000346154	0.000484615	0.000507692	0.000676923	0.0016	
0.000530769	0.000523077	0.000284615	0.000238462	0.000969231	0.0002	0.000153846	0.000253846	0.000192308	6.15385e-05	0.00121538	0.000107692	0	0	0	0	7.69231e-06	2.30769e-05	0	0.00154615	0.000923077	5.38462e-05	0.000546154	5.38462e-05	0.00117692	7.69231e-05	0.000153846	0.000169231	0.000107692	0.000115385	0.00122308	0.000130769	0.000184615	0.000223077	0.000307692	0.000861538	
0.329308	0.354515	0.187785	0.121454	0.625685	0.109908	0.119254	0.138215	0.0949615	0.0271308	0.802238	0.0687308	0	0	0	0	0.00211538	0.0123385	0.00248462	0.976123	0.596815	0.0321154	0.331023	0.0331077	0.678777	0.0769923	0.122115	0.115177	0.0833538	0.0641154	0.771208	0.0743846	0.169869	0.1609	0.186731	0.475562	
0.000707692	0.000769231	0.000376923	0.000238462	0.00141538	0.000253846	0.000169231	0.000253846	0.000184615	5.38462e-05	0.00172308	0.000130769	0	0	0	0	1.53846e-05	3.84615e-05	0	0.00203846	0.00121538	5.38462e-05	0.000707692	0.000115385	0.00146154	0.000161538	0.000192308	0.000276923	0.000176923	0.000123077	0.00164615	0.000146154	0.000323077	0.000307692	0.000484615	0.000976923	
0.000830769	0.0007	0.000392308	0.000215385	0.00139231	0.000207692	0.000215385	0.000323077	0.000176923	7.69231e-05	0.00169231	0.000192308	0	7.69231e-06	0.00211538	1.53846e-05	0	0	0	0	0.00136923	6.15385e-05	0.000615385	9.23077e-05	0.00138462	0.000223077	0.000246154	0.000284615	0.000192308	0.000130769	0.00167692	0.000138462	0.000353846	0.000323077	0.0004	0.00106154	
0.00404615	0.00420769	0.00256154	0.00160769	0.00773846	0.00147692	0.00146154	0.00174615	0.00115385	0.000346154	0.00999231	0.000930769	2.30769e-05	2.30769e-05	0.0123385	3.84615e-05	0	0	0	0	0.00726923	0.000446154	0.00427692	0.000430769	0.00857692	0.000892308	0.00141538	0.00153846	0.00100769	0.000876923	0.00970769	0.000830769	0.00209231	0.00205385	0.00235385	0.00592308	
0.000715385	0.000815385	0.000530769	0.000423077	0.0015	0.000284615	0.000323077	0.000376923	0.000261538	7.69231e-05	0.00202308	0.000123077	0	0	0.00248462	0	0	0	0	0	0.00148462	5.38462e-05	0.000853846	9.23077e-05	0.00166923	0.000230769	0.0003	0.000284615	0.000207692	0.000130769	0.00196923	0.000176923	0.0005	0.000330769	0.000484615	0.00116923	
0.326046	0.351208	0.185592	0.120108	0.619454	0.108823	0.117985	0.136692	0.0940231	0.0268692	0.794162	0.0679	0.00324615	0.00154615	0.976123	0.00203846	0	0	0	0	0.590785	0.0317462	0.327669	0.0327538	0.672277	0.0760462	0.120738	0.113892	0.0824846	0.0633923	0.763215	0.0738615	0.167915	0.159231	0.184962	0.470846	
0.200369	0.215362	0.113692	0.0714846	0.392615	0.0624462	0.0674154	0.0784308	0.0552077	0.0160077	0.489215	0.0404769	0.00195385	0.000923077	0.596815	0.00121538	0.00136923	0.00726923	0.00148462	0.590785	0	0	0	0	0.370223	0.0559846	0.0900538	0.0846462	0.0679692	0.0517231	0.4212	0.0600154	0.106131	0.101538	0.118115	0.275123	
0.0107231	0.0112385	0.00637692	0.00396923	0.0203462	0.00391538	0.00395385	0.00409231	0.0031	0.00106154	0.0260615	0.00208462	8.46154e-05	5.38462e-05	0.0321154	5.38462e-05	6.15385e-05	0.000446154	5.38462e-05	0.0317462	0	0	0	0	0.0201923	0.00306154	0.00479231	0.00426154	0.00136923	0.00107692	0.0285923	0.00126923	0.00496923	0.00483077	0.00596923	0.0165385	
0.109285	0.118269	0.0627154	0.0431462	0.196069	0.0408077	0.0445154	0.0520231	0.0340923	0.00938462	0.265608	0.0243308	0.00113846	0.000546154	0.331023	0.000707692	0.000615385	0.00427692	0.000853846	0.327669	0	0	0	0	0.272669	0.0151615	0.0231154	0.0224692	0.0131769	0.0105846	0.297269	0.0123846	0.0541538	0.0503769	0.0582308	0.170654	
0.0112615	0.0120615	0.00629231	0.00375385	0.0210538	0.00362308	0.0041	0.00459231	0.00321538	0.000915385	0.0269846	0.00225385	9.23077e-05	5.38462e-05	0.0331077	0.000115385	9.23077e-05	0.000430769	9.23077e-05	0.0327538	0	0	0	0	0.0208231	0.00318462	0.00473846	0.00462308	0.00137692	0.00114615	0.0295077	0.00133846	0.00560769	0.00519231	0.00588462	0.0166846	
0.222515	0.242392	0.127738	0.0912615	0.387631	0.0886615	0.0964615	0.111154	0.0695154	0.0201385	0.543723	0.0505308	0.00249231	0.00117692	0.678777	0.00146154	0.00138462	0.00857692	0.00166923	0.672277	0.370223	0.0201923	0.272669	0.0208231	0	0	0	0	0.0529308	0.0407769	0.542562	0.0476385	0.113446	0.107392	0.124192	0.338877	
0.0266077	0.0279154	0.015	0.00786923	0.0593846	0.00529231	0.00598462	0.00673077	0.00643077	0.00183846	0.0647385	0.00438462	0.000161538	7.69231e-05	0.0769923	0.000161538	0.000223077	0.000892308	0.000230769	0.0760462	0.0559846	0.00306154	0.0151615	0.00318462	0	0	0	0	0.0076	0.00583077	0.0571154	0.00684615	0.0139462	0.0136	0.0157769	0.0340692	
0.0424	0.0442308	0.0240615	0.0120077	0.0943308	0.00858462	0.00894615	0.0108385	0.0101769	0.00254615	0.102831	0.00714615	0.000238462	0.000153846	0.122115	0.000192308	0.000246154	0.00141538	0.0003	0.120738	0.0900538	0.00479231	0.0231154	0.00473846	0	0	0	0	0.0120154	0.00953846	0.0906846	0.0104615	0.0224308	0.0214462	0.0248077	0.0540154	
0.0401154	0.0423923	0.0222769	0.0112154	0.0887385	0.00825385	0.00859231	0.0104154	0.00949231	0.00284615	0.0965769	0.00708462	0.000376923	0.000169231	0.115177	0.000276923	0.000284615	0.00153846	0.000284615	0.113892	0.0846462	0.00426154	0.0224692	0.00462308	0	0	0	0	0.0113462	0.00838462	0.0862077	0.0100615	0.0210385	0.0195	0.0234231	0.0520385	
0.0284615	0.0301538	0.0164077	0.00886923	0.0620231	0.00639231	0.00707692	0.0084	0.00615385	0.00164615	0.0717154	0.00437692	0.000253846	0.000107692	0.0833538	0.000176923	0.000192308	0.00100769	0.000207692	0.0824846	0.0679692	0.00136923	0.0131769	0.00137692	0.0529308	0.0076	0.0120154	0.0113462	0	0	0	0	0.0194538	0.0174	0.0217154	0.0253231	
0.0216923	0.0233769	0.0130154	0.00644615	0.0471308	0.00518462	0.00556923	0.00664615	0.00471538	0.00124615	0.055	0.00356923	0.000176923	0.000115385	0.0641154	0.000123077	0.000130769	0.000876923	0.000130769	0.0633923	0.0517231	0.00107692	0.0105846	0.00114615	0.0407769	0.00583077	0.00953846	0.00838462	0	0	0	0	0.0147	0.0139769	0.0164077	0.0194462	
0.256262	0.275577	0.145408	0.0993231	0.4657	0.0934923	0.100515	0.116862	0.0795692	0.0229462	0.616869	0.0571846	0.00249231	0.00122308	0.771208	0.00164615	0.00167692	0.00970769	0.00196923	0.763215	0.4212	0.0285923	0.297269	0.0295077	0.542562	0.0571154	0.0906846	0.0862077	0	0	0	0	0.119254	0.114192	0.131169	0.411954	
0.0252231	0.0278231	0.0142462	0.00771538	0.0552308	0.00572308	0.00682308	0.00723077	0.00517692	0.00153077	0.0642846	0.00401538	0.000346154	0.000130769	0.0743846	0.000146154	0.000138462	0.000830769	0.000176923	0.0738615	0.0600154	0.00126923	0.0123846	0.00133846	0.0476385	0.00684615	0.0104615	0.0100615	0	0	0	0	0.0174538	0.0163692	0.0189077	0.0222769	
0.0586923	0.0628462	0.0316923	0.0176308	0.123892	0.0143	0.0150615	0.0176077	0.00773846	0.00213846	0.155508	0.00547692	0.000484615	0.000184615	0.169869	0.000323077	0.000353846	0.00209231	0.0005	0.167915	0.106131	0.00496923	0.0541538	0.00560769	0.113446	0.0139462	0.0224308	0.0210385	0.0194538	0.0147	0.119254	0.0174538	0	0	0	0	
0.0541385	0.0586846	0.0315077	0.0176077	0.116492	0.0142385	0.0146308	0.0165769	0.00721538	0.00199231	0.1476	0.00513077	0.000507692	0.000223077	0.1609	0.000307692	0.000323077	0.00205385	0.000330769	0.159231	0.101538	0.00483077	0.0503769	0.00519231	0.107392	0.0136	0.0214462	0.0195	0.0174	0.0139769	0.114192	0.0163692	0	0	0	0	
0.0633385	0.0685308	0.0366692	0.0196615	0.137046	0.0155538	0.0165769	0.0190231	0.00827692	0.0025	0.171523	0.0059	0.000676923	0.000307692	0.186731	0.000484615	0.0004	0.00235385	0.000484615	0.184962	0.118115	0.00596923	0.0582308	0.00588462	0.124192	0.0157769	0.0248077	0.0234231	0.0217154	0.0164077	0.131169	0.0189077	0	0	0	0	
0.155469	0.166869	0.0892077	0.0674538	0.252654	0.0667	0.0737154	0.0859308	0.0723846	0.0207385	0.333238	0.0526385	0.0016	0.000861538	0.475562	0.000976923	0.00106154	0.00592308	0.00116923	0.470846	0.275123	0.0165385	0.170654	0.0166846	0.338877	0.0340692	0.0540154	0.0520385	0.0253231	0.0194462	0.411954	0.0222769	0	0	0	0	
