0	0	0	0	0.223562	0.0310923	0.0345154	0.0395692	0.0309538	0.00867692	0.267585	0.0215231	0.00103077	0.000538462	0.326523	0.000646154	0.0008	0.00416923	0.000784615	0.322985	0.197469	0.0109692	0.108992	0.0113077	0.221592	0.0262462	0.0419538	0.0389462	0.0285308	0.0205692	0.253338	0.0263	0.0547769	0.0547692	0.0618154	0.157377	
0	0	0	0	0.243608	0.0354	0.0366	0.0445308	0.0334308	0.00932308	0.293338	0.0240462	0.00117692	0.000553846	0.357592	0.000815385	0.000953846	0.00453846	0.000930769	0.353715	0.213854	0.0119077	0.121938	0.0124385	0.244177	0.0285615	0.0450385	0.0423615	0.0304	0.0227615	0.279031	0.0279462	0.0630923	0.0593846	0.0688846	0.168777	
0	0	0	0	0.127562	0.0185231	0.0196231	0.0225692	0.0174	0.00485385	0.153346	0.0126769	0.000592308	0.000323077	0.186946	0.000415385	0.000338462	0.00225385	0.000376923	0.185308	0.112946	0.00616923	0.0629385	0.00622308	0.128469	0.0147462	0.0226615	0.0224	0.0158154	0.0122692	0.144792	0.0154	0.0322	0.0308538	0.0364	0.0888231	
0	0	0	0	0.0345538	0.0260308	0.0288	0.0334615	0.0159615	0.00428462	0.0905077	0.0120923	0.000453846	0.000130769	0.121969	0.000292308	0.000292308	0.00159231	0.000192308	0.120769	0.0709385	0.00416154	0.0438385	0.00390769	0.0920308	0.00779231	0.012	0.0110231	0.00745385	0.006	0.102077	0.00731538	0.0180308	0.0171385	0.0200077	0.0676692	
0.223562	0.243608	0.127562	0.0345538	0	0	0	0	0.0389231	0.0112231	0.550646	0.0284923	0.00213846	0.000961538	0.624908	0.00127692	0.00145385	0.008	0.00143077	0.6184	0.389108	0.0208769	0.198108	0.0211923	0.390915	0.0587615	0.0924385	0.0871692	0.0635231	0.0474692	0.459269	0.0590231	0.120246	0.116769	0.1351	0.257169	
0.0310923	0.0354	0.0185231	0.0260308	0	0	0	0	0.0171615	0.00472308	0.0764308	0.0127308	0.000307692	0.000153846	0.110354	0.000230769	0.000307692	0.00138462	0.000246154	0.109108	0.0620308	0.00371538	0.0411615	0.00413846	0.0888077	0.00564615	0.00874615	0.00784615	0.00573846	0.0042	0.0957692	0.00533846	0.0140308	0.0137615	0.0159462	0.0673077	
0.0345154	0.0366	0.0196231	0.0288	0	0	0	0	0.0190385	0.00537692	0.0814692	0.0136538	0.0004	0.000207692	0.1187	0.000230769	0.000215385	0.00143846	0.000246154	0.117638	0.0660308	0.00390769	0.0458692	0.00373077	0.0950077	0.00593846	0.00937692	0.00921538	0.00566154	0.0048	0.103208	0.00586923	0.0155077	0.0146385	0.0169615	0.0724308	
0.0395692	0.0445308	0.0225692	0.0334615	0	0	0	0	0.0226231	0.00581538	0.0962308	0.0154615	0.000407692	0.000223077	0.139069	0.000430769	0.000407692	0.00173077	0.000361538	0.137631	0.0780385	0.00470769	0.0525692	0.00481538	0.111538	0.007	0.0110923	0.0105	0.00727692	0.00513077	0.120992	0.00673077	0.0183154	0.0169769	0.0191	0.0857385	
0.0309538	0.0334308	0.0174	0.0159615	0.0389231	0.0171615	0.0190385	0.0226231	0	0	0	0	0.000292308	0.000130769	0.0971077	0.000215385	0.000192308	0.00140769	0.000276923	0.0958692	0.0561615	0.00356154	0.0346308	0.00339231	0.0709538	0.00683846	0.00996923	0.00998462	0.00598462	0.00436154	0.0818154	0.00558462	0.0079	0.00734615	0.00863077	0.0738692	
0.00867692	0.00932308	0.00485385	0.00428462	0.0112231	0.00472308	0.00537692	0.00581538	0	0	0	0	8.46154e-05	3.07692e-05	0.0269769	4.61538e-05	6.92308e-05	0.000276923	4.61538e-05	0.0267462	0.0155	0.000815385	0.00974615	0.00107692	0.0196538	0.00198462	0.00295385	0.00254615	0.00166923	0.00116154	0.0227692	0.00153846	0.00213077	0.00207692	0.00220769	0.0207231	
0.267585	0.293338	0.153346	0.0905077	0.550646	0.0764308	0.0814692	0.0962308	0	0	0	0	0.0026	0.00126154	0.799185	0.00173077	0.00193077	0.00988462	0.00184615	0.791115	0.483177	0.0264692	0.267969	0.0271615	0.544915	0.0639154	0.101108	0.0948385	0.0703769	0.0529231	0.615323	0.0661538	0.1524	0.147654	0.169938	0.334785	
0.0215231	0.0240462	0.0126769	0.0120923	0.0284923	0.0127308	0.0136538	0.0154615	0	0	0	0	0.000276923	0.000123077	0.0697615	0.000176923	0.000192308	0.000984615	0.000115385	0.0690462	0.0403692	0.00236154	0.0253615	0.00224615	0.0507462	0.00460769	0.00762308	0.00736154	0.00416923	0.00315385	0.0593308	0.00368462	0.00566923	0.00506923	0.00633077	0.0532692	
0.00103077	0.00117692	0.000592308	0.000453846	0.00213846	0.000307692	0.0004	0.000407692	0.000292308	8.46154e-05	0.0026	0.000276923	0	0	0	0	7.69231e-06	5.38462e-05	0	0.00319231	0.00204615	0.000115385	0.000984615	0.000107692	0.0022	0.000269231	0.000407692	0.000376923	0.000238462	0.000215385	0.00253846	0.000261538	0.000553846	0.000523077	0.000638462	0.00153846	
0.000538462	0.000553846	0.000323077	0.000130769	0.000961538	0.000153846	0.000207692	0.000223077	0.000130769	3.07692e-05	0.00126154	0.000123077	0	0	0	0	7.69231e-06	2.30769e-05	0	0.00151538	0.000884615	3.84615e-05	0.000569231	5.38462e-05	0.00103077	0.000115385	0.000184615	0.000215385	0.000107692	0.000115385	0.00118462	0.000138462	0.000284615	0.000238462	0.000176923	0.000846154	
0.326523	0.357592	0.186946	0.121969	0.624908	0.110354	0.1187	0.139069	0.0971077	0.0269769	0.799185	0.0697615	0	0	0	0	0.00236923	0.0124385	0.00226923	0.975954	0.590915	0.0329692	0.335508	0.0336385	0.681585	0.0768538	0.120785	0.113808	0.0816692	0.0612	0.773723	0.0764385	0.166823	0.161085	0.185885	0.479238	
0.000646154	0.000815385	0.000415385	0.000292308	0.00127692	0.000230769	0.000230769	0.000430769	0.000215385	4.61538e-05	0.00173077	0.000176923	0	0	0	0	0	3.84615e-05	1.53846e-05	0.00211538	0.00136154	8.46154e-05	0.000646154	7.69231e-05	0.00145385	0.000107692	0.000276923	0.000330769	0.000184615	6.92308e-05	0.00179231	0.000123077	0.000438462	0.0003	0.000407692	0.00102308	
0.0008	0.000953846	0.000338462	0.000292308	0.00145385	0.000307692	0.000215385	0.000407692	0.000192308	6.92308e-05	0.00193077	0.000192308	7.69231e-06	7.69231e-06	0.00236923	0	0	0	0	0	0.00140769	0.000130769	0.0008	4.61538e-05	0.00168462	0.000161538	0.000284615	0.000253846	0.000153846	0.000146154	0.00193077	0.000153846	0.000307692	0.000376923	0.000430769	0.00126923	
0.00416923	0.00453846	0.00225385	0.00159231	0.008	0.00138462	0.00143846	0.00173077	0.00140769	0.000276923	0.00988462	0.000984615	5.38462e-05	2.30769e-05	0.0124385	3.84615e-05	0	0	0	0	0.00749231	0.000384615	0.00438462	0.000292308	0.00869231	0.000961538	0.00143846	0.00146154	0.00100769	0.000869231	0.00977692	0.0009	0.00196923	0.00213846	0.00223846	0.00620769	
0.000784615	0.000930769	0.000376923	0.000192308	0.00143077	0.000246154	0.000246154	0.000361538	0.000276923	4.61538e-05	0.00184615	0.000115385	0	0	0.00226923	1.53846e-05	0	0	0	0	0.00133077	7.69231e-05	0.000807692	6.92308e-05	0.00149231	0.000276923	0.000269231	0.000246154	0.000138462	0.000115385	0.0018	0.000230769	0.000361538	0.000292308	0.000446154	0.00118462	
0.322985	0.353715	0.185308	0.120769	0.6184	0.109108	0.117638	0.137631	0.0958692	0.0267462	0.791115	0.0690462	0.00319231	0.00151538	0.975954	0.00211538	0	0	0	0	0.584977	0.0326154	0.331715	0.0334692	0.6744	0.0759462	0.119662	0.112769	0.0809	0.0604692	0.765731	0.0756769	0.165462	0.159338	0.183992	0.473985	
0.197469	0.213854	0.112946	0.0709385	0.389108	0.0620308	0.0660308	0.0780385	0.0561615	0.0155	0.483177	0.0403692	0.00204615	0.000884615	0.590915	0.00136154	0.00140769	0.00749231	0.00133077	0.584977	0	0	0	0	0.367631	0.0561	0.0882462	0.0832308	0.0656308	0.0494308	0.419169	0.0609769	0.103115	0.0997308	0.116131	0.276231	
0.0109692	0.0119077	0.00616923	0.00416154	0.0208769	0.00371538	0.00390769	0.00470769	0.00356154	0.000815385	0.0264692	0.00236154	0.000115385	3.84615e-05	0.0329692	8.46154e-05	0.000130769	0.000384615	7.69231e-05	0.0326154	0	0	0	0	0.0206385	0.003	0.005	0.00456923	0.0014	0.00107692	0.0293077	0.00142308	0.00547692	0.0053	0.00596923	0.0164615	
0.108992	0.121938	0.0629385	0.0438385	0.198108	0.0411615	0.0458692	0.0525692	0.0346308	0.00974615	0.267969	0.0253615	0.000984615	0.000569231	0.335508	0.000646154	0.0008	0.00438462	0.000807692	0.331715	0	0	0	0	0.276969	0.0149231	0.0234462	0.0223692	0.0137154	0.0100692	0.300723	0.0132	0.0539846	0.0519615	0.0589846	0.172777	
0.0113077	0.0124385	0.00622308	0.00390769	0.0211923	0.00413846	0.00373077	0.00481538	0.00339231	0.00107692	0.0271615	0.00224615	0.000107692	5.38462e-05	0.0336385	7.69231e-05	4.61538e-05	0.000292308	6.92308e-05	0.0334692	0	0	0	0	0.0210308	0.00332308	0.00496154	0.00456154	0.00145385	0.00102308	0.0300385	0.00136154	0.00552308	0.00515385	0.00602308	0.0171769	
0.221592	0.244177	0.128469	0.0920308	0.390915	0.0888077	0.0950077	0.111538	0.0709538	0.0196538	0.544915	0.0507462	0.0022	0.00103077	0.681585	0.00145385	0.00168462	0.00869231	0.00149231	0.6744	0.367631	0.0206385	0.276969	0.0210308	0	0	0	0	0.0518538	0.0381538	0.547415	0.0488462	0.112438	0.108831	0.1241	0.3409	
0.0262462	0.0285615	0.0147462	0.00779231	0.0587615	0.00564615	0.00593846	0.007	0.00683846	0.00198462	0.0639154	0.00460769	0.000269231	0.000115385	0.0768538	0.000107692	0.000161538	0.000961538	0.000276923	0.0759462	0.0561	0.003	0.0149231	0.00332308	0	0	0	0	0.00767692	0.00546154	0.0569538	0.00725385	0.0139462	0.0127231	0.0157385	0.0349385	
0.0419538	0.0450385	0.0226615	0.012	0.0924385	0.00874615	0.00937692	0.0110923	0.00996923	0.00295385	0.101108	0.00762308	0.000407692	0.000184615	0.120785	0.000276923	0.000284615	0.00143846	0.000269231	0.119662	0.0882462	0.005	0.0234462	0.00496154	0	0	0	0	0.0116385	0.00935385	0.0895154	0.0111462	0.0218769	0.0207462	0.0242308	0.0548	
0.0389462	0.0423615	0.0224	0.0110231	0.0871692	0.00784615	0.00921538	0.0105	0.00998462	0.00254615	0.0948385	0.00736154	0.000376923	0.000215385	0.113808	0.000330769	0.000253846	0.00146154	0.000246154	0.112769	0.0832308	0.00456923	0.0223692	0.00456154	0	0	0	0	0.0110308	0.00863077	0.0853538	0.00971538	0.0198385	0.0198462	0.0230385	0.0520077	
0.0285308	0.0304	0.0158154	0.00745385	0.0635231	0.00573846	0.00566154	0.00727692	0.00598462	0.00166923	0.0703769	0.00416923	0.000238462	0.000107692	0.0816692	0.000184615	0.000153846	0.00100769	0.000138462	0.0809	0.0656308	0.0014	0.0137154	0.00145385	0.0518538	0.00767692	0.0116385	0.0110308	0	0	0	0	0.0188077	0.0175538	0.0203615	0.0254769	
0.0205692	0.0227615	0.0122692	0.006	0.0474692	0.0042	0.0048	0.00513077	0.00436154	0.00116154	0.0529231	0.00315385	0.000215385	0.000115385	0.0612	6.92308e-05	0.000146154	0.000869231	0.000115385	0.0604692	0.0494308	0.00107692	0.0100692	0.00102308	0.0381538	0.00546154	0.00935385	0.00863077	0	0	0	0	0.0138462	0.0133615	0.0158538	0.0185385	
0.253338	0.279031	0.144792	0.102077	0.459269	0.0957692	0.103208	0.120992	0.0818154	0.0227692	0.615323	0.0593308	0.00253846	0.00118462	0.773723	0.00179231	0.00193077	0.00977692	0.0018	0.765731	0.419169	0.0293077	0.300723	0.0300385	0.547415	0.0569538	0.0895154	0.0853538	0	0	0	0	0.118608	0.114415	0.131131	0.415085	
0.0263	0.0279462	0.0154	0.00731538	0.0590231	0.00533846	0.00586923	0.00673077	0.00558462	0.00153846	0.0661538	0.00368462	0.000261538	0.000138462	0.0764385	0.000123077	0.000153846	0.0009	0.000230769	0.0756769	0.0609769	0.00142308	0.0132	0.00136154	0.0488462	0.00725385	0.0111462	0.00971538	0	0	0	0	0.0168385	0.0168154	0.0197615	0.0235462	
0.0547769	0.0630923	0.0322	0.0180308	0.120246	0.0140308	0.0155077	0.0183154	0.0079	0.00213077	0.1524	0.00566923	0.000553846	0.000284615	0.166823	0.000438462	0.000307692	0.00196923	0.000361538	0.165462	0.103115	0.00547692	0.0539846	0.00552308	0.112438	0.0139462	0.0218769	0.0198385	0.0188077	0.0138462	0.118608	0.0168385	0	0	0	0	
0.0547692	0.0593846	0.0308538	0.0171385	0.116769	0.0137615	0.0146385	0.0169769	0.00734615	0.00207692	0.147654	0.00506923	0.000523077	0.000238462	0.161085	0.0003	0.000376923	0.00213846	0.000292308	0.159338	0.0997308	0.0053	0.0519615	0.00515385	0.108831	0.0127231	0.0207462	0.0198462	0.0175538	0.0133615	0.114415	0.0168154	0	0	0	0	
0.0618154	0.0688846	0.0364	0.0200077	0.1351	0.0159462	0.0169615	0.0191	0.00863077	0.00220769	0.169938	0.00633077	0.000638462	0.000176923	0.185885	0.000407692	0.000430769	0.00223846	0.000446154	0.183992	0.116131	0.00596923	0.0589846	0.00602308	0.1241	0.0157385	0.0242308	0.0230385	0.0203615	0.0158538	0.131131	0.0197615	0	0	0	0	
0.157377	0.168777	0.0888231	0.0676692	0.257169	0.0673077	0.0724308	0.0857385	0.0738692	0.0207231	0.334785	0.0532692	0.00153846	0.000846154	0.479238	0.00102308	0.00126923	0.00620769	0.00118462	0.473985	0.276231	0.0164615	0.172777	0.0171769	0.3409	0.0349385	0.0548	0.0520077	0.0254769	0.0185385	0.415085	0.0235462	0	0	0	0	
