0	0	0	0	0.222638	0.0330385	0.0332077	0.0397154	0.0295077	0.00788462	0.269346	0.0218615	0.00110769	0.000546154	0.326269	0.000676923	0.000669231	0.00415385	0.000884615	0.322892	0.198846	0.0103385	0.108408	0.0110077	0.221346	0.0262769	0.0412923	0.0396846	0.0283231	0.0204615	0.253569	0.0262462	0.0566154	0.0555769	0.0616846	0.154723	
0	0	0	0	0.242862	0.0352308	0.0369154	0.0428538	0.0332923	0.00945385	0.291177	0.0239385	0.00113846	0.000630769	0.3554	0.000692308	0.0008	0.00476923	0.000930769	0.351362	0.215046	0.0116	0.118715	0.0125	0.240269	0.0294538	0.0449615	0.0431769	0.0309615	0.0234462	0.275469	0.0279846	0.0624385	0.06	0.0684692	0.166954	
0	0	0	0	0.127723	0.0187308	0.0199615	0.0232923	0.0178231	0.00502308	0.153608	0.0132538	0.000715385	0.000353846	0.188285	0.000353846	0.000469231	0.00233077	0.000476923	0.186431	0.113777	0.00597692	0.0636385	0.00631538	0.126815	0.0161154	0.0243846	0.0223923	0.0161	0.0122692	0.146362	0.0149769	0.0319462	0.0306923	0.0364615	0.0906077	
0	0	0	0	0.0359385	0.0267308	0.0285923	0.0325692	0.0157	0.00415385	0.0921538	0.0118231	0.000315385	0.000230769	0.123069	0.000215385	0.000284615	0.00133846	0.000338462	0.121869	0.0713385	0.00419231	0.0439077	0.00439231	0.0921846	0.00743846	0.0125923	0.0116154	0.00811538	0.00608462	0.102246	0.00738462	0.0184462	0.0173538	0.0197077	0.0683231	
0.222638	0.242862	0.127723	0.0359385	0	0	0	0	0.0393308	0.0106615	0.551115	0.0280538	0.00211538	0.00118462	0.624631	0.00123077	0.00126923	0.00797692	0.00163077	0.618285	0.393731	0.0197231	0.194692	0.0210154	0.386662	0.0601923	0.0933692	0.0889385	0.0653923	0.0489308	0.454692	0.0601462	0.121915	0.118169	0.134385	0.254692	
0.0330385	0.0352308	0.0187308	0.0267308	0	0	0	0	0.0177308	0.00489231	0.0782846	0.0128231	0.000330769	0.000123077	0.113046	0.000230769	0.000330769	0.00132308	0.000361538	0.111715	0.0625154	0.00380769	0.0432462	0.00416154	0.0903231	0.00588462	0.00889231	0.00863077	0.00546154	0.0042	0.0990615	0.00500769	0.0141077	0.0141462	0.0155923	0.0698846	
0.0332077	0.0369154	0.0199615	0.0285923	0	0	0	0	0.0183231	0.00493077	0.0811769	0.0142462	0.000423077	0.0002	0.1179	0.000153846	0.0003	0.00143077	0.000330769	0.116615	0.0657077	0.00407692	0.0447385	0.00415385	0.0938462	0.00613846	0.0098	0.00889231	0.00587692	0.00400769	0.103438	0.00535385	0.0153385	0.0147846	0.0166692	0.0718846	
0.0397154	0.0428538	0.0232923	0.0325692	0	0	0	0	0.0209385	0.00603077	0.0957077	0.0157538	0.000407692	0.000253846	0.137446	0.000323077	0.000323077	0.00186154	0.000307692	0.135938	0.0770538	0.0045	0.0519923	0.00488462	0.109785	0.00706923	0.0111692	0.0104077	0.00676923	0.00512308	0.120454	0.00608462	0.0180846	0.0165231	0.0196769	0.0841462	
0.0295077	0.0332923	0.0178231	0.0157	0.0393308	0.0177308	0.0183231	0.0209385	0	0	0	0	0.000223077	0.000138462	0.0958231	0.000138462	0.000169231	0.00124615	0.000246154	0.0946615	0.0548385	0.00311538	0.0350308	0.00333846	0.0687385	0.00702308	0.0105769	0.00998462	0.00582308	0.00427692	0.0809385	0.00528462	0.00734615	0.00753077	0.0089	0.0725462	
0.00788462	0.00945385	0.00502308	0.00415385	0.0106615	0.00489231	0.00493077	0.00603077	0	0	0	0	0.000107692	6.15385e-05	0.0262923	5.38462e-05	6.92308e-05	0.000269231	6.15385e-05	0.0261154	0.0151	0.000938462	0.00956154	0.000915385	0.0196231	0.00177692	0.00263846	0.00247692	0.00166154	0.00116154	0.0222846	0.00140769	0.00222308	0.00205385	0.00216923	0.0200692	
0.269346	0.291177	0.153608	0.0921538	0.551115	0.0782846	0.0811769	0.0957077	0	0	0	0	0.00273077	0.00143846	0.800546	0.00156923	0.00183846	0.0101692	0.00214615	0.792131	0.488508	0.0256692	0.2648	0.0273077	0.541077	0.0653077	0.102554	0.0973462	0.0716	0.0538385	0.614723	0.0661231	0.154577	0.148623	0.169023	0.334062	
0.0218615	0.0239385	0.0132538	0.0118231	0.0280538	0.0128231	0.0142462	0.0157538	0	0	0	0	0.000215385	0.000123077	0.0703615	0.000176923	0.000146154	0.000907692	0.000176923	0.0696462	0.0405615	0.00238462	0.0252769	0.00265385	0.0511769	0.00517692	0.00746154	0.00706154	0.00441538	0.00298462	0.0597	0.00377692	0.0053	0.00541538	0.00623077	0.0539308	
0.00110769	0.00113846	0.000715385	0.000315385	0.00211538	0.000330769	0.000423077	0.000407692	0.000223077	0.000107692	0.00273077	0.000215385	0	0	0	0	0	3.84615e-05	0	0.00323846	0.00206154	0.000192308	0.000915385	0.000107692	0.00224615	0.000192308	0.000476923	0.000361538	0.000246154	0.0002	0.00258462	0.000246154	0.000607692	0.000530769	0.000476923	0.00166154	
0.000546154	0.000630769	0.000353846	0.000230769	0.00118462	0.000123077	0.0002	0.000253846	0.000138462	6.15385e-05	0.00143846	0.000123077	0	0	0	0	7.69231e-06	2.30769e-05	0	0.00173077	0.00106923	6.92308e-05	0.000569231	5.38462e-05	0.00125385	0.000138462	0.000176923	0.000192308	0.0001	0.000107692	0.00142308	0.000130769	0.000230769	0.000353846	0.000269231	0.000907692	
0.326269	0.3554	0.188285	0.123069	0.624631	0.113046	0.1179	0.137446	0.0958231	0.0262923	0.800546	0.0703615	0	0	0	0	0.00221538	0.0125154	0.00263077	0.975662	0.594762	0.0317923	0.332515	0.0339538	0.675808	0.0787692	0.122354	0.116092	0.0829846	0.0618231	0.772185	0.0760308	0.168285	0.1624	0.185262	0.477077	
0.000676923	0.000692308	0.000353846	0.000215385	0.00123077	0.000230769	0.000153846	0.000323077	0.000138462	5.38462e-05	0.00156923	0.000176923	0	0	0	0	0	1.53846e-05	0	0.00192308	0.00111538	5.38462e-05	0.000669231	0.0001	0.00130769	0.000184615	0.000223077	0.000223077	0.000169231	0.000130769	0.00145385	0.000184615	0.000323077	0.000338462	0.000315385	0.000961538	
0.000669231	0.0008	0.000469231	0.000284615	0.00126923	0.000330769	0.0003	0.000323077	0.000169231	6.92308e-05	0.00183846	0.000146154	0	7.69231e-06	0.00221538	0	0	0	0	0	0.00141538	3.84615e-05	0.000738462	3.07692e-05	0.00153846	0.000192308	0.000276923	0.000215385	0.000176923	0.000115385	0.0018	0.000130769	0.000369231	0.000376923	0.000407692	0.00106923	
0.00415385	0.00476923	0.00233077	0.00133846	0.00797692	0.00132308	0.00143077	0.00186154	0.00124615	0.000269231	0.0101692	0.000907692	3.84615e-05	2.30769e-05	0.0125154	1.53846e-05	0	0	0	0	0.00708462	0.000453846	0.00465385	0.0004	0.00861538	0.000853846	0.00160769	0.00151538	0.000961538	0.000723077	0.00996154	0.000946154	0.0022	0.00203846	0.00233846	0.00601538	
0.000884615	0.000930769	0.000476923	0.000338462	0.00163077	0.000361538	0.000330769	0.000307692	0.000246154	6.15385e-05	0.00214615	0.000176923	0	0	0.00263077	0	0	0	0	0	0.00143846	9.23077e-05	0.000984615	0.000115385	0.00179231	0.000192308	0.000353846	0.000292308	0.000184615	0.000107692	0.00217692	0.000161538	0.000530769	0.000384615	0.000484615	0.00123077	
0.322892	0.351362	0.186431	0.121869	0.618285	0.111715	0.116615	0.135938	0.0946615	0.0261154	0.792131	0.0696462	0.00323846	0.00173077	0.975662	0.00192308	0	0	0	0	0.589069	0.0315231	0.328292	0.0336692	0.668669	0.0780462	0.120992	0.114846	0.0821769	0.0613154	0.763708	0.0753538	0.166346	0.160823	0.183092	0.472292	
0.198846	0.215046	0.113777	0.0713385	0.393731	0.0625154	0.0657077	0.0770538	0.0548385	0.0151	0.488508	0.0405615	0.00206154	0.00106923	0.594762	0.00111538	0.00141538	0.00708462	0.00143846	0.589069	0	0	0	0	0.366723	0.0572077	0.0896846	0.0853923	0.0674846	0.0501231	0.420346	0.0610538	0.105262	0.101538	0.116538	0.275669	
0.0103385	0.0116	0.00597692	0.00419231	0.0197231	0.00380769	0.00407692	0.0045	0.00311538	0.000938462	0.0256692	0.00238462	0.000192308	6.92308e-05	0.0317923	5.38462e-05	3.84615e-05	0.000453846	9.23077e-05	0.0315231	0	0	0	0	0.0198538	0.00309231	0.00465385	0.00450769	0.0013	0.00106923	0.0283846	0.00135385	0.00527692	0.00495385	0.00563077	0.0162462	
0.108408	0.118715	0.0636385	0.0439077	0.194692	0.0432462	0.0447385	0.0519923	0.0350308	0.00956154	0.2648	0.0252769	0.000915385	0.000569231	0.332515	0.000669231	0.000738462	0.00465385	0.000984615	0.328292	0	0	0	0	0.272908	0.0156308	0.0237308	0.0224	0.0133538	0.0100538	0.298285	0.0129769	0.0535692	0.0520385	0.0581	0.170962	
0.0110077	0.0125	0.00631538	0.00439231	0.0210154	0.00416154	0.00415385	0.00488462	0.00333846	0.000915385	0.0273077	0.00265385	0.000107692	5.38462e-05	0.0339538	0.0001	3.07692e-05	0.0004	0.000115385	0.0336692	0	0	0	0	0.0211308	0.00335385	0.00516154	0.00456923	0.00136154	0.00101538	0.0306308	0.00120769	0.00533846	0.00509231	0.00605385	0.0177308	
0.221346	0.240269	0.126815	0.0921846	0.386662	0.0903231	0.0938462	0.109785	0.0687385	0.0196231	0.541077	0.0511769	0.00224615	0.00125385	0.675808	0.00130769	0.00153846	0.00861538	0.00179231	0.668669	0.366723	0.0198538	0.272908	0.0211308	0	0	0	0	0.0517154	0.0382692	0.542354	0.0482769	0.112308	0.108508	0.122508	0.337292	
0.0262769	0.0294538	0.0161154	0.00743846	0.0601923	0.00588462	0.00613846	0.00706923	0.00702308	0.00177692	0.0653077	0.00517692	0.000192308	0.000138462	0.0787692	0.000184615	0.000192308	0.000853846	0.000192308	0.0780462	0.0572077	0.00309231	0.0156308	0.00335385	0	0	0	0	0.00767692	0.00606923	0.0586	0.00693846	0.0139308	0.0135154	0.0154	0.0364385	
0.0412923	0.0449615	0.0243846	0.0125923	0.0933692	0.00889231	0.0098	0.0111692	0.0105769	0.00263846	0.102554	0.00746154	0.000476923	0.000176923	0.122354	0.000223077	0.000276923	0.00160769	0.000353846	0.120992	0.0896846	0.00465385	0.0237308	0.00516154	0	0	0	0	0.0125385	0.00942308	0.0899077	0.0113615	0.0224538	0.0209538	0.0251231	0.0547	
0.0396846	0.0431769	0.0223923	0.0116154	0.0889385	0.00863077	0.00889231	0.0104077	0.00998462	0.00247692	0.0973462	0.00706154	0.000361538	0.000192308	0.116092	0.000223077	0.000215385	0.00151538	0.000292308	0.114846	0.0853923	0.00450769	0.0224	0.00456923	0	0	0	0	0.0115692	0.0085	0.0867846	0.0100154	0.0207538	0.0206462	0.0232923	0.0521769	
0.0283231	0.0309615	0.0161	0.00811538	0.0653923	0.00546154	0.00587692	0.00676923	0.00582308	0.00166154	0.0716	0.00441538	0.000246154	0.0001	0.0829846	0.000169231	0.000176923	0.000961538	0.000184615	0.0821769	0.0674846	0.0013	0.0133538	0.00136154	0.0517154	0.00767692	0.0125385	0.0115692	0	0	0	0	0.0187077	0.0179692	0.0210692	0.0257538	
0.0204615	0.0234462	0.0122692	0.00608462	0.0489308	0.0042	0.00400769	0.00512308	0.00427692	0.00116154	0.0538385	0.00298462	0.0002	0.000107692	0.0618231	0.000130769	0.000115385	0.000723077	0.000107692	0.0613154	0.0501231	0.00106923	0.0100538	0.00101538	0.0382692	0.00606923	0.00942308	0.0085	0	0	0	0	0.0144615	0.0129846	0.0158692	0.0189462	
0.253569	0.275469	0.146362	0.102246	0.454692	0.0990615	0.103438	0.120454	0.0809385	0.0222846	0.614723	0.0597	0.00258462	0.00142308	0.772185	0.00145385	0.0018	0.00996154	0.00217692	0.763708	0.420346	0.0283846	0.298285	0.0306308	0.542354	0.0586	0.0899077	0.0867846	0	0	0	0	0.119269	0.115815	0.130015	0.412546	
0.0262462	0.0279846	0.0149769	0.00738462	0.0601462	0.00500769	0.00535385	0.00608462	0.00528462	0.00140769	0.0661231	0.00377692	0.000246154	0.000130769	0.0760308	0.000184615	0.000130769	0.000946154	0.000161538	0.0753538	0.0610538	0.00135385	0.0129769	0.00120769	0.0482769	0.00693846	0.0113615	0.0100154	0	0	0	0	0.0170077	0.0168538	0.0193692	0.0233615	
0.0566154	0.0624385	0.0319462	0.0184462	0.121915	0.0141077	0.0153385	0.0180846	0.00734615	0.00222308	0.154577	0.0053	0.000607692	0.000230769	0.168285	0.000323077	0.000369231	0.0022	0.000530769	0.166346	0.105262	0.00527692	0.0535692	0.00533846	0.112308	0.0139308	0.0224538	0.0207538	0.0187077	0.0144615	0.119269	0.0170077	0	0	0	0	
0.0555769	0.06	0.0306923	0.0173538	0.118169	0.0141462	0.0147846	0.0165231	0.00753077	0.00205385	0.148623	0.00541538	0.000530769	0.000353846	0.1624	0.000338462	0.000376923	0.00203846	0.000384615	0.160823	0.101538	0.00495385	0.0520385	0.00509231	0.108508	0.0135154	0.0209538	0.0206462	0.0179692	0.0129846	0.115815	0.0168538	0	0	0	0	
0.0616846	0.0684692	0.0364615	0.0197077	0.134385	0.0155923	0.0166692	0.0196769	0.0089	0.00216923	0.169023	0.00623077	0.000476923	0.000269231	0.185262	0.000315385	0.000407692	0.00233846	0.000484615	0.183092	0.116538	0.00563077	0.0581	0.00605385	0.122508	0.0154	0.0251231	0.0232923	0.0210692	0.0158692	0.130015	0.0193692	0	0	0	0	
0.154723	0.166954	0.0906077	0.0683231	0.254692	0.0698846	0.0718846	0.0841462	0.0725462	0.0200692	0.334062	0.0539308	0.00166154	0.000907692	0.477077	0.000961538	0.00106923	0.00601538	0.00123077	0.472292	0.275669	0.0162462	0.170962	0.0177308	0.337292	0.0364385	0.0547	0.0521769	0.0257538	0.0189462	0.412546	0.0233615	0	0	0	0	
