0	0	0	0	0.1419	0.0668462	0.0585308	0.0781385	0.0680923	0.0511538	0.152569	0.0736	0.000192308	0.000123077	0.345062	3.84615e-05	5.38462e-05	0.00742308	6.15385e-05	0.337877	0.187962	0.0123692	0.131277	0.0138077	0.218669	0.0546385	0.0314692	0.0406385	0.0122769	0.0015	0.327738	0.0039	0.0134692	0.0516615	0.0102308	0.270054	
0	0	0	0	0.103654	0.0483769	0.0427846	0.0579154	0.0503385	0.0381385	0.110638	0.0536154	0.000123077	7.69231e-05	0.252508	2.30769e-05	5.38462e-05	0.00570769	5.38462e-05	0.246915	0.137585	0.00903846	0.0967692	0.00933846	0.160377	0.0392231	0.0232923	0.0298385	0.00970769	0.00116923	0.239015	0.00283846	0.00968462	0.0365154	0.00746923	0.199062	
0	0	0	0	0.0861	0.0414615	0.0356385	0.0487769	0.0418231	0.0318769	0.0937308	0.0445462	0.000146154	6.92308e-05	0.2117	6.15385e-05	5.38462e-05	0.00456154	3.84615e-05	0.207323	0.115723	0.00741538	0.0808077	0.00803077	0.135585	0.0333692	0.0187077	0.0243154	0.00759231	0.0009	0.2011	0.00238462	0.00801538	0.0315308	0.006	0.166431	
0	0	0	0	0.0504077	0.0450308	0.0411308	0.0533077	0.0371077	0.0283692	0.0841385	0.0402615	9.23077e-05	3.07692e-05	0.189708	4.61538e-05	7.69231e-05	0.00416923	3.07692e-05	0.1856	0.1031	0.00705385	0.0729154	0.00680769	0.119869	0.0300231	0.0174615	0.0225231	0.00703846	0.000707692	0.180115	0.00201538	0.00728462	0.0284692	0.00541538	0.148708	
0.1419	0.103654	0.0861	0.0504077	0	0	0	0	0.0754462	0.0583308	0.167485	0.0808	0.000215385	0.000123077	0.381646	7.69231e-05	6.92308e-05	0.00818462	7.69231e-05	0.373731	0.208615	0.0135385	0.145285	0.0146231	0.242138	0.0598769	0.0350462	0.045	0.0137077	0.00171538	0.3623	0.00433846	0.0145077	0.0565077	0.0110923	0.299954	
0.0668462	0.0483769	0.0414615	0.0450308	0	0	0	0	0.0395231	0.0299769	0.0893385	0.0428769	0.000123077	6.92308e-05	0.2015	2.30769e-05	6.92308e-05	0.00456154	2.30769e-05	0.197062	0.1104	0.00727692	0.0765615	0.00747692	0.128715	0.0310769	0.0182385	0.0236846	0.00713846	0.000746154	0.191631	0.0022	0.00808462	0.0301462	0.00613846	0.157346	
0.0585308	0.0427846	0.0356385	0.0411308	0	0	0	0	0.0358308	0.0261385	0.0781846	0.0379308	0.000123077	4.61538e-05	0.1779	1.53846e-05	3.84615e-05	0.00382308	4.61538e-05	0.174177	0.0955385	0.00649231	0.0693231	0.00673077	0.112823	0.0284077	0.0159923	0.0208615	0.00644615	0.000892308	0.168669	0.00207692	0.00673077	0.0263	0.00524615	0.139808	
0.0781385	0.0579154	0.0487769	0.0533077	0	0	0	0	0.0465615	0.0350923	0.106069	0.0504154	9.23077e-05	6.15385e-05	0.237931	5.38462e-05	6.15385e-05	0.00529231	3.84615e-05	0.232746	0.129815	0.00856923	0.0906	0.00915385	0.150823	0.0378923	0.0216538	0.0277692	0.00932308	0.000923077	0.225369	0.00252308	0.00913077	0.0352231	0.00663846	0.187146	
0.0680923	0.0503385	0.0418231	0.0371077	0.0754462	0.0395231	0.0358308	0.0465615	0	0	0	0	9.23077e-05	6.92308e-05	0.197146	5.38462e-05	1.53846e-05	0.00413077	5.38462e-05	0.193162	0.107446	0.00709231	0.0751	0.00772308	0.125508	0.0310308	0.0178077	0.0230154	0.00726154	0.000815385	0.187077	0.00220769	0.0076	0.0295308	0.00610769	0.154123	
0.0511538	0.0381385	0.0318769	0.0283692	0.0583308	0.0299769	0.0261385	0.0350923	0	0	0	0	9.23077e-05	2.30769e-05	0.149415	7.69231e-06	3.84615e-05	0.00334615	3.07692e-05	0.146123	0.0822769	0.00522308	0.0564923	0.00554615	0.0955385	0.0229	0.0137923	0.0173077	0.00536923	0.000669231	0.141754	0.00174615	0.00593846	0.0220077	0.00439231	0.1172	
0.152569	0.110638	0.0937308	0.0841385	0.167485	0.0893385	0.0781846	0.106069	0	0	0	0	0.000261538	0.000115385	0.440654	4.61538e-05	0.000123077	0.00996923	0.0001	0.430885	0.239769	0.0159769	0.168469	0.0168615	0.279123	0.0701923	0.0399231	0.0518385	0.0166385	0.00194615	0.417631	0.00486154	0.0167538	0.0652308	0.0129308	0.346162	
0.0736	0.0536154	0.0445462	0.0402615	0.0808	0.0428769	0.0379308	0.0504154	0	0	0	0	0.000107692	9.23077e-05	0.211762	6.15385e-05	6.15385e-05	0.00441538	0	0.207546	0.114877	0.00758462	0.0817077	0.00785385	0.134331	0.0331308	0.0194077	0.0251538	0.00734615	0.000846154	0.201508	0.00232308	0.00816154	0.0314077	0.00568462	0.166769	
0.000192308	0.000123077	0.000146154	9.23077e-05	0.000215385	0.000123077	0.000123077	9.23077e-05	9.23077e-05	9.23077e-05	0.000261538	0.000107692	0	0	0	0	0	7.69231e-06	0	0.000546154	0.0003	1.53846e-05	0.000223077	1.53846e-05	0.000315385	8.46154e-05	8.46154e-05	6.92308e-05	7.69231e-06	0	0.000538462	7.69231e-06	3.84615e-05	0.0001	7.69231e-06	0.000407692	
0.000123077	7.69231e-05	6.92308e-05	3.07692e-05	0.000123077	6.92308e-05	4.61538e-05	6.15385e-05	6.92308e-05	2.30769e-05	0.000115385	9.23077e-05	0	0	0	0	0	0	0	0.0003	0.000161538	7.69231e-06	0.000123077	7.69231e-06	0.000153846	5.38462e-05	3.84615e-05	5.38462e-05	0	0	0.0003	0	2.30769e-05	5.38462e-05	0	0.000223077	
0.345062	0.252508	0.2117	0.189708	0.381646	0.2015	0.1779	0.237931	0.197146	0.149415	0.440654	0.211762	0	0	0	0	0.000238462	0.0218538	0.000184615	0.9767	0.543808	0.0358538	0.381354	0.0379615	0.633962	0.157077	0.0907615	0.117177	0.0365846	0.00427692	0.946985	0.0111308	0.0383846	0.147985	0.0291	0.783508	
3.84615e-05	2.30769e-05	6.15385e-05	4.61538e-05	7.69231e-05	2.30769e-05	1.53846e-05	5.38462e-05	5.38462e-05	7.69231e-06	4.61538e-05	6.15385e-05	0	0	0	0	0	0	0	0.000169231	0.0001	0	6.92308e-05	0	6.92308e-05	3.84615e-05	4.61538e-05	1.53846e-05	2.30769e-05	0	0.000146154	0	7.69231e-06	3.84615e-05	7.69231e-06	0.000115385	
5.38462e-05	5.38462e-05	5.38462e-05	7.69231e-05	6.92308e-05	6.92308e-05	3.84615e-05	6.15385e-05	1.53846e-05	3.84615e-05	0.000123077	6.15385e-05	0	0	0.000238462	0	0	0	0	0	0.000138462	7.69231e-06	8.46154e-05	7.69231e-06	0.000161538	2.30769e-05	3.07692e-05	2.30769e-05	1.53846e-05	0	0.000215385	7.69231e-06	1.53846e-05	7.69231e-06	1.53846e-05	0.0002	
0.00742308	0.00570769	0.00456154	0.00416923	0.00818462	0.00456154	0.00382308	0.00529231	0.00413077	0.00334615	0.00996923	0.00441538	7.69231e-06	0	0.0218538	0	0	0	0	0	0.0119769	0.000838462	0.0083	0.000746154	0.0138077	0.00341538	0.00185385	0.00278462	0.000915385	9.23077e-05	0.0206385	0.000215385	0.000776923	0.00352308	0.000669231	0.0168923	
6.15385e-05	5.38462e-05	3.84615e-05	3.07692e-05	7.69231e-05	2.30769e-05	4.61538e-05	3.84615e-05	5.38462e-05	3.07692e-05	0.0001	0	0	0	0.000184615	0	0	0	0	0	0.000115385	0	6.92308e-05	0	0.000107692	3.84615e-05	3.07692e-05	7.69231e-06	0	0	0.000184615	0	2.30769e-05	3.07692e-05	0	0.000130769	
0.337877	0.246915	0.207323	0.1856	0.373731	0.197062	0.174177	0.232746	0.193162	0.146123	0.430885	0.207546	0.000546154	0.0003	0.9767	0.000169231	0	0	0	0	0.532138	0.0350308	0.373315	0.0372308	0.620423	0.153777	0.0890154	0.1145	0.0356846	0.00418462	0.926931	0.0109154	0.0376385	0.144615	0.0284308	0.767031	
0.187962	0.137585	0.115723	0.1031	0.208615	0.1104	0.0955385	0.129815	0.107446	0.0822769	0.239769	0.114877	0.0003	0.000161538	0.543808	0.0001	0.000138462	0.0119769	0.000115385	0.532138	0	0	0	0	0.322854	0.0941462	0.0558231	0.0715462	0.0193538	0.00232308	0.516623	0.00606923	0.0214	0.0804923	0.016	0.426477	
0.0123692	0.00903846	0.00741538	0.00705385	0.0135385	0.00727692	0.00649231	0.00856923	0.00709231	0.00522308	0.0159769	0.00758462	1.53846e-05	7.69231e-06	0.0358538	0	7.69231e-06	0.000838462	0	0.0350308	0	0	0	0	0.0210462	0.00671538	0.00372308	0.00439231	0.00135385	0.000138462	0.0339077	0.000476923	0.00133077	0.00535385	0.000984615	0.0282077	
0.131277	0.0967692	0.0808077	0.0729154	0.145285	0.0765615	0.0693231	0.0906	0.0751	0.0564923	0.168469	0.0817077	0.000223077	0.000123077	0.381354	6.92308e-05	8.46154e-05	0.0083	6.92308e-05	0.373315	0	0	0	0	0.267715	0.0496769	0.0276	0.0367769	0.0146846	0.00162308	0.361385	0.00407692	0.0145	0.0566	0.0110462	0.299623	
0.0138077	0.00933846	0.00803077	0.00680769	0.0146231	0.00747692	0.00673077	0.00915385	0.00772308	0.00554615	0.0168615	0.00785385	1.53846e-05	7.69231e-06	0.0379615	0	7.69231e-06	0.000746154	0	0.0372308	0	0	0	0	0.0228846	0.00671538	0.00378462	0.0046	0.00122308	0.000192308	0.0360538	0.000515385	0.00122308	0.00573077	0.00108462	0.0299462	
0.218669	0.160377	0.135585	0.119869	0.242138	0.128715	0.112823	0.150823	0.125508	0.0955385	0.279123	0.134331	0.000315385	0.000153846	0.633962	6.92308e-05	0.000161538	0.0138077	0.000107692	0.620423	0.322854	0.0210462	0.267715	0.0228846	0	0	0	0	0.0231769	0.00263077	0.601354	0.00733846	0.0244846	0.0935923	0.0183769	0.498046	
0.0546385	0.0392231	0.0333692	0.0300231	0.0598769	0.0310769	0.0284077	0.0378923	0.0310308	0.0229	0.0701923	0.0331308	8.46154e-05	5.38462e-05	0.157077	3.84615e-05	2.30769e-05	0.00341538	3.84615e-05	0.153777	0.0941462	0.00671538	0.0496769	0.00671538	0	0	0	0	0.00563077	0.000684615	0.149323	0.00161538	0.00580769	0.0232077	0.00452308	0.123715	
0.0314692	0.0232923	0.0187077	0.0174615	0.0350462	0.0182385	0.0159923	0.0216538	0.0178077	0.0137923	0.0399231	0.0194077	8.46154e-05	3.84615e-05	0.0907615	4.61538e-05	3.07692e-05	0.00185385	3.07692e-05	0.0890154	0.0558231	0.00372308	0.0276	0.00378462	0	0	0	0	0.00323077	0.000461538	0.0861462	0.00109231	0.00360769	0.0136923	0.00264615	0.0709846	
0.0406385	0.0298385	0.0243154	0.0225231	0.045	0.0236846	0.0208615	0.0277692	0.0230154	0.0173077	0.0518385	0.0251538	6.92308e-05	5.38462e-05	0.117177	1.53846e-05	2.30769e-05	0.00278462	7.69231e-06	0.1145	0.0715462	0.00439231	0.0367769	0.0046	0	0	0	0	0.00457692	0.0005	0.111146	0.00109231	0.00455385	0.0176846	0.00356923	0.0915077	
0.0122769	0.00970769	0.00759231	0.00703846	0.0137077	0.00713846	0.00644615	0.00932308	0.00726154	0.00536923	0.0166385	0.00734615	7.69231e-06	0	0.0365846	2.30769e-05	1.53846e-05	0.000915385	0	0.0356846	0.0193538	0.00135385	0.0146846	0.00122308	0.0231769	0.00563077	0.00323077	0.00457692	0	0	0	0	0.0013	0.00556154	0.000861538	0.0288923	
0.0015	0.00116923	0.0009	0.000707692	0.00171538	0.000746154	0.000892308	0.000923077	0.000815385	0.000669231	0.00194615	0.000846154	0	0	0.00427692	0	0	9.23077e-05	0	0.00418462	0.00232308	0.000138462	0.00162308	0.000192308	0.00263077	0.000684615	0.000461538	0.0005	0	0	0	0	0.000130769	0.000707692	0.000107692	0.00333077	
0.327738	0.239015	0.2011	0.180115	0.3623	0.191631	0.168669	0.225369	0.187077	0.141754	0.417631	0.201508	0.000538462	0.0003	0.946985	0.000146154	0.000215385	0.0206385	0.000184615	0.926931	0.516623	0.0339077	0.361385	0.0360538	0.601354	0.149323	0.0861462	0.111146	0	0	0	0	0.0365692	0.140362	0.0278538	0.743185	
0.0039	0.00283846	0.00238462	0.00201538	0.00433846	0.0022	0.00207692	0.00252308	0.00220769	0.00174615	0.00486154	0.00232308	7.69231e-06	0	0.0111308	0	7.69231e-06	0.000215385	0	0.0109154	0.00606923	0.000476923	0.00407692	0.000515385	0.00733846	0.00161538	0.00109231	0.00109231	0	0	0	0	0.000453846	0.00154615	0.000292308	0.00884615	
0.0134692	0.00968462	0.00801538	0.00728462	0.0145077	0.00808462	0.00673077	0.00913077	0.0076	0.00593846	0.0167538	0.00816154	3.84615e-05	2.30769e-05	0.0383846	7.69231e-06	1.53846e-05	0.000776923	2.30769e-05	0.0376385	0.0214	0.00133077	0.0145	0.00122308	0.0244846	0.00580769	0.00360769	0.00455385	0.0013	0.000130769	0.0365692	0.000453846	0	0	0	0	
0.0516615	0.0365154	0.0315308	0.0284692	0.0565077	0.0301462	0.0263	0.0352231	0.0295308	0.0220077	0.0652308	0.0314077	0.0001	5.38462e-05	0.147985	3.84615e-05	7.69231e-06	0.00352308	3.07692e-05	0.144615	0.0804923	0.00535385	0.0566	0.00573077	0.0935923	0.0232077	0.0136923	0.0176846	0.00556154	0.000707692	0.140362	0.00154615	0	0	0	0	
0.0102308	0.00746923	0.006	0.00541538	0.0110923	0.00613846	0.00524615	0.00663846	0.00610769	0.00439231	0.0129308	0.00568462	7.69231e-06	0	0.0291	7.69231e-06	1.53846e-05	0.000669231	0	0.0284308	0.016	0.000984615	0.0110462	0.00108462	0.0183769	0.00452308	0.00264615	0.00356923	0.000861538	0.000107692	0.0278538	0.000292308	0	0	0	0	
0.270054	0.199062	0.166431	0.148708	0.299954	0.157346	0.139808	0.187146	0.154123	0.1172	0.346162	0.166769	0.000407692	0.000223077	0.783508	0.000115385	0.0002	0.0168923	0.000130769	0.767031	0.426477	0.0282077	0.299623	0.0299462	0.498046	0.123715	0.0709846	0.0915077	0.0288923	0.00333077	0.743185	0.00884615	0	0	0	0	
