0	0	0	0	0.142108	0.0646385	0.0569615	0.0770846	0.0670077	0.0514462	0.150023	0.0723154	0.000138462	0.000107692	0.340485	6.15385e-05	5.38462e-05	0.00712308	4.61538e-05	0.333569	0.186831	0.0125077	0.128846	0.0126077	0.216177	0.0532846	0.0303308	0.041	0.0118615	0.00162308	0.323269	0.00403846	0.0133846	0.0501308	0.0101769	0.2671	
0	0	0	0	0.105715	0.0492923	0.0428385	0.0574077	0.0498846	0.0386385	0.112915	0.0538154	0.000123077	3.07692e-05	0.255023	7.69231e-05	3.84615e-05	0.00536923	3.84615e-05	0.249808	0.138538	0.00919231	0.0978538	0.00966923	0.162054	0.0395769	0.0235385	0.0300846	0.00873077	0.00105385	0.242777	0.00269231	0.00944615	0.0378385	0.00713077	0.200838	
0	0	0	0	0.0878308	0.0404	0.0347615	0.0477923	0.0420077	0.0317077	0.0932077	0.0438615	6.15385e-05	2.30769e-05	0.210677	2.30769e-05	6.92308e-05	0.005	3.84615e-05	0.205677	0.1154	0.00786923	0.0796462	0.00786923	0.133362	0.0326462	0.0190385	0.0257385	0.00773846	0.000938462	0.199731	0.00237692	0.00813077	0.0304077	0.00658462	0.165662	
0	0	0	0	0.0488692	0.0474308	0.0418231	0.0550462	0.0381154	0.0288923	0.0854615	0.0407	0.0001	3.84615e-05	0.193023	7.69231e-06	6.92308e-05	0.00416923	4.61538e-05	0.188885	0.106054	0.00668462	0.0731846	0.00724615	0.123508	0.0293538	0.0172769	0.0230308	0.00690769	0.000753846	0.183369	0.00213846	0.00722308	0.0293	0.00554615	0.1511	
0.142108	0.105715	0.0878308	0.0488692	0	0	0	0	0.0756538	0.0582923	0.1694	0.0811769	0.000207692	8.46154e-05	0.384131	0.0001	0.0001	0.00844615	5.38462e-05	0.375923	0.210146	0.0136846	0.146308	0.0143846	0.243592	0.0594615	0.0346154	0.0468538	0.0138923	0.00175385	0.364885	0.00399231	0.0146846	0.0561308	0.0113231	0.302385	
0.0646385	0.0492923	0.0404	0.0474308	0	0	0	0	0.0396154	0.0303462	0.0887462	0.0430538	4.61538e-05	2.30769e-05	0.201669	2.30769e-05	3.07692e-05	0.00433077	3.07692e-05	0.197369	0.111085	0.00742308	0.0761308	0.00712308	0.128069	0.0314231	0.0181154	0.0241538	0.0071	0.000746154	0.191408	0.00250769	0.00741538	0.0301154	0.00608462	0.158146	
0.0569615	0.0428385	0.0347615	0.0418231	0	0	0	0	0.0352308	0.0259462	0.0780692	0.0371385	9.23077e-05	3.07692e-05	0.176231	3.07692e-05	4.61538e-05	0.00377692	3.84615e-05	0.172523	0.0968462	0.00637692	0.0661538	0.00700769	0.112492	0.0267692	0.0164077	0.0207154	0.00604615	0.000846154	0.167562	0.00193077	0.00696154	0.0255154	0.00488462	0.139023	
0.0770846	0.0574077	0.0477923	0.0550462	0	0	0	0	0.0465154	0.0361	0.105392	0.0493231	7.69231e-05	6.15385e-05	0.237177	1.53846e-05	5.38462e-05	0.00510769	4.61538e-05	0.232123	0.128746	0.00876923	0.0909385	0.00887692	0.150946	0.0372077	0.0210462	0.0281308	0.0082	0.00102308	0.225292	0.00281538	0.00912308	0.0359154	0.00714615	0.185146	
0.0670077	0.0498846	0.0420077	0.0381154	0.0756538	0.0396154	0.0352308	0.0465154	0	0	0	0	4.61538e-05	3.07692e-05	0.196892	4.61538e-05	3.84615e-05	0.00419231	4.61538e-05	0.192738	0.107723	0.00679231	0.0751846	0.00731538	0.124354	0.0308769	0.0179154	0.0238692	0.00749231	0.000807692	0.186554	0.00216154	0.00753846	0.0307538	0.00558462	0.153138	
0.0514462	0.0386385	0.0317077	0.0288923	0.0582923	0.0303462	0.0259462	0.0361	0	0	0	0	5.38462e-05	4.61538e-05	0.150546	3.84615e-05	3.84615e-05	0.00343077	2.30769e-05	0.147192	0.0833077	0.00523077	0.0566615	0.00548462	0.0953	0.0239231	0.0131308	0.0183308	0.00517692	0.000623077	0.143054	0.00183077	0.00570769	0.0217538	0.00427692	0.118946	
0.150023	0.112915	0.0932077	0.0854615	0.1694	0.0887462	0.0780692	0.105392	0	0	0	0	0.000276923	8.46154e-05	0.441192	5.38462e-05	0.000107692	0.00923846	6.92308e-05	0.432192	0.241215	0.0161231	0.167654	0.0166154	0.2821	0.0674154	0.0399077	0.0521846	0.0152615	0.00196923	0.419446	0.00493077	0.0171692	0.0641308	0.0134538	0.346854	
0.0723154	0.0538154	0.0438615	0.0407	0.0811769	0.0430538	0.0371385	0.0493231	0	0	0	0	4.61538e-05	3.84615e-05	0.210577	3.07692e-05	4.61538e-05	0.0048	3.07692e-05	0.205815	0.114577	0.00810769	0.0800308	0.00797692	0.133346	0.0326462	0.0192308	0.0254692	0.00730769	0.000969231	0.200092	0.00232308	0.00776923	0.0310385	0.00612308	0.165762	
0.000138462	0.000123077	6.15385e-05	0.0001	0.000207692	4.61538e-05	9.23077e-05	7.69231e-05	4.61538e-05	5.38462e-05	0.000276923	4.61538e-05	0	0	0	0	0	7.69231e-06	0	0.000415385	0.000207692	7.69231e-06	0.000207692	0	0.0003	5.38462e-05	7.69231e-06	6.15385e-05	1.53846e-05	0	0.000407692	0	2.30769e-05	6.92308e-05	7.69231e-06	0.000323077	
0.000107692	3.07692e-05	2.30769e-05	3.84615e-05	8.46154e-05	2.30769e-05	3.07692e-05	6.15385e-05	3.07692e-05	4.61538e-05	8.46154e-05	3.84615e-05	0	0	0	0	0	0	0	0.0002	9.23077e-05	7.69231e-06	9.23077e-05	7.69231e-06	0.000115385	3.07692e-05	3.07692e-05	2.30769e-05	7.69231e-06	0	0.000176923	1.53846e-05	0	3.84615e-05	0	0.000161538	
0.340485	0.255023	0.210677	0.193023	0.384131	0.201669	0.176231	0.237177	0.196892	0.150546	0.441192	0.210577	0	0	0	0	0.000230769	0.0216538	0.000169231	0.977154	0.546431	0.0362308	0.379162	0.0373846	0.634562	0.154762	0.0901308	0.119754	0.0352077	0.00436923	0.9484	0.0112308	0.0381615	0.147554	0.0294308	0.784062	
6.15385e-05	7.69231e-05	2.30769e-05	7.69231e-06	0.0001	2.30769e-05	3.07692e-05	1.53846e-05	4.61538e-05	3.84615e-05	5.38462e-05	3.07692e-05	0	0	0	0	0	0	0	0.000169231	9.23077e-05	7.69231e-06	6.92308e-05	0	0.000123077	1.53846e-05	1.53846e-05	1.53846e-05	7.69231e-06	0	0.000161538	0	0	1.53846e-05	0	0.000153846	
5.38462e-05	3.84615e-05	6.92308e-05	6.92308e-05	0.0001	3.07692e-05	4.61538e-05	5.38462e-05	3.84615e-05	3.84615e-05	0.000107692	4.61538e-05	0	0	0.000230769	0	0	0	0	0	9.23077e-05	7.69231e-06	0.000115385	1.53846e-05	0.000115385	6.92308e-05	2.30769e-05	2.30769e-05	0	0	0.000230769	0	0	6.92308e-05	1.53846e-05	0.000146154	
0.00712308	0.00536923	0.005	0.00416923	0.00844615	0.00433077	0.00377692	0.00510769	0.00419231	0.00343077	0.00923846	0.0048	7.69231e-06	0	0.0216538	0	0	0	0	0	0.0119846	0.000892308	0.00798462	0.0008	0.0137538	0.00341538	0.00222308	0.00226923	0.000607692	9.23077e-05	0.0206462	0.000315385	0.000684615	0.00300769	0.000576923	0.0173923	
4.61538e-05	3.84615e-05	3.84615e-05	4.61538e-05	5.38462e-05	3.07692e-05	3.84615e-05	4.61538e-05	4.61538e-05	2.30769e-05	6.92308e-05	3.07692e-05	0	0	0.000169231	0	0	0	0	0	7.69231e-05	7.69231e-06	7.69231e-05	7.69231e-06	0.000130769	0	7.69231e-06	3.07692e-05	0	0	0.000169231	0	2.30769e-05	2.30769e-05	7.69231e-06	0.000115385	
0.333569	0.249808	0.205677	0.188885	0.375923	0.197369	0.172523	0.232123	0.192738	0.147192	0.432192	0.205815	0.000415385	0.0002	0.977154	0.000169231	0	0	0	0	0.534669	0.0353462	0.371354	0.0365692	0.6211	0.151377	0.0879308	0.117531	0.0346308	0.00427692	0.9281	0.0109308	0.0374769	0.144577	0.0288385	0.767046	
0.186831	0.138538	0.1154	0.106054	0.210146	0.111085	0.0968462	0.128746	0.107723	0.0833077	0.241215	0.114577	0.000207692	9.23077e-05	0.546431	9.23077e-05	9.23077e-05	0.0119846	7.69231e-05	0.534669	0	0	0	0	0.320115	0.0960615	0.0560462	0.0746	0.0197538	0.00248462	0.518646	0.00593846	0.0212385	0.0810462	0.0163692	0.428169	
0.0125077	0.00919231	0.00786923	0.00668462	0.0136846	0.00742308	0.00637692	0.00876923	0.00679231	0.00523077	0.0161231	0.00810769	7.69231e-06	7.69231e-06	0.0362308	7.69231e-06	7.69231e-06	0.000892308	7.69231e-06	0.0353462	0	0	0	0	0.0212154	0.00639231	0.00376923	0.00487692	0.00113077	0.000138462	0.0345231	0.000461538	0.00136154	0.00531538	0.00113077	0.0284462	
0.128846	0.0978538	0.0796462	0.0731846	0.146308	0.0761308	0.0661538	0.0909385	0.0751846	0.0566615	0.167654	0.0800308	0.000207692	9.23077e-05	0.379162	6.92308e-05	0.000115385	0.00798462	7.69231e-05	0.371354	0	0	0	0	0.271892	0.0459	0.0265769	0.0351615	0.0129231	0.00160769	0.360538	0.00446154	0.0142154	0.0557385	0.0108769	0.2987	
0.0126077	0.00966923	0.00786923	0.00724615	0.0143846	0.00712308	0.00700769	0.00887692	0.00731538	0.00548462	0.0166154	0.00797692	0	7.69231e-06	0.0373846	0	1.53846e-05	0.0008	7.69231e-06	0.0365692	0	0	0	0	0.0218769	0.00650769	0.00379231	0.00521538	0.00143077	0.000138462	0.0354385	0.000384615	0.00136923	0.00557692	0.00106154	0.0293846	
0.216177	0.162054	0.133362	0.123508	0.243592	0.128069	0.112492	0.150946	0.124354	0.0953	0.2821	0.133346	0.0003	0.000115385	0.634562	0.000123077	0.000115385	0.0137538	0.000130769	0.6211	0.320115	0.0212154	0.271892	0.0218769	0	0	0	0	0.0224462	0.00284615	0.602638	0.00716923	0.0239538	0.0940385	0.0186308	0.498477	
0.0532846	0.0395769	0.0326462	0.0293538	0.0594615	0.0314231	0.0267692	0.0372077	0.0308769	0.0239231	0.0674154	0.0326462	5.38462e-05	3.07692e-05	0.154762	1.53846e-05	6.92308e-05	0.00341538	0	0.151377	0.0960615	0.00639231	0.0459	0.00650769	0	0	0	0	0.00543846	0.000669231	0.146946	0.00180769	0.00615385	0.0227154	0.00489231	0.1211	
0.0303308	0.0235385	0.0190385	0.0172769	0.0346154	0.0181154	0.0164077	0.0210462	0.0179154	0.0131308	0.0399077	0.0192308	7.69231e-06	3.07692e-05	0.0901308	1.53846e-05	2.30769e-05	0.00222308	7.69231e-06	0.0879308	0.0560462	0.00376923	0.0265769	0.00379231	0	0	0	0	0.00289231	0.000376923	0.0860308	0.000884615	0.00335385	0.0131923	0.00254615	0.0710923	
0.041	0.0300846	0.0257385	0.0230308	0.0468538	0.0241538	0.0207154	0.0281308	0.0238692	0.0183308	0.0521846	0.0254692	6.15385e-05	2.30769e-05	0.119754	1.53846e-05	2.30769e-05	0.00226923	3.07692e-05	0.117531	0.0746	0.00487692	0.0351615	0.00521538	0	0	0	0	0.00446154	0.000476923	0.113531	0.00138462	0.00472308	0.0177308	0.00336923	0.0940308	
0.0118615	0.00873077	0.00773846	0.00690769	0.0138923	0.0071	0.00604615	0.0082	0.00749231	0.00517692	0.0152615	0.00730769	1.53846e-05	7.69231e-06	0.0352077	7.69231e-06	0	0.000607692	0	0.0346308	0.0197538	0.00113077	0.0129231	0.00143077	0.0224462	0.00543846	0.00289231	0.00446154	0	0	0	0	0.00133846	0.00526923	0.00113846	0.0274923	
0.00162308	0.00105385	0.000938462	0.000753846	0.00175385	0.000746154	0.000846154	0.00102308	0.000807692	0.000623077	0.00196923	0.000969231	0	0	0.00436923	0	0	9.23077e-05	0	0.00427692	0.00248462	0.000138462	0.00160769	0.000138462	0.00284615	0.000669231	0.000376923	0.000476923	0	0	0	0	0.000176923	0.000692308	0.000123077	0.00337692	
0.323269	0.242777	0.199731	0.183369	0.364885	0.191408	0.167562	0.225292	0.186554	0.143054	0.419446	0.200092	0.000407692	0.000176923	0.9484	0.000161538	0.000230769	0.0206462	0.000169231	0.9281	0.518646	0.0345231	0.360538	0.0354385	0.602638	0.146946	0.0860308	0.113531	0	0	0	0	0.0363077	0.1399	0.0278462	0.745092	
0.00403846	0.00269231	0.00237692	0.00213846	0.00399231	0.00250769	0.00193077	0.00281538	0.00216154	0.00183077	0.00493077	0.00232308	0	1.53846e-05	0.0112308	0	0	0.000315385	0	0.0109308	0.00593846	0.000461538	0.00446154	0.000384615	0.00716923	0.00180769	0.000884615	0.00138462	0	0	0	0	0.000361538	0.00181538	0.000330769	0.00873846	
0.0133846	0.00944615	0.00813077	0.00722308	0.0146846	0.00741538	0.00696154	0.00912308	0.00753846	0.00570769	0.0171692	0.00776923	2.30769e-05	0	0.0381615	0	0	0.000684615	2.30769e-05	0.0374769	0.0212385	0.00136154	0.0142154	0.00136923	0.0239538	0.00615385	0.00335385	0.00472308	0.00133846	0.000176923	0.0363077	0.000361538	0	0	0	0	
0.0501308	0.0378385	0.0304077	0.0293	0.0561308	0.0301154	0.0255154	0.0359154	0.0307538	0.0217538	0.0641308	0.0310385	6.92308e-05	3.84615e-05	0.147554	1.53846e-05	6.92308e-05	0.00300769	2.30769e-05	0.144577	0.0810462	0.00531538	0.0557385	0.00557692	0.0940385	0.0227154	0.0131923	0.0177308	0.00526923	0.000692308	0.1399	0.00181538	0	0	0	0	
0.0101769	0.00713077	0.00658462	0.00554615	0.0113231	0.00608462	0.00488462	0.00714615	0.00558462	0.00427692	0.0134538	0.00612308	7.69231e-06	0	0.0294308	0	1.53846e-05	0.000576923	7.69231e-06	0.0288385	0.0163692	0.00113077	0.0108769	0.00106154	0.0186308	0.00489231	0.00254615	0.00336923	0.00113846	0.000123077	0.0278462	0.000330769	0	0	0	0	
0.2671	0.200838	0.165662	0.1511	0.302385	0.158146	0.139023	0.185146	0.153138	0.118946	0.346854	0.165762	0.000323077	0.000161538	0.784062	0.000153846	0.000146154	0.0173923	0.000115385	0.767046	0.428169	0.0284462	0.2987	0.0293846	0.498477	0.1211	0.0710923	0.0940308	0.0274923	0.00337692	0.745092	0.00873846	0	0	0	0	
