0	0	0	0	0.136723	0.0674231	0.0599923	0.0807769	0.0680308	0.0521385	0.151908	0.0728385	0.0001	9.23077e-05	0.344685	3.84615e-05	8.46154e-05	0.00754615	3.84615e-05	0.337246	0.186315	0.0129615	0.132469	0.0131692	0.219654	0.054	0.0310231	0.0402385	0.0122769	0.0015	0.327408	0.00373077	0.0132923	0.0506923	0.0101769	0.270754	
0	0	0	0	0.100423	0.0506538	0.0448846	0.0590538	0.0502692	0.0389308	0.112285	0.0535308	0.0001	3.84615e-05	0.254838	3.84615e-05	8.46154e-05	0.0057	5.38462e-05	0.249177	0.1381	0.00946923	0.0975769	0.00986923	0.162638	0.0398154	0.0229692	0.0295923	0.0095	0.00102308	0.241831	0.00266154	0.0101231	0.0381077	0.0074	0.199385	
0	0	0	0	0.0830077	0.0410769	0.0372692	0.0492077	0.0421077	0.0322	0.0924385	0.0438154	7.69231e-05	6.15385e-05	0.210408	1.53846e-05	0.0001	0.00448462	1.53846e-05	0.205962	0.114008	0.00750769	0.0811462	0.0079	0.134669	0.0327077	0.0188	0.0243846	0.00767692	0.000969231	0.199615	0.0023	0.0082	0.0315	0.00613846	0.164723	
0	0	0	0	0.061	0.0425077	0.0364308	0.0495692	0.0369769	0.0295462	0.0833154	0.0396692	8.46154e-05	7.69231e-05	0.189323	2.30769e-05	7.69231e-05	0.00430769	3.07692e-05	0.185092	0.103115	0.00676154	0.0721769	0.00745385	0.120531	0.0294154	0.0171538	0.0224077	0.00713846	0.000661538	0.179577	0.00213077	0.00753846	0.0282846	0.00576154	0.147923	
0.136723	0.100423	0.0830077	0.061	0	0	0	0	0.0758385	0.0581615	0.167315	0.0798385	0.000176923	7.69231e-05	0.380854	4.61538e-05	0.000169231	0.00805385	6.15385e-05	0.372869	0.205962	0.0141923	0.146546	0.0144538	0.243346	0.0592077	0.0338231	0.0447769	0.0136615	0.00139231	0.361946	0.00415385	0.0145923	0.0563923	0.0112923	0.298877	
0.0674231	0.0506538	0.0410769	0.0425077	0	0	0	0	0.0399769	0.0308615	0.0889923	0.0418308	4.61538e-05	6.92308e-05	0.201531	1.53846e-05	7.69231e-05	0.00466154	2.30769e-05	0.1969	0.110115	0.00764615	0.0760538	0.00784615	0.128738	0.0315846	0.0181538	0.0231846	0.0072	0.000869231	0.191215	0.00237692	0.00823077	0.0298538	0.00593846	0.157638	
0.0599923	0.0448846	0.0372692	0.0364308	0	0	0	0	0.0350154	0.0271231	0.0790923	0.0373462	4.61538e-05	6.92308e-05	0.178446	1.53846e-05	3.84615e-05	0.00404615	2.30769e-05	0.174469	0.0966692	0.00603077	0.0686154	0.00726154	0.113408	0.0281923	0.0162769	0.0207	0.00656154	0.000738462	0.169515	0.00176154	0.00691538	0.0267231	0.00522308	0.139715	
0.0807769	0.0590538	0.0492077	0.0495692	0	0	0	0	0.0465538	0.0366692	0.104546	0.0508385	9.23077e-05	5.38462e-05	0.238423	3.84615e-05	6.15385e-05	0.00527692	3.07692e-05	0.233238	0.128792	0.00883077	0.0921538	0.00883077	0.152	0.0369538	0.0216923	0.0279615	0.00916923	0.00115385	0.225754	0.00253077	0.00941538	0.0356154	0.00702308	0.186554	
0.0680308	0.0502692	0.0421077	0.0369769	0.0758385	0.0399769	0.0350154	0.0465538	0	0	0	0	0.000115385	7.69231e-05	0.197169	2.30769e-05	6.92308e-05	0.00435385	2.30769e-05	0.192938	0.107231	0.00701538	0.0756462	0.00749231	0.125962	0.0311	0.0178077	0.0225154	0.00754615	0.000923077	0.186608	0.00230769	0.00792308	0.0292538	0.00536154	0.154846	
0.0521385	0.0389308	0.0322	0.0295462	0.0581615	0.0308615	0.0271231	0.0366692	0	0	0	0	5.38462e-05	5.38462e-05	0.152708	0	6.15385e-05	0.00343077	3.07692e-05	0.149292	0.0834923	0.00570769	0.0578154	0.0058	0.0978154	0.0236846	0.0136231	0.0176923	0.00544615	0.000615385	0.145138	0.00161538	0.00615385	0.0222	0.00449231	0.119969	
0.151908	0.112285	0.0924385	0.0833154	0.167315	0.0889923	0.0790923	0.104546	0	0	0	0	0.0001	9.23077e-05	0.439692	6.15385e-05	0.000130769	0.00978462	7.69231e-05	0.429954	0.237077	0.0163077	0.169362	0.0172	0.280308	0.0684462	0.0393692	0.0518231	0.0157154	0.00184615	0.417746	0.00463846	0.0167769	0.0660231	0.0132846	0.343862	
0.0728385	0.0535308	0.0438154	0.0396692	0.0798385	0.0418308	0.0373462	0.0508385	0	0	0	0	9.23077e-05	4.61538e-05	0.209685	3.07692e-05	8.46154e-05	0.00446923	7.69231e-06	0.205292	0.113738	0.00766923	0.0805462	0.0079	0.133408	0.0327077	0.0191462	0.0245923	0.00788462	0.000769231	0.198938	0.00226154	0.0083	0.0311077	0.00633846	0.164108	
0.0001	0.0001	7.69231e-05	8.46154e-05	0.000176923	4.61538e-05	4.61538e-05	9.23077e-05	0.000115385	5.38462e-05	0.0001	9.23077e-05	0	0	0	0	0	1.53846e-05	0	0.000346154	0.000207692	7.69231e-06	0.000130769	1.53846e-05	0.000215385	9.23077e-05	3.84615e-05	1.53846e-05	2.30769e-05	0	0.000330769	7.69231e-06	1.53846e-05	6.15385e-05	7.69231e-06	0.000276923	
9.23077e-05	3.84615e-05	6.15385e-05	7.69231e-05	7.69231e-05	6.92308e-05	6.92308e-05	5.38462e-05	7.69231e-05	5.38462e-05	9.23077e-05	4.61538e-05	0	0	0	0	0	7.69231e-06	0	0.000261538	0.000153846	7.69231e-06	0.0001	7.69231e-06	0.0002	3.07692e-05	0	3.84615e-05	7.69231e-06	0	0.000261538	0	7.69231e-06	6.15385e-05	7.69231e-06	0.000192308	
0.344685	0.254838	0.210408	0.189323	0.380854	0.201531	0.178446	0.238423	0.197169	0.152708	0.439692	0.209685	0	0	0	0	0.000346154	0.0220077	0.000138462	0.976762	0.541123	0.0366846	0.383085	0.0383615	0.637008	0.1558	0.0899	0.116546	0.0365538	0.00415385	0.947738	0.0108077	0.0391308	0.148454	0.0294538	0.782215	
3.84615e-05	3.84615e-05	1.53846e-05	2.30769e-05	4.61538e-05	1.53846e-05	1.53846e-05	3.84615e-05	2.30769e-05	0	6.15385e-05	3.07692e-05	0	0	0	0	0	7.69231e-06	0	0.000107692	5.38462e-05	0	5.38462e-05	7.69231e-06	6.92308e-05	1.53846e-05	7.69231e-06	2.30769e-05	7.69231e-06	0	0.0001	7.69231e-06	0	7.69231e-06	7.69231e-06	0.0001	
8.46154e-05	8.46154e-05	0.0001	7.69231e-05	0.000169231	7.69231e-05	3.84615e-05	6.15385e-05	6.92308e-05	6.15385e-05	0.000130769	8.46154e-05	0	0	0.000346154	0	0	0	0	0	0.000176923	7.69231e-06	0.000130769	3.07692e-05	0.000223077	7.69231e-05	3.84615e-05	7.69231e-06	2.30769e-05	0	0.000323077	0	7.69231e-06	5.38462e-05	2.30769e-05	0.000261538	
0.00754615	0.0057	0.00448462	0.00430769	0.00805385	0.00466154	0.00404615	0.00527692	0.00435385	0.00343077	0.00978462	0.00446923	1.53846e-05	7.69231e-06	0.0220077	7.69231e-06	0	0	0	0	0.0120615	0.000776923	0.00823077	0.000969231	0.0142231	0.00353077	0.00178462	0.0025	0.0009	8.46154e-05	0.0207769	0.000276923	0.000961538	0.00358462	0.000784615	0.0167077	
3.84615e-05	5.38462e-05	1.53846e-05	3.07692e-05	6.15385e-05	2.30769e-05	2.30769e-05	3.07692e-05	2.30769e-05	3.07692e-05	7.69231e-05	7.69231e-06	0	0	0.000138462	0	0	0	0	0	6.92308e-05	0	5.38462e-05	1.53846e-05	6.92308e-05	1.53846e-05	3.07692e-05	2.30769e-05	7.69231e-06	0	0.000123077	7.69231e-06	0	1.53846e-05	7.69231e-06	0.000115385	
0.337246	0.249177	0.205962	0.185092	0.372869	0.1969	0.174469	0.233238	0.192938	0.149292	0.429954	0.205292	0.000346154	0.000261538	0.976762	0.000107692	0	0	0	0	0.529231	0.0359154	0.374954	0.0373769	0.622977	0.152315	0.0880923	0.114092	0.0356615	0.00406923	0.927208	0.0105385	0.0381846	0.144931	0.0286615	0.7657	
0.186315	0.1381	0.114008	0.103115	0.205962	0.110115	0.0966692	0.128792	0.107231	0.0834923	0.237077	0.113738	0.000207692	0.000153846	0.541123	5.38462e-05	0.000176923	0.0120615	6.92308e-05	0.529231	0	0	0	0	0.332069	0.0897538	0.0521615	0.0675538	0.0198538	0.00221538	0.513392	0.00607692	0.0210615	0.0803923	0.0154231	0.424662	
0.0129615	0.00946923	0.00750769	0.00676154	0.0141923	0.00764615	0.00603077	0.00883077	0.00701538	0.00570769	0.0163077	0.00766923	7.69231e-06	7.69231e-06	0.0366846	0	7.69231e-06	0.000776923	0	0.0359154	0	0	0	0	0.0220308	0.00630769	0.00363846	0.00472308	0.00142308	0.000184615	0.0347769	0.000315385	0.00142308	0.00554615	0.00106923	0.0286615	
0.132469	0.0975769	0.0811462	0.0721769	0.146546	0.0760538	0.0686154	0.0921538	0.0756462	0.0578154	0.169362	0.0805462	0.000130769	0.0001	0.383085	5.38462e-05	0.000130769	0.00823077	5.38462e-05	0.374954	0	0	0	0	0.259408	0.0537308	0.0305692	0.0396615	0.0139462	0.00158462	0.363831	0.00400769	0.0151923	0.0572692	0.0118308	0.299077	
0.0131692	0.00986923	0.0079	0.00745385	0.0144538	0.00784615	0.00726154	0.00883077	0.00749231	0.0058	0.0172	0.0079	1.53846e-05	7.69231e-06	0.0383615	7.69231e-06	3.07692e-05	0.000969231	1.53846e-05	0.0373769	0	0	0	0	0.0239846	0.00614615	0.00357692	0.00468462	0.00136923	0.000169231	0.0364308	0.000423077	0.00147692	0.00537692	0.00115385	0.0303846	
0.219654	0.162638	0.134669	0.120531	0.243346	0.128738	0.113408	0.152	0.125962	0.0978154	0.280308	0.133408	0.000215385	0.0002	0.637008	6.92308e-05	0.000223077	0.0142231	6.92308e-05	0.622977	0.332069	0.0220308	0.259408	0.0239846	0	0	0	0	0.0233692	0.00268462	0.604415	0.00702308	0.0246538	0.0953769	0.0184923	0.498969	
0.054	0.0398154	0.0327077	0.0294154	0.0592077	0.0315846	0.0281923	0.0369538	0.0311	0.0236846	0.0684462	0.0327077	9.23077e-05	3.07692e-05	0.1558	1.53846e-05	7.69231e-05	0.00353077	1.53846e-05	0.152315	0.0897538	0.00630769	0.0537308	0.00614615	0	0	0	0	0.00567692	0.000707692	0.148046	0.00150769	0.00612308	0.0229692	0.0048	0.122046	
0.0310231	0.0229692	0.0188	0.0171538	0.0338231	0.0181538	0.0162769	0.0216923	0.0178077	0.0136231	0.0393692	0.0191462	3.84615e-05	0	0.0899	7.69231e-06	3.84615e-05	0.00178462	3.07692e-05	0.0880923	0.0521615	0.00363846	0.0305692	0.00357692	0	0	0	0	0.00306923	0.000323077	0.0855308	0.00102308	0.00364615	0.0130615	0.00266154	0.0705769	
0.0402385	0.0295923	0.0243846	0.0224077	0.0447769	0.0231846	0.0207	0.0279615	0.0225154	0.0176923	0.0518231	0.0245923	1.53846e-05	3.84615e-05	0.116546	2.30769e-05	7.69231e-06	0.0025	2.30769e-05	0.114092	0.0675538	0.00472308	0.0396615	0.00468462	0	0	0	0	0.00447692	0.000438462	0.110438	0.00126923	0.00473077	0.0171769	0.00352308	0.0911923	
0.0122769	0.0095	0.00767692	0.00713846	0.0136615	0.0072	0.00656154	0.00916923	0.00754615	0.00544615	0.0157154	0.00788462	2.30769e-05	7.69231e-06	0.0365538	7.69231e-06	2.30769e-05	0.0009	7.69231e-06	0.0356615	0.0198538	0.00142308	0.0139462	0.00136923	0.0233692	0.00567692	0.00306923	0.00447692	0	0	0	0	0.00143846	0.00556923	0.00115385	0.0284308	
0.0015	0.00102308	0.000969231	0.000661538	0.00139231	0.000869231	0.000738462	0.00115385	0.000923077	0.000615385	0.00184615	0.000769231	0	0	0.00415385	0	0	8.46154e-05	0	0.00406923	0.00221538	0.000184615	0.00158462	0.000169231	0.00268462	0.000707692	0.000323077	0.000438462	0	0	0	0	0.000115385	0.000723077	9.23077e-05	0.00322308	
0.327408	0.241831	0.199615	0.179577	0.361946	0.191215	0.169515	0.225754	0.186608	0.145138	0.417746	0.198938	0.000330769	0.000261538	0.947738	0.0001	0.000323077	0.0207769	0.000123077	0.927208	0.513392	0.0347769	0.363831	0.0364308	0.604415	0.148046	0.0855308	0.110438	0	0	0	0	0.0372231	0.140592	0.0279154	0.7427	
0.00373077	0.00266154	0.0023	0.00213077	0.00415385	0.00237692	0.00176154	0.00253077	0.00230769	0.00161538	0.00463846	0.00226154	7.69231e-06	0	0.0108077	7.69231e-06	0	0.000276923	7.69231e-06	0.0105385	0.00607692	0.000315385	0.00400769	0.000423077	0.00702308	0.00150769	0.00102308	0.00126923	0	0	0	0	0.000376923	0.0017	0.000315385	0.00843077	
0.0132923	0.0101231	0.0082	0.00753846	0.0145923	0.00823077	0.00691538	0.00941538	0.00792308	0.00615385	0.0167769	0.0083	1.53846e-05	7.69231e-06	0.0391308	0	7.69231e-06	0.000961538	0	0.0381846	0.0210615	0.00142308	0.0151923	0.00147692	0.0246538	0.00612308	0.00364615	0.00473077	0.00143846	0.000115385	0.0372231	0.000376923	0	0	0	0	
0.0506923	0.0381077	0.0315	0.0282846	0.0563923	0.0298538	0.0267231	0.0356154	0.0292538	0.0222	0.0660231	0.0311077	6.15385e-05	6.15385e-05	0.148454	7.69231e-06	5.38462e-05	0.00358462	1.53846e-05	0.144931	0.0803923	0.00554615	0.0572692	0.00537692	0.0953769	0.0229692	0.0130615	0.0171769	0.00556923	0.000723077	0.140592	0.0017	0	0	0	0	
0.0101769	0.0074	0.00613846	0.00576154	0.0112923	0.00593846	0.00522308	0.00702308	0.00536154	0.00449231	0.0132846	0.00633846	7.69231e-06	7.69231e-06	0.0294538	7.69231e-06	2.30769e-05	0.000784615	7.69231e-06	0.0286615	0.0154231	0.00106923	0.0118308	0.00115385	0.0184923	0.0048	0.00266154	0.00352308	0.00115385	9.23077e-05	0.0279154	0.000315385	0	0	0	0	
0.270754	0.199385	0.164723	0.147923	0.298877	0.157638	0.139715	0.186554	0.154846	0.119969	0.343862	0.164108	0.000276923	0.000192308	0.782215	0.0001	0.000261538	0.0167077	0.000115385	0.7657	0.424662	0.0286615	0.299077	0.0303846	0.498969	0.122046	0.0705769	0.0911923	0.0284308	0.00322308	0.7427	0.00843077	0	0	0	0	
