0	0	0	0	0.137277	0.0668231	0.0601462	0.0801231	0.0686846	0.0521692	0.150408	0.0731077	8.46154e-05	6.92308e-05	0.344154	6.15385e-05	0.0001	0.00764615	5.38462e-05	0.336569	0.187454	0.0123231	0.131423	0.0131692	0.219777	0.0531769	0.0312231	0.0401923	0.0121923	0.00145385	0.3269	0.00382308	0.0130154	0.0510769	0.00957692	0.2707	
0	0	0	0	0.101223	0.0498538	0.0441308	0.0590923	0.0505385	0.0382	0.112054	0.0535077	0.000107692	7.69231e-05	0.254077	3.84615e-05	6.92308e-05	0.00567692	4.61538e-05	0.248508	0.138615	0.00943846	0.0965615	0.00968462	0.1627	0.0387231	0.0233769	0.0295	0.00917692	0.000976923	0.241562	0.00258462	0.0102692	0.0368462	0.00722308	0.199962	
0	0	0	0	0.0848462	0.0411077	0.0367231	0.0494154	0.0430385	0.0316538	0.0928923	0.0445077	6.92308e-05	4.61538e-05	0.211938	3.84615e-05	4.61538e-05	0.00494615	3.84615e-05	0.207062	0.114723	0.00764615	0.0816692	0.00805385	0.1362	0.0320231	0.0193077	0.0245615	0.00785385	0.000969231	0.201231	0.00203846	0.00829231	0.0313538	0.00633077	0.166115	
0	0	0	0	0.0564769	0.0430846	0.0390538	0.0506231	0.0376846	0.0282	0.0835923	0.0397615	4.61538e-05	5.38462e-05	0.189085	5.38462e-05	5.38462e-05	0.00410769	3.84615e-05	0.185038	0.103192	0.00686923	0.0718692	0.00730769	0.120769	0.0289538	0.0168538	0.0226615	0.00694615	0.000784615	0.1796	0.00190769	0.00693846	0.0280538	0.00563846	0.148608	
0.137277	0.101223	0.0848462	0.0564769	0	0	0	0	0.0762231	0.0576385	0.165969	0.0799923	0.000115385	0.0001	0.379554	5.38462e-05	0.000107692	0.00866923	6.92308e-05	0.370977	0.205569	0.0134385	0.146054	0.0147615	0.243408	0.0588846	0.0345231	0.0430077	0.0137231	0.00154615	0.360423	0.00413077	0.0147385	0.0557538	0.0112692	0.298062	
0.0668231	0.0498538	0.0411077	0.0430846	0	0	0	0	0.0396538	0.0301077	0.0889615	0.0421462	3.84615e-05	5.38462e-05	0.200723	5.38462e-05	4.61538e-05	0.00465385	2.30769e-05	0.196146	0.109069	0.00771538	0.0765385	0.00754615	0.127777	0.0306154	0.0180923	0.0243846	0.00707692	0.000830769	0.190908	0.00205385	0.00773077	0.0292692	0.0059	0.157969	
0.0601462	0.0441308	0.0367231	0.0390538	0	0	0	0	0.0362462	0.0272615	0.0785077	0.0380385	9.23077e-05	3.84615e-05	0.179892	3.07692e-05	5.38462e-05	0.00380769	2.30769e-05	0.176169	0.0979923	0.00646923	0.0686692	0.00692308	0.1155	0.0272538	0.0164231	0.0208769	0.00677692	0.000815385	0.170677	0.00178462	0.00703077	0.0268692	0.00503077	0.141123	
0.0801231	0.0590923	0.0494154	0.0506231	0	0	0	0	0.0478231	0.0352154	0.105508	0.0507077	6.15385e-05	5.38462e-05	0.239085	5.38462e-05	6.15385e-05	0.00524615	6.15385e-05	0.233885	0.131354	0.00865385	0.0902615	0.00898462	0.152762	0.0361231	0.0217231	0.0286462	0.00859231	0.000992308	0.227285	0.00238462	0.00901538	0.0354385	0.00656923	0.188231	
0.0686846	0.0505385	0.0430385	0.0376846	0.0762231	0.0396538	0.0362462	0.0478231	0	0	0	0	3.07692e-05	4.61538e-05	0.199831	3.84615e-05	6.15385e-05	0.00444615	4.61538e-05	0.195392	0.108638	0.00739231	0.0762538	0.00766154	0.126277	0.0308308	0.0186231	0.0242154	0.00695385	0.000830769	0.190192	0.00196923	0.00758462	0.0295769	0.00566154	0.157123	
0.0521692	0.0382	0.0316538	0.0282	0.0576385	0.0301077	0.0272615	0.0352154	0	0	0	0	4.61538e-05	1.53846e-05	0.150131	3.07692e-05	3.84615e-05	0.00332308	3.84615e-05	0.146823	0.0814846	0.00541538	0.0575308	0.00579231	0.0966923	0.0227692	0.0133462	0.0174154	0.00565385	0.000653846	0.142285	0.00163077	0.00551538	0.0217692	0.00420769	0.118731	
0.150408	0.112054	0.0928923	0.0835923	0.165969	0.0889615	0.0785077	0.105508	0	0	0	0	0.000161538	0.0001	0.438623	6.15385e-05	0.000107692	0.0101462	6.15385e-05	0.428631	0.239546	0.0158231	0.167438	0.0161385	0.280862	0.0675923	0.0397	0.0507923	0.0160692	0.00187692	0.416477	0.00452308	0.0170538	0.0650154	0.0126077	0.344269	
0.0731077	0.0535077	0.0445077	0.0397615	0.0799923	0.0421462	0.0380385	0.0507077	0	0	0	0	6.92308e-05	8.46154e-05	0.210669	6.15385e-05	6.15385e-05	0.00446154	3.07692e-05	0.206331	0.114315	0.00764615	0.0803	0.00862308	0.135615	0.0316846	0.0190923	0.0244923	0.00749231	0.000823077	0.200338	0.00223077	0.00836154	0.0309692	0.00629231	0.165262	
8.46154e-05	0.000107692	6.92308e-05	4.61538e-05	0.000115385	3.84615e-05	9.23077e-05	6.15385e-05	3.07692e-05	4.61538e-05	0.000161538	6.92308e-05	0	0	0	0	0	1.53846e-05	0	0.000292308	0.000184615	1.53846e-05	8.46154e-05	2.30769e-05	0.000169231	6.92308e-05	5.38462e-05	1.53846e-05	0	0	0.000307692	0	7.69231e-06	4.61538e-05	0	0.000253846	
6.92308e-05	7.69231e-05	4.61538e-05	5.38462e-05	0.0001	5.38462e-05	3.84615e-05	5.38462e-05	4.61538e-05	1.53846e-05	0.0001	8.46154e-05	0	0	0	0	0	7.69231e-06	0	0.000238462	0.000123077	0	0.000107692	1.53846e-05	0.000169231	1.53846e-05	3.84615e-05	2.30769e-05	1.53846e-05	0	0.000230769	0	7.69231e-06	3.84615e-05	0	0.0002	
0.344154	0.254077	0.211938	0.189085	0.379554	0.200723	0.179892	0.239085	0.199831	0.150131	0.438623	0.210669	0	0	0	0	0.000269231	0.0223538	0.000176923	0.976454	0.543592	0.0362538	0.381231	0.0381769	0.639	0.152746	0.0906462	0.116862	0.0361538	0.00418462	0.948562	0.0103538	0.0385	0.147223	0.0287615	0.784769	
6.15385e-05	3.84615e-05	3.84615e-05	5.38462e-05	5.38462e-05	5.38462e-05	3.07692e-05	5.38462e-05	3.84615e-05	3.07692e-05	6.15385e-05	6.15385e-05	0	0	0	0	0	0	0	0.000192308	8.46154e-05	7.69231e-06	0.0001	0	0.000107692	4.61538e-05	2.30769e-05	1.53846e-05	0	0	0.000192308	0	0	2.30769e-05	7.69231e-06	0.000161538	
0.0001	6.92308e-05	4.61538e-05	5.38462e-05	0.000107692	4.61538e-05	5.38462e-05	6.15385e-05	6.15385e-05	3.84615e-05	0.000107692	6.15385e-05	0	0	0.000269231	0	0	0	0	0	0.0001	1.53846e-05	0.000146154	7.69231e-06	0.000161538	6.92308e-05	1.53846e-05	2.30769e-05	7.69231e-06	0	0.000253846	7.69231e-06	0	3.07692e-05	7.69231e-06	0.000230769	
0.00764615	0.00567692	0.00494615	0.00410769	0.00866923	0.00465385	0.00380769	0.00524615	0.00444615	0.00332308	0.0101462	0.00446154	1.53846e-05	7.69231e-06	0.0223538	0	0	0	0	0	0.0120923	0.000738462	0.00882308	0.000723077	0.0142769	0.00350769	0.00216923	0.00242308	0.000761538	5.38462e-05	0.0213385	0.000223077	0.000961538	0.00344615	0.000761538	0.0172077	
5.38462e-05	4.61538e-05	3.84615e-05	3.84615e-05	6.92308e-05	2.30769e-05	2.30769e-05	6.15385e-05	4.61538e-05	3.84615e-05	6.15385e-05	3.07692e-05	0	0	0.000176923	0	0	0	0	0	9.23077e-05	7.69231e-06	6.92308e-05	7.69231e-06	0.000115385	3.07692e-05	1.53846e-05	1.53846e-05	7.69231e-06	0	0.000169231	0	0	3.07692e-05	0	0.000146154	
0.336569	0.248508	0.207062	0.185038	0.370977	0.196146	0.176169	0.233885	0.195392	0.146823	0.428631	0.206331	0.000292308	0.000238462	0.976454	0.000192308	0	0	0	0	0.5317	0.0355154	0.372485	0.0374769	0.624892	0.149269	0.0885615	0.114454	0.0353923	0.00413077	0.927531	0.0101231	0.0375538	0.143823	0.028	0.7678	
0.187454	0.138615	0.114723	0.103192	0.205569	0.109069	0.0979923	0.131354	0.108638	0.0814846	0.239546	0.114315	0.000184615	0.000123077	0.543592	8.46154e-05	0.0001	0.0120923	9.23077e-05	0.5317	0	0	0	0	0.331015	0.0904769	0.0535462	0.0689462	0.0194231	0.00229231	0.516685	0.00558462	0.0209923	0.0789385	0.0159308	0.428123	
0.0123231	0.00943846	0.00764615	0.00686923	0.0134385	0.00771538	0.00646923	0.00865385	0.00739231	0.00541538	0.0158231	0.00764615	1.53846e-05	0	0.0362538	7.69231e-06	1.53846e-05	0.000738462	7.69231e-06	0.0355154	0	0	0	0	0.0220385	0.0061	0.0036	0.00453846	0.00133077	0.000161538	0.0344077	0.000376923	0.00129231	0.0052	0.000861538	0.0289231	
0.131423	0.0965615	0.0816692	0.0718692	0.146054	0.0765385	0.0686692	0.0902615	0.0762538	0.0575308	0.167438	0.0803	8.46154e-05	0.000107692	0.381231	0.0001	0.000146154	0.00882308	6.92308e-05	0.372485	0	0	0	0	0.262946	0.0501692	0.0298923	0.0385154	0.014	0.00156154	0.362015	0.00394615	0.0148077	0.0575462	0.0108077	0.298362	
0.0131692	0.00968462	0.00805385	0.00730769	0.0147615	0.00754615	0.00692308	0.00898462	0.00766154	0.00579231	0.0161385	0.00862308	2.30769e-05	1.53846e-05	0.0381769	0	7.69231e-06	0.000723077	7.69231e-06	0.0374769	0	0	0	0	0.0234462	0.00613077	0.00372308	0.00491538	0.00141538	0.000169231	0.0361846	0.000446154	0.00142308	0.00564615	0.00116923	0.0299769	
0.219777	0.1627	0.1362	0.120769	0.243408	0.127777	0.1155	0.152762	0.126277	0.0966923	0.280862	0.135615	0.000169231	0.000169231	0.639	0.000107692	0.000161538	0.0142769	0.000115385	0.624892	0.331015	0.0220385	0.262946	0.0234462	0	0	0	0	0.0233154	0.00262308	0.606762	0.00674615	0.0245846	0.0938769	0.0182308	0.502754	
0.0531769	0.0387231	0.0320231	0.0289538	0.0588846	0.0306154	0.0272538	0.0361231	0.0308308	0.0227692	0.0675923	0.0316846	6.92308e-05	1.53846e-05	0.152746	4.61538e-05	6.92308e-05	0.00350769	3.07692e-05	0.149269	0.0904769	0.0061	0.0501692	0.00613077	0	0	0	0	0.00543077	0.000723077	0.145123	0.0016	0.00594615	0.0221077	0.00447692	0.120346	
0.0312231	0.0233769	0.0193077	0.0168538	0.0345231	0.0180923	0.0164231	0.0217231	0.0186231	0.0133462	0.0397	0.0190923	5.38462e-05	3.84615e-05	0.0906462	2.30769e-05	1.53846e-05	0.00216923	1.53846e-05	0.0885615	0.0535462	0.0036	0.0298923	0.00372308	0	0	0	0	0.00302308	0.000315385	0.0865846	0.000838462	0.00338462	0.0133615	0.0028	0.0712154	
0.0401923	0.0295	0.0245615	0.0226615	0.0430077	0.0243846	0.0208769	0.0286462	0.0242154	0.0174154	0.0507923	0.0244923	1.53846e-05	2.30769e-05	0.116862	1.53846e-05	2.30769e-05	0.00242308	1.53846e-05	0.114454	0.0689462	0.00453846	0.0385154	0.00491538	0	0	0	0	0.0044	0.000523077	0.110823	0.00116923	0.0046	0.0179846	0.00326154	0.0910692	
0.0121923	0.00917692	0.00785385	0.00694615	0.0137231	0.00707692	0.00677692	0.00859231	0.00695385	0.00565385	0.0160692	0.00749231	0	1.53846e-05	0.0361538	0	7.69231e-06	0.000761538	7.69231e-06	0.0353923	0.0194231	0.00133077	0.014	0.00141538	0.0233154	0.00543077	0.00302308	0.0044	0	0	0	0	0.00143846	0.00527692	0.0011	0.0283538	
0.00145385	0.000976923	0.000969231	0.000784615	0.00154615	0.000830769	0.000815385	0.000992308	0.000830769	0.000653846	0.00187692	0.000823077	0	0	0.00418462	0	0	5.38462e-05	0	0.00413077	0.00229231	0.000161538	0.00156154	0.000169231	0.00262308	0.000723077	0.000315385	0.000523077	0	0	0	0	0.000130769	0.000576923	8.46154e-05	0.00339231	
0.3269	0.241562	0.201231	0.1796	0.360423	0.190908	0.170677	0.227285	0.190192	0.142285	0.416477	0.200338	0.000307692	0.000230769	0.948562	0.000192308	0.000253846	0.0213385	0.000169231	0.927531	0.516685	0.0344077	0.362015	0.0361846	0.606762	0.145123	0.0865846	0.110823	0	0	0	0	0.0366308	0.139923	0.0272846	0.745454	
0.00382308	0.00258462	0.00203846	0.00190769	0.00413077	0.00205385	0.00178462	0.00238462	0.00196923	0.00163077	0.00452308	0.00223077	0	0	0.0103538	0	7.69231e-06	0.000223077	0	0.0101231	0.00558462	0.000376923	0.00394615	0.000446154	0.00674615	0.0016	0.000838462	0.00116923	0	0	0	0	0.000315385	0.00155385	0.0003	0.00818462	
0.0130154	0.0102692	0.00829231	0.00693846	0.0147385	0.00773077	0.00703077	0.00901538	0.00758462	0.00551538	0.0170538	0.00836154	7.69231e-06	7.69231e-06	0.0385	0	0	0.000961538	0	0.0375538	0.0209923	0.00129231	0.0148077	0.00142308	0.0245846	0.00594615	0.00338462	0.0046	0.00143846	0.000130769	0.0366308	0.000315385	0	0	0	0	
0.0510769	0.0368462	0.0313538	0.0280538	0.0557538	0.0292692	0.0268692	0.0354385	0.0295769	0.0217692	0.0650154	0.0309692	4.61538e-05	3.84615e-05	0.147223	2.30769e-05	3.07692e-05	0.00344615	3.07692e-05	0.143823	0.0789385	0.0052	0.0575462	0.00564615	0.0938769	0.0221077	0.0133615	0.0179846	0.00527692	0.000576923	0.139923	0.00155385	0	0	0	0	
0.00957692	0.00722308	0.00633077	0.00563846	0.0112692	0.0059	0.00503077	0.00656923	0.00566154	0.00420769	0.0126077	0.00629231	0	0	0.0287615	7.69231e-06	7.69231e-06	0.000761538	0	0.028	0.0159308	0.000861538	0.0108077	0.00116923	0.0182308	0.00447692	0.0028	0.00326154	0.0011	8.46154e-05	0.0272846	0.0003	0	0	0	0	
0.2707	0.199962	0.166115	0.148608	0.298062	0.157969	0.141123	0.188231	0.157123	0.118731	0.344269	0.165262	0.000253846	0.0002	0.784769	0.000161538	0.000230769	0.0172077	0.000146154	0.7678	0.428123	0.0289231	0.298362	0.0299769	0.502754	0.120346	0.0712154	0.0910692	0.0283538	0.00339231	0.745454	0.00818462	0	0	0	0	
