0	0	0	0	0.20399	0.05291	0.05555	0.05458	0.05892	0.02684	0.2312	0.05007	0.00155	0.0009	0.36336	0.00122	0.00149	0.00486	0.00099	0.35969	0.22336	0.00619	0.11958	0.0179	0.26763	0.02725	0.03584	0.03631	0.0315	0.01084	0.30274	0.02195	0.05148	0.04674	0.0302	0.23861	
0	0	0	0	0.14637	0.03832	0.03991	0.03966	0.04272	0.01977	0.16544	0.03633	0.00121	0.00077	0.26126	0.00102	0.00108	0.00357	0.00064	0.25897	0.16046	0.00443	0.08659	0.01278	0.19244	0.02011	0.02548	0.02623	0.02365	0.00795	0.21653	0.01613	0.03804	0.03286	0.02207	0.17129	
0	0	0	0	0.10728	0.02806	0.02846	0.02873	0.03074	0.01453	0.12071	0.02655	0.00079	0.00043	0.19069	0.00062	0.00079	0.00235	0.00052	0.18887	0.11753	0.00309	0.0626	0.00931	0.14025	0.01472	0.01879	0.01877	0.01743	0.00556	0.15758	0.01196	0.02721	0.02325	0.01693	0.12514	
0	0	0	0	0.04627	0.04311	0.04331	0.04349	0.02806	0.01378	0.10967	0.02467	0.00069	0.00035	0.17459	0.00055	0.00083	0.00223	0.00054	0.17258	0.11075	0.00259	0.05505	0.00779	0.12975	0.01279	0.01684	0.0168	0.01235	0.00425	0.1506	0.00898	0.02486	0.02211	0.01384	0.11537	
0.20399	0.14637	0.10728	0.04627	0	0	0	0	0.07995	0.0377	0.31849	0.06777	0.00203	0.00127	0.49875	0.00186	0.00206	0.00676	0.00134	0.49375	0.28453	0.00972	0.18138	0.02828	0.36571	0.03805	0.04951	0.05064	0.05638	0.019	0.38908	0.03945	0.07338	0.06421	0.0441	0.32222	
0.05291	0.03832	0.02806	0.04311	0	0	0	0	0.02646	0.01199	0.10095	0.023	0.00069	0.00035	0.16091	0.00045	0.00069	0.00197	0.00047	0.15927	0.10719	0.00198	0.04694	0.00629	0.11849	0.01231	0.01576	0.01584	0.00929	0.00285	0.14363	0.00663	0.0225	0.02033	0.01258	0.10699	
0.05555	0.03991	0.02846	0.04331	0	0	0	0	0.02722	0.01221	0.10448	0.02332	0.00072	0.00036	0.16545	0.0007	0.00065	0.00216	0.00034	0.16408	0.11004	0.00224	0.04831	0.00664	0.12315	0.01242	0.01572	0.01594	0.00928	0.00332	0.14777	0.00686	0.02299	0.02054	0.01279	0.11091	
0.05458	0.03966	0.02873	0.04349	0	0	0	0	0.02681	0.01302	0.1031	0.02353	0.0008	0.00047	0.16479	0.0004	0.00079	0.00212	0.00054	0.16301	0.11034	0.00236	0.04719	0.00657	0.12272	0.01209	0.01596	0.01569	0.00998	0.00343	0.14697	0.00608	0.02272	0.01988	0.01357	0.11029	
0.05892	0.04272	0.03074	0.02806	0.07995	0.02646	0.02722	0.02681	0	0	0	0	0.00071	0.00044	0.15873	0.00056	0.0007	0.00215	0.00043	0.15716	0.09637	0.00275	0.05388	0.00744	0.12434	0.01067	0.01278	0.01265	0.01195	0.0039	0.13632	0.00827	0.01619	0.01502	0.00977	0.11946	
0.02684	0.01977	0.01453	0.01378	0.0377	0.01199	0.01221	0.01302	0	0	0	0	0.00023	0.00017	0.07427	0.00025	0.00044	0.00107	0.00022	0.07319	0.04464	0.00128	0.02535	0.00365	0.05731	0.00517	0.00646	0.00598	0.00568	0.00201	0.06357	0.00366	0.0075	0.00661	0.00426	0.05655	
0.2312	0.16544	0.12071	0.10967	0.31849	0.10095	0.10448	0.1031	0	0	0	0	0.00277	0.00152	0.62054	0.00219	0.00245	0.00793	0.00181	0.61483	0.39007	0.00991	0.1972	0.02984	0.44029	0.0511	0.06707	0.06856	0.05701	0.01908	0.51104	0.03989	0.10404	0.09098	0.06105	0.37095	
0.05007	0.03633	0.02655	0.02467	0.06777	0.023	0.02332	0.02353	0	0	0	0	0.00053	0.00032	0.13636	0.00041	0.0006	0.00186	0.00023	0.13493	0.08102	0.00236	0.04739	0.00685	0.10813	0.00793	0.01064	0.01092	0.01029	0.00361	0.11652	0.0072	0.01386	0.01235	0.00796	0.10345	
0.00155	0.00121	0.00079	0.00069	0.00203	0.00069	0.00072	0.0008	0.00071	0.00023	0.00277	0.00053	0	0	0	0	2e-05	5e-05	3e-05	0.00414	0.00249	6e-05	0.00144	0.00025	0.00301	0.00034	0.00035	0.00054	0.00024	8e-05	0.00367	0.00025	0.00046	0.00052	0.00035	0.00291	
0.0009	0.00077	0.00043	0.00035	0.00127	0.00035	0.00036	0.00047	0.00044	0.00017	0.00152	0.00032	0	0	0	0	1e-05	2e-05	0	0.00242	0.00157	2e-05	0.00073	0.00013	0.00175	0.0002	0.00024	0.00026	0.00017	6e-05	0.00204	0.00018	0.00039	0.00027	0.00022	0.00157	
0.36336	0.26126	0.19069	0.17459	0.49875	0.16091	0.16545	0.16479	0.15873	0.07427	0.62054	0.13636	0	0	0	0	0.00414	0.0129	0.00266	0.9702	0.606	0.01621	0.32049	0.0472	0.72281	0.07404	0.09605	0.097	0.08412	0.02835	0.81908	0.05835	0.14023	0.12376	0.08223	0.64368	
0.00122	0.00102	0.00062	0.00055	0.00186	0.00045	0.0007	0.0004	0.00056	0.00025	0.00219	0.00041	0	0	0	0	2e-05	4e-05	0	0.00335	0.00204	1e-05	0.00116	0.0002	0.0025	0.00029	0.00031	0.00031	0.0004	0.00011	0.00266	0.00024	0.00051	0.00041	0.00024	0.00225	
0.00149	0.00108	0.00079	0.00083	0.00206	0.00069	0.00065	0.00079	0.0007	0.00044	0.00245	0.0006	2e-05	1e-05	0.00414	2e-05	0	0	0	0	0.00245	8e-05	0.00144	0.00022	0.00313	0.00029	0.00033	0.00044	0.00027	0.00012	0.00359	0.00021	0.00048	0.00053	0.00035	0.00283	
0.00486	0.00357	0.00235	0.00223	0.00676	0.00197	0.00216	0.00212	0.00215	0.00107	0.00793	0.00186	5e-05	2e-05	0.0129	4e-05	0	0	0	0	0.00828	0.00016	0.00406	0.00051	0.00965	0.00083	0.00126	0.00127	0.00112	0.00036	0.01065	0.00088	0.00181	0.00166	0.00116	0.00838	
0.00099	0.00064	0.00052	0.00054	0.00134	0.00047	0.00034	0.00054	0.00043	0.00022	0.00181	0.00023	3e-05	0	0.00266	0	0	0	0	0	0.0016	5e-05	0.00088	0.00016	0.00197	0.00022	0.00027	0.00023	0.00023	3e-05	0.00227	0.00016	0.00039	0.00034	0.00018	0.00178	
0.35969	0.25897	0.18887	0.17258	0.49375	0.15927	0.16408	0.16301	0.15716	0.07319	0.61483	0.13493	0.00414	0.00242	0.9702	0.00335	0	0	0	0	0.59977	0.01601	0.31744	0.04689	0.71532	0.07353	0.09509	0.09617	0.08331	0.02809	0.81094	0.05777	0.13891	0.12243	0.08135	0.63742	
0.22336	0.16046	0.11753	0.11075	0.28453	0.10719	0.11004	0.11034	0.09637	0.04464	0.39007	0.08102	0.00249	0.00157	0.606	0.00204	0.00245	0.00828	0.0016	0.59977	0	0	0	0	0.44429	0.04689	0.05994	0.06098	0.06709	0.02243	0.47631	0.04627	0.1022	0.0911	0.06006	0.35874	
0.00619	0.00443	0.00309	0.00259	0.00972	0.00198	0.00224	0.00236	0.00275	0.00128	0.00991	0.00236	6e-05	2e-05	0.01621	1e-05	8e-05	0.00016	5e-05	0.01601	0	0	0	0	0.01213	0.00123	0.0013	0.00164	0.00172	0.00071	0.01281	0.00106	0.00211	0.00151	0.00113	0.01155	
0.11958	0.08659	0.0626	0.05505	0.18138	0.04694	0.04831	0.04719	0.05388	0.02535	0.1972	0.04739	0.00144	0.00073	0.32049	0.00116	0.00144	0.00406	0.00088	0.31744	0	0	0	0	0.23913	0.02303	0.03091	0.03075	0.01076	0.00374	0.30148	0.00784	0.03177	0.02778	0.01835	0.24592	
0.0179	0.01278	0.00931	0.00779	0.02828	0.00629	0.00664	0.00657	0.00744	0.00365	0.02984	0.00685	0.00025	0.00013	0.0472	0.0002	0.00022	0.00051	0.00016	0.04689	0	0	0	0	0.03452	0.00372	0.0048	0.00474	0.00536	0.00172	0.03685	0.00385	0.00551	0.00457	0.0035	0.0342	
0.26763	0.19244	0.14025	0.12975	0.36571	0.11849	0.12315	0.12272	0.12434	0.05731	0.44029	0.10813	0.00301	0.00175	0.72281	0.0025	0.00313	0.00965	0.00197	0.71532	0.44429	0.01213	0.23913	0.03452	0	0	0	0	0.05763	0.01947	0.61297	0.04	0.10122	0.09086	0.05954	0.47845	
0.02725	0.02011	0.01472	0.01279	0.03805	0.01231	0.01242	0.01209	0.01067	0.00517	0.0511	0.00793	0.00034	0.0002	0.07404	0.00029	0.00029	0.00083	0.00022	0.07353	0.04689	0.00123	0.02303	0.00372	0	0	0	0	0.00787	0.00229	0.05933	0.00538	0.01191	0.00953	0.00621	0.04722	
0.03584	0.02548	0.01879	0.01684	0.04951	0.01576	0.01572	0.01596	0.01278	0.00646	0.06707	0.01064	0.00035	0.00024	0.09605	0.00031	0.00033	0.00126	0.00027	0.09509	0.05994	0.0013	0.03091	0.0048	0	0	0	0	0.00984	0.00343	0.07665	0.00703	0.01424	0.0123	0.00858	0.06183	
0.03631	0.02623	0.01877	0.0168	0.05064	0.01584	0.01594	0.01569	0.01265	0.00598	0.06856	0.01092	0.00054	0.00026	0.097	0.00031	0.00044	0.00127	0.00023	0.09617	0.06098	0.00164	0.03075	0.00474	0	0	0	0	0.00959	0.00341	0.0785	0.00661	0.01422	0.01227	0.00871	0.06291	
0.0315	0.02365	0.01743	0.01235	0.05638	0.00929	0.00928	0.00998	0.01195	0.00568	0.05701	0.01029	0.00024	0.00017	0.08412	0.0004	0.00027	0.00112	0.00023	0.08331	0.06709	0.00172	0.01076	0.00536	0.05763	0.00787	0.00984	0.00959	0	0	0	0	0.02028	0.01771	0.01212	0.03482	
0.01084	0.00795	0.00556	0.00425	0.019	0.00285	0.00332	0.00343	0.0039	0.00201	0.01908	0.00361	8e-05	6e-05	0.02835	0.00011	0.00012	0.00036	3e-05	0.02809	0.02243	0.00071	0.00374	0.00172	0.01947	0.00229	0.00343	0.00341	0	0	0	0	0.00704	0.00578	0.00392	0.01186	
0.30274	0.21653	0.15758	0.1506	0.38908	0.14363	0.14777	0.14697	0.13632	0.06357	0.51104	0.11652	0.00367	0.00204	0.81908	0.00266	0.00359	0.01065	0.00227	0.81094	0.47631	0.01281	0.30148	0.03685	0.61297	0.05933	0.07665	0.0785	0	0	0	0	0.10074	0.08826	0.05859	0.57986	
0.02195	0.01613	0.01196	0.00898	0.03945	0.00663	0.00686	0.00608	0.00827	0.00366	0.03989	0.0072	0.00025	0.00018	0.05835	0.00024	0.00021	0.00088	0.00016	0.05777	0.04627	0.00106	0.00784	0.00385	0.04	0.00538	0.00703	0.00661	0	0	0	0	0.01353	0.01321	0.00841	0.02387	
0.05148	0.03804	0.02721	0.02486	0.07338	0.0225	0.02299	0.02272	0.01619	0.0075	0.10404	0.01386	0.00046	0.00039	0.14023	0.00051	0.00048	0.00181	0.00039	0.13891	0.1022	0.00211	0.03177	0.00551	0.10122	0.01191	0.01424	0.01422	0.02028	0.00704	0.10074	0.01353	0	0	0	0	
0.04674	0.03286	0.02325	0.02211	0.06421	0.02033	0.02054	0.01988	0.01502	0.00661	0.09098	0.01235	0.00052	0.00027	0.12376	0.00041	0.00053	0.00166	0.00034	0.12243	0.0911	0.00151	0.02778	0.00457	0.09086	0.00953	0.0123	0.01227	0.01771	0.00578	0.08826	0.01321	0	0	0	0	
0.0302	0.02207	0.01693	0.01384	0.0441	0.01258	0.01279	0.01357	0.00977	0.00426	0.06105	0.00796	0.00035	0.00022	0.08223	0.00024	0.00035	0.00116	0.00018	0.08135	0.06006	0.00113	0.01835	0.0035	0.05954	0.00621	0.00858	0.00871	0.01212	0.00392	0.05859	0.00841	0	0	0	0	
0.23861	0.17129	0.12514	0.11537	0.32222	0.10699	0.11091	0.11029	0.11946	0.05655	0.37095	0.10345	0.00291	0.00157	0.64368	0.00225	0.00283	0.00838	0.00178	0.63742	0.35874	0.01155	0.24592	0.0342	0.47845	0.04722	0.06183	0.06291	0.03482	0.01186	0.57986	0.02387	0	0	0	0	
