0	0	0	0	0.20629	0.05094	0.05531	0.05467	0.06026	0.02658	0.23008	0.05029	0.00157	0.00093	0.36359	0.00112	0.00167	0.00503	0.00111	0.3594	0.22388	0.00598	0.11934	0.01801	0.26731	0.02902	0.03526	0.03562	0.03226	0.01158	0.30033	0.02304	0.0541	0.04645	0.02993	0.23673	
0	0	0	0	0.14681	0.03885	0.03877	0.03922	0.04231	0.01904	0.16563	0.03667	0.00105	0.00073	0.26075	0.00112	0.00102	0.00343	0.0007	0.2585	0.16107	0.00407	0.08508	0.01343	0.19281	0.02025	0.02547	0.02512	0.02354	0.00776	0.21633	0.01602	0.03718	0.03279	0.02186	0.17182	
0	0	0	0	0.10719	0.02843	0.02894	0.02887	0.03114	0.01365	0.12228	0.02636	0.00087	0.00058	0.19121	0.00077	0.00086	0.00268	0.00043	0.18946	0.11848	0.00323	0.06185	0.00987	0.14153	0.01434	0.01882	0.01874	0.01712	0.00573	0.15851	0.01207	0.02783	0.02416	0.01609	0.12535	
0	0	0	0	0.04557	0.04287	0.04364	0.04363	0.02888	0.01264	0.11019	0.024	0.00066	0.00045	0.17386	0.00074	0.00073	0.00248	0.0004	0.1721	0.11232	0.00232	0.05367	0.0074	0.12935	0.01266	0.01699	0.01671	0.01268	0.00388	0.15021	0.00894	0.02432	0.02174	0.01446	0.11519	
0.20629	0.14681	0.10719	0.04557	0	0	0	0	0.08221	0.03631	0.31786	0.06948	0.00199	0.00146	0.50061	0.0018	0.00228	0.00685	0.00146	0.49527	0.28765	0.00939	0.17966	0.02916	0.36911	0.03917	0.04885	0.04873	0.05625	0.0191	0.39092	0.03959	0.07449	0.06422	0.04252	0.32463	
0.05094	0.03885	0.02843	0.04287	0	0	0	0	0.02652	0.01139	0.10098	0.0222	0.00081	0.0004	0.15928	0.0006	0.00074	0.00237	0.00036	0.15762	0.10721	0.00213	0.04541	0.00634	0.11839	0.01213	0.01487	0.0157	0.00933	0.00325	0.1416	0.00691	0.02281	0.01968	0.01263	0.10597	
0.05531	0.03877	0.02894	0.04364	0	0	0	0	0.02654	0.01199	0.10522	0.02291	0.00055	0.00036	0.16508	0.00067	0.00063	0.00209	0.00037	0.16357	0.11032	0.002	0.04761	0.00673	0.12206	0.0125	0.0164	0.0157	0.01031	0.0034	0.14596	0.00699	0.02385	0.02043	0.01341	0.10897	
0.05467	0.03922	0.02887	0.04363	0	0	0	0	0.02732	0.01222	0.10412	0.02273	0.0008	0.00047	0.16444	0.00068	0.00063	0.00231	0.00045	0.163	0.11057	0.00208	0.04726	0.00648	0.12144	0.01247	0.01642	0.01606	0.00971	0.0032	0.1469	0.00658	0.02228	0.02081	0.01378	0.10952	
0.06026	0.04231	0.03114	0.02888	0.08221	0.02652	0.02654	0.02732	0	0	0	0	0.00075	0.00044	0.16071	0.00069	0.00079	0.00224	0.00043	0.15913	0.09798	0.00249	0.0541	0.00802	0.12631	0.01046	0.01259	0.01323	0.01266	0.00377	0.13737	0.00879	0.01688	0.01426	0.00928	0.12217	
0.02658	0.01904	0.01365	0.01264	0.03631	0.01139	0.01199	0.01222	0	0	0	0	0.0003	0.00019	0.07114	0.00028	0.0004	0.00111	0.00016	0.07024	0.04286	0.00105	0.02456	0.00344	0.05545	0.00482	0.00605	0.00559	0.00566	0.00184	0.06049	0.00392	0.00714	0.00619	0.00426	0.05432	
0.23008	0.16563	0.12228	0.11019	0.31786	0.10098	0.10522	0.10412	0	0	0	0	0.00258	0.00175	0.62161	0.00224	0.00254	0.00845	0.00159	0.6156	0.39337	0.0098	0.19459	0.03042	0.44335	0.05158	0.06682	0.06643	0.05644	0.01992	0.51174	0.04008	0.1054	0.09253	0.06091	0.36934	
0.05029	0.03667	0.02636	0.024	0.06948	0.0222	0.02291	0.02273	0	0	0	0	0.00052	0.00031	0.13595	0.00054	0.00055	0.00182	0.00046	0.13449	0.08154	0.00226	0.04669	0.00683	0.10589	0.00941	0.01108	0.01094	0.01084	0.00342	0.11578	0.00728	0.01401	0.01216	0.00789	0.10326	
0.00157	0.00105	0.00087	0.00066	0.00199	0.00081	0.00055	0.0008	0.00075	0.0003	0.00258	0.00052	0	0	0	0	2e-05	3e-05	0	0.0041	0.00274	7e-05	0.00122	0.00012	0.00315	0.0003	0.00034	0.00036	0.00027	9e-05	0.00358	0.00021	0.00058	0.0005	0.00029	0.00278	
0.00093	0.00073	0.00058	0.00045	0.00146	0.0004	0.00036	0.00047	0.00044	0.00019	0.00175	0.00031	0	0	0	0	2e-05	3e-05	0	0.00264	0.00173	1e-05	0.00085	0.0001	0.00199	0.00014	0.00025	0.00031	0.00027	9e-05	0.0022	0.00013	0.00037	0.00038	0.00021	0.00173	
0.36359	0.26075	0.19121	0.17386	0.50061	0.15928	0.16508	0.16444	0.16071	0.07114	0.62161	0.13595	0	0	0	0	0.00422	0.01353	0.00264	0.96902	0.60907	0.01546	0.3165	0.04838	0.72311	0.07556	0.09557	0.09517	0.08471	0.0287	0.81653	0.05947	0.14211	0.12373	0.08156	0.64201	
0.00112	0.00112	0.00077	0.00074	0.0018	0.0006	0.00067	0.00068	0.00069	0.00028	0.00224	0.00054	0	0	0	0	2e-05	3e-05	0	0.0037	0.00221	6e-05	0.00137	0.00011	0.00275	0.00027	0.00038	0.00035	0.00035	7e-05	0.00307	0.00026	0.00037	0.00053	0.00028	0.00257	
0.00167	0.00102	0.00086	0.00073	0.00228	0.00074	0.00063	0.00063	0.00079	0.0004	0.00254	0.00055	2e-05	2e-05	0.00422	2e-05	0	0	0	0	0.00254	0.00012	0.00138	0.00024	0.00307	0.00035	0.00041	0.00045	0.00038	0.00015	0.00351	0.00024	0.00063	0.00043	0.00035	0.00287	
0.00503	0.00343	0.00268	0.00248	0.00685	0.00237	0.00209	0.00231	0.00224	0.00111	0.00845	0.00182	3e-05	3e-05	0.01353	3e-05	0	0	0	0	0.00873	0.00023	0.00413	0.00053	0.01027	0.00087	0.00118	0.0013	0.00114	0.00041	0.01115	0.00092	0.00189	0.00182	0.00097	0.00894	
0.00111	0.0007	0.00043	0.0004	0.00146	0.00036	0.00037	0.00045	0.00043	0.00016	0.00159	0.00046	0	0	0.00264	0	0	0	0	0	0.00163	4e-05	0.00083	0.00014	0.00185	0.00018	0.00032	0.00029	0.0003	6e-05	0.00211	0.00017	0.00037	0.00047	0.00021	0.00159	
0.3594	0.2585	0.18946	0.1721	0.49527	0.15762	0.16357	0.163	0.15913	0.07024	0.6156	0.13449	0.0041	0.00264	0.96902	0.0037	0	0	0	0	0.60285	0.01521	0.3136	0.0478	0.71581	0.07487	0.09463	0.09415	0.08378	0.02833	0.80861	0.05874	0.14054	0.12242	0.08081	0.63569	
0.22388	0.16107	0.11848	0.11232	0.28765	0.10721	0.11032	0.11057	0.09798	0.04286	0.39337	0.08154	0.00274	0.00173	0.60907	0.00221	0.00254	0.00873	0.00163	0.60285	0	0	0	0	0.44731	0.0477	0.06086	0.05988	0.06776	0.02277	0.47747	0.04775	0.10348	0.09088	0.06044	0.36095	
0.00598	0.00407	0.00323	0.00232	0.00939	0.00213	0.002	0.00208	0.00249	0.00105	0.0098	0.00226	7e-05	1e-05	0.01546	6e-05	0.00012	0.00023	4e-05	0.01521	0	0	0	0	0.01166	0.00116	0.00131	0.00147	0.00156	0.0006	0.01232	0.00112	0.00174	0.00172	0.00099	0.01115	
0.11934	0.08508	0.06185	0.05367	0.17966	0.04541	0.04761	0.04726	0.0541	0.02456	0.19459	0.04669	0.00122	0.00085	0.3165	0.00137	0.00138	0.00413	0.00083	0.3136	0	0	0	0	0.2364	0.02373	0.0297	0.03011	0.01139	0.0037	0.29736	0.00749	0.03247	0.02771	0.0178	0.24196	
0.01801	0.01343	0.00987	0.0074	0.02916	0.00634	0.00673	0.00648	0.00802	0.00344	0.03042	0.00683	0.00012	0.0001	0.04838	0.00011	0.00024	0.00053	0.00014	0.0478	0	0	0	0	0.03563	0.00368	0.00467	0.00473	0.00489	0.00188	0.03823	0.00371	0.00574	0.00483	0.00311	0.03503	
0.26731	0.19281	0.14153	0.12935	0.36911	0.11839	0.12206	0.12144	0.12631	0.05545	0.44335	0.10589	0.00315	0.00199	0.72311	0.00275	0.00307	0.01027	0.00185	0.71581	0.44731	0.01166	0.2364	0.03563	0	0	0	0	0.05951	0.0197	0.6108	0.04099	0.1028	0.08997	0.05878	0.47945	
0.02902	0.02025	0.01434	0.01266	0.03917	0.01213	0.0125	0.01247	0.01046	0.00482	0.05158	0.00941	0.0003	0.00014	0.07556	0.00027	0.00035	0.00087	0.00018	0.07487	0.0477	0.00116	0.02373	0.00368	0	0	0	0	0.00719	0.00238	0.06117	0.00553	0.01164	0.00976	0.00659	0.04828	
0.03526	0.02547	0.01882	0.01699	0.04885	0.01487	0.0164	0.01642	0.01259	0.00605	0.06682	0.01108	0.00034	0.00025	0.09557	0.00038	0.00041	0.00118	0.00032	0.09463	0.06086	0.00131	0.0297	0.00467	0	0	0	0	0.00964	0.00327	0.07696	0.00667	0.01455	0.01287	0.00846	0.06066	
0.03562	0.02512	0.01874	0.01671	0.04873	0.0157	0.0157	0.01606	0.01323	0.00559	0.06643	0.01094	0.00036	0.00031	0.09517	0.00035	0.00045	0.0013	0.00029	0.09415	0.05988	0.00147	0.03011	0.00473	0	0	0	0	0.00926	0.0036	0.07645	0.00688	0.01444	0.01254	0.00851	0.0607	
0.03226	0.02354	0.01712	0.01268	0.05625	0.00933	0.01031	0.00971	0.01266	0.00566	0.05644	0.01084	0.00027	0.00027	0.08471	0.00035	0.00038	0.00114	0.0003	0.08378	0.06776	0.00156	0.01139	0.00489	0.05951	0.00719	0.00964	0.00926	0	0	0	0	0.02044	0.01862	0.01188	0.03466	
0.01158	0.00776	0.00573	0.00388	0.0191	0.00325	0.0034	0.0032	0.00377	0.00184	0.01992	0.00342	9e-05	9e-05	0.0287	7e-05	0.00015	0.00041	6e-05	0.02833	0.02277	0.0006	0.0037	0.00188	0.0197	0.00238	0.00327	0.0036	0	0	0	0	0.00706	0.00599	0.00439	0.01151	
0.30033	0.21633	0.15851	0.15021	0.39092	0.1416	0.14596	0.1469	0.13737	0.06049	0.51174	0.11578	0.00358	0.0022	0.81653	0.00307	0.00351	0.01115	0.00211	0.80861	0.47747	0.01232	0.29736	0.03823	0.6108	0.06117	0.07696	0.07645	0	0	0	0	0.10148	0.08865	0.05719	0.57806	
0.02304	0.01602	0.01207	0.00894	0.03959	0.00691	0.00699	0.00658	0.00879	0.00392	0.04008	0.00728	0.00021	0.00013	0.05947	0.00026	0.00024	0.00092	0.00017	0.05874	0.04775	0.00112	0.00749	0.00371	0.04099	0.00553	0.00667	0.00688	0	0	0	0	0.01445	0.01188	0.00888	0.02486	
0.0541	0.03718	0.02783	0.02432	0.07449	0.02281	0.02385	0.02228	0.01688	0.00714	0.1054	0.01401	0.00058	0.00037	0.14211	0.00037	0.00063	0.00189	0.00037	0.14054	0.10348	0.00174	0.03247	0.00574	0.1028	0.01164	0.01455	0.01444	0.02044	0.00706	0.10148	0.01445	0	0	0	0	
0.04645	0.03279	0.02416	0.02174	0.06422	0.01968	0.02043	0.02081	0.01426	0.00619	0.09253	0.01216	0.0005	0.00038	0.12373	0.00053	0.00043	0.00182	0.00047	0.12242	0.09088	0.00172	0.02771	0.00483	0.08997	0.00976	0.01287	0.01254	0.01862	0.00599	0.08865	0.01188	0	0	0	0	
0.02993	0.02186	0.01609	0.01446	0.04252	0.01263	0.01341	0.01378	0.00928	0.00426	0.06091	0.00789	0.00029	0.00021	0.08156	0.00028	0.00035	0.00097	0.00021	0.08081	0.06044	0.00099	0.0178	0.00311	0.05878	0.00659	0.00846	0.00851	0.01188	0.00439	0.05719	0.00888	0	0	0	0	
0.23673	0.17182	0.12535	0.11519	0.32463	0.10597	0.10897	0.10952	0.12217	0.05432	0.36934	0.10326	0.00278	0.00173	0.64201	0.00257	0.00287	0.00894	0.00159	0.63569	0.36095	0.01115	0.24196	0.03503	0.47945	0.04828	0.06066	0.0607	0.03466	0.01151	0.57806	0.02486	0	0	0	0	
