0	0	0	0	0.20553	0.0527	0.05334	0.05531	0.06021	0.02748	0.22865	0.05054	0.00157	0.00105	0.36284	0.00142	0.00176	0.00536	0.00111	0.35865	0.22415	0.00579	0.11905	0.01789	0.26747	0.02808	0.03591	0.03542	0.03316	0.01076	0.30144	0.02152	0.05186	0.04684	0.0308	0.23738	
0	0	0	0	0.14954	0.03813	0.03933	0.04027	0.0447	0.01932	0.16709	0.03616	0.0011	0.0008	0.26435	0.00102	0.00126	0.00365	0.00075	0.26161	0.16248	0.00452	0.08801	0.01226	0.19593	0.01967	0.0258	0.02587	0.02316	0.00803	0.22028	0.0158	0.03778	0.03271	0.02238	0.1744	
0	0	0	0	0.10738	0.02733	0.0294	0.02811	0.03103	0.01488	0.12015	0.02616	0.00071	0.00055	0.19028	0.00068	0.00079	0.00285	0.00065	0.18793	0.1172	0.00318	0.06282	0.00902	0.14052	0.01459	0.01818	0.01893	0.01631	0.00649	0.15778	0.01164	0.02687	0.02384	0.01548	0.12603	
0	0	0	0	0.04639	0.04244	0.04263	0.04217	0.02818	0.01239	0.10917	0.02389	0.00095	0.00046	0.17169	0.00053	0.00068	0.00226	0.0005	0.17019	0.11095	0.00239	0.05287	0.00742	0.12646	0.01306	0.01692	0.01719	0.01273	0.00467	0.14765	0.00858	0.02337	0.02169	0.0137	0.11487	
0.20553	0.14954	0.10738	0.04639	0	0	0	0	0.08328	0.03748	0.31721	0.07087	0.0022	0.00144	0.50332	0.00188	0.00224	0.00726	0.00158	0.49776	0.28827	0.00974	0.18339	0.02744	0.37126	0.03822	0.04994	0.04942	0.05623	0.01955	0.39535	0.03771	0.07219	0.06495	0.04261	0.32909	
0.0527	0.03813	0.02733	0.04244	0	0	0	0	0.0266	0.01203	0.10016	0.02181	0.00081	0.00042	0.15875	0.00062	0.00071	0.00204	0.00047	0.15738	0.10673	0.00195	0.04608	0.00584	0.11713	0.01201	0.01555	0.01591	0.00942	0.00311	0.14167	0.0064	0.02167	0.0196	0.01314	0.10619	
0.05334	0.03933	0.0294	0.04263	0	0	0	0	0.02711	0.01245	0.1029	0.02224	0.00064	0.00049	0.16292	0.00065	0.00084	0.00251	0.00048	0.16087	0.10985	0.00207	0.04614	0.00664	0.12068	0.01206	0.01566	0.0163	0.00979	0.00351	0.14448	0.00692	0.02312	0.01991	0.01337	0.1083	
0.05531	0.04027	0.02811	0.04217	0	0	0	0	0.02713	0.01211	0.10479	0.02183	0.00068	0.00051	0.16417	0.0005	0.0007	0.00231	0.00048	0.16237	0.10993	0.00212	0.04714	0.00667	0.12131	0.01311	0.01566	0.01578	0.00992	0.00378	0.14565	0.00651	0.0229	0.02062	0.01324	0.1091	
0.06021	0.0447	0.03103	0.02818	0.08328	0.0266	0.02711	0.02713	0	0	0	0	0.00067	0.00041	0.16242	0.00062	0.00067	0.00232	0.00045	0.16068	0.0972	0.00248	0.0567	0.00774	0.12498	0.0109	0.01385	0.01439	0.0124	0.00426	0.1393	0.00816	0.01604	0.01503	0.00876	0.12429	
0.02748	0.01932	0.01488	0.01239	0.03748	0.01203	0.01245	0.01211	0	0	0	0	0.00028	0.00023	0.07333	0.00023	0.00029	0.00114	0.00033	0.07231	0.04497	0.00113	0.02457	0.0034	0.05618	0.00505	0.00645	0.00639	0.00569	0.00194	0.06253	0.00391	0.00686	0.0065	0.00434	0.05637	
0.22865	0.16709	0.12015	0.10917	0.31721	0.10016	0.1029	0.10479	0	0	0	0	0.00277	0.00184	0.6182	0.00225	0.00279	0.00863	0.00179	0.61185	0.39021	0.0098	0.19583	0.02922	0.44562	0.05038	0.06473	0.06433	0.05671	0.01972	0.50993	0.0387	0.10328	0.09159	0.06098	0.36921	
0.05054	0.03616	0.02616	0.02389	0.07087	0.02181	0.02224	0.02183	0	0	0	0	0.00061	0.00038	0.13521	0.00055	0.00074	0.00203	0.00044	0.13354	0.0824	0.00247	0.04565	0.00623	0.1036	0.00907	0.01178	0.0123	0.01056	0.00403	0.11539	0.00677	0.0137	0.01196	0.00828	0.10281	
0.00157	0.0011	0.00071	0.00095	0.0022	0.00081	0.00064	0.00068	0.00067	0.00028	0.00277	0.00061	0	0	0	0	2e-05	4e-05	4e-05	0.00423	0.00261	0.00011	0.00136	0.00025	0.00331	0.00026	0.00035	0.00041	0.00039	5e-05	0.00369	0.0002	0.00063	0.00046	0.0004	0.00284	
0.00105	0.0008	0.00055	0.00046	0.00144	0.00042	0.00049	0.00051	0.00041	0.00023	0.00184	0.00038	0	0	0	0	0	3e-05	0	0.00283	0.00186	6e-05	0.00091	3e-05	0.0022	0.00022	0.00031	0.00013	0.00033	6e-05	0.00231	0.00016	0.00039	0.00042	0.00032	0.00173	
0.36284	0.26435	0.19028	0.17169	0.50332	0.15875	0.16292	0.16417	0.16242	0.07333	0.6182	0.13521	0	0	0	0	0.00445	0.01403	0.00296	0.96772	0.60811	0.01566	0.31932	0.04607	0.72236	0.07464	0.09565	0.09651	0.08433	0.02973	0.81809	0.05701	0.13848	0.12364	0.0814	0.64564	
0.00142	0.00102	0.00068	0.00053	0.00188	0.00062	0.00065	0.0005	0.00062	0.00023	0.00225	0.00055	0	0	0	0	2e-05	2e-05	1e-05	0.0036	0.0022	5e-05	0.00116	0.00024	0.00251	0.00028	0.0005	0.00036	0.00031	0.00011	0.00306	0.00017	0.00038	0.00056	0.00024	0.00247	
0.00176	0.00126	0.00079	0.00068	0.00224	0.00071	0.00084	0.0007	0.00067	0.00029	0.00279	0.00074	2e-05	0	0.00445	2e-05	0	0	0	0	0.00285	7e-05	0.00137	0.0002	0.00324	0.00035	0.00038	0.00052	0.00041	0.00015	0.00365	0.00028	0.00068	0.00053	0.00029	0.00299	
0.00536	0.00365	0.00285	0.00226	0.00726	0.00204	0.00251	0.00231	0.00232	0.00114	0.00863	0.00203	4e-05	3e-05	0.01403	2e-05	0	0	0	0	0.00921	0.00026	0.00401	0.00064	0.01012	0.00107	0.00137	0.00156	0.00126	0.00038	0.01158	0.0009	0.0024	0.00171	0.00101	0.009	
0.00111	0.00075	0.00065	0.0005	0.00158	0.00047	0.00048	0.00048	0.00045	0.00033	0.00179	0.00044	4e-05	0	0.00296	1e-05	0	0	0	0	0.00196	5e-05	0.00083	0.00017	0.00232	0.00014	0.00025	0.0003	0.00024	0.00013	0.0024	0.00024	0.00049	0.00036	0.00021	0.00195	
0.35865	0.26161	0.18793	0.17019	0.49776	0.15738	0.16087	0.16237	0.16068	0.07231	0.61185	0.13354	0.00423	0.00283	0.96772	0.0036	0	0	0	0	0.60076	0.0155	0.31654	0.04558	0.7147	0.07384	0.09481	0.09503	0.08345	0.02929	0.80952	0.05612	0.13631	0.12248	0.08085	0.63874	
0.22415	0.16248	0.1172	0.11095	0.28827	0.10673	0.10985	0.10993	0.0972	0.04497	0.39021	0.0824	0.00261	0.00186	0.60811	0.0022	0.00285	0.00921	0.00196	0.60076	0	0	0	0	0.44717	0.04647	0.06007	0.06107	0.06822	0.02402	0.47659	0.04595	0.10164	0.09064	0.06012	0.36238	
0.00579	0.00452	0.00318	0.00239	0.00974	0.00195	0.00207	0.00212	0.00248	0.00113	0.0098	0.00247	0.00011	6e-05	0.01566	5e-05	7e-05	0.00026	5e-05	0.0155	0	0	0	0	0.01177	0.00115	0.0015	0.00146	0.00164	0.00059	0.01262	0.00103	0.00192	0.00157	0.00094	0.01145	
0.11905	0.08801	0.06282	0.05287	0.18339	0.04608	0.04614	0.04714	0.0567	0.02457	0.19583	0.04565	0.00136	0.00091	0.31932	0.00116	0.00137	0.00401	0.00083	0.31654	0	0	0	0	0.23786	0.02409	0.03034	0.03046	0.01092	0.00368	0.30072	0.00743	0.03131	0.02785	0.0183	0.24529	
0.01789	0.01226	0.00902	0.00742	0.02744	0.00584	0.00664	0.00667	0.00774	0.0034	0.02922	0.00623	0.00025	3e-05	0.04607	0.00024	0.0002	0.00064	0.00017	0.04558	0	0	0	0	0.03358	0.00369	0.0049	0.00442	0.00458	0.00166	0.03722	0.00313	0.00501	0.00502	0.003	0.03356	
0.26747	0.19593	0.14052	0.12646	0.37126	0.11713	0.12068	0.12131	0.12498	0.05618	0.44562	0.1036	0.00331	0.0022	0.72236	0.00251	0.00324	0.01012	0.00232	0.7147	0.44717	0.01177	0.23786	0.03358	0	0	0	0	0.06004	0.02129	0.60903	0.04002	0.10118	0.08939	0.05963	0.48018	
0.02808	0.01967	0.01459	0.01306	0.03822	0.01201	0.01206	0.01311	0.0109	0.00505	0.05038	0.00907	0.00026	0.00022	0.07464	0.00028	0.00035	0.00107	0.00014	0.07384	0.04647	0.00115	0.02409	0.00369	0	0	0	0	0.00707	0.00249	0.06104	0.0048	0.01111	0.00969	0.00645	0.04815	
0.03591	0.0258	0.01818	0.01692	0.04994	0.01555	0.01566	0.01566	0.01385	0.00645	0.06473	0.01178	0.00035	0.00031	0.09565	0.0005	0.00038	0.00137	0.00025	0.09481	0.06007	0.0015	0.03034	0.0049	0	0	0	0	0.009	0.00325	0.07833	0.00623	0.01359	0.01286	0.00827	0.06209	
0.03542	0.02587	0.01893	0.01719	0.04942	0.01591	0.0163	0.01578	0.01439	0.00639	0.06433	0.0123	0.00041	0.00013	0.09651	0.00036	0.00052	0.00156	0.0003	0.09503	0.06107	0.00146	0.03046	0.00442	0	0	0	0	0.00925	0.00292	0.07875	0.00649	0.014	0.01314	0.00801	0.06226	
0.03316	0.02316	0.01631	0.01273	0.05623	0.00942	0.00979	0.00992	0.0124	0.00569	0.05671	0.01056	0.00039	0.00033	0.08433	0.00031	0.00041	0.00126	0.00024	0.08345	0.06822	0.00164	0.01092	0.00458	0.06004	0.00707	0.009	0.00925	0	0	0	0	0.01969	0.0183	0.01173	0.03564	
0.01076	0.00803	0.00649	0.00467	0.01955	0.00311	0.00351	0.00378	0.00426	0.00194	0.01972	0.00403	5e-05	6e-05	0.02973	0.00011	0.00015	0.00038	0.00013	0.02929	0.02402	0.00059	0.00368	0.00166	0.02129	0.00249	0.00325	0.00292	0	0	0	0	0.00692	0.00643	0.00453	0.01207	
0.30144	0.22028	0.15778	0.14765	0.39535	0.14167	0.14448	0.14565	0.1393	0.06253	0.50993	0.11539	0.00369	0.00231	0.81809	0.00306	0.00365	0.01158	0.0024	0.80952	0.47659	0.01262	0.30072	0.03722	0.60903	0.06104	0.07833	0.07875	0	0	0	0	0.09943	0.08829	0.05744	0.58199	
0.02152	0.0158	0.01164	0.00858	0.03771	0.0064	0.00692	0.00651	0.00816	0.00391	0.0387	0.00677	0.0002	0.00016	0.05701	0.00017	0.00028	0.0009	0.00024	0.05612	0.04595	0.00103	0.00743	0.00313	0.04002	0.0048	0.00623	0.00649	0	0	0	0	0.01384	0.01206	0.00866	0.02298	
0.05186	0.03778	0.02687	0.02337	0.07219	0.02167	0.02312	0.0229	0.01604	0.00686	0.10328	0.0137	0.00063	0.00039	0.13848	0.00038	0.00068	0.0024	0.00049	0.13631	0.10164	0.00192	0.03131	0.00501	0.10118	0.01111	0.01359	0.014	0.01969	0.00692	0.09943	0.01384	0	0	0	0	
0.04684	0.03271	0.02384	0.02169	0.06495	0.0196	0.01991	0.02062	0.01503	0.0065	0.09159	0.01196	0.00046	0.00042	0.12364	0.00056	0.00053	0.00171	0.00036	0.12248	0.09064	0.00157	0.02785	0.00502	0.08939	0.00969	0.01286	0.01314	0.0183	0.00643	0.08829	0.01206	0	0	0	0	
0.0308	0.02238	0.01548	0.0137	0.04261	0.01314	0.01337	0.01324	0.00876	0.00434	0.06098	0.00828	0.0004	0.00032	0.0814	0.00024	0.00029	0.00101	0.00021	0.08085	0.06012	0.00094	0.0183	0.003	0.05963	0.00645	0.00827	0.00801	0.01173	0.00453	0.05744	0.00866	0	0	0	0	
0.23738	0.1744	0.12603	0.11487	0.32909	0.10619	0.1083	0.1091	0.12429	0.05637	0.36921	0.10281	0.00284	0.00173	0.64564	0.00247	0.00299	0.009	0.00195	0.63874	0.36238	0.01145	0.24529	0.03356	0.48018	0.04815	0.06209	0.06226	0.03564	0.01207	0.58199	0.02298	0	0	0	0	
