0	0	0	0	0.21447	0.03161	0.03505	0.03924	0.02956	0.0083	0.26062	0.02189	0.00107	0.00073	0.31769	0.00088	0.00093	0.00514	0.00119	0.31311	0.18378	0.01081	0.11453	0.01125	0.21433	0.02699	0.04281	0.03624	0.03064	0.02165	0.24288	0.0252	0.05689	0.05121	0.06429	0.14798	
0	0	0	0	0.24574	0.03483	0.04047	0.04566	0.03358	0.00991	0.29963	0.02358	0.00135	0.00071	0.36347	0.00117	0.00103	0.00651	0.00102	0.35814	0.20935	0.01255	0.13183	0.01297	0.24584	0.03103	0.04696	0.04287	0.03373	0.02385	0.27997	0.02915	0.06479	0.05869	0.07456	0.16866	
0	0	0	0	0.12795	0.01851	0.02161	0.0234	0.01735	0.00501	0.1562	0.01291	0.00069	0.0004	0.1899	0.00048	0.00051	0.00311	0.00058	0.18727	0.10989	0.00647	0.0684	0.00671	0.12812	0.01633	0.02498	0.02204	0.01772	0.01256	0.14521	0.01598	0.03375	0.03001	0.03838	0.08933	
0	0	0	0	0.03979	0.0242	0.02679	0.03068	0.01524	0.0043	0.09124	0.01068	0.00055	0.00023	0.12032	0.00036	0.00037	0.00202	0.00038	0.11869	0.06786	0.00423	0.04512	0.00425	0.08778	0.00861	0.01286	0.01221	0.00833	0.00653	0.09928	0.00732	0.01903	0.01707	0.021	0.06436	
0.21447	0.24574	0.12795	0.03979	0	0	0	0	0.03906	0.01163	0.54809	0.02917	0.0022	0.00129	0.62259	0.00187	0.00175	0.01029	0.00217	0.61374	0.37374	0.0204	0.21212	0.02169	0.38462	0.06155	0.09685	0.08493	0.07263	0.05255	0.43973	0.06304	0.12322	0.1116	0.14106	0.25207	
0.03161	0.03483	0.01851	0.0242	0	0	0	0	0.01683	0.00461	0.0763	0.01141	0.00042	0.00029	0.10817	0.00027	0.00026	0.00201	0.00028	0.1066	0.0574	0.00406	0.04367	0.00402	0.08493	0.00629	0.00919	0.00874	0.00533	0.00342	0.09593	0.00447	0.01517	0.01303	0.01663	0.06432	
0.03505	0.04047	0.02161	0.02679	0	0	0	0	0.01811	0.00539	0.08713	0.01329	0.00054	0.0002	0.12288	0.0003	0.00049	0.00196	0.00034	0.12113	0.06556	0.00469	0.04916	0.00451	0.09725	0.00718	0.01029	0.0092	0.00598	0.004	0.10946	0.00448	0.01762	0.01545	0.01898	0.07187	
0.03924	0.04566	0.0234	0.03068	0	0	0	0	0.02173	0.00589	0.09617	0.01519	0.0005	0.00029	0.13774	0.00045	0.00034	0.00252	0.00038	0.13574	0.07418	0.00491	0.05493	0.00496	0.10927	0.00794	0.01128	0.01049	0.00648	0.00462	0.12222	0.00566	0.01845	0.0169	0.02156	0.08207	
0.02956	0.03358	0.01735	0.01524	0.03906	0.01683	0.01811	0.02173	0	0	0	0	0.0004	0.0002	0.09482	0.00031	0.00028	0.00168	0.00032	0.09345	0.05268	0.00343	0.03588	0.00374	0.06849	0.00736	0.01025	0.00963	0.00652	0.00477	0.07902	0.00542	0.00842	0.00752	0.00936	0.07043	
0.0083	0.00991	0.00501	0.0043	0.01163	0.00461	0.00539	0.00589	0	0	0	0	0.0001	6e-05	0.02727	9e-05	4e-05	0.00052	7e-05	0.02689	0.01504	0.00088	0.01061	0.00099	0.01973	0.0019	0.00309	0.0028	0.00199	0.00119	0.02269	0.00165	0.00249	0.00211	0.00311	0.01981	
0.26062	0.29963	0.1562	0.09124	0.54809	0.0763	0.08713	0.09617	0	0	0	0	0.00296	0.00172	0.80067	0.00234	0.00233	0.01338	0.00263	0.78935	0.46547	0.02705	0.28716	0.02801	0.53833	0.06899	0.1063	0.09407	0.07752	0.05537	0.60818	0.06662	0.15759	0.14217	0.17875	0.32918	
0.02189	0.02358	0.01291	0.01068	0.02917	0.01141	0.01329	0.01519	0	0	0	0	0.0002	9e-05	0.06862	0.00015	0.00019	0.0012	0.00015	0.06752	0.03769	0.0027	0.02623	0.00244	0.04952	0.00471	0.00797	0.00686	0.00439	0.00326	0.05745	0.00396	0.00596	0.00518	0.00701	0.05091	
0.00107	0.00135	0.00069	0.00055	0.0022	0.00042	0.00054	0.0005	0.0004	0.0001	0.00296	0.0002	0	0	0	0	1e-05	7e-05	0	0.00358	0.00216	0.00011	0.00123	0.00016	0.00245	0.00028	0.00045	0.00048	0.00041	0.00017	0.00287	0.00021	0.00065	0.0005	0.00079	0.00172	
0.00073	0.00071	0.0004	0.00023	0.00129	0.00029	0.0002	0.00029	0.0002	6e-05	0.00172	9e-05	0	0	0	0	1e-05	4e-05	1e-05	0.00201	0.00129	6e-05	0.00064	8e-05	0.00135	0.00019	0.00034	0.00019	0.00022	0.00016	0.00158	0.00011	0.00036	0.00026	0.00053	0.00092	
0.31769	0.36347	0.1899	0.12032	0.62259	0.10817	0.12288	0.13774	0.09482	0.02727	0.80067	0.06862	0	0	0	0	0.00282	0.01663	0.00316	0.96877	0.56583	0.03378	0.35695	0.03482	0.67041	0.08214	0.12643	0.1124	0.08946	0.06413	0.76079	0.077	0.17285	0.15584	0.19631	0.46638	
0.00088	0.00117	0.00048	0.00036	0.00187	0.00027	0.0003	0.00045	0.00031	9e-05	0.00234	0.00015	0	0	0	0	0	4e-05	0	0.00285	0.0016	0.00011	0.00106	0.00012	0.00186	0.00035	0.00039	0.00029	0.00033	0.00013	0.0021	0.00033	0.0006	0.00038	0.0006	0.00131	
0.00093	0.00103	0.00051	0.00037	0.00175	0.00026	0.00049	0.00034	0.00028	4e-05	0.00233	0.00019	1e-05	1e-05	0.00282	0	0	0	0	0	0.00166	9e-05	0.00092	0.00017	0.00188	0.00021	0.00041	0.00034	0.0003	0.0002	0.00211	0.00023	0.00047	0.00046	0.00057	0.00134	
0.00514	0.00651	0.00311	0.00202	0.01029	0.00201	0.00196	0.00252	0.00168	0.00052	0.01338	0.0012	7e-05	4e-05	0.01663	4e-05	0	0	0	0	0.0097	0.00053	0.00589	0.00066	0.01138	0.00137	0.00213	0.0019	0.00162	0.00092	0.01307	0.00117	0.00289	0.00238	0.00344	0.00807	
0.00119	0.00102	0.00058	0.00038	0.00217	0.00028	0.00034	0.00038	0.00032	7e-05	0.00263	0.00015	0	1e-05	0.00316	0	0	0	0	0	0.00195	9e-05	0.001	0.00013	0.00199	0.0003	0.00049	0.00039	0.00031	0.00023	0.00232	0.00031	0.00057	0.00047	0.00072	0.00141	
0.31311	0.35814	0.18727	0.11869	0.61374	0.1066	0.12113	0.13574	0.09345	0.02689	0.78935	0.06752	0.00358	0.00201	0.96877	0.00285	0	0	0	0	0.55757	0.03335	0.35207	0.03422	0.66082	0.08108	0.12458	0.11073	0.08819	0.06324	0.74984	0.07594	0.17053	0.15367	0.1935	0.45951	
0.18378	0.20935	0.10989	0.06786	0.37374	0.0574	0.06556	0.07418	0.05268	0.01504	0.46547	0.03769	0.00216	0.00129	0.56583	0.0016	0.00166	0.0097	0.00195	0.55757	0	0	0	0	0.35099	0.05647	0.08678	0.07664	0.07049	0.05054	0.38859	0.06126	0.10297	0.09285	0.11701	0.25805	
0.01081	0.01255	0.00647	0.00423	0.0204	0.00406	0.00469	0.00491	0.00343	0.00088	0.02705	0.0027	0.00011	6e-05	0.03378	0.00011	9e-05	0.00053	9e-05	0.03335	0	0	0	0	0.02233	0.00309	0.00455	0.00409	0.00177	0.00112	0.02973	0.00144	0.00552	0.0051	0.00654	0.0169	
0.11453	0.13183	0.0684	0.04512	0.21212	0.04367	0.04916	0.05493	0.03588	0.01061	0.28716	0.02623	0.00123	0.00064	0.35695	0.00106	0.00092	0.00589	0.001	0.35207	0	0	0	0	0.28042	0.02018	0.03125	0.02803	0.01637	0.0119	0.31815	0.01346	0.06008	0.05366	0.06789	0.17825	
0.01125	0.01297	0.00671	0.00425	0.02169	0.00402	0.00451	0.00496	0.00374	0.00099	0.02801	0.00244	0.00016	8e-05	0.03482	0.00012	0.00017	0.00066	0.00013	0.03422	0	0	0	0	0.02233	0.00322	0.00503	0.0046	0.00179	0.00103	0.03087	0.00149	0.00589	0.00537	0.00679	0.01713	
0.21433	0.24584	0.12812	0.08778	0.38462	0.08493	0.09725	0.10927	0.06849	0.01973	0.53833	0.04952	0.00245	0.00135	0.67041	0.00186	0.00188	0.01138	0.00199	0.66082	0.35099	0.02233	0.28042	0.02233	0	0	0	0	0.04819	0.03489	0.55176	0.04123	0.11415	0.10285	0.12947	0.3296	
0.02699	0.03103	0.01633	0.00861	0.06155	0.00629	0.00718	0.00794	0.00736	0.0019	0.06899	0.00471	0.00028	0.00019	0.08214	0.00035	0.00021	0.00137	0.0003	0.08108	0.05647	0.00309	0.02018	0.00322	0	0	0	0	0.01051	0.00794	0.05546	0.00905	0.01561	0.01355	0.01705	0.03675	
0.04281	0.04696	0.02498	0.01286	0.09685	0.00919	0.01029	0.01128	0.01025	0.00309	0.1063	0.00797	0.00045	0.00034	0.12643	0.00039	0.00041	0.00213	0.00049	0.12458	0.08678	0.00455	0.03125	0.00503	0	0	0	0	0.01687	0.01132	0.08507	0.01435	0.02372	0.021	0.0276	0.05529	
0.03624	0.04287	0.02204	0.01221	0.08493	0.00874	0.0092	0.01049	0.00963	0.0028	0.09407	0.00686	0.00048	0.00019	0.1124	0.00029	0.00034	0.0019	0.00039	0.11073	0.07664	0.00409	0.02803	0.0046	0	0	0	0	0.01485	0.01044	0.07505	0.01302	0.02098	0.01958	0.02411	0.04869	
0.03064	0.03373	0.01772	0.00833	0.07263	0.00533	0.00598	0.00648	0.00652	0.00199	0.07752	0.00439	0.00041	0.00022	0.08946	0.00033	0.0003	0.00162	0.00031	0.08819	0.07049	0.00177	0.01637	0.00179	0.04819	0.01051	0.01687	0.01485	0	0	0	0	0.01991	0.01811	0.02302	0.02938	
0.02165	0.02385	0.01256	0.00653	0.05255	0.00342	0.004	0.00462	0.00477	0.00119	0.05537	0.00326	0.00017	0.00016	0.06413	0.00013	0.0002	0.00092	0.00023	0.06324	0.05054	0.00112	0.0119	0.00103	0.03489	0.00794	0.01132	0.01044	0	0	0	0	0.01403	0.01353	0.01616	0.02087	
0.24288	0.27997	0.14521	0.09928	0.43973	0.09593	0.10946	0.12222	0.07902	0.02269	0.60818	0.05745	0.00287	0.00158	0.76079	0.0021	0.00211	0.01307	0.00232	0.74984	0.38859	0.02973	0.31815	0.03087	0.55176	0.05546	0.08507	0.07505	0	0	0	0	0.12318	0.11015	0.13916	0.39485	
0.0252	0.02915	0.01598	0.00732	0.06304	0.00447	0.00448	0.00566	0.00542	0.00165	0.06662	0.00396	0.00021	0.00011	0.077	0.00033	0.00023	0.00117	0.00031	0.07594	0.06126	0.00144	0.01346	0.00149	0.04123	0.00905	0.01435	0.01302	0	0	0	0	0.01734	0.01519	0.01989	0.02523	
0.05689	0.06479	0.03375	0.01903	0.12322	0.01517	0.01762	0.01845	0.00842	0.00249	0.15759	0.00596	0.00065	0.00036	0.17285	0.0006	0.00047	0.00289	0.00057	0.17053	0.10297	0.00552	0.06008	0.00589	0.11415	0.01561	0.02372	0.02098	0.01991	0.01403	0.12318	0.01734	0	0	0	0	
0.05121	0.05869	0.03001	0.01707	0.1116	0.01303	0.01545	0.0169	0.00752	0.00211	0.14217	0.00518	0.0005	0.00026	0.15584	0.00038	0.00046	0.00238	0.00047	0.15367	0.09285	0.0051	0.05366	0.00537	0.10285	0.01355	0.021	0.01958	0.01811	0.01353	0.11015	0.01519	0	0	0	0	
0.06429	0.07456	0.03838	0.021	0.14106	0.01663	0.01898	0.02156	0.00936	0.00311	0.17875	0.00701	0.00079	0.00053	0.19631	0.0006	0.00057	0.00344	0.00072	0.1935	0.11701	0.00654	0.06789	0.00679	0.12947	0.01705	0.0276	0.02411	0.02302	0.01616	0.13916	0.01989	0	0	0	0	
0.14798	0.16866	0.08933	0.06436	0.25207	0.06432	0.07187	0.08207	0.07043	0.01981	0.32918	0.05091	0.00172	0.00092	0.46638	0.00131	0.00134	0.00807	0.00141	0.45951	0.25805	0.0169	0.17825	0.01713	0.3296	0.03675	0.05529	0.04869	0.02938	0.02087	0.39485	0.02523	0	0	0	0	
