0	0	0	0	0.18922	0.0576	0.05816	0.05929	0.05632	0.02702	0.23566	0.04527	0.00114	0.00064	0.36162	0.00087	0.00087	0.0037	0.00056	0.35914	0.21779	0.00528	0.12206	0.01914	0.26904	0.02462	0.03686	0.03375	0.03099	0.01034	0.29993	0.02301	0.04713	0.04333	0.02582	0.24799	
0	0	0	0	0.14152	0.04278	0.04398	0.04504	0.04281	0.02061	0.17524	0.03466	0.0009	0.00061	0.27107	0.00074	0.0006	0.00289	0.00041	0.26942	0.16269	0.00416	0.0927	0.01377	0.20268	0.01898	0.02766	0.024	0.02273	0.00771	0.2247	0.01818	0.03464	0.03304	0.01851	0.18713	
0	0	0	0	0.10015	0.0302	0.03041	0.03107	0.02971	0.01423	0.12333	0.02456	0.00056	0.00034	0.19043	0.0005	0.00058	0.00202	0.00027	0.18896	0.11371	0.00273	0.06563	0.00976	0.14222	0.01304	0.01972	0.01685	0.01567	0.0055	0.15773	0.01293	0.02551	0.02377	0.01308	0.12947	
0	0	0	0	0.08755	0.02797	0.02682	0.02824	0.02634	0.01201	0.11066	0.02157	0.0004	0.00025	0.16947	0.00046	0.00045	0.00188	0.00021	0.16804	0.10218	0.00249	0.05731	0.0086	0.12593	0.01169	0.01737	0.01559	0.01397	0.0044	0.14109	0.01112	0.02211	0.02047	0.01168	0.11632	
0.18922	0.14152	0.10015	0.08755	0	0	0	0	0.0805	0.03862	0.3345	0.06482	0.00154	0.0009	0.51448	0.00152	0.00121	0.00549	0.00074	0.511	0.30935	0.00736	0.17492	0.02681	0.3839	0.03516	0.05292	0.04646	0.04365	0.01454	0.42619	0.03406	0.06755	0.06263	0.03636	0.3519	
0.0576	0.04278	0.0302	0.02797	0	0	0	0	0.02454	0.01183	0.10243	0.01975	0.00043	0.00036	0.15741	0.00035	0.00031	0.00176	0.00027	0.15621	0.09469	0.00224	0.05334	0.00828	0.11625	0.01077	0.01675	0.01478	0.01302	0.00425	0.13097	0.01031	0.0203	0.01889	0.01077	0.10859	
0.05816	0.04398	0.03041	0.02682	0	0	0	0	0.02428	0.0116	0.10325	0.02024	0.00057	0.00034	0.15811	0.00035	0.00049	0.00151	0.00018	0.15719	0.09462	0.00259	0.0541	0.00806	0.11774	0.01128	0.01623	0.01412	0.01309	0.00431	0.13141	0.01056	0.02036	0.01905	0.01148	0.10848	
0.05929	0.04504	0.03107	0.02824	0	0	0	0	0.02586	0.01182	0.10471	0.02125	0.00046	0.00024	0.16259	0.00035	0.00049	0.00173	0.00026	0.16116	0.09771	0.00247	0.05534	0.00812	0.12198	0.01112	0.01571	0.01483	0.0136	0.00485	0.13488	0.01031	0.02118	0.02004	0.01048	0.11194	
0.05632	0.04281	0.02971	0.02634	0.0805	0.02454	0.02428	0.02586	0	0	0	0	0.00044	0.00035	0.15401	0.00038	0.00044	0.00172	0.0002	0.15282	0.09188	0.00261	0.05289	0.0078	0.11528	0.01108	0.01529	0.01353	0.01281	0.00428	0.12796	0.01013	0.02014	0.01886	0.01096	0.10522	
0.02702	0.02061	0.01423	0.01201	0.03862	0.01183	0.0116	0.01182	0	0	0	0	0.00019	0.00012	0.07333	0.00023	0.00016	0.00082	7e-05	0.07282	0.04346	0.00096	0.02554	0.00391	0.05445	0.00516	0.0074	0.00686	0.00635	0.00228	0.06022	0.00502	0.00965	0.00883	0.00489	0.0505	
0.23566	0.17524	0.12333	0.11066	0.3345	0.10243	0.10325	0.10471	0	0	0	0	0.00199	0.00115	0.64007	0.00168	0.00154	0.00677	0.00099	0.63559	0.38571	0.00927	0.21656	0.03335	0.47716	0.04332	0.06609	0.05832	0.05395	0.01784	0.53084	0.04226	0.08343	0.07788	0.04435	0.43923	
0.04527	0.03466	0.02456	0.02157	0.06482	0.01975	0.02024	0.02125	0	0	0	0	0.00038	0.00022	0.12518	0.00028	0.00036	0.00118	0.00019	0.12433	0.07532	0.00182	0.04271	0.00621	0.09298	0.00877	0.01283	0.01148	0.01025	0.00355	0.10443	0.00783	0.01617	0.01504	0.00889	0.08596	
0.00114	0.0009	0.00056	0.0004	0.00154	0.00043	0.00057	0.00046	0.00044	0.00019	0.00199	0.00038	0	0	0	0	3e-05	7e-05	0	0.0029	0.00167	7e-05	0.0011	0.00016	0.00219	0.0002	0.00032	0.00029	0.00023	0.00012	0.00252	0.00013	0.00036	0.00039	0.00016	0.00209	
0.00064	0.00061	0.00034	0.00025	0.0009	0.00036	0.00034	0.00024	0.00035	0.00012	0.00115	0.00022	0	0	0	0	0	1e-05	0	0.00183	0.00101	1e-05	0.00074	8e-05	0.00137	0.00015	0.00019	0.00013	0.00015	7e-05	0.00153	9e-05	0.00026	0.00023	9e-05	0.00126	
0.36162	0.27107	0.19043	0.16947	0.51448	0.15741	0.15811	0.16259	0.15401	0.07333	0.64007	0.12518	0	0	0	0	0.00246	0.01039	0.00145	0.97829	0.59221	0.01451	0.33503	0.05084	0.7344	0.06783	0.10085	0.08951	0.08276	0.02769	0.81736	0.06478	0.12838	0.11971	0.06873	0.67577	
0.00087	0.00074	0.0005	0.00046	0.00152	0.00035	0.00035	0.00035	0.00038	0.00023	0.00168	0.00028	0	0	0	0	1e-05	2e-05	0	0.00254	0.00148	7e-05	0.00083	0.00019	0.00191	0.00015	0.00025	0.00026	0.00022	7e-05	0.00204	0.00024	0.00039	0.00028	0.00011	0.00179	
0.00087	0.0006	0.00058	0.00045	0.00121	0.00031	0.00049	0.00049	0.00044	0.00016	0.00154	0.00036	3e-05	0	0.00246	1e-05	0	0	0	0	0.00135	7e-05	0.00096	0.00012	0.00184	0.0002	0.00029	0.00017	0.00017	8e-05	0.00205	0.0002	0.00024	0.00043	0.00018	0.00165	
0.0037	0.00289	0.00202	0.00188	0.00549	0.00176	0.00151	0.00173	0.00172	0.00082	0.00677	0.00118	7e-05	1e-05	0.01039	2e-05	0	0	0	0	0.00612	0.0001	0.00376	0.00051	0.00782	0.00074	0.00109	0.00084	0.00077	0.00029	0.00863	0.0008	0.0014	0.00128	0.00084	0.00697	
0.00056	0.00041	0.00027	0.00021	0.00074	0.00027	0.00018	0.00026	0.0002	7e-05	0.00099	0.00019	0	0	0.00145	0	0	0	0	0	0.00094	2e-05	0.00042	7e-05	0.00102	8e-05	0.00015	0.0002	8e-05	3e-05	0.00122	0.00012	0.00011	0.0002	0.0001	0.00104	
0.35914	0.26942	0.18896	0.16804	0.511	0.15621	0.15719	0.16116	0.15282	0.07282	0.63559	0.12433	0.0029	0.00183	0.97829	0.00254	0	0	0	0	0.58796	0.01447	0.33256	0.05057	0.72919	0.06731	0.10008	0.08898	0.08234	0.02755	0.81155	0.06412	0.12764	0.1187	0.06797	0.67125	
0.21779	0.16269	0.11371	0.10218	0.30935	0.09469	0.09462	0.09771	0.09188	0.04346	0.38571	0.07532	0.00167	0.00101	0.59221	0.00148	0.00135	0.00612	0.00094	0.58796	0	0	0	0	0.44047	0.04083	0.06066	0.05441	0.04904	0.0173	0.49084	0.03919	0.07669	0.07219	0.04051	0.40698	
0.00528	0.00416	0.00273	0.00249	0.00736	0.00224	0.00259	0.00247	0.00261	0.00096	0.00927	0.00182	7e-05	1e-05	0.01451	7e-05	7e-05	0.0001	2e-05	0.01447	0	0	0	0	0.01117	0.00087	0.00141	0.00121	0.00122	0.00044	0.01218	0.00082	0.00208	0.00192	0.00086	0.0098	
0.12206	0.0927	0.06563	0.05731	0.17492	0.05334	0.0541	0.05534	0.05289	0.02554	0.21656	0.04271	0.0011	0.00074	0.33503	0.00083	0.00096	0.00376	0.00042	0.33256	0	0	0	0	0.25045	0.02302	0.0343	0.02993	0.02847	0.0088	0.27827	0.02216	0.04421	0.0402	0.02411	0.22918	
0.01914	0.01377	0.00976	0.0086	0.02681	0.00828	0.00806	0.00812	0.0078	0.00391	0.03335	0.00621	0.00016	8e-05	0.05084	0.00019	0.00012	0.00051	7e-05	0.05057	0	0	0	0	0.03778	0.00361	0.00524	0.00464	0.00463	0.00141	0.04216	0.00307	0.00641	0.0063	0.00361	0.03495	
0.26904	0.20268	0.14222	0.12593	0.3839	0.11625	0.11774	0.12198	0.11528	0.05445	0.47716	0.09298	0.00219	0.00137	0.7344	0.00191	0.00184	0.00782	0.00102	0.72919	0.44047	0.01117	0.25045	0.03778	0	0	0	0	0.06169	0.02053	0.60949	0.04816	0.09514	0.08908	0.05123	0.50442	
0.02462	0.01898	0.01304	0.01169	0.03516	0.01077	0.01128	0.01112	0.01108	0.00516	0.04332	0.00877	0.0002	0.00015	0.06783	0.00015	0.0002	0.00074	8e-05	0.06731	0.04083	0.00087	0.02302	0.00361	0	0	0	0	0.00585	0.00201	0.05609	0.00438	0.00908	0.00842	0.00467	0.04616	
0.03686	0.02766	0.01972	0.01737	0.05292	0.01675	0.01623	0.01571	0.01529	0.0074	0.06609	0.01283	0.00032	0.00019	0.10085	0.00025	0.00029	0.00109	0.00015	0.10008	0.06066	0.00141	0.0343	0.00524	0	0	0	0	0.00812	0.00293	0.08379	0.00677	0.0129	0.01255	0.00667	0.06949	
0.03375	0.024	0.01685	0.01559	0.04646	0.01478	0.01412	0.01483	0.01353	0.00686	0.05832	0.01148	0.00029	0.00013	0.08951	0.00026	0.00017	0.00084	0.0002	0.08898	0.05441	0.00121	0.02993	0.00464	0	0	0	0	0.0077	0.00248	0.07408	0.00593	0.01227	0.01056	0.00652	0.06084	
0.03099	0.02273	0.01567	0.01397	0.04365	0.01302	0.01309	0.0136	0.01281	0.00635	0.05395	0.01025	0.00023	0.00015	0.08276	0.00022	0.00017	0.00077	8e-05	0.08234	0.04904	0.00122	0.02847	0.00463	0.06169	0.00585	0.00812	0.0077	0	0	0	0	0.01055	0.00994	0.00584	0.05703	
0.01034	0.00771	0.0055	0.0044	0.01454	0.00425	0.00431	0.00485	0.00428	0.00228	0.01784	0.00355	0.00012	7e-05	0.02769	7e-05	8e-05	0.00029	3e-05	0.02755	0.0173	0.00044	0.0088	0.00141	0.02053	0.00201	0.00293	0.00248	0	0	0	0	0.00354	0.00355	0.00211	0.01875	
0.29993	0.2247	0.15773	0.14109	0.42619	0.13097	0.13141	0.13488	0.12796	0.06022	0.53084	0.10443	0.00252	0.00153	0.81736	0.00204	0.00205	0.00863	0.00122	0.81155	0.49084	0.01218	0.27827	0.04216	0.60949	0.05609	0.08379	0.07408	0	0	0	0	0.10671	0.09953	0.05669	0.56052	
0.02301	0.01818	0.01293	0.01112	0.03406	0.01031	0.01056	0.01031	0.01013	0.00502	0.04226	0.00783	0.00013	9e-05	0.06478	0.00024	0.0002	0.0008	0.00012	0.06412	0.03919	0.00082	0.02216	0.00307	0.04816	0.00438	0.00677	0.00593	0	0	0	0	0.00859	0.00759	0.00445	0.04461	
0.04713	0.03464	0.02551	0.02211	0.06755	0.0203	0.02036	0.02118	0.02014	0.00965	0.08343	0.01617	0.00036	0.00026	0.12838	0.00039	0.00024	0.0014	0.00011	0.12764	0.07669	0.00208	0.04421	0.00641	0.09514	0.00908	0.0129	0.01227	0.01055	0.00354	0.10671	0.00859	0	0	0	0	
0.04333	0.03304	0.02377	0.02047	0.06263	0.01889	0.01905	0.02004	0.01886	0.00883	0.07788	0.01504	0.00039	0.00023	0.11971	0.00028	0.00043	0.00128	0.0002	0.1187	0.07219	0.00192	0.0402	0.0063	0.08908	0.00842	0.01255	0.01056	0.00994	0.00355	0.09953	0.00759	0	0	0	0	
0.02582	0.01851	0.01308	0.01168	0.03636	0.01077	0.01148	0.01048	0.01096	0.00489	0.04435	0.00889	0.00016	9e-05	0.06873	0.00011	0.00018	0.00084	0.0001	0.06797	0.04051	0.00086	0.02411	0.00361	0.05123	0.00467	0.00667	0.00652	0.00584	0.00211	0.05669	0.00445	0	0	0	0	
0.24799	0.18713	0.12947	0.11632	0.3519	0.10859	0.10848	0.11194	0.10522	0.0505	0.43923	0.08596	0.00209	0.00126	0.67577	0.00179	0.00165	0.00697	0.00104	0.67125	0.40698	0.0098	0.22918	0.03495	0.50442	0.04616	0.06949	0.06084	0.05703	0.01875	0.56052	0.04461	0	0	0	0	
