0	0	0	0	0.18668	0.05822	0.05779	0.0584	0.05779	0.02657	0.2299	0.04683	0.00121	0.00075	0.3583	0.00083	0.00097	0.00395	0.00056	0.35561	0.21434	0.00565	0.12309	0.01801	0.26665	0.02447	0.03771	0.03226	0.03037	0.00987	0.29796	0.02289	0.04655	0.04322	0.02508	0.24624	
0	0	0	0	0.13985	0.04195	0.0453	0.04449	0.0427	0.02063	0.17422	0.03404	0.00117	0.0005	0.26926	0.00066	0.00077	0.00313	0.00041	0.26728	0.16188	0.00375	0.09163	0.01433	0.20172	0.0188	0.02637	0.0247	0.02251	0.00755	0.2243	0.01723	0.03536	0.03277	0.0188	0.18466	
0	0	0	0	0.10139	0.03062	0.03126	0.03135	0.03087	0.01412	0.12455	0.02508	0.00063	0.00033	0.19326	0.0004	0.00052	0.00211	0.00039	0.1916	0.1173	0.00298	0.06437	0.00997	0.14345	0.01364	0.02016	0.01737	0.01612	0.00504	0.16071	0.01275	0.02561	0.02347	0.01384	0.1317	
0	0	0	0	0.09068	0.02695	0.02758	0.02749	0.02665	0.01306	0.11062	0.02237	0.0006	0.00035	0.17125	0.0005	0.00051	0.00194	0.00023	0.17002	0.10372	0.00272	0.05734	0.00892	0.12757	0.01176	0.01747	0.0159	0.01442	0.00498	0.14202	0.01128	0.02231	0.0216	0.01182	0.11697	
0.18668	0.13985	0.10139	0.09068	0	0	0	0	0.08199	0.03869	0.33025	0.06767	0.00196	0.001	0.51449	0.00115	0.00146	0.00569	0.0008	0.51065	0.31047	0.00772	0.17399	0.02642	0.38342	0.03518	0.05323	0.04677	0.04297	0.01457	0.42672	0.03434	0.0673	0.06269	0.03616	0.35245	
0.05822	0.04195	0.03062	0.02695	0	0	0	0	0.02466	0.01149	0.10174	0.01985	0.00051	0.00036	0.1565	0.00037	0.00043	0.00167	0.00024	0.1554	0.09348	0.0024	0.05335	0.00851	0.11603	0.0111	0.01609	0.01452	0.01317	0.00415	0.13044	0.00998	0.0202	0.01936	0.0104	0.10778	
0.05779	0.0453	0.03126	0.02758	0	0	0	0	0.02578	0.01221	0.10389	0.02005	0.00053	0.00031	0.16066	0.00043	0.00041	0.00195	0.00023	0.15934	0.09596	0.00257	0.05513	0.00827	0.11982	0.01123	0.01612	0.01476	0.01369	0.00425	0.13355	0.01044	0.02155	0.01973	0.01158	0.10907	
0.0584	0.04449	0.03135	0.02749	0	0	0	0	0.02558	0.01199	0.10341	0.02075	0.00061	0.00026	0.16042	0.00044	0.00047	0.00182	0.00032	0.15912	0.09733	0.00241	0.05396	0.00803	0.12012	0.01116	0.01627	0.01418	0.01359	0.00447	0.13428	0.00939	0.02078	0.01928	0.0114	0.11027	
0.05779	0.0427	0.03087	0.02665	0.08199	0.02466	0.02578	0.02558	0	0	0	0	0.00068	0.0003	0.1567	0.00033	0.0004	0.00171	0.00022	0.15568	0.09386	0.00236	0.05361	0.00818	0.11647	0.01127	0.01582	0.01445	0.01322	0.00427	0.12996	0.01056	0.02036	0.01987	0.01145	0.10633	
0.02657	0.02063	0.01412	0.01306	0.03869	0.01149	0.01221	0.01199	0	0	0	0	0.00025	0.00017	0.07379	0.00017	0.00017	0.00079	6e-05	0.07336	0.04467	0.00124	0.02456	0.00391	0.05466	0.0051	0.00746	0.00716	0.00634	0.00202	0.0611	0.00492	0.00992	0.00865	0.0052	0.05061	
0.2299	0.17422	0.12455	0.11062	0.33025	0.10174	0.10389	0.10341	0	0	0	0	0.00217	0.00119	0.63437	0.00156	0.00189	0.00708	0.0011	0.62922	0.38249	0.00955	0.21471	0.03254	0.47314	0.04397	0.06481	0.05737	0.05322	0.01752	0.5284	0.04015	0.0829	0.07662	0.04427	0.4355	
0.04683	0.03404	0.02508	0.02237	0.06767	0.01985	0.02005	0.02075	0	0	0	0	0.00051	0.00027	0.12721	0.00033	0.00031	0.00155	0.00021	0.12625	0.07622	0.00195	0.04355	0.0066	0.09512	0.00833	0.01362	0.01125	0.01064	0.00363	0.10553	0.00852	0.01665	0.01592	0.00862	0.08713	
0.00121	0.00117	0.00063	0.0006	0.00196	0.00051	0.00053	0.00061	0.00068	0.00025	0.00217	0.00051	0	0	0	0	0	5e-05	2e-05	0.00354	0.00208	7e-05	0.00122	0.00024	0.00273	0.00024	0.00039	0.00025	0.00031	0.00012	0.00293	0.00025	0.00053	0.00049	0.00028	0.00231	
0.00075	0.0005	0.00033	0.00035	0.001	0.00036	0.00031	0.00026	0.0003	0.00017	0.00119	0.00027	0	0	0	0	1e-05	1e-05	1e-05	0.0019	0.00116	4e-05	0.00066	7e-05	0.00145	0.00013	0.00019	0.00016	0.00014	4e-05	0.00161	0.00014	0.00023	0.00027	7e-05	0.00136	
0.3583	0.26926	0.19326	0.17125	0.51449	0.1565	0.16066	0.16042	0.1567	0.07379	0.63437	0.12721	0	0	0	0	0.00276	0.01104	0.00156	0.97671	0.59253	0.01497	0.33376	0.05081	0.73341	0.06823	0.10086	0.08957	0.08284	0.0272	0.81841	0.06362	0.12869	0.12005	0.06911	0.67422	
0.00083	0.00066	0.0004	0.0005	0.00115	0.00037	0.00043	0.00044	0.00033	0.00017	0.00156	0.00033	0	0	0	0	0	3e-05	0	0.00236	0.00147	2e-05	0.00079	0.00011	0.0018	7e-05	0.00027	0.00025	0.00013	8e-05	0.00204	0.00014	0.00038	0.00025	8e-05	0.00168	
0.00097	0.00077	0.00052	0.00051	0.00146	0.00043	0.00041	0.00047	0.0004	0.00017	0.00189	0.00031	0	1e-05	0.00276	0	0	0	0	0	0.00179	3e-05	0.00086	9e-05	0.00199	0.00019	0.00024	0.00035	0.00024	9e-05	0.00228	0.00016	0.00025	0.00038	0.00016	0.00198	
0.00395	0.00313	0.00211	0.00194	0.00569	0.00167	0.00195	0.00182	0.00171	0.00079	0.00708	0.00155	5e-05	1e-05	0.01104	3e-05	0	0	0	0	0.00696	0.00016	0.00356	0.00045	0.00831	0.00075	0.00118	0.00089	0.00087	0.00026	0.00931	0.00069	0.00132	0.00144	0.00077	0.0076	
0.00056	0.00041	0.00039	0.00023	0.0008	0.00024	0.00023	0.00032	0.00022	6e-05	0.0011	0.00021	2e-05	1e-05	0.00156	0	0	0	0	0	0.00098	3e-05	0.00052	6e-05	0.00121	8e-05	0.00014	0.00016	0.00015	6e-05	0.00125	0.00013	0.00019	0.00029	0.00011	0.001	
0.35561	0.26728	0.1916	0.17002	0.51065	0.1554	0.15934	0.15912	0.15568	0.07336	0.62922	0.12625	0.00354	0.0019	0.97671	0.00236	0	0	0	0	0.58751	0.01488	0.33149	0.05063	0.72788	0.06765	0.10015	0.08883	0.08216	0.02703	0.81215	0.06317	0.12807	0.11895	0.0685	0.66899	
0.21434	0.16188	0.1173	0.10372	0.31047	0.09348	0.09596	0.09733	0.09386	0.04467	0.38249	0.07622	0.00208	0.00116	0.59253	0.00147	0.00179	0.00696	0.00098	0.58751	0	0	0	0	0.4414	0.0409	0.06099	0.05395	0.04992	0.01618	0.49402	0.03712	0.07741	0.0722	0.04174	0.40589	
0.00565	0.00375	0.00298	0.00272	0.00772	0.0024	0.00257	0.00241	0.00236	0.00124	0.00955	0.00195	7e-05	4e-05	0.01497	2e-05	3e-05	0.00016	3e-05	0.01488	0	0	0	0	0.01108	0.00111	0.00151	0.0014	0.0012	0.00049	0.0123	0.00111	0.00201	0.00164	0.00125	0.0102	
0.12309	0.09163	0.06437	0.05734	0.17399	0.05335	0.05513	0.05396	0.05361	0.02456	0.21471	0.04355	0.00122	0.00066	0.33376	0.00079	0.00086	0.00356	0.00052	0.33149	0	0	0	0	0.24935	0.02331	0.03366	0.03011	0.02804	0.00943	0.2767	0.02226	0.04389	0.04089	0.02306	0.22859	
0.01801	0.01433	0.00997	0.00892	0.02642	0.00851	0.00827	0.00803	0.00818	0.00391	0.03254	0.0066	0.00024	7e-05	0.05081	0.00011	9e-05	0.00045	6e-05	0.05063	0	0	0	0	0.03756	0.00335	0.00555	0.00477	0.00426	0.00134	0.04197	0.00366	0.00652	0.00633	0.00349	0.03489	
0.26665	0.20172	0.14345	0.12757	0.38342	0.11603	0.11982	0.12012	0.11647	0.05466	0.47314	0.09512	0.00273	0.00145	0.73341	0.0018	0.00199	0.00831	0.00121	0.72788	0.4414	0.01108	0.24935	0.03756	0	0	0	0	0.06169	0.02022	0.61015	0.04733	0.09494	0.08934	0.05171	0.5034	
0.02447	0.0188	0.01364	0.01176	0.03518	0.0111	0.01123	0.01116	0.01127	0.0051	0.04397	0.00833	0.00024	0.00013	0.06823	7e-05	0.00019	0.00075	8e-05	0.06765	0.0409	0.00111	0.02331	0.00335	0	0	0	0	0.00607	0.00181	0.05638	0.00441	0.00948	0.00834	0.00488	0.04597	
0.03771	0.02637	0.02016	0.01747	0.05323	0.01609	0.01612	0.01627	0.01582	0.00746	0.06481	0.01362	0.00039	0.00019	0.10086	0.00027	0.00024	0.00118	0.00014	0.10015	0.06099	0.00151	0.03366	0.00555	0	0	0	0	0.00854	0.00289	0.0839	0.00638	0.01303	0.0124	0.0068	0.06948	
0.03226	0.0247	0.01737	0.0159	0.04677	0.01452	0.01476	0.01418	0.01445	0.00716	0.05737	0.01125	0.00025	0.00016	0.08957	0.00025	0.00035	0.00089	0.00016	0.08883	0.05395	0.0014	0.03011	0.00477	0	0	0	0	0.00712	0.00252	0.07456	0.00603	0.01238	0.01098	0.00615	0.06072	
0.03037	0.02251	0.01612	0.01442	0.04297	0.01317	0.01369	0.01359	0.01322	0.00634	0.05322	0.01064	0.00031	0.00014	0.08284	0.00013	0.00024	0.00087	0.00015	0.08216	0.04992	0.0012	0.02804	0.00426	0.06169	0.00607	0.00854	0.00712	0	0	0	0	0.01069	0.01024	0.00571	0.05678	
0.00987	0.00755	0.00504	0.00498	0.01457	0.00415	0.00425	0.00447	0.00427	0.00202	0.01752	0.00363	0.00012	4e-05	0.0272	8e-05	9e-05	0.00026	6e-05	0.02703	0.01618	0.00049	0.00943	0.00134	0.02022	0.00181	0.00289	0.00252	0	0	0	0	0.00368	0.00303	0.00175	0.01898	
0.29796	0.2243	0.16071	0.14202	0.42672	0.13044	0.13355	0.13428	0.12996	0.0611	0.5284	0.10553	0.00293	0.00161	0.81841	0.00204	0.00228	0.00931	0.00125	0.81215	0.49402	0.0123	0.2767	0.04197	0.61015	0.05638	0.0839	0.07456	0	0	0	0	0.10733	0.10041	0.05717	0.56008	
0.02289	0.01723	0.01275	0.01128	0.03434	0.00998	0.01044	0.00939	0.01056	0.00492	0.04015	0.00852	0.00025	0.00014	0.06362	0.00014	0.00016	0.00069	0.00013	0.06317	0.03712	0.00111	0.02226	0.00366	0.04733	0.00441	0.00638	0.00603	0	0	0	0	0.00813	0.00738	0.00491	0.04373	
0.04655	0.03536	0.02561	0.02231	0.0673	0.0202	0.02155	0.02078	0.02036	0.00992	0.0829	0.01665	0.00053	0.00023	0.12869	0.00038	0.00025	0.00132	0.00019	0.12807	0.07741	0.00201	0.04389	0.00652	0.09494	0.00948	0.01303	0.01238	0.01069	0.00368	0.10733	0.00813	0	0	0	0	
0.04322	0.03277	0.02347	0.0216	0.06269	0.01936	0.01973	0.01928	0.01987	0.00865	0.07662	0.01592	0.00049	0.00027	0.12005	0.00025	0.00038	0.00144	0.00029	0.11895	0.0722	0.00164	0.04089	0.00633	0.08934	0.00834	0.0124	0.01098	0.01024	0.00303	0.10041	0.00738	0	0	0	0	
0.02508	0.0188	0.01384	0.01182	0.03616	0.0104	0.01158	0.0114	0.01145	0.0052	0.04427	0.00862	0.00028	7e-05	0.06911	8e-05	0.00016	0.00077	0.00011	0.0685	0.04174	0.00125	0.02306	0.00349	0.05171	0.00488	0.0068	0.00615	0.00571	0.00175	0.05717	0.00491	0	0	0	0	
0.24624	0.18466	0.1317	0.11697	0.35245	0.10778	0.10907	0.11027	0.10633	0.05061	0.4355	0.08713	0.00231	0.00136	0.67422	0.00168	0.00198	0.0076	0.001	0.66899	0.40589	0.0102	0.22859	0.03489	0.5034	0.04597	0.06948	0.06072	0.05678	0.01898	0.56008	0.04373	0	0	0	0	
