0 0 0 0 0.140495867768595 0.0633065993567561 0.0632658877172984 0.0788177339901478 0.0562634857305704 0.0370068802670684 0.194845906444653 0.057769816390506 0 0 0.345886088832797 0 0 0.000977079346985303 0 0.344909009485812 0.229735781459919 0.0173024467695314 0.0721410251190815 0.026706835484265 0.145625534340268 0.0781256361193665 0.0331799861580426 0.0889549322151203 0.0238163090827668 0.014737613483695 0.284452224891096 0.0228799413752392 0.0450270732402394 0.0726702764320319 0.0303301713960021 0.197858567764524
0 0 0 0 0.0990921304400928 0.0475919065260758 0.0330171396002117 0.0638358506697065 0.044212840451085 0.0258111794161951 0.133249195945121 0.040263811423686 0 0 0.243537027236087 0 0 0.000529251312950373 0 0.243007775923136 0.166388470463706 0.0118470870821968 0.045230631437528 0.0200708382526564 0.102511908154541 0.0563856206489435 0.0213736107153035 0.0632658877172984 0.0143304970891178 0.00732809510238977 0.20917640353377 0.0127020315108089 0.0301266131987135 0.0437243007775923 0.0212921874363881 0.148393925823393
0 0 0 0 0.100232056344909 0.047714041444449 0.0361112241989985 0.0297194968041363 0.0368440337092375 0.0251190815454138 0.106135244066279 0.0456784594715629 0 0 0.213776818792493 0 0 0.000366404755119489 0 0.213410414037373 0.148353214183935 0.00944510035419126 0.0430322029068111 0.0129463013475553 0.0913976305825836 0.0451492081586125 0.0209664943207263 0.0562634857305704 0.0120099336400277 0.00594389936082726 0.186418597076904 0.00940438871473354 0.022472824980662 0.0379025363351382 0.0155111346333917 0.137890322843301
0 0 0 0 0.0377396897773073 0.0541871921182266 0.0500753165329968 0.0547978667100924 0.027724626470708 0.0287831290966087 0.0980336278141921 0.0422586817571144 0 0 0.196800065138623 0 0 0.000122134918373163 0 0.19667793022025 0.137971746122216 0.00663599723160852 0.0415665838863331 0.0106257378984652 0.0855351545006717 0.0406302161788055 0.0174245816879046 0.0532101127712413 0.00838659772829052 0.00464112689818019 0.175996417375728 0.0077759231364247 0.0221064202255425 0.03501200993364 0.0142083621707446 0.125473272808696
0.140495867768595 0.0990921304400928 0.100232056344909 0.0377396897773073 0 0 0 0 0.0571591417986402 0.0335056792737044 0.223914017017465 0.0629809062410943 0 0 0.377559744330904 0 0 0.00138419574156251 0 0.376175548589342 0.243496315596629 0.0216585921915076 0.0785734641534015 0.0338313723893661 0.1479053861499 0.0881406994259659 0.0394088669950739 0.102104791759964 0.0309815576273257 0.0171803118511582 0.303057444123275 0.0263404307291455 0.0550828481862965 0.0767821520172617 0.0374547083011033 0.208240035826243
0.0633065993567561 0.0475919065260758 0.047714041444449 0.0541871921182266 0 0 0 0 0.0439278589748809 0.0277653381101657 0.0901762813988519 0.0509302609616089 0 0 0.212799739445507 0 0 0.000122134918373163 0 0.212677604527134 0.150063103041159 0.00810161625208647 0.0420551235598258 0.0125798965924358 0.0948988315759476 0.0473069250498718 0.0191751821845866 0.0514188006351016 0.00920083051744494 0.00549607132679233 0.188861295444368 0.00924154215690266 0.0235720392460204 0.0375361315800187 0.0156332695517649 0.136058299067703
0.0632658877172984 0.0330171396002117 0.0361112241989985 0.0500753165329968 0 0 0 0 0.0428693563489802 0.0285795708993201 0.0843138053169401 0.026706835484265 0 0 0.182469568049505 0 0 0.000284981476204047 0 0.182184586573301 0.129137320359891 0.00622888083703131 0.0372511501038147 0.00985221674876847 0.0833367259699548 0.0365997638724911 0.0139233806945406 0.0486096975125188 0.00773521149696698 0.00378618246956805 0.164312176851362 0.00663599723160852 0.0176688515246509 0.0325693115661768 0.0118063754427391 0.120425029515939
0.0788177339901478 0.0638358506697065 0.0297194968041363 0.0547978667100924 0 0 0 0 0.0210886292390995 0.0268696820420958 0.133859870536987 0.0453527663559012 0 0 0.227170948174083 0 0 0.000203558197288605 0 0.226967389976794 0.159752473232097 0.00924154215690266 0.0440907055327118 0.0140862272523715 0.0989292838822619 0.0482432927573993 0.0204372430077759 0.0595611285266458 0.0106257378984652 0.00618816919757359 0.199812726458494 0.0105443146195497 0.0234091926881896 0.0424215283149452 0.0164475023409193 0.144892724830029
0.0562634857305704 0.044212840451085 0.0368440337092375 0.027724626470708 0.0571591417986402 0.0439278589748809 0.0428693563489802 0.0210886292390995 0 0 0 0 0 0 0.165044986361601 0 0 0.000203558197288605 0 0.164841428164312 0.115946749175589 0.00683955542889712 0.0360298009200831 0.00622888083703131 0.0785327525139437 0.0328542930423808 0.0131905711843016 0.0404673696209746 0.0085494442861214 0.00517037821113056 0.143997068761959 0.00732809510238977 0.017221023490616 0.0284167243414892 0.0118470870821968 0.107560151447299
0.0370068802670684 0.0258111794161951 0.0251190815454138 0.0287831290966087 0.0335056792737044 0.0277653381101657 0.0285795708993201 0.0268696820420958 0 0 0 0 0 0 0.116720270325286 0 0 0.000122134918373163 0 0.116598135406913 0.0800390831738794 0.00484468509546879 0.0276432031917925 0.00419329886414526 0.0575255465537597 0.0273582217155885 0.00761307657859382 0.024223425477344 0.00390831738794121 0.00227985180963237 0.107275169971095 0.00325693115661768 0.00985221674876847 0.0178316980824818 0.00761307657859382 0.0814232789154419
0.194845906444653 0.133249195945121 0.106135244066279 0.0980336278141921 0.223914017017465 0.0901762813988519 0.0843138053169401 0.133859870536987 0 0 0 0 0 0 0.532263974270244 0 0 0.00150633065993568 0 0.530757643610308 0.354150551642715 0.0274803566339616 0.0986850140455156 0.051948051948052 0.200708382526564 0.121198550665635 0.0569962952408093 0.153360745837235 0.0406709278182632 0.022024996946627 0.433049708911778 0.0365183405935757 0.0741358954525099 0.113504050808126 0.0504010096486586 0.294223018360949
0.057769816390506 0.040263811423686 0.0456784594715629 0.0422586817571144 0.0629809062410943 0.0509302609616089 0.026706835484265 0.0453527663559012 0 0 0 0 0 0 0.185970769042869 0 0 0.000162846557830884 0 0.185807922485038 0.132312828237593 0.00606603427920042 0.0396124251923625 0.00797948133371331 0.0883035459837968 0.0388796156821235 0.0151447298782722 0.0436428774986769 0.00541464804787689 0.00317550787770224 0.171721695232667 0.00565891788462321 0.018523795953263 0.0295566502463054 0.0114806823270773 0.126409640516224
0 0 0 0 0 0 0 0 0 0 0 0 0 0 0 0 0 0 0 0 0 0 0 0 0 0 0 0 0 0 0 0 0 0 0 0
0 0 0 0 0 0 0 0 0 0 0 0 0 0 0 0 0 0 0 0 0 0 0 0 0 0 0 0 0 0 0 0 0 0 0 0
0.345886088832797 0.243537027236087 0.213776818792493 0.196800065138623 0.377559744330904 0.212799739445507 0.182469568049505 0.227170948174083 0.165044986361601 0.116720270325286 0.532263974270244 0.185970769042869 0 0 0 0 0 0.00199487033342833 0 0.998005129666572 0.682449212229777 0.045230631437528 0.201970443349754 0.0703497129829418 0.425070227578065 0.220290681105728 0.092944672881977 0.26169441843423 0.0585433375402027 0.0326507348450922 0.856043642877499 0.0527622847372064 0.119732931645157 0.189309123478402 0.0813418556365265 0.609616089239914
0 0 0 0 0 0 0 0 0 0 0 0 0 0 0 0 0 0 0 0 0 0 0 0 0 0 0 0 0 0 0 0 0 0 0 0
0 0 0 0 0 0 0 0 0 0 0 0 0 0 0 0 0 0 0 0 0 0 0 0 0 0 0 0 0 0 0 0 0 0 0 0
0.000977079346985303 0.000529251312950373 0.000366404755119489 0.000122134918373163 0.00138419574156251 0.000122134918373163 0.000284981476204047 0.000203558197288605 0.000203558197288605 0.000122134918373163 0.00150633065993568 0.000162846557830884 0 0 0.00199487033342833 0 0 0 0 0 0.00187273541505516 0 8.14232789154419e-05 4.0711639457721e-05 0.00122134918373163 0.000447828034034931 0 0.000325693115661768 4.0711639457721e-05 0 0.00195415869397061 0 0.000203558197288605 0.000203558197288605 0 0.00158775393885112
0 0 0 0 0 0 0 0 0 0 0 0 0 0 0 0 0 0 0 0 0 0 0 0 0 0 0 0 0 0 0 0 0 0 0 0
0.344909009485812 0.243007775923136 0.213410414037373 0.19667793022025 0.376175548589342 0.212677604527134 0.182184586573301 0.226967389976794 0.164841428164312 0.116598135406913 0.530757643610308 0.185807922485038 0 0 0.998005129666572 0 0 0 0 0 0.680576476814721 0.045230631437528 0.201889020070838 0.0703090013434841 0.423848878394333 0.219842853071693 0.092944672881977 0.261368725318569 0.058502625900745 0.0326507348450922 0.854089484183528 0.0527622847372064 0.119529373447869 0.189105565281114 0.0813418556365265 0.608028335301063
0.229735781459919 0.166388470463706 0.148353214183935 0.137971746122216 0.243496315596629 0.150063103041159 0.129137320359891 0.159752473232097 0.115946749175589 0.0800390831738794 0.354150551642715 0.132312828237593 0 0 0.682449212229777 0 0 0.00187273541505516 0 0.680576476814721 0 0 0 0 0.250539429222815 0.153767862231812 0.0629809062410943 0.215161014534055 0.0460041525872247 0.0246305418719212 0.571062166673452 0.0407523510971787 0.088710662378374 0.140455156129137 0.0629809062410943 0.390302487481171
0.0173024467695314 0.0118470870821968 0.00944510035419126 0.00663599723160852 0.0216585921915076 0.00810161625208647 0.00622888083703131 0.00924154215690266 0.00683955542889712 0.00484468509546879 0.0274803566339616 0.00606603427920042 0 0 0.045230631437528 0 0 0 0 0.045230631437528 0 0 0 0 0.0232056344909009 0.00708382526564345 0.00443756870089158 0.010503602980092 0.00358262427227944 0.00240198672800554 0.0358262427227944 0.00341977771444856 0.00439685706143386 0.00728738346293205 0.0032976427960754 0.0302487481170867
0.0721410251190815 0.045230631437528 0.0430322029068111 0.0415665838863331 0.0785734641534015 0.0420551235598258 0.0372511501038147 0.0440907055327118 0.0360298009200831 0.0276432031917925 0.0986850140455156 0.0396124251923625 0 0 0.201970443349754 0 0 8.14232789154419e-05 0 0.201889020070838 0 0 0 0 0.127101738387005 0.0409559092944673 0.0164475023409193 0.0174652933273623 0.00455970361926475 0.00280910312258275 0.189919798070268 0.00468183853763791 0.0205186662866914 0.032243618450515 0.0107071611773806 0.138500997435167
0.026706835484265 0.0200708382526564 0.0129463013475553 0.0106257378984652 0.0338313723893661 0.0125798965924358 0.00985221674876847 0.0140862272523715 0.00622888083703131 0.00419329886414526 0.051948051948052 0.00797948133371331 0 0 0.0703497129829418 0 0 4.0711639457721e-05 0 0.0703090013434841 0 0 0 0 0.024223425477344 0.0184830843138053 0.00907869559907177 0.0185645075927208 0.00439685706143386 0.00280910312258275 0.059235435410984 0.00390831738794121 0.00610674591865814 0.0093229654358181 0.00435614542197614 0.0505638562064894
0.145625534340268 0.102511908154541 0.0913976305825836 0.0855351545006717 0.1479053861499 0.0948988315759476 0.0833367259699548 0.0989292838822619 0.0785327525139437 0.0575255465537597 0.200708382526564 0.0883035459837968 0 0 0.425070227578065 0 0 0.00122134918373163 0 0.423848878394333 0.250539429222815 0.0232056344909009 0.127101738387005 0.024223425477344 0 0 0 0 0.0190937589056711 0.0100557749460571 0.378251842201685 0.0176688515246509 0.0544314619549729 0.0836624190856166 0.0321214835321418 0.254854863005333
0.0781256361193665 0.0563856206489435 0.0451492081586125 0.0406302161788055 0.0881406994259659 0.0473069250498718 0.0365997638724911 0.0482432927573993 0.0328542930423808 0.0273582217155885 0.121198550665635 0.0388796156821235 0 0 0.220290681105728 0 0 0.000447828034034931 0 0.219842853071693 0.153767862231812 0.00708382526564345 0.0409559092944673 0.0184830843138053 0 0 0 0 0.0155111346333917 0.00968937019093759 0.180678255913366 0.0144119203680332 0.0234091926881896 0.037495419940561 0.019989414973741 0.139396653503237
0.0331799861580426 0.0213736107153035 0.0209664943207263 0.0174245816879046 0.0394088669950739 0.0191751821845866 0.0139233806945406 0.0204372430077759 0.0131905711843016 0.00761307657859382 0.0569962952408093 0.0151447298782722 0 0 0.092944672881977 0 0 0 0 0.092944672881977 0.0629809062410943 0.00443756870089158 0.0164475023409193 0.00907869559907177 0 0 0 0 0.00769449985750926 0.00460041525872247 0.0756015144729878 0.0050482432927574 0.0117249521638236 0.0177502748035663 0.00728738346293205 0.0561820624516549
0.0889549322151203 0.0632658877172984 0.0562634857305704 0.0532101127712413 0.102104791759964 0.0514188006351016 0.0486096975125188 0.0595611285266458 0.0404673696209746 0.024223425477344 0.153360745837235 0.0436428774986769 0 0 0.26169441843423 0 0 0.000325693115661768 0 0.261368725318569 0.215161014534055 0.010503602980092 0.0174652933273623 0.0185645075927208 0 0 0 0 0.0162439441436307 0.00830517444937508 0.22151203028946 0.0156332695517649 0.0301673248381712 0.0504010096486586 0.0219435736677116 0.159182510279689
0.0238163090827668 0.0143304970891178 0.0120099336400277 0.00838659772829052 0.0309815576273257 0.00920083051744494 0.00773521149696698 0.0106257378984652 0.0085494442861214 0.00390831738794121 0.0406709278182632 0.00541464804787689 0 0 0.0585433375402027 0 0 4.0711639457721e-05 0 0.058502625900745 0.0460041525872247 0.00358262427227944 0.00455970361926475 0.00439685706143386 0.0190937589056711 0.0155111346333917 0.00769449985750926 0.0162439441436307 0 0 0 0 0.0107885844562961 0.0112771241297887 0.0125798965924358 0.0238977323616822
0.014737613483695 0.00732809510238977 0.00594389936082726 0.00464112689818019 0.0171803118511582 0.00549607132679233 0.00378618246956805 0.00618816919757359 0.00517037821113056 0.00227985180963237 0.022024996946627 0.00317550787770224 0 0 0.0326507348450922 0 0 0 0 0.0326507348450922 0.0246305418719212 0.00240198672800554 0.00280910312258275 0.00280910312258275 0.0100557749460571 0.00968937019093759 0.00460041525872247 0.00830517444937508 0 0 0 0 0.00716524854455889 0.00671742051052396 0.00496682001384196 0.0138012457761674
0.284452224891096 0.20917640353377 0.186418597076904 0.175996417375728 0.303057444123275 0.188861295444368 0.164312176851362 0.199812726458494 0.143997068761959 0.107275169971095 0.433049708911778 0.171721695232667 0 0 0.856043642877499 0 0 0.00195415869397061 0 0.854089484183528 0.571062166673452 0.0358262427227944 0.189919798070268 0.059235435410984 0.378251842201685 0.180678255913366 0.0756015144729878 0.22151203028946 0 0 0 0 0.0902169930383097 0.160810975857998 0.0539429222814803 0.551072751699711
0.0228799413752392 0.0127020315108089 0.00940438871473354 0.0077759231364247 0.0263404307291455 0.00924154215690266 0.00663599723160852 0.0105443146195497 0.00732809510238977 0.00325693115661768 0.0365183405935757 0.00565891788462321 0 0 0.0527622847372064 0 0 0 0 0.0527622847372064 0.0407523510971787 0.00341977771444856 0.00468183853763791 0.00390831738794121 0.0176688515246509 0.0144119203680332 0.0050482432927574 0.0156332695517649 0 0 0 0 0.0115621056059928 0.010503602980092 0.00985221674876847 0.0208443594023531
0.0450270732402394 0.0301266131987135 0.022472824980662 0.0221064202255425 0.0550828481862965 0.0235720392460204 0.0176688515246509 0.0234091926881896 0.017221023490616 0.00985221674876847 0.0741358954525099 0.018523795953263 0 0 0.119732931645157 0 0 0.000203558197288605 0 0.119529373447869 0.088710662378374 0.00439685706143386 0.0205186662866914 0.00610674591865814 0.0544314619549729 0.0234091926881896 0.0117249521638236 0.0301673248381712 0.0107885844562961 0.00716524854455889 0.0902169930383097 0.0115621056059928 0 0 0 0
0.0726702764320319 0.0437243007775923 0.0379025363351382 0.03501200993364 0.0767821520172617 0.0375361315800187 0.0325693115661768 0.0424215283149452 0.0284167243414892 0.0178316980824818 0.113504050808126 0.0295566502463054 0 0 0.189309123478402 0 0 0.000203558197288605 0 0.189105565281114 0.140455156129137 0.00728738346293205 0.032243618450515 0.0093229654358181 0.0836624190856166 0.037495419940561 0.0177502748035663 0.0504010096486586 0.0112771241297887 0.00671742051052396 0.160810975857998 0.010503602980092 0 0 0 0
0.0303301713960021 0.0212921874363881 0.0155111346333917 0.0142083621707446 0.0374547083011033 0.0156332695517649 0.0118063754427391 0.0164475023409193 0.0118470870821968 0.00761307657859382 0.0504010096486586 0.0114806823270773 0 0 0.0813418556365265 0 0 0 0 0.0813418556365265 0.0629809062410943 0.0032976427960754 0.0107071611773806 0.00435614542197614 0.0321214835321418 0.019989414973741 0.00728738346293205 0.0219435736677116 0.0125798965924358 0.00496682001384196 0.0539429222814803 0.00985221674876847 0 0 0 0
0.197858567764524 0.148393925823393 0.137890322843301 0.125473272808696 0.208240035826243 0.136058299067703 0.120425029515939 0.144892724830029 0.107560151447299 0.0814232789154419 0.294223018360949 0.126409640516224 0 0 0.609616089239914 0 0 0.00158775393885112 0 0.608028335301063 0.390302487481171 0.0302487481170867 0.138500997435167 0.0505638562064894 0.254854863005333 0.139396653503237 0.0561820624516549 0.159182510279689 0.0238977323616822 0.0138012457761674 0.551072751699711 0.0208443594023531 0 0 0 0
