0	0	0	0	0.210932	0.0364	0.0391909	0.0448591	0.0378091	0.0108636	0.255191	0.0275182	0.000495455	0.000263636	0.330041	0.000581818	0.000309091	0.0178273	0.000472727	0.312773	0.188045	0.0157727	0.11115	0.0164136	0.219927	0.0290682	0.0410273	0.0413591	0.0351	0.0245636	0.241614	0.0301045	0.0599591	0.0529955	0.0660727	0.152355	
0	0	0	0	0.224573	0.0389818	0.0407955	0.0479227	0.0389	0.0115909	0.272345	0.0294364	0.000786364	0.000322727	0.350455	0.000709091	0.000463636	0.0184364	0.0006	0.332773	0.201345	0.0173591	0.116723	0.0168455	0.232986	0.0309909	0.0442227	0.0440727	0.0365409	0.02635	0.256941	0.0324409	0.0653864	0.0551955	0.0707136	0.160977	
0	0	0	0	0.120841	0.0211273	0.02185	0.026	0.0214364	0.00626818	0.145827	0.0162864	0.000363636	0.000218182	0.188873	0.000363636	0.000331818	0.00969545	0.00035	0.179441	0.107486	0.00915455	0.0638409	0.00933636	0.127332	0.0160455	0.0233545	0.0230864	0.0191364	0.0142773	0.139691	0.0167136	0.0345136	0.0300455	0.0382864	0.0869727	
0	0	0	0	0.0477364	0.0244818	0.0251818	0.0291273	0.0173864	0.00525909	0.09045	0.0134318	0.000204545	0.000113636	0.125991	0.000218182	0.000113636	0.00664545	0.000231818	0.119536	0.0717955	0.0061	0.04225	0.00638182	0.0839727	0.0106636	0.0157409	0.01615	0.0124318	0.00841818	0.0951	0.0105773	0.0223182	0.0198364	0.0248591	0.0595136	
0.210932	0.224573	0.120841	0.0477364	0	0	0	0	0.0469864	0.0137136	0.508573	0.0348091	0.00107727	0.000527273	0.601386	0.00109091	0.000768182	0.0318409	0.000981818	0.570491	0.346314	0.0296136	0.198145	0.0300091	0.398814	0.0532864	0.0756455	0.0763364	0.0697818	0.0495227	0.423714	0.0610636	0.114055	0.0997955	0.125577	0.264655	
0.0364	0.0389818	0.0211273	0.0244818	0	0	0	0	0.0207136	0.00616818	0.0782909	0.0158182	0.000231818	0.000118182	0.120427	0.000213636	0.000145455	0.00625909	0.000204545	0.114382	0.0680091	0.00585909	0.0411227	0.006	0.0813091	0.0101727	0.01475	0.0147591	0.01015	0.00749545	0.0944136	0.00893182	0.0209318	0.0178909	0.0228364	0.0593318	
0.0391909	0.0407955	0.02185	0.0251818	0	0	0	0	0.0220591	0.00653182	0.0815636	0.0168636	0.000240909	0.000118182	0.126391	0.000268182	0.000136364	0.00667727	0.000254545	0.11995	0.0712409	0.00608182	0.0436045	0.00609091	0.0852364	0.0109045	0.0155727	0.0153045	0.0109591	0.00769091	0.0992455	0.00912273	0.0216636	0.0188364	0.024	0.0625182	
0.0448591	0.0479227	0.026	0.0291273	0	0	0	0	0.0257727	0.00756818	0.0953864	0.0191818	0.0003	0.000154545	0.147155	0.0003	0.000168182	0.00782727	0.000213636	0.1397	0.0831091	0.00683182	0.0510909	0.00687727	0.0988591	0.0124045	0.0183773	0.0182682	0.0123182	0.0089	0.115973	0.0107182	0.0255273	0.02155	0.0275182	0.0733136	
0.0378091	0.0389	0.0214364	0.0173864	0.0469864	0.0207136	0.0220591	0.0257727	0	0	0	0	0.000263636	0.000140909	0.114895	0.000231818	0.000140909	0.00590455	0.000218182	0.109268	0.0650636	0.00555455	0.0394727	0.00544091	0.0769955	0.0101091	0.0141136	0.0143136	0.0104227	0.00760455	0.0889364	0.00856818	0.0142273	0.0127909	0.0153545	0.0731591	
0.0108636	0.0115909	0.00626818	0.00525909	0.0137136	0.00616818	0.00653182	0.00756818	0	0	0	0	7.72727e-05	5.45455e-05	0.0337682	8.18182e-05	2.72727e-05	0.00180455	4.54545e-05	0.0321045	0.0192182	0.00167727	0.0113955	0.00169091	0.0228	0.00280455	0.00415455	0.00422273	0.00294091	0.00208636	0.0263455	0.00260909	0.00399091	0.00346818	0.0046	0.0219227	
0.255191	0.272345	0.145827	0.09045	0.508573	0.0782909	0.0815636	0.0953864	0	0	0	0	0.00134091	0.000631818	0.760423	0.00141818	0.000954545	0.0403545	0.00128182	0.721223	0.435895	0.0368318	0.253214	0.0378727	0.506355	0.0662364	0.0954318	0.0957909	0.0821409	0.0584364	0.550986	0.07225	0.153291	0.13265	0.168386	0.309486	
0.0275182	0.0294364	0.0162864	0.0134318	0.0348091	0.0158182	0.0168636	0.0191818	0	0	0	0	0.000168182	9.09091e-05	0.0862727	0.000140909	9.54545e-05	0.00454091	0.000109091	0.0819273	0.0484955	0.00432273	0.0298818	0.00397273	0.0580682	0.00761818	0.0106455	0.0103409	0.00770455	0.00548182	0.0670773	0.00640909	0.0106682	0.00916364	0.0115909	0.05525	
0.000495455	0.000786364	0.000363636	0.000204545	0.00107727	0.000231818	0.000240909	0.0003	0.000263636	7.72727e-05	0.00134091	0.000168182	0	0	0	0	0	0.000140909	4.54545e-06	0.00170455	0.00109091	7.27273e-05	0.000618182	6.81818e-05	0.00114545	0.000172727	0.000272727	0.000259091	0.000163636	0.000154545	0.00135	0.000181818	0.000281818	0.000290909	0.000340909	0.000936364	
0.000263636	0.000322727	0.000218182	0.000113636	0.000527273	0.000118182	0.000118182	0.000154545	0.000140909	5.45455e-05	0.000631818	9.09091e-05	0	0	0	0	0	4.54545e-05	0	0.000872727	0.000513636	5e-05	0.000322727	3.18182e-05	0.000609091	6.36364e-05	0.000145455	0.0001	9.54545e-05	5.90909e-05	0.000672727	9.09091e-05	0.000131818	0.000190909	0.000172727	0.000422727	
0.330041	0.350455	0.188873	0.125991	0.601386	0.120427	0.126391	0.147155	0.114895	0.0337682	0.760423	0.0862727	0	0	0	0	0.00121818	0.0523091	0.00164545	0.940186	0.565982	0.0481636	0.332423	0.0487909	0.661232	0.0863455	0.123705	0.124077	0.102795	0.0732455	0.729891	0.0894273	0.1815	0.157282	0.1991	0.457477	
0.000581818	0.000709091	0.000363636	0.000218182	0.00109091	0.000213636	0.000268182	0.0003	0.000231818	8.18182e-05	0.00141818	0.000140909	0	0	0	0	0	0.000109091	4.54545e-06	0.00175909	0.00108636	0.0001	0.0006	8.63636e-05	0.00123182	0.000186364	0.000222727	0.000231818	0.000154545	0.00015	0.00143182	0.000136364	0.000263636	0.000309091	0.000318182	0.000981818	
0.000309091	0.000463636	0.000331818	0.000113636	0.000768182	0.000145455	0.000136364	0.000168182	0.000140909	2.72727e-05	0.000954545	9.54545e-05	0	0	0.00121818	0	0	0	0	0	0.000640909	7.27273e-05	0.000440909	6.36364e-05	0.000836364	9.54545e-05	0.000145455	0.000140909	0.000136364	0.000104545	0.000845455	0.000131818	0.000209091	0.000177273	0.000254545	0.000577273	
0.0178273	0.0184364	0.00969545	0.00664545	0.0318409	0.00625909	0.00667727	0.00782727	0.00590455	0.00180455	0.0403545	0.00454091	0.000140909	4.54545e-05	0.0523091	0.000109091	0	0	0	0	0.0296545	0.00250909	0.0178182	0.00262273	0.0349091	0.00459545	0.00645455	0.00664545	0.00550909	0.00390909	0.0386818	0.00450455	0.0093	0.00842727	0.0103727	0.0245045	
0.000472727	0.0006	0.00035	0.000231818	0.000981818	0.000204545	0.000254545	0.000213636	0.000218182	4.54545e-05	0.00128182	0.000109091	4.54545e-06	0	0.00164545	4.54545e-06	0	0	0	0	0.00101818	9.09091e-05	0.000481818	6.36364e-05	0.0011	0.00015	0.0002	0.000204545	0.000159091	0.000172727	0.00115909	0.000163636	0.000290909	0.000240909	0.000359091	0.000763636	
0.312773	0.332773	0.179441	0.119536	0.570491	0.114382	0.11995	0.1397	0.109268	0.0321045	0.721223	0.0819273	0.00170455	0.000872727	0.940186	0.00175909	0	0	0	0	0.537359	0.0457136	0.315223	0.0462273	0.627373	0.0819273	0.117545	0.117677	0.0974045	0.0694227	0.692659	0.0850364	0.172377	0.149227	0.188945	0.433973	
0.188045	0.201345	0.107486	0.0717955	0.346314	0.0680091	0.0712409	0.0831091	0.0650636	0.0192182	0.435895	0.0484955	0.00109091	0.000513636	0.565982	0.00108636	0.000640909	0.0296545	0.00101818	0.537359	0	0	0	0	0.372795	0.0504727	0.0728045	0.0726	0.0731773	0.0522864	0.379282	0.0639273	0.105586	0.0929727	0.115818	0.254295	
0.0157727	0.0173591	0.00915455	0.0061	0.0296136	0.00585909	0.00608182	0.00683182	0.00555455	0.00167727	0.0368318	0.00432273	7.27273e-05	5e-05	0.0481636	0.0001	7.27273e-05	0.00250909	9.09091e-05	0.0457136	0	0	0	0	0.0314818	0.00453636	0.00624091	0.00612727	0.00605	0.00444091	0.0323455	0.00555	0.00911364	0.00773636	0.00991818	0.0216182	
0.11115	0.116723	0.0638409	0.04225	0.198145	0.0411227	0.0436045	0.0510909	0.0394727	0.0113955	0.253214	0.0298818	0.000618182	0.000322727	0.332423	0.0006	0.000440909	0.0178182	0.000481818	0.315223	0	0	0	0	0.227627	0.0275773	0.0391364	0.0396227	0.0175682	0.0125045	0.288627	0.0152636	0.0582545	0.0495864	0.0641136	0.162009	
0.0164136	0.0168455	0.00933636	0.00638182	0.0300091	0.006	0.00609091	0.00687727	0.00544091	0.00169091	0.0378727	0.00397273	6.81818e-05	3.18182e-05	0.0487909	8.63636e-05	6.36364e-05	0.00262273	6.36364e-05	0.0462273	0	0	0	0	0.0323136	0.00418182	0.00616364	0.00631818	0.00641364	0.00437727	0.0330909	0.00509545	0.00922273	0.00777727	0.0100818	0.0218955	
0.219927	0.232986	0.127332	0.0839727	0.398814	0.0813091	0.0852364	0.0988591	0.0769955	0.0228	0.506355	0.0580682	0.00114545	0.000609091	0.661232	0.00123182	0.000836364	0.0349091	0.0011	0.627373	0.372795	0.0314818	0.227627	0.0323136	0	0	0	0	0.0582773	0.0419182	0.513364	0.0506591	0.119314	0.103555	0.130455	0.310895	
0.0290682	0.0309909	0.0160455	0.0106636	0.0532864	0.0101727	0.0109045	0.0124045	0.0101091	0.00280455	0.0662364	0.00761818	0.000172727	6.36364e-05	0.0863455	0.000186364	9.54545e-05	0.00459545	0.00015	0.0819273	0.0504727	0.00453636	0.0275773	0.00418182	0	0	0	0	0.0113045	0.00810455	0.0570409	0.0103182	0.01595	0.0140227	0.0182409	0.0385545	
0.0410273	0.0442227	0.0233545	0.0157409	0.0756455	0.01475	0.0155727	0.0183773	0.0141136	0.00415455	0.0954318	0.0106455	0.000272727	0.000145455	0.123705	0.000222727	0.000145455	0.00645455	0.0002	0.117545	0.0728045	0.00624091	0.0391364	0.00616364	0	0	0	0	0.0168909	0.0116409	0.0814273	0.0143864	0.0234955	0.0199591	0.0255136	0.0553773	
0.0413591	0.0440727	0.0230864	0.01615	0.0763364	0.0147591	0.0153045	0.0182682	0.0143136	0.00422273	0.0957909	0.0103409	0.000259091	0.0001	0.124077	0.000231818	0.000140909	0.00664545	0.000204545	0.117677	0.0726	0.00612727	0.0396227	0.00631818	0	0	0	0	0.0167364	0.0119455	0.0815136	0.0144727	0.0234182	0.0205364	0.0257227	0.0549909	
0.0351	0.0365409	0.0191364	0.0124318	0.0697818	0.01015	0.0109591	0.0123182	0.0104227	0.00294091	0.0821409	0.00770455	0.000163636	9.54545e-05	0.102795	0.000154545	0.000136364	0.00550909	0.000159091	0.0974045	0.0731773	0.00605	0.0175682	0.00641364	0.0582773	0.0113045	0.0168909	0.0167364	0	0	0	0	0.0237409	0.0202955	0.0254364	0.0337364	
0.0245636	0.02635	0.0142773	0.00841818	0.0495227	0.00749545	0.00769091	0.0089	0.00760455	0.00208636	0.0584364	0.00548182	0.000154545	5.90909e-05	0.0732455	0.00015	0.000104545	0.00390909	0.000172727	0.0694227	0.0522864	0.00444091	0.0125045	0.00437727	0.0419182	0.00810455	0.0116409	0.0119455	0	0	0	0	0.0166909	0.0146409	0.0183545	0.0239227	
0.241614	0.256941	0.139691	0.0951	0.423714	0.0944136	0.0992455	0.115973	0.0889364	0.0263455	0.550986	0.0670773	0.00135	0.000672727	0.729891	0.00143182	0.000845455	0.0386818	0.00115909	0.692659	0.379282	0.0323455	0.288627	0.0330909	0.513364	0.0570409	0.0814273	0.0815136	0	0	0	0	0.12165	0.105264	0.133468	0.372964	
0.0301045	0.0324409	0.0167136	0.0105773	0.0610636	0.00893182	0.00912273	0.0107182	0.00856818	0.00260909	0.07225	0.00640909	0.000181818	9.09091e-05	0.0894273	0.000136364	0.000131818	0.00450455	0.000163636	0.0850364	0.0639273	0.00555	0.0152636	0.00509545	0.0506591	0.0103182	0.0143864	0.0144727	0	0	0	0	0.0200955	0.0178727	0.0226727	0.0291955	
0.0599591	0.0653864	0.0345136	0.0223182	0.114055	0.0209318	0.0216636	0.0255273	0.0142273	0.00399091	0.153291	0.0106682	0.000281818	0.000131818	0.1815	0.000263636	0.000209091	0.0093	0.000290909	0.172377	0.105586	0.00911364	0.0582545	0.00922273	0.119314	0.01595	0.0234955	0.0234182	0.0237409	0.0166909	0.12165	0.0200955	0	0	0	0	
0.0529955	0.0551955	0.0300455	0.0198364	0.0997955	0.0178909	0.0188364	0.02155	0.0127909	0.00346818	0.13265	0.00916364	0.000290909	0.000190909	0.157282	0.000309091	0.000177273	0.00842727	0.000240909	0.149227	0.0929727	0.00773636	0.0495864	0.00777727	0.103555	0.0140227	0.0199591	0.0205364	0.0202955	0.0146409	0.105264	0.0178727	0	0	0	0	
0.0660727	0.0707136	0.0382864	0.0248591	0.125577	0.0228364	0.024	0.0275182	0.0153545	0.0046	0.168386	0.0115909	0.000340909	0.000172727	0.1991	0.000318182	0.000254545	0.0103727	0.000359091	0.188945	0.115818	0.00991818	0.0641136	0.0100818	0.130455	0.0182409	0.0255136	0.0257227	0.0254364	0.0183545	0.133468	0.0226727	0	0	0	0	
0.152355	0.160977	0.0869727	0.0595136	0.264655	0.0593318	0.0625182	0.0733136	0.0731591	0.0219227	0.309486	0.05525	0.000936364	0.000422727	0.457477	0.000981818	0.000577273	0.0245045	0.000763636	0.433973	0.254295	0.0216182	0.162009	0.0218955	0.310895	0.0385545	0.0553773	0.0549909	0.0337364	0.0239227	0.372964	0.0291955	0	0	0	0	
