0	0	0	0	0.212118	0.0361182	0.0377091	0.0432727	0.0365909	0.0111409	0.253864	0.0276227	0.000595455	0.000272727	0.327695	0.000654545	0.000427273	0.0169864	0.000490909	0.311314	0.188014	0.0157727	0.1091	0.0163318	0.217068	0.0287909	0.0414	0.0419591	0.0343273	0.0246864	0.240045	0.0301591	0.0611636	0.0528591	0.0650318	0.150164	
0	0	0	0	0.226041	0.0377727	0.0409045	0.0459318	0.0389818	0.0115682	0.270945	0.0291545	0.000659091	0.000368182	0.348936	0.000686364	0.000386364	0.0186273	0.000663636	0.330973	0.199445	0.0172636	0.116432	0.0175091	0.232409	0.0311091	0.0432636	0.0438682	0.0368955	0.0255455	0.256091	0.0321182	0.0643091	0.0563273	0.07125	0.158764	
0	0	0	0	0.124018	0.0211045	0.0214727	0.0251591	0.0212364	0.00626364	0.147991	0.0162636	0.000309091	0.000204545	0.190868	0.000372727	0.000254545	0.00977273	0.000309091	0.181418	0.109191	0.00915909	0.0641273	0.00927727	0.126264	0.0172864	0.0240273	0.0241773	0.0198273	0.0149091	0.139264	0.0177545	0.0353818	0.0308045	0.0388182	0.08675	
0	0	0	0	0.0438545	0.0257955	0.0270091	0.0317182	0.0183727	0.00579091	0.0903182	0.0138955	0.000213636	0.000140909	0.127786	0.000236364	0.000172727	0.00684091	0.000181818	0.121182	0.0720045	0.00598182	0.0440955	0.00629545	0.0856	0.0113591	0.0156409	0.0157773	0.0116545	0.00824545	0.0977955	0.0106818	0.0224773	0.01985	0.0241727	0.0618773	
0.212118	0.226041	0.124018	0.0438545	0	0	0	0	0.0456727	0.0137591	0.512055	0.0345455	0.00107727	0.000590909	0.603159	0.00120455	0.000813636	0.0318773	0.00095	0.572391	0.349886	0.0295727	0.196359	0.0302136	0.396618	0.0551318	0.0765045	0.0777773	0.0718909	0.0517727	0.418695	0.0636727	0.1161	0.101505	0.127518	0.260909	
0.0361182	0.0377727	0.0211045	0.0257955	0	0	0	0	0.0211045	0.00648636	0.0768682	0.0163318	0.000177273	0.000131818	0.120264	0.000218182	0.000145455	0.00609091	0.000240909	0.114314	0.0669	0.00576364	0.0422682	0.00585909	0.0812364	0.0102	0.0144591	0.0148955	0.00908182	0.00645909	0.0967727	0.00847727	0.0204773	0.0177136	0.0224273	0.0601727	
0.0377091	0.0409045	0.0214727	0.0270091	0	0	0	0	0.0225591	0.00671818	0.0808	0.0170182	0.000245455	0.000109091	0.126477	0.000263636	0.000136364	0.00664545	0.000190909	0.120123	0.0707955	0.00611364	0.0442955	0.00589091	0.0852636	0.0107773	0.0157318	0.0153227	0.0103545	0.00714091	0.100864	0.00873636	0.0218227	0.0193136	0.0225727	0.0633864	
0.0432727	0.0459318	0.0251591	0.0317182	0	0	0	0	0.0258455	0.0078	0.0933955	0.0190409	0.000277273	0.000154545	0.145386	0.000263636	0.000145455	0.00761364	0.000263636	0.138059	0.0810727	0.00672727	0.0508318	0.00745	0.0982227	0.0124364	0.0176364	0.0177864	0.0113773	0.00801364	0.116864	0.00982727	0.0249318	0.0213091	0.0267545	0.0730864	
0.0365909	0.0389818	0.0212364	0.0183727	0.0456727	0.0211045	0.0225591	0.0258455	0	0	0	0	0.000172727	0.000145455	0.114673	0.000190909	0.000136364	0.00585909	0.000231818	0.108955	0.0640364	0.00566818	0.0395773	0.0059	0.07705	0.0101455	0.0137682	0.0142182	0.00980455	0.00668636	0.09005	0.00864091	0.0138455	0.0121045	0.0152364	0.0739955	
0.0111409	0.0115682	0.00626364	0.00579091	0.0137591	0.00648636	0.00671818	0.0078	0	0	0	0	5e-05	3.63636e-05	0.0346364	4.09091e-05	4.09091e-05	0.00183182	7.27273e-05	0.0328182	0.0194409	0.00159545	0.0120182	0.00170909	0.0231045	0.00305	0.00434545	0.00426364	0.00304545	0.00204091	0.0270955	0.00258182	0.00435455	0.00392727	0.00441818	0.0220636	
0.253864	0.270945	0.147991	0.0903182	0.512055	0.0768682	0.0808	0.0933955	0	0	0	0	0.00138636	0.000713636	0.759491	0.00152727	0.000954545	0.0399818	0.00119091	0.720991	0.436323	0.0367682	0.252273	0.0377545	0.503232	0.06795	0.0957182	0.0962182	0.0823455	0.0591773	0.548586	0.0730091	0.154691	0.134755	0.168045	0.305627	
0.0276227	0.0291545	0.0162636	0.0138955	0.0345455	0.0163318	0.0170182	0.0190409	0	0	0	0	0.000168182	9.09091e-05	0.0864864	0.000190909	0.000109091	0.00455455	0.00015	0.0821227	0.0488545	0.00414545	0.0298864	0.00405	0.0579545	0.0074	0.0105	0.0110818	0.00750909	0.00548182	0.0674636	0.00648182	0.0104409	0.00905455	0.0115727	0.0558682	
0.000595455	0.000659091	0.000309091	0.000213636	0.00107727	0.000177273	0.000245455	0.000277273	0.000172727	5e-05	0.00138636	0.000168182	0	0	0	0	4.54545e-06	0.000113636	0	0.00165909	0.001	8.63636e-05	0.000586364	0.000104545	0.00111364	0.000209091	0.000213636	0.000240909	0.000163636	0.000140909	0.00130909	0.000163636	0.000359091	0.000218182	0.00035	0.00085	
0.000272727	0.000368182	0.000204545	0.000140909	0.000590909	0.000131818	0.000109091	0.000154545	0.000145455	3.63636e-05	0.000713636	9.09091e-05	0	0	0	0	0	3.18182e-05	0	0.000954545	0.000581818	3.63636e-05	0.000313636	5.45455e-05	0.000618182	7.27273e-05	0.000172727	0.000122727	0.000118182	5.90909e-05	0.000727273	8.18182e-05	0.000209091	0.000127273	0.000181818	0.000468182	
0.327695	0.348936	0.190868	0.127786	0.603159	0.120264	0.126477	0.145386	0.114673	0.0346364	0.759491	0.0864864	0	0	0	0	0.00123636	0.0519591	0.00164545	0.940445	0.565973	0.0479455	0.332236	0.0491318	0.658223	0.0881136	0.123745	0.125205	0.102218	0.0730455	0.729759	0.0902636	0.182436	0.159209	0.198323	0.455318	
0.000654545	0.000686364	0.000372727	0.000236364	0.00120455	0.000218182	0.000263636	0.000263636	0.000190909	4.09091e-05	0.00152727	0.000190909	0	0	0	0	0	0.000122727	0	0.00182727	0.0011	0.000109091	0.000618182	0.000122727	0.00138636	0.00015	0.0002	0.000213636	0.000204545	0.000140909	0.0014	0.000204545	0.000327273	0.000286364	0.000418182	0.000918182	
0.000427273	0.000386364	0.000254545	0.000172727	0.000813636	0.000145455	0.000136364	0.000145455	0.000136364	4.09091e-05	0.000954545	0.000109091	4.54545e-06	0	0.00123636	0	0	0	0	0	0.000668182	7.72727e-05	0.000440909	5.45455e-05	0.000845455	0.000131818	0.000140909	0.000122727	0.000145455	5e-05	0.000904545	0.000140909	0.000181818	0.000172727	0.000290909	0.000595455	
0.0169864	0.0186273	0.00977273	0.00684091	0.0318773	0.00609091	0.00664545	0.00761364	0.00585909	0.00183182	0.0399818	0.00455455	0.000113636	3.18182e-05	0.0519591	0.000122727	0	0	0	0	0.0292955	0.00266364	0.0177136	0.00255455	0.0349636	0.00444091	0.00646364	0.00635909	0.00523636	0.00388182	0.0386682	0.00444091	0.00945	0.00855909	0.0104409	0.0237773	
0.000490909	0.000663636	0.000309091	0.000181818	0.00095	0.000240909	0.000190909	0.000263636	0.000231818	7.27273e-05	0.00119091	0.00015	0	0	0.00164545	0	0	0	0	0	0.000959091	8.18182e-05	0.000545455	5.90909e-05	0.00112727	0.000127273	0.000186364	0.000204545	0.000145455	0.000140909	0.00118182	0.000177273	0.000304545	0.000295455	0.000290909	0.000754545	
0.311314	0.330973	0.181418	0.121182	0.572391	0.114314	0.120123	0.138059	0.108955	0.0328182	0.720991	0.0821227	0.00165909	0.000954545	0.940445	0.00182727	0	0	0	0	0.537732	0.0453545	0.315055	0.0467455	0.624405	0.0838455	0.117541	0.119095	0.0971773	0.0693136	0.692441	0.0859545	0.173395	0.150814	0.18825	0.432427	
0.188014	0.199445	0.109191	0.0720045	0.349886	0.0669	0.0707955	0.0810727	0.0640364	0.0194409	0.436323	0.0488545	0.001	0.000581818	0.565973	0.0011	0.000668182	0.0292955	0.000959091	0.537732	0	0	0	0	0.369691	0.0515773	0.0731091	0.0742773	0.0731136	0.0521818	0.378486	0.0648727	0.106623	0.0932545	0.115882	0.252895	
0.0157727	0.0172636	0.00915909	0.00598182	0.0295727	0.00576364	0.00611364	0.00672727	0.00566818	0.00159545	0.0367682	0.00414545	8.63636e-05	3.63636e-05	0.0479455	0.000109091	7.72727e-05	0.00266364	8.18182e-05	0.0453545	0	0	0	0	0.0314455	0.00449545	0.00595909	0.00627727	0.00624091	0.00442727	0.0319091	0.0056	0.00912727	0.00779545	0.00997273	0.0212818	
0.1091	0.116432	0.0641273	0.0440955	0.196359	0.0422682	0.0442955	0.0508318	0.0395773	0.0120182	0.252273	0.0298864	0.000586364	0.000313636	0.332236	0.000618182	0.000440909	0.0177136	0.000545455	0.315055	0	0	0	0	0.228064	0.0279136	0.03875	0.0390273	0.0170727	0.0122409	0.289686	0.0147545	0.0582	0.0507227	0.0633682	0.161464	
0.0163318	0.0175091	0.00927727	0.00629545	0.0302136	0.00585909	0.00589091	0.00745	0.0059	0.00170909	0.0377545	0.00405	0.000104545	5.45455e-05	0.0491318	0.000122727	5.45455e-05	0.00255455	5.90909e-05	0.0467455	0	0	0	0	0.0321409	0.00455909	0.00651364	0.0062	0.00627727	0.00453636	0.0331136	0.00548636	0.00938182	0.00806818	0.01005	0.0219136	
0.217068	0.232409	0.126264	0.0856	0.396618	0.0812364	0.0852636	0.0982227	0.07705	0.0231045	0.503232	0.0579545	0.00111364	0.000618182	0.658223	0.00138636	0.000845455	0.0349636	0.00112727	0.624405	0.369691	0.0314455	0.228064	0.0321409	0	0	0	0	0.0545955	0.0391955	0.518936	0.0486136	0.118705	0.103868	0.129745	0.309023	
0.0287909	0.0311091	0.0172864	0.0113591	0.0551318	0.0102	0.0107773	0.0124364	0.0101455	0.00305	0.06795	0.0074	0.000209091	7.27273e-05	0.0881136	0.00015	0.000131818	0.00444091	0.000127273	0.0838455	0.0515773	0.00449545	0.0279136	0.00455909	0	0	0	0	0.0127227	0.00891364	0.0559	0.0110091	0.0169364	0.0143727	0.0184364	0.0388	
0.0414	0.0432636	0.0240273	0.0156409	0.0765045	0.0144591	0.0157318	0.0176364	0.0137682	0.00434545	0.0957182	0.0105	0.000213636	0.000172727	0.123745	0.0002	0.000140909	0.00646364	0.000186364	0.117541	0.0731091	0.00595909	0.03875	0.00651364	0	0	0	0	0.0175773	0.0124409	0.0788455	0.0154682	0.02385	0.02085	0.0251045	0.0545273	
0.0419591	0.0438682	0.0241773	0.0157773	0.0777773	0.0148955	0.0153227	0.0177864	0.0142182	0.00426364	0.0962182	0.0110818	0.000240909	0.000122727	0.125205	0.000213636	0.000122727	0.00635909	0.000204545	0.119095	0.0742773	0.00627727	0.0390273	0.0062	0	0	0	0	0.0178091	0.0128364	0.0795136	0.0156227	0.0238409	0.02075	0.0259864	0.0552045	
0.0343273	0.0368955	0.0198273	0.0116545	0.0718909	0.00908182	0.0103545	0.0113773	0.00980455	0.00304545	0.0823455	0.00750909	0.000163636	0.000118182	0.102218	0.000204545	0.000145455	0.00523636	0.000145455	0.0971773	0.0731136	0.00624091	0.0170727	0.00627727	0.0545955	0.0127227	0.0175773	0.0178091	0	0	0	0	0.0235818	0.0206909	0.0256955	0.0327364	
0.0246864	0.0255455	0.0149091	0.00824545	0.0517727	0.00645909	0.00714091	0.00801364	0.00668636	0.00204091	0.0591773	0.00548182	0.000140909	5.90909e-05	0.0730455	0.000140909	5e-05	0.00388182	0.000140909	0.0693136	0.0521818	0.00442727	0.0122409	0.00453636	0.0391955	0.00891364	0.0124409	0.0128364	0	0	0	0	0.0168818	0.01485	0.0181636	0.0234909	
0.240045	0.256091	0.139264	0.0977955	0.418695	0.0967727	0.100864	0.116864	0.09005	0.0270955	0.548586	0.0674636	0.00130909	0.000727273	0.729759	0.0014	0.000904545	0.0386682	0.00118182	0.692441	0.378486	0.0319091	0.289686	0.0331136	0.518936	0.0559	0.0788455	0.0795136	0	0	0	0	0.122136	0.10605	0.1326	0.372409	
0.0301591	0.0321182	0.0177545	0.0106818	0.0636727	0.00847727	0.00873636	0.00982727	0.00864091	0.00258182	0.0730091	0.00648182	0.000163636	8.18182e-05	0.0902636	0.000204545	0.000140909	0.00444091	0.000177273	0.0859545	0.0648727	0.0056	0.0147545	0.00548636	0.0486136	0.0110091	0.0154682	0.0156227	0	0	0	0	0.0207318	0.01825	0.0228136	0.0289182	
0.0611636	0.0643091	0.0353818	0.0224773	0.1161	0.0204773	0.0218227	0.0249318	0.0138455	0.00435455	0.154691	0.0104409	0.000359091	0.000209091	0.182436	0.000327273	0.000181818	0.00945	0.000304545	0.173395	0.106623	0.00912727	0.0582	0.00938182	0.118705	0.0169364	0.02385	0.0238409	0.0235818	0.0168818	0.122136	0.0207318	0	0	0	0	
0.0528591	0.0563273	0.0308045	0.01985	0.101505	0.0177136	0.0193136	0.0213091	0.0121045	0.00392727	0.134755	0.00905455	0.000218182	0.000127273	0.159209	0.000286364	0.000172727	0.00855909	0.000295455	0.150814	0.0932545	0.00779545	0.0507227	0.00806818	0.103868	0.0143727	0.02085	0.02075	0.0206909	0.01485	0.10605	0.01825	0	0	0	0	
0.0650318	0.07125	0.0388182	0.0241727	0.127518	0.0224273	0.0225727	0.0267545	0.0152364	0.00441818	0.168045	0.0115727	0.00035	0.000181818	0.198323	0.000418182	0.000290909	0.0104409	0.000290909	0.18825	0.115882	0.00997273	0.0633682	0.01005	0.129745	0.0184364	0.0251045	0.0259864	0.0256955	0.0181636	0.1326	0.0228136	0	0	0	0	
0.150164	0.158764	0.08675	0.0618773	0.260909	0.0601727	0.0633864	0.0730864	0.0739955	0.0220636	0.305627	0.0558682	0.00085	0.000468182	0.455318	0.000918182	0.000595455	0.0237773	0.000754545	0.432427	0.252895	0.0212818	0.161464	0.0219136	0.309023	0.0388	0.0545273	0.0552045	0.0327364	0.0234909	0.372409	0.0289182	0	0	0	0	
