0	0	0	0	0	0	0	0	0	0	0	0	0	0	0	0	0	0	0	0	0.0584846	0	-0.064735	0	0	0	0	0	0	0	0	0	0	0	0	0	
0	0	0	0	0.364248	0	-0.103607	0	0	0	0.115201	0	0	0	0	0	0	0	0	0	-0.0636855	0	0	0	-0.0874694	0	0	0	0	0	0	0	0	0	0	-0.0611368	
0	0	0	0	0	0	0	0	0	0	0	0	0	0	0	0	0	0	0	0	0	0	0	0	0	0	0	0	0	0	0.0659265	0	0	0	0	0	
0	0	0	0	-1.53207	0	0	0	0	0	0	0	0	0	0	0	0	0	0	0	0	0	0	0	0	0	0	0	0	0	0	0	0	0	0	0	
0	0.364248	0	-1.53207	0	0	0	0	0	0	0.850912	0	0	0	0	0	0	0	0	0	0	0	0	0	-0.649125	0	0	0	0	0	-1.01616	0	0	0	0	-0.485542	
0	0	0	0	0	0	0	0	0	0	-0.544831	0	0	0	0	0	0	0	0	0	0	0	0	0	0	0	0	0	0	0	0	0	0	0	0	0	
0	-0.103607	0	0	0	0	0	0	0	0	0	0	0	0	0	0	0	0	0	0	0	0	0	0	0	0	0	0	0	0	0	0	0	0	0	0	
0	0	0	0	0	0	0	0	0	0	0.475285	0	0	0	0	0	0	0	0	0	0	0	0	0	0	0	0	0	0	0	0	0	0	0	0	0	
0	0	0	0	0	0	0	0	0	0	0	0	0	0	0	0	0	0	0	0	0.0871448	0	0	0	0	0	0	0	0	0	0	0	0	0	0	0	
0	0	0	0	0	0	0	0	0	0	0	0	0	0	0	0	0	0	0	0	0	0	0	0	0	0	0	0	0	0	0	0	0	0	0	0	
0	0.115201	0	0	0.850912	-0.544831	0	0.475285	0	0	0	0	0	0	0.0606457	0	0	0	0	0	-0.0881298	0	0.0478133	0	-0.4691	0	0	0	0	0	-0.0888807	0	0	0	0	-1.18221	
0	0	0	0	0	0	0	0	0	0	0	0	0	0	0	0	0	0	0	0	0	0	0	0	0	0	0	0	0	0	0	0	0	0	0	0	
0	0	0	0	0	0	0	0	0	0	0	0	0	0	0	0	0	0	0	0	0	0	0	0	0	0	0	0	0	0	0	0	0	0	0	0	
0	0	0	0	0	0	0	0	0	0	0	0	0	0	0	0	0	0	0	0	0	0	0	0	0	0	0	0	0	0	0	0	0	0	0	0	
0	0	0	0	0	0	0	0	0	0	0.0606457	0	0	0	0	0	0	0	0	0	0	0	0	0	0	0	0	0	0	0	0	0	0	0	0	0	
0	0	0	0	0	0	0	0	0	0	0	0	0	0	0	0	0	0	0	0	0	0	0	0	0	0	0	0	0	0	0	0	0	0	0	0	
0	0	0	0	0	0	0	0	0	0	0	0	0	0	0	0	0	0	0	0	0	0	0	0	0	0	0	0	0	0	0	0	0	0	0	0	
0	0	0	0	0	0	0	0	0	0	0	0	0	0	0	0	0	0	0	0	0	0	0	0	0	0	0	0	0	0	0	0	0	0	0	0	
0	0	0	0	0	0	0	0	0	0	0	0	0	0	0	0	0	0	0	0	0	0	0	0	0	0	0	0	0	0	0	0	0	0	0	0	
0	0	0	0	0	0	0	0	0	0	0	0	0	0	0	0	0	0	0	0	0	0	0	0	0	0	0	0	0	0	0	0	0	0	0	0	
0.0584846	-0.0636855	0	0	0	0	0	0	0.0871448	0	-0.0881298	0	0	0	0	0	0	0	0	0	0	0	0	0	0.0840998	0	-0.201665	0	0	0	-1.14272	0	0.211321	0	0	0	
0	0	0	0	0	0	0	0	0	0	0	0	0	0	0	0	0	0	0	0	0	0	0	0	0	0	0	0	0	0	0	0	0	0	0	0	
-0.064735	0	0	0	0	0	0	0	0	0	0.0478133	0	0	0	0	0	0	0	0	0	0	0	0	0	0.735719	0	0	-0.126629	0	0	0	0	-0.20572	0.0709211	0	0	
0	0	0	0	0	0	0	0	0	0	0	0	0	0	0	0	0	0	0	0	0	0	0	0	-0.105218	0	0	0	0	0	0	0	0	0	0	0	
0	-0.0874694	0	0	-0.649125	0	0	0	0	0	-0.4691	0	0	0	0	0	0	0	0	0	0.0840998	0	0.735719	-0.105218	0	0	0	0	0	0	0.576597	0	0	0	0	0	
0	0	0	0	0	0	0	0	0	0	0	0	0	0	0	0	0	0	0	0	0	0	0	0	0	0	0	0	0	0	-0.67956	0	0	0	0	0	
0	0	0	0	0	0	0	0	0	0	0	0	0	0	0	0	0	0	0	0	-0.201665	0	0	0	0	0	0	0	0	0	0.503132	0	0	0	0	0	
0	0	0	0	0	0	0	0	0	0	0	0	0	0	0	0	0	0	0	0	0	0	-0.126629	0	0	0	0	0	0	0	0	0	0	0	0	0	
0	0	0	0	0	0	0	0	0	0	0	0	0	0	0	0	0	0	0	0	0	0	0	0	0	0	0	0	0	0	0	0	0	0	0	0	
0	0	0	0	0	0	0	0	0	0	0	0	0	0	0	0	0	0	0	0	0	0	0	0	0	0	0	0	0	0	0	0	0	0	0	0	
0	0	0.0659265	0	-1.01616	0	0	0	0	0	-0.0888807	0	0	0	0	0	0	0	0	0	-1.14272	0	0	0	0.576597	-0.67956	0.503132	0	0	0	0	0	0	0	0	0.629479	
0	0	0	0	0	0	0	0	0	0	0	0	0	0	0	0	0	0	0	0	0	0	0	0	0	0	0	0	0	0	0	0	0	0	0	0	
0	0	0	0	0	0	0	0	0	0	0	0	0	0	0	0	0	0	0	0	0.211321	0	-0.20572	0	0	0	0	0	0	0	0	0	0	0	0	0	
0	0	0	0	0	0	0	0	0	0	0	0	0	0	0	0	0	0	0	0	0	0	0.0709211	0	0	0	0	0	0	0	0	0	0	0	0	0	
0	0	0	0	0	0	0	0	0	0	0	0	0	0	0	0	0	0	0	0	0	0	0	0	0	0	0	0	0	0	0	0	0	0	0	0	
0	-0.0611368	0	0	-0.485542	0	0	0	0	0	-1.18221	0	0	0	0	0	0	0	0	0	0	0	0	0	0	0	0	0	0	0	0.629479	0	0	0	0	0	
