0	0	0	0	0	0	0	0	0	0	0	0	0	0	0	0	0	0	0	0	0.0649211	0	-0.0913368	0	0	0	0	0	0	0	0	0	0	0	0	0	
0	0	0	0	0.323752	0	-0.259227	0	0	0	0.221063	0	0	0	0	0	0	0	0	0	-0.104248	0	0	0	-0.163379	0	0	0	0	0	0	0	0	0	0	-0.100371	
0	0	0	0	0	0	0	0	0	0	0	0	0	0	0	0	0	0	0	0	0	0	0	0	0	0	0	0	0	0	0.146513	0	0	0	0	0	
0	0	0	0	-1.51179	0	0	0	0	0	0	0	0	0	0	0	0	0	0	0	0	0	0	0	0	0	0	0	0	0	0	0	0	0	0	0	
0	0.323752	0	-1.51179	0	0	0	0	0	0	0.798327	0	0	0	0	0	0	0	0	0	0	0	0	0	-0.626903	0	0	0	0	0	-0.976808	0	0	0	0	-0.477678	
0	0	0	0	0	0	0	0	0	0	-0.670141	0	0	0	0	0	0	0	0	0	0	0	0.181078	0	0	0	0	0	0	0	0	0	0	0	0	0	
0	-0.259227	0	0	0	0	0	0	0	0	0	0	0	0	0	0	0	0	0	0	0	0	0	0	0	0	0	0	0	0	0	0	0	0	0	0	
0	0	0	0	0	0	0	0	0	0	0.578135	0	0	0	0	0	0	0	0	0	0	0	0	0	0	0	0	0	0	0	0	0	0	0	0	0	
0	0	0	0	0	0	0	0	0	0	0	0	0	0	0	0	0	0	0	0	0.190982	0	0	0	0	0	0	0	0	0	0	0	0	0	0	0	
0	0	0	0	0	0	0	0	0	0	0	0	0	0	0	0	0	0	0	0	0	0	0	0	0	0	0	0	0	0	0	0	0	0	0	0	
0	0.221063	0	0	0.798327	-0.670141	0	0.578135	0	0	0	0	0	0	0.242011	0	0	0	0	0	-0.176079	0	0.0469443	0	-0.567164	0	0	0	0	0	-0.265812	0	0	0	0	-1.17453	
0	0	0	0	0	0	0	0	0	0	0	0	0	0	0	0	0	0	0	0	0	0	0	0	0	0	0	0	0	0	0	0	0	0	0	0	
0	0	0	0	0	0	0	0	0	0	0	0	0	0	0	0	0	0	0	0	0	0	0	0	0	0	0	0	0	0	0	0	0	0	0	0	
0	0	0	0	0	0	0	0	0	0	0	0	0	0	0	0	0	0	0	0	0	0	0	0	0	0	0	0	0	0	0	0	0	0	0	0	
0	0	0	0	0	0	0	0	0	0	0.242011	0	0	0	0	0	0	0	0	0	0	0	0	0	0	0	0	0	0	0	0	0	0	0	0	0	
0	0	0	0	0	0	0	0	0	0	0	0	0	0	0	0	0	0	0	0	0	0	0	0	0	0	0	0	0	0	0	0	0	0	0	0	
0	0	0	0	0	0	0	0	0	0	0	0	0	0	0	0	0	0	0	0	0	0	0	0	0	0	0	0	0	0	0	0	0	0	0	0	
0	0	0	0	0	0	0	0	0	0	0	0	0	0	0	0	0	0	0	0	0	0	0	0	0	0	0	0	0	0	0	0	0	0	0	0	
0	0	0	0	0	0	0	0	0	0	0	0	0	0	0	0	0	0	0	0	0	0	0	0	0	0	0	0	0	0	0	0	0	0	0	0	
0	0	0	0	0	0	0	0	0	0	0	0	0	0	0	0	0	0	0	0	0	0	0	0	0	0	0	0	0	0	0	0	0	0	0	0	
0.0649211	-0.104248	0	0	0	0	0	0	0.190982	0	-0.176079	0	0	0	0	0	0	0	0	0	0	0	0	0	0.184036	0	-0.227318	0	0	0	-1.13256	0	0.270589	0	0	0	
0	0	0	0	0	0	0	0	0	0	0	0	0	0	0	0	0	0	0	0	0	0	0	0	0	0	0	0	0	0	0	0	0	0	0	0	
-0.0913368	0	0	0	0	0.181078	0	0	0	0	0.0469443	0	0	0	0	0	0	0	0	0	0	0	0	0	0.786044	0	0	-0.357872	0	0	0	0	-0.251474	0.147728	0	0	
0	0	0	0	0	0	0	0	0	0	0	0	0	0	0	0	0	0	0	0	0	0	0	0	-0.274624	0	0	0	0	0	0	0	0	0	0	0	
0	-0.163379	0	0	-0.626903	0	0	0	0	0	-0.567164	0	0	0	0	0	0	0	0	0	0.184036	0	0.786044	-0.274624	0	0	0	0	0	0	0.577911	0	0	0	0	0	
0	0	0	0	0	0	0	0	0	0	0	0	0	0	0	0	0	0	0	0	0	0	0	0	0	0	0	0	0	0	-0.821343	0	0	0	0	0	
0	0	0	0	0	0	0	0	0	0	0	0	0	0	0	0	0	0	0	0	-0.227318	0	0	0	0	0	0	0	0	0	0.594577	0	0	0	0	0	
0	0	0	0	0	0	0	0	0	0	0	0	0	0	0	0	0	0	0	0	0	0	-0.357872	0	0	0	0	0	0	0	0	0	0	0	0	0.168076	
0	0	0	0	0	0	0	0	0	0	0	0	0	0	0	0	0	0	0	0	0	0	0	0	0	0	0	0	0	0	0	0	0	0	0	0	
0	0	0	0	0	0	0	0	0	0	0	0	0	0	0	0	0	0	0	0	0	0	0	0	0	0	0	0	0	0	0	0	0	0	0	0	
0	0	0.146513	0	-0.976808	0	0	0	0	0	-0.265812	0	0	0	0	0	0	0	0	0	-1.13256	0	0	0	0.577911	-0.821343	0.594577	0	0	0	0	0	0	0	0	0.617844	
0	0	0	0	0	0	0	0	0	0	0	0	0	0	0	0	0	0	0	0	0	0	0	0	0	0	0	0	0	0	0	0	0	0	0	0	
0	0	0	0	0	0	0	0	0	0	0	0	0	0	0	0	0	0	0	0	0.270589	0	-0.251474	0	0	0	0	0	0	0	0	0	0	0	0	0	
0	0	0	0	0	0	0	0	0	0	0	0	0	0	0	0	0	0	0	0	0	0	0.147728	0	0	0	0	0	0	0	0	0	0	0	0	0	
0	0	0	0	0	0	0	0	0	0	0	0	0	0	0	0	0	0	0	0	0	0	0	0	0	0	0	0	0	0	0	0	0	0	0	0	
0	-0.100371	0	0	-0.477678	0	0	0	0	0	-1.17453	0	0	0	0	0	0	0	0	0	0	0	0	0	0	0	0	0.168076	0	0	0.617844	0	0	0	0	0	
