0	0	0	0	0.20594	0.03362	0.03887	0.04432	0.03377	0.00987	0.25557	0.02354	0.00118	0.0007	0.32	0.00087	0.00085	0.00523	0.00094	0.31573	0.19756	0.0107	0.10491	0.00958	0.21897	0.02546	0.0408	0.03752	0.0303	0.0216	0.24353	0.02732	0.0574	0.05029	0.06153	0.15353	
0	0	0	0	0.26673	0.02837	0.02721	0.03802	0.028	0.00857	0.30357	0.02019	0.00129	0.00066	0.35744	0.00094	0.00114	0.00609	0.00116	0.35194	0.20242	0.01252	0.13348	0.01191	0.22943	0.03218	0.05251	0.04621	0.03569	0.02551	0.26691	0.03222	0.06769	0.06104	0.07578	0.15582	
0	0	0	0	0.12188	0.02021	0.02345	0.0262	0.01935	0.00539	0.1523	0.0147	0.00087	0.00037	0.18992	0.00058	0.00062	0.00307	0.00054	0.18751	0.10723	0.00681	0.07121	0.00649	0.13229	0.01455	0.0241	0.0208	0.01636	0.01092	0.14991	0.01455	0.03346	0.03047	0.03558	0.09223	
0	0	0	0	0.03413	0.02657	0.0298	0.03468	0.01771	0.00507	0.09006	0.01234	0.00038	0.00029	0.12419	0.00032	0.00035	0.00213	0.00037	0.12233	0.06976	0.0043	0.04711	0.00401	0.09396	0.00709	0.01304	0.01109	0.0081	0.00554	0.10478	0.00676	0.01827	0.01681	0.02071	0.06939	
0.20594	0.26673	0.12188	0.03413	0	0	0	0	0.04034	0.01154	0.5473	0.0295	0.00231	0.00121	0.62343	0.00173	0.00199	0.0106	0.00186	0.61423	0.37586	0.02086	0.21189	0.02007	0.38085	0.06323	0.09664	0.08796	0.07424	0.05219	0.43595	0.0663	0.12716	0.11194	0.13854	0.25104	
0.03362	0.02837	0.02021	0.02657	0	0	0	0	0.02498	0.00735	0.05901	0.01743	0.00039	0.00033	0.10784	0.00021	0.00021	0.00182	0.00024	0.1065	0.0588	0.00348	0.04305	0.00344	0.08746	0.00443	0.00955	0.00733	0.00457	0.00321	0.09707	0.00392	0.01308	0.01246	0.01471	0.06852	
0.03887	0.02721	0.02345	0.0298	0	0	0	0	0.0185	0.00566	0.08204	0.01313	0.00052	0.00027	0.11814	0.0004	0.00034	0.0018	0.00041	0.11678	0.06539	0.00437	0.04579	0.00378	0.09481	0.00508	0.01047	0.00897	0.00518	0.00386	0.1055	0.00479	0.01615	0.01487	0.01805	0.07026	
0.04432	0.03802	0.0262	0.03468	0	0	0	0	0.01501	0.00435	0.11315	0.01071	0.0005	0.00021	0.14214	0.00037	0.00042	0.0023	0.0005	0.14	0.07692	0.00562	0.05598	0.0047	0.11153	0.00654	0.01379	0.01136	0.00646	0.00431	0.12661	0.00584	0.02043	0.01934	0.0223	0.08115	
0.03377	0.028	0.01935	0.01771	0.04034	0.02498	0.0185	0.01501	0	0	0	0	0.00048	0.00023	0.09782	0.0003	0.00028	0.00152	0.00039	0.09664	0.0596	0.00319	0.03333	0.00271	0.07826	0.00466	0.00858	0.00733	0.00606	0.00425	0.08334	0.00518	0.00931	0.00812	0.00972	0.07168	
0.00987	0.00857	0.00539	0.00507	0.01154	0.00735	0.00566	0.00435	0	0	0	0	8e-05	7e-05	0.02866	9e-05	4e-05	0.00047	0.0001	0.02829	0.0166	0.00086	0.01059	0.00085	0.02271	0.0014	0.00251	0.00228	0.00173	0.00108	0.0245	0.00159	0.00268	0.00245	0.0031	0.02067	
0.25557	0.30357	0.1523	0.09006	0.5473	0.05901	0.08204	0.11315	0	0	0	0	0.00288	0.00155	0.79493	0.00214	0.00245	0.01329	0.0024	0.78336	0.45996	0.02784	0.28743	0.02627	0.51797	0.06979	0.11351	0.10023	0.07816	0.0556	0.59774	0.07	0.15852	0.14209	0.1734	0.32749	
0.02354	0.02019	0.0147	0.01234	0.0295	0.01743	0.01313	0.01071	0	0	0	0	0.00028	0.00017	0.07014	0.00018	0.00019	0.00124	0.00012	0.06922	0.04081	0.00244	0.02536	0.00216	0.05571	0.00343	0.00585	0.00578	0.0045	0.00264	0.05955	0.00408	0.00631	0.00595	0.00738	0.05113	
0.00118	0.00129	0.00087	0.00038	0.00231	0.00039	0.00052	0.0005	0.00048	8e-05	0.00288	0.00028	0	0	0	0	4e-05	3e-05	1e-05	0.00364	0.00217	0.00014	0.00126	0.00015	0.00251	0.00036	0.00047	0.00038	0.00033	0.00026	0.00289	0.00024	0.0007	0.00037	0.00068	0.00197	
0.0007	0.00066	0.00037	0.00029	0.00121	0.00033	0.00027	0.00021	0.00023	7e-05	0.00155	0.00017	0	0	0	0	0	1e-05	0	0.00201	0.00113	8e-05	0.00076	5e-05	0.00138	0.00015	0.00029	0.0002	0.00022	0.00014	0.00151	0.00015	0.00031	0.0003	0.00038	0.00103	
0.32	0.35744	0.18992	0.12419	0.62343	0.10784	0.11814	0.14214	0.09782	0.02866	0.79493	0.07014	0	0	0	0	0.00292	0.01644	0.00299	0.9692	0.57215	0.034	0.35373	0.03167	0.66907	0.07845	0.12935	0.11468	0.08969	0.06297	0.75865	0.08024	0.1754	0.15758	0.19196	0.46661	
0.00087	0.00094	0.00058	0.00032	0.00173	0.00021	0.0004	0.00037	0.0003	9e-05	0.00214	0.00018	0	0	0	0	0	4e-05	1e-05	0.00266	0.00152	0.00011	0.00096	0.00012	0.00169	0.00032	0.00034	0.00036	0.00021	0.0002	0.00208	0.00022	0.00041	0.00036	0.00058	0.00136	
0.00085	0.00114	0.00062	0.00035	0.00199	0.00021	0.00034	0.00042	0.00028	4e-05	0.00245	0.00019	4e-05	0	0.00292	0	0	0	0	0	0.00166	0.00011	0.00106	0.00013	0.0019	0.00024	0.00041	0.00041	0.00019	0.00022	0.00219	0.00036	0.0005	0.00059	0.00059	0.00128	
0.00523	0.00609	0.00307	0.00213	0.0106	0.00182	0.0018	0.0023	0.00152	0.00047	0.01329	0.00124	3e-05	1e-05	0.01644	4e-05	0	0	0	0	0.00961	0.00073	0.00563	0.00055	0.01098	0.00144	0.00212	0.00198	0.00156	0.00129	0.01243	0.00124	0.00297	0.00251	0.00363	0.00741	
0.00094	0.00116	0.00054	0.00037	0.00186	0.00024	0.00041	0.0005	0.00039	0.0001	0.0024	0.00012	1e-05	0	0.00299	1e-05	0	0	0	0	0.00166	8e-05	0.00121	6e-05	0.00223	0.0002	0.00028	0.0003	0.00026	0.00019	0.00234	0.00022	0.00055	0.00053	0.00046	0.00147	
0.31573	0.35194	0.18751	0.12233	0.61423	0.1065	0.11678	0.14	0.09664	0.02829	0.78336	0.06922	0.00364	0.00201	0.9692	0.00266	0	0	0	0	0.56404	0.03341	0.34881	0.03125	0.65954	0.0774	0.12764	0.11293	0.08844	0.06187	0.74817	0.07903	0.1728	0.15498	0.18892	0.46081	
0.19756	0.20242	0.10723	0.06976	0.37586	0.0588	0.06539	0.07692	0.0596	0.0166	0.45996	0.04081	0.00217	0.00113	0.57215	0.00152	0.00166	0.00961	0.00166	0.56404	0	0	0	0	0.36129	0.05639	0.07801	0.08128	0.07018	0.04926	0.39377	0.06376	0.11903	0.08717	0.11107	0.2597	
0.0107	0.01252	0.00681	0.0043	0.02086	0.00348	0.00437	0.00562	0.00319	0.00086	0.02784	0.00244	0.00014	8e-05	0.034	0.00011	0.00011	0.00073	8e-05	0.03341	0	0	0	0	0.02051	0.0029	0.00609	0.00483	0.00194	0.00133	0.02961	0.00145	0.00572	0.00485	0.00663	0.01713	
0.10491	0.13348	0.07121	0.04711	0.21189	0.04305	0.04579	0.05598	0.03333	0.01059	0.28743	0.02536	0.00126	0.00076	0.35373	0.00096	0.00106	0.00563	0.00121	0.34881	0	0	0	0	0.27499	0.01714	0.03972	0.02486	0.01667	0.01184	0.31395	0.01425	0.0465	0.0617	0.07002	0.17849	
0.00958	0.01191	0.00649	0.00401	0.02007	0.00344	0.00378	0.0047	0.00271	0.00085	0.02627	0.00216	0.00015	5e-05	0.03167	0.00012	0.00013	0.00055	6e-05	0.03125	0	0	0	0	0.01786	0.00285	0.00663	0.00465	0.00166	0.00114	0.0278	0.00139	0.00557	0.00489	0.00588	0.01565	
0.21897	0.22943	0.13229	0.09396	0.38085	0.08746	0.09481	0.11153	0.07826	0.02271	0.51797	0.05571	0.00251	0.00138	0.66907	0.00169	0.0019	0.01098	0.00223	0.65954	0.36129	0.02051	0.27499	0.01786	0	0	0	0	0.04701	0.0327	0.55238	0.04256	0.11261	0.10215	0.12656	0.33333	
0.02546	0.03218	0.01455	0.00709	0.06323	0.00443	0.00508	0.00654	0.00466	0.0014	0.06979	0.00343	0.00036	0.00015	0.07845	0.00032	0.00024	0.00144	0.0002	0.0774	0.05639	0.0029	0.01714	0.00285	0	0	0	0	0.01643	0.01137	0.03699	0.01449	0.01638	0.01445	0.018	0.03045	
0.0408	0.05251	0.0241	0.01304	0.09664	0.00955	0.01047	0.01379	0.00858	0.00251	0.11351	0.00585	0.00047	0.00029	0.12935	0.00034	0.00041	0.00212	0.00028	0.12764	0.07801	0.00609	0.03972	0.00663	0	0	0	0	0.01123	0.00801	0.1014	0.00981	0.02473	0.02243	0.02579	0.0575	
0.03752	0.04621	0.0208	0.01109	0.08796	0.00733	0.00897	0.01136	0.00733	0.00228	0.10023	0.00578	0.00038	0.0002	0.11468	0.00036	0.00041	0.00198	0.0003	0.11293	0.08128	0.00483	0.02486	0.00465	0	0	0	0	0.01578	0.01149	0.07436	0.01399	0.0231	0.01958	0.02325	0.04969	
0.0303	0.03569	0.01636	0.0081	0.07424	0.00457	0.00518	0.00646	0.00606	0.00173	0.07816	0.0045	0.00033	0.00022	0.08969	0.00021	0.00019	0.00156	0.00026	0.08844	0.07018	0.00194	0.01667	0.00166	0.04701	0.01643	0.01123	0.01578	0	0	0	0	0.0208	0.01841	0.02263	0.02861	
0.0216	0.02551	0.01092	0.00554	0.05219	0.00321	0.00386	0.00431	0.00425	0.00108	0.0556	0.00264	0.00026	0.00014	0.06297	0.0002	0.00022	0.00129	0.00019	0.06187	0.04926	0.00133	0.01184	0.00114	0.0327	0.01137	0.00801	0.01149	0	0	0	0	0.01525	0.01255	0.0155	0.02027	
0.24353	0.26691	0.14991	0.10478	0.43595	0.09707	0.1055	0.12661	0.08334	0.0245	0.59774	0.05955	0.00289	0.00151	0.75865	0.00208	0.00219	0.01243	0.00234	0.74817	0.39377	0.02961	0.31395	0.0278	0.55238	0.03699	0.1014	0.07436	0	0	0	0	0.1207	0.11244	0.13567	0.39632	
0.02732	0.03222	0.01455	0.00676	0.0663	0.00392	0.00479	0.00584	0.00518	0.00159	0.07	0.00408	0.00024	0.00015	0.08024	0.00022	0.00036	0.00124	0.00022	0.07903	0.06376	0.00145	0.01425	0.00139	0.04256	0.01449	0.00981	0.01399	0	0	0	0	0.02007	0.01521	0.0198	0.02577	
0.0574	0.06769	0.03346	0.01827	0.12716	0.01308	0.01615	0.02043	0.00931	0.00268	0.15852	0.00631	0.0007	0.00031	0.1754	0.00041	0.0005	0.00297	0.00055	0.1728	0.11903	0.00572	0.0465	0.00557	0.11261	0.01638	0.02473	0.0231	0.0208	0.01525	0.1207	0.02007	0	0	0	0	
0.05029	0.06104	0.03047	0.01681	0.11194	0.01246	0.01487	0.01934	0.00812	0.00245	0.14209	0.00595	0.00037	0.0003	0.15758	0.00036	0.00059	0.00251	0.00053	0.15498	0.08717	0.00485	0.0617	0.00489	0.10215	0.01445	0.02243	0.01958	0.01841	0.01255	0.11244	0.01521	0	0	0	0	
0.06153	0.07578	0.03558	0.02071	0.13854	0.01471	0.01805	0.0223	0.00972	0.0031	0.1734	0.00738	0.00068	0.00038	0.19196	0.00058	0.00059	0.00363	0.00046	0.18892	0.11107	0.00663	0.07002	0.00588	0.12656	0.018	0.02579	0.02325	0.02263	0.0155	0.13567	0.0198	0	0	0	0	
0.15353	0.15582	0.09223	0.06939	0.25104	0.06852	0.07026	0.08115	0.07168	0.02067	0.32749	0.05113	0.00197	0.00103	0.46661	0.00136	0.00128	0.00741	0.00147	0.46081	0.2597	0.01713	0.17849	0.01565	0.33333	0.03045	0.0575	0.04969	0.02861	0.02027	0.39632	0.02577	0	0	0	0	
