0	0	0	0	0.20831	0.03282	0.03887	0.04379	0.03285	0.00924	0.2589	0.0228	0.00117	0.00082	0.32082	0.00098	0.0007	0.00555	0.00091	0.31663	0.19199	0.01028	0.11062	0.0109	0.22005	0.02542	0.04227	0.03605	0.02945	0.02089	0.24755	0.0259	0.05748	0.05087	0.06288	0.15256	
0	0	0	0	0.26128	0.02822	0.02963	0.03835	0.02981	0.00949	0.29612	0.02206	0.00149	0.00073	0.35458	0.00068	0.00105	0.00602	0.00104	0.34937	0.20281	0.01204	0.13063	0.012	0.23275	0.0312	0.04971	0.04382	0.03505	0.02472	0.26687	0.03084	0.06639	0.06061	0.07335	0.15713	
0	0	0	0	0.12495	0.02106	0.02257	0.02767	0.0193	0.00598	0.15679	0.01418	0.00067	0.00034	0.1945	0.00074	0.00062	0.00306	0.00061	0.19196	0.1102	0.00673	0.0723	0.00702	0.13417	0.01581	0.0246	0.02167	0.01667	0.01198	0.15231	0.01529	0.03467	0.03001	0.03902	0.09255	
0	0	0	0	0.03463	0.02516	0.02883	0.03386	0.01571	0.00482	0.09095	0.011	0.00037	0.00028	0.12145	0.00038	0.00041	0.00199	0.00032	0.11976	0.06673	0.00442	0.04746	0.00387	0.09089	0.00718	0.01325	0.01116	0.00772	0.00559	0.10196	0.00721	0.01817	0.0165	0.02077	0.06704	
0.20831	0.26128	0.12495	0.03463	0	0	0	0	0.03979	0.01209	0.5482	0.02909	0.00239	0.00134	0.62365	0.00179	0.00158	0.01044	0.00183	0.61532	0.37599	0.02011	0.21259	0.02048	0.38458	0.06276	0.09587	0.08596	0.07284	0.0516	0.43916	0.06557	0.12621	0.11212	0.14043	0.25041	
0.03282	0.02822	0.02106	0.02516	0	0	0	0	0.02341	0.00729	0.06049	0.01607	0.0005	0.00022	0.10622	0.00032	0.00038	0.00177	0.00023	0.10488	0.05718	0.00377	0.04241	0.0039	0.08596	0.00455	0.0094	0.00735	0.00436	0.00345	0.09558	0.00387	0.01309	0.01211	0.01494	0.06712	
0.03887	0.02963	0.02257	0.02883	0	0	0	0	0.01817	0.00526	0.08281	0.01366	0.00038	0.00033	0.1189	0.00029	0.00038	0.00186	0.00036	0.1173	0.06295	0.0042	0.04865	0.0041	0.09451	0.00557	0.01077	0.00905	0.00501	0.00387	0.10654	0.00448	0.01649	0.01514	0.01808	0.07019	
0.04379	0.03835	0.02767	0.03386	0	0	0	0	0.0163	0.00489	0.11126	0.01122	0.00043	0.00028	0.14258	0.00038	0.00044	0.00255	0.00046	0.14022	0.07561	0.00539	0.05736	0.00531	0.11281	0.00673	0.01379	0.01034	0.00668	0.00426	0.12741	0.00532	0.02092	0.01862	0.02257	0.08156	
0.03285	0.02981	0.0193	0.01571	0.03979	0.02341	0.01817	0.0163	0	0	0	0	0.00035	0.00024	0.09672	0.00036	0.0003	0.00162	0.00033	0.09542	0.05484	0.00322	0.03639	0.00322	0.07583	0.00493	0.0096	0.00731	0.00545	0.00429	0.08293	0.005	0.009	0.00762	0.01008	0.07097	
0.00924	0.00949	0.00598	0.00482	0.01209	0.00729	0.00526	0.00489	0	0	0	0	0.00012	6e-05	0.02928	7e-05	9e-05	0.00046	0.00011	0.02887	0.01621	0.00084	0.01137	0.00111	0.02315	0.0015	0.00264	0.00224	0.00144	0.0013	0.02518	0.00161	0.00289	0.00258	0.00309	0.02097	
0.2589	0.29612	0.15679	0.09095	0.5482	0.06049	0.08281	0.11126	0	0	0	0	0.00298	0.00175	0.7959	0.00213	0.00221	0.01343	0.00224	0.78488	0.46262	0.02696	0.2862	0.02698	0.52372	0.06969	0.11153	0.09782	0.07784	0.05428	0.60172	0.06892	0.15784	0.14205	0.17562	0.32725	
0.0228	0.02206	0.01418	0.011	0.02909	0.01607	0.01366	0.01122	0	0	0	0	0.00025	0.00012	0.06945	0.00022	0.00018	0.00111	0.0002	0.06855	0.03806	0.00245	0.02705	0.00248	0.05516	0.00349	0.00606	0.00533	0.00416	0.00331	0.05886	0.00371	0.00698	0.00574	0.00723	0.05009	
0.00117	0.00149	0.00067	0.00037	0.00239	0.0005	0.00038	0.00043	0.00035	0.00012	0.00298	0.00025	0	0	0	0	1e-05	7e-05	3e-05	0.00359	0.00224	0.00013	0.00128	5e-05	0.00236	0.00029	0.00068	0.00037	0.00045	0.00024	0.00276	0.00025	0.00052	0.00059	0.00075	0.00184	
0.00082	0.00073	0.00034	0.00028	0.00134	0.00022	0.00033	0.00028	0.00024	6e-05	0.00175	0.00012	0	0	0	0	0	4e-05	0	0.00213	0.00111	0.0001	0.00088	8e-05	0.00152	0.00018	0.00025	0.00022	0.00016	0.00014	0.00169	0.00018	0.00031	0.00039	0.00026	0.00121	
0.32082	0.35458	0.1945	0.12145	0.62365	0.10622	0.1189	0.14258	0.09672	0.02928	0.7959	0.06945	0	0	0	0	0.00277	0.01644	0.00285	0.96929	0.56686	0.0331	0.35784	0.03355	0.67204	0.07892	0.12856	0.11183	0.08813	0.06255	0.762	0.07867	0.17541	0.15659	0.19444	0.46491	
0.00098	0.00068	0.00074	0.00038	0.00179	0.00032	0.00029	0.00038	0.00036	7e-05	0.00213	0.00022	0	0	0	0	0	7e-05	0	0.00271	0.00152	0.00014	0.00101	0.00011	0.00194	0.00022	0.00034	0.00028	0.00015	0.00025	0.00224	0.00014	0.00047	0.00042	0.00057	0.00132	
0.0007	0.00105	0.00062	0.00041	0.00158	0.00038	0.00038	0.00044	0.0003	9e-05	0.00221	0.00018	1e-05	0	0.00277	0	0	0	0	0	0.00159	5e-05	0.00106	8e-05	0.00192	0.00019	0.00036	0.00031	0.00024	0.00012	0.00219	0.00023	0.00054	0.00038	0.00052	0.00134	
0.00555	0.00602	0.00306	0.00199	0.01044	0.00177	0.00186	0.00255	0.00162	0.00046	0.01343	0.00111	7e-05	4e-05	0.01644	7e-05	0	0	0	0	0.00936	0.00057	0.00617	0.00052	0.01137	0.00114	0.00206	0.00205	0.0013	0.00091	0.01311	0.0013	0.00291	0.00245	0.0035	0.00776	
0.00091	0.00104	0.00061	0.00032	0.00183	0.00023	0.00036	0.00046	0.00033	0.00011	0.00224	0.0002	3e-05	0	0.00285	0	0	0	0	0	0.00152	0.00013	0.00112	0.00011	0.00194	0.00026	0.00034	0.00034	0.00026	0.00024	0.00221	0.00017	0.00046	0.00047	0.00055	0.0014	
0.31663	0.34937	0.19196	0.11976	0.61532	0.10488	0.1173	0.14022	0.09542	0.02887	0.78488	0.06855	0.00359	0.00213	0.96929	0.00271	0	0	0	0	0.55926	0.03272	0.35266	0.03308	0.66263	0.07802	0.12707	0.11	0.08709	0.06191	0.75118	0.07754	0.1728	0.15469	0.19145	0.45878	
0.19199	0.20281	0.1102	0.06673	0.37599	0.05718	0.06295	0.07561	0.05484	0.01621	0.46262	0.03806	0.00224	0.00111	0.56686	0.00152	0.00159	0.00936	0.00152	0.55926	0	0	0	0	0.35567	0.05741	0.0797	0.07895	0.06982	0.04937	0.39087	0.06167	0.11696	0.08962	0.11296	0.25219	
0.01028	0.01204	0.00673	0.00442	0.02011	0.00377	0.0042	0.00539	0.00322	0.00084	0.02696	0.00245	0.00013	0.0001	0.0331	0.00014	5e-05	0.00057	0.00013	0.03272	0	0	0	0	0.02117	0.00258	0.00566	0.00406	0.00139	0.00124	0.02927	0.00157	0.00539	0.00524	0.00631	0.01653	
0.11062	0.13063	0.0723	0.04746	0.21259	0.04241	0.04865	0.05736	0.03639	0.01137	0.2862	0.02705	0.00128	0.00088	0.35784	0.00101	0.00106	0.00617	0.00112	0.35266	0	0	0	0	0.28083	0.01694	0.03797	0.02527	0.0161	0.01138	0.31921	0.01432	0.04914	0.05796	0.07019	0.18372	
0.0109	0.012	0.00702	0.00387	0.02048	0.0039	0.0041	0.00531	0.00322	0.00111	0.02698	0.00248	5e-05	8e-05	0.03355	0.00011	8e-05	0.00052	0.00011	0.03308	0	0	0	0	0.02019	0.00268	0.0065	0.00442	0.00158	0.00119	0.02934	0.00168	0.00522	0.00517	0.00656	0.01684	
0.22005	0.23275	0.13417	0.09089	0.38458	0.08596	0.09451	0.11281	0.07583	0.02315	0.52372	0.05516	0.00236	0.00152	0.67204	0.00194	0.00192	0.01137	0.00194	0.66263	0.35567	0.02117	0.28083	0.02019	0	0	0	0	0.0464	0.0335	0.55647	0.04149	0.11266	0.10347	0.12648	0.33525	
0.02542	0.0312	0.01581	0.00718	0.06276	0.00455	0.00557	0.00673	0.00493	0.0015	0.06969	0.00349	0.00029	0.00018	0.07892	0.00022	0.00019	0.00114	0.00026	0.07802	0.05741	0.00258	0.01694	0.00268	0	0	0	0	0.01542	0.01067	0.03951	0.01401	0.01691	0.01388	0.01788	0.03094	
0.04227	0.04971	0.0246	0.01325	0.09587	0.0094	0.01077	0.01379	0.0096	0.00264	0.11153	0.00606	0.00068	0.00025	0.12856	0.00034	0.00036	0.00206	0.00034	0.12707	0.0797	0.00566	0.03797	0.0065	0	0	0	0	0.0118	0.00841	0.09944	0.01018	0.02424	0.02144	0.0275	0.05665	
0.03605	0.04382	0.02167	0.01116	0.08596	0.00735	0.00905	0.01034	0.00731	0.00224	0.09782	0.00533	0.00037	0.00022	0.11183	0.00028	0.00031	0.00205	0.00034	0.11	0.07895	0.00406	0.02527	0.00442	0	0	0	0	0.01527	0.0106	0.07327	0.01356	0.0229	0.0192	0.02416	0.04644	
0.02945	0.03505	0.01667	0.00772	0.07284	0.00436	0.00501	0.00668	0.00545	0.00144	0.07784	0.00416	0.00045	0.00016	0.08813	0.00015	0.00024	0.0013	0.00026	0.08709	0.06982	0.00139	0.0161	0.00158	0.0464	0.01542	0.0118	0.01527	0	0	0	0	0.02146	0.01756	0.02158	0.02829	
0.02089	0.02472	0.01198	0.00559	0.0516	0.00345	0.00387	0.00426	0.00429	0.0013	0.05428	0.00331	0.00024	0.00014	0.06255	0.00025	0.00012	0.00091	0.00024	0.06191	0.04937	0.00124	0.01138	0.00119	0.0335	0.01067	0.00841	0.0106	0	0	0	0	0.01516	0.01204	0.01566	0.02032	
0.24755	0.26687	0.15231	0.10196	0.43916	0.09558	0.10654	0.12741	0.08293	0.02518	0.60172	0.05886	0.00276	0.00169	0.762	0.00224	0.00219	0.01311	0.00221	0.75118	0.39087	0.02927	0.31921	0.02934	0.55647	0.03951	0.09944	0.07327	0	0	0	0	0.12107	0.11272	0.13883	0.39607	
0.0259	0.03084	0.01529	0.00721	0.06557	0.00387	0.00448	0.00532	0.005	0.00161	0.06892	0.00371	0.00025	0.00018	0.07867	0.00014	0.00023	0.0013	0.00017	0.07754	0.06167	0.00157	0.01432	0.00168	0.04149	0.01401	0.01018	0.01356	0	0	0	0	0.01902	0.01567	0.01995	0.0246	
0.05748	0.06639	0.03467	0.01817	0.12621	0.01309	0.01649	0.02092	0.009	0.00289	0.15784	0.00698	0.00052	0.00031	0.17541	0.00047	0.00054	0.00291	0.00046	0.1728	0.11696	0.00539	0.04914	0.00522	0.11266	0.01691	0.02424	0.0229	0.02146	0.01516	0.12107	0.01902	0	0	0	0	
0.05087	0.06061	0.03001	0.0165	0.11212	0.01211	0.01514	0.01862	0.00762	0.00258	0.14205	0.00574	0.00059	0.00039	0.15659	0.00042	0.00038	0.00245	0.00047	0.15469	0.08962	0.00524	0.05796	0.00517	0.10347	0.01388	0.02144	0.0192	0.01756	0.01204	0.11272	0.01567	0	0	0	0	
0.06288	0.07335	0.03902	0.02077	0.14043	0.01494	0.01808	0.02257	0.01008	0.00309	0.17562	0.00723	0.00075	0.00026	0.19444	0.00057	0.00052	0.0035	0.00055	0.19145	0.11296	0.00631	0.07019	0.00656	0.12648	0.01788	0.0275	0.02416	0.02158	0.01566	0.13883	0.01995	0	0	0	0	
0.15256	0.15713	0.09255	0.06704	0.25041	0.06712	0.07019	0.08156	0.07097	0.02097	0.32725	0.05009	0.00184	0.00121	0.46491	0.00132	0.00134	0.00776	0.0014	0.45878	0.25219	0.01653	0.18372	0.01684	0.33525	0.03094	0.05665	0.04644	0.02829	0.02032	0.39607	0.0246	0	0	0	0	
