0	0	0	0	0.129854	0.0695846	0.0613385	0.0831923	0.0678	0.0517923	0.151746	0.0726308	0.000146154	8.46154e-05	0.343654	8.46154e-05	0.000115385	0.00753077	6.15385e-05	0.336262	0.188392	0.0126462	0.129323	0.0136077	0.218662	0.0538	0.0308538	0.0406538	0.0125769	0.00140769	0.326308	0.00367692	0.0133692	0.051	0.0101077	0.269492	
0	0	0	0	0.0969769	0.0503462	0.0443462	0.0597231	0.0485846	0.0381308	0.111208	0.0534692	0.000115385	7.69231e-05	0.251138	6.15385e-05	6.15385e-05	0.00543077	6.15385e-05	0.245838	0.137977	0.00952308	0.0940692	0.00982308	0.159254	0.0384923	0.0237308	0.0299154	0.00899231	0.0011	0.238377	0.00292308	0.00943077	0.0373538	0.00752308	0.197085	
0	0	0	0	0.0831692	0.0414154	0.0353385	0.0496154	0.0408385	0.0312	0.0936538	0.0438462	0.000115385	3.84615e-05	0.209346	3.84615e-05	8.46154e-05	0.00476923	4.61538e-05	0.204638	0.114638	0.0078	0.0785077	0.00859231	0.131762	0.0327615	0.0192	0.0258154	0.00743077	0.000853846	0.198808	0.00244615	0.00835385	0.0308615	0.00606154	0.164262	
0	0	0	0	0.0745615	0.0397	0.0348769	0.0459615	0.0382923	0.0300538	0.0854615	0.0412923	8.46154e-05	4.61538e-05	0.194931	3.84615e-05	6.15385e-05	0.00426154	3.07692e-05	0.190746	0.106077	0.00785385	0.0735385	0.00763077	0.123292	0.0309692	0.0177462	0.0230923	0.00683077	0.0009	0.185269	0.0021	0.00743077	0.0288231	0.00567692	0.153169	
0.129854	0.0969769	0.0831692	0.0745615	0	0	0	0	0.0746462	0.0575231	0.1704	0.0819923	0.000184615	9.23077e-05	0.3842	8.46154e-05	0.000161538	0.0086	0.000107692	0.375692	0.210492	0.0148	0.143962	0.0153077	0.243192	0.0601769	0.0350923	0.0461	0.0140615	0.00159231	0.364538	0.00436923	0.0151231	0.0565538	0.0111462	0.301738	
0.0695846	0.0503462	0.0414154	0.0397	0	0	0	0	0.0394769	0.0301077	0.0889923	0.0424692	0.0001	3.84615e-05	0.200823	8.46154e-05	5.38462e-05	0.00430769	2.30769e-05	0.196662	0.110423	0.00732308	0.0757077	0.00759231	0.1268	0.0315923	0.0185077	0.0241462	0.00700769	0.000930769	0.190877	0.00223077	0.00775385	0.0303846	0.00593846	0.156969	
0.0613385	0.0443462	0.0353385	0.0348769	0	0	0	0	0.0352769	0.0269	0.0771385	0.0365846	8.46154e-05	3.07692e-05	0.175754	3.07692e-05	4.61538e-05	0.00376154	2.30769e-05	0.172069	0.0961462	0.0067	0.066	0.00705385	0.111685	0.0273538	0.0161538	0.0207077	0.00625385	0.000746154	0.166977	0.00192308	0.00703077	0.0256846	0.00526154	0.137923	
0.0831923	0.0597231	0.0496154	0.0459615	0	0	0	0	0.0461154	0.0366462	0.105538	0.0501923	9.23077e-05	8.46154e-05	0.238292	2.30769e-05	6.15385e-05	0.00532308	4.61538e-05	0.233062	0.130023	0.009	0.0897692	0.0097	0.151292	0.0369	0.0217769	0.0285231	0.00850769	0.000992308	0.226369	0.00262308	0.00867692	0.0354154	0.00702308	0.187377	
0.0678	0.0485846	0.0408385	0.0382923	0.0746462	0.0394769	0.0352769	0.0461154	0	0	0	0	8.46154e-05	2.30769e-05	0.195385	2.30769e-05	3.84615e-05	0.00406154	3.84615e-05	0.191377	0.1065	0.00756154	0.0739308	0.00752308	0.123031	0.0305077	0.0182154	0.0237615	0.00684615	0.000807692	0.185408	0.00245385	0.00734615	0.0298077	0.00585385	0.152508	
0.0517923	0.0381308	0.0312	0.0300538	0.0575231	0.0301077	0.0269	0.0366462	0	0	0	0	0.0001	6.15385e-05	0.150985	3.07692e-05	5.38462e-05	0.00350769	3.07692e-05	0.147585	0.0828385	0.00530769	0.0570462	0.00598462	0.0961769	0.0233462	0.0139769	0.0176769	0.00539231	0.000607692	0.143615	0.00156154	0.00588462	0.0218538	0.00434615	0.119092	
0.151746	0.111208	0.0936538	0.0854615	0.1704	0.0889923	0.0771385	0.105538	0	0	0	0	0.000176923	9.23077e-05	0.441685	0.000115385	0.000146154	0.0099	0.000107692	0.431915	0.241554	0.0169308	0.166038	0.0175462	0.280031	0.0687308	0.0400692	0.0532385	0.0159	0.00188462	0.419477	0.00480769	0.0172	0.0649462	0.0129231	0.347	
0.0726308	0.0534692	0.0438462	0.0412923	0.0819923	0.0424692	0.0365846	0.0501923	0	0	0	0	0.0001	6.92308e-05	0.211015	5.38462e-05	8.46154e-05	0.00452308	2.30769e-05	0.206608	0.116192	0.00802308	0.0784231	0.0086	0.133731	0.0334385	0.0192692	0.0248	0.00769231	0.000961538	0.200262	0.00232308	0.00815385	0.0314308	0.00624615	0.165408	
0.000146154	0.000115385	0.000115385	8.46154e-05	0.000184615	0.0001	8.46154e-05	9.23077e-05	8.46154e-05	0.0001	0.000176923	0.0001	0	0	0	0	0	7.69231e-06	0	0.000453846	0.000207692	1.53846e-05	0.000223077	1.53846e-05	0.000284615	0.000107692	2.30769e-05	4.61538e-05	7.69231e-06	0	0.000446154	7.69231e-06	3.07692e-05	9.23077e-05	7.69231e-06	0.000330769	
8.46154e-05	7.69231e-05	3.84615e-05	4.61538e-05	9.23077e-05	3.84615e-05	3.07692e-05	8.46154e-05	2.30769e-05	6.15385e-05	9.23077e-05	6.92308e-05	0	0	0	0	0	7.69231e-06	0	0.000238462	0.000130769	1.53846e-05	8.46154e-05	1.53846e-05	0.000153846	3.84615e-05	2.30769e-05	3.07692e-05	0	0	0.000246154	0	7.69231e-06	6.15385e-05	7.69231e-06	0.000169231	
0.343654	0.251138	0.209346	0.194931	0.3842	0.200823	0.175754	0.238292	0.195385	0.150985	0.441685	0.211015	0	0	0	0	0.000323077	0.0219692	0.0002	0.976577	0.546615	0.0377769	0.375069	0.0396077	0.632408	0.155846	0.0914538	0.119362	0.0358154	0.00425385	0.947862	0.0111385	0.0385308	0.147846	0.0293462	0.783346	
8.46154e-05	6.15385e-05	3.84615e-05	3.84615e-05	8.46154e-05	8.46154e-05	3.07692e-05	2.30769e-05	2.30769e-05	3.07692e-05	0.000115385	5.38462e-05	0	0	0	0	0	7.69231e-06	0	0.000215385	0.000130769	1.53846e-05	6.15385e-05	1.53846e-05	0.000123077	3.07692e-05	3.07692e-05	3.84615e-05	7.69231e-06	7.69231e-06	0.000207692	0	1.53846e-05	3.84615e-05	7.69231e-06	0.000161538	
0.000115385	6.15385e-05	8.46154e-05	6.15385e-05	0.000161538	5.38462e-05	4.61538e-05	6.15385e-05	3.84615e-05	5.38462e-05	0.000146154	8.46154e-05	0	0	0.000323077	0	0	0	0	0	0.000184615	7.69231e-06	0.000115385	1.53846e-05	0.0002	6.15385e-05	2.30769e-05	3.84615e-05	0	0	0.000323077	0	3.07692e-05	6.92308e-05	0	0.000223077	
0.00753077	0.00543077	0.00476923	0.00426154	0.0086	0.00430769	0.00376154	0.00532308	0.00406154	0.00350769	0.0099	0.00452308	7.69231e-06	7.69231e-06	0.0219692	7.69231e-06	0	0	0	0	0.0118231	0.000807692	0.00839231	0.000969231	0.0138846	0.0036	0.00197692	0.00253077	0.000823077	6.15385e-05	0.0208077	0.0003	0.000830769	0.00314615	0.000523077	0.0174923	
6.15385e-05	6.15385e-05	4.61538e-05	3.07692e-05	0.000107692	2.30769e-05	2.30769e-05	4.61538e-05	3.84615e-05	3.07692e-05	0.000107692	2.30769e-05	0	0	0.0002	0	0	0	0	0	0.000123077	7.69231e-06	6.92308e-05	0	0.000115385	1.53846e-05	2.30769e-05	4.61538e-05	0	0	0.0002	0	0	4.61538e-05	0	0.000153846	
0.336262	0.245838	0.204638	0.190746	0.375692	0.196662	0.172069	0.233062	0.191377	0.147585	0.431915	0.206608	0.000453846	0.000238462	0.976577	0.000215385	0	0	0	0	0.534954	0.037	0.366862	0.0386692	0.618769	0.152346	0.0895077	0.116862	0.0350077	0.0042	0.927431	0.0108462	0.0377231	0.144777	0.0288462	0.766138	
0.188392	0.137977	0.114638	0.106077	0.210492	0.110423	0.0961462	0.130023	0.1065	0.0828385	0.241554	0.116192	0.000207692	0.000130769	0.546615	0.000130769	0.000184615	0.0118231	0.000123077	0.534954	0	0	0	0	0.346131	0.0849308	0.0504077	0.0656154	0.0193231	0.00240769	0.519146	0.00620769	0.0209385	0.0808692	0.0167385	0.428538	
0.0126462	0.00952308	0.0078	0.00785385	0.0148	0.00732308	0.0067	0.009	0.00756154	0.00530769	0.0169308	0.00802308	1.53846e-05	1.53846e-05	0.0377769	1.53846e-05	7.69231e-06	0.000807692	7.69231e-06	0.037	0	0	0	0	0.0242692	0.00586923	0.00333077	0.00435385	0.00150769	0.000123077	0.0358231	0.000369231	0.00156923	0.00563846	0.00100769	0.0296077	
0.129323	0.0940692	0.0785077	0.0735385	0.143962	0.0757077	0.066	0.0897692	0.0739308	0.0570462	0.166038	0.0784231	0.000223077	8.46154e-05	0.375069	6.15385e-05	0.000115385	0.00839231	6.92308e-05	0.366862	0	0	0	0	0.237715	0.0589231	0.0340923	0.0447077	0.0135385	0.00159231	0.356138	0.00416923	0.0145462	0.0557154	0.0104538	0.294723	
0.0136077	0.00982308	0.00859231	0.00763077	0.0153077	0.00759231	0.00705385	0.0097	0.00752308	0.00598462	0.0175462	0.0086	1.53846e-05	1.53846e-05	0.0396077	1.53846e-05	1.53846e-05	0.000969231	0	0.0386692	0	0	0	0	0.0248538	0.0063	0.0037	0.0048	0.00146154	0.000138462	0.0376538	0.0004	0.00153077	0.00581538	0.00116923	0.0311385	
0.218662	0.159254	0.131762	0.123292	0.243192	0.1268	0.111685	0.151292	0.123031	0.0961769	0.280031	0.133731	0.000284615	0.000153846	0.632408	0.000123077	0.0002	0.0138846	0.000115385	0.618769	0.346131	0.0242692	0.237715	0.0248538	0	0	0	0	0.0228	0.00286923	0.600254	0.00704615	0.0241615	0.0941538	0.0183077	0.496346	
0.0538	0.0384923	0.0327615	0.0309692	0.0601769	0.0315923	0.0273538	0.0369	0.0305077	0.0233462	0.0687308	0.0334385	0.000107692	3.84615e-05	0.155846	3.07692e-05	6.15385e-05	0.0036	1.53846e-05	0.152346	0.0849308	0.00586923	0.0589231	0.0063	0	0	0	0	0.0053	0.000584615	0.148392	0.00174615	0.00620769	0.0223846	0.00456923	0.122862	
0.0308538	0.0237308	0.0192	0.0177462	0.0350923	0.0185077	0.0161538	0.0217769	0.0182154	0.0139769	0.0400692	0.0192692	2.30769e-05	2.30769e-05	0.0914538	3.07692e-05	2.30769e-05	0.00197692	2.30769e-05	0.0895077	0.0504077	0.00333077	0.0340923	0.0037	0	0	0	0	0.00348462	0.000315385	0.0867385	0.000992308	0.00344615	0.0141231	0.00273846	0.0712231	
0.0406538	0.0299154	0.0258154	0.0230923	0.0461	0.0241462	0.0207077	0.0285231	0.0237615	0.0176769	0.0532385	0.0248	4.61538e-05	3.07692e-05	0.119362	3.84615e-05	3.84615e-05	0.00253077	4.61538e-05	0.116862	0.0656154	0.00435385	0.0447077	0.0048	0	0	0	0	0.00424615	0.000492308	0.113377	0.00136154	0.00476923	0.0173769	0.00375385	0.0935769	
0.0125769	0.00899231	0.00743077	0.00683077	0.0140615	0.00700769	0.00625385	0.00850769	0.00684615	0.00539231	0.0159	0.00769231	7.69231e-06	0	0.0358154	7.69231e-06	0	0.000823077	0	0.0350077	0.0193231	0.00150769	0.0135385	0.00146154	0.0228	0.0053	0.00348462	0.00424615	0	0	0	0	0.00141538	0.00548462	0.00116923	0.0277615	
0.00140769	0.0011	0.000853846	0.0009	0.00159231	0.000930769	0.000746154	0.000992308	0.000807692	0.000607692	0.00188462	0.000961538	0	0	0.00425385	7.69231e-06	0	6.15385e-05	0	0.0042	0.00240769	0.000123077	0.00159231	0.000138462	0.00286923	0.000584615	0.000315385	0.000492308	0	0	0	0	0.000153846	0.000492308	0.000153846	0.00346154	
0.326308	0.238377	0.198808	0.185269	0.364538	0.190877	0.166977	0.226369	0.185408	0.143615	0.419477	0.200262	0.000446154	0.000246154	0.947862	0.000207692	0.000323077	0.0208077	0.0002	0.927431	0.519146	0.0358231	0.356138	0.0376538	0.600254	0.148392	0.0867385	0.113377	0	0	0	0	0.0365462	0.140338	0.0277385	0.744138	
0.00367692	0.00292308	0.00244615	0.0021	0.00436923	0.00223077	0.00192308	0.00262308	0.00245385	0.00156154	0.00480769	0.00232308	7.69231e-06	0	0.0111385	0	0	0.0003	0	0.0108462	0.00620769	0.000369231	0.00416923	0.0004	0.00704615	0.00174615	0.000992308	0.00136154	0	0	0	0	0.000469231	0.00172308	0.000307692	0.00864615	
0.0133692	0.00943077	0.00835385	0.00743077	0.0151231	0.00775385	0.00703077	0.00867692	0.00734615	0.00588462	0.0172	0.00815385	3.07692e-05	7.69231e-06	0.0385308	1.53846e-05	3.07692e-05	0.000830769	0	0.0377231	0.0209385	0.00156923	0.0145462	0.00153077	0.0241615	0.00620769	0.00344615	0.00476923	0.00141538	0.000153846	0.0365462	0.000469231	0	0	0	0	
0.051	0.0373538	0.0308615	0.0288231	0.0565538	0.0303846	0.0256846	0.0354154	0.0298077	0.0218538	0.0649462	0.0314308	9.23077e-05	6.15385e-05	0.147846	3.84615e-05	6.92308e-05	0.00314615	4.61538e-05	0.144777	0.0808692	0.00563846	0.0557154	0.00581538	0.0941538	0.0223846	0.0141231	0.0173769	0.00548462	0.000492308	0.140338	0.00172308	0	0	0	0	
0.0101077	0.00752308	0.00606154	0.00567692	0.0111462	0.00593846	0.00526154	0.00702308	0.00585385	0.00434615	0.0129231	0.00624615	7.69231e-06	7.69231e-06	0.0293462	7.69231e-06	0	0.000523077	0	0.0288462	0.0167385	0.00100769	0.0104538	0.00116923	0.0183077	0.00456923	0.00273846	0.00375385	0.00116923	0.000153846	0.0277385	0.000307692	0	0	0	0	
0.269492	0.197085	0.164262	0.153169	0.301738	0.156969	0.137923	0.187377	0.152508	0.119092	0.347	0.165408	0.000330769	0.000169231	0.783346	0.000161538	0.000223077	0.0174923	0.000153846	0.766138	0.428538	0.0296077	0.294723	0.0311385	0.496346	0.122862	0.0712231	0.0935769	0.0277615	0.00346154	0.744138	0.00864615	0	0	0	0	
