0	0	0	0	0.19067	0.05655	0.05923	0.06319	0.05926	0.02605	0.23607	0.04826	0.00028	3e-05	0.36922	0.00011	0.0001	0.00376	7e-05	0.36571	0.2208	0.00556	0.12348	0.0198	0.27166	0.0245	0.0379	0.03558	0.03257	0.00986	0.30232	0.02489	0.05006	0.04359	0.02545	0.25054	
0	0	0	0	0.13688	0.04185	0.04267	0.04389	0.0418	0.01827	0.17048	0.03474	0.00025	1e-05	0.265	3e-05	6e-05	0.00263	4e-05	0.26256	0.15921	0.00393	0.08809	0.01406	0.19544	0.01708	0.0265	0.02627	0.02305	0.00648	0.21822	0.01754	0.03646	0.03141	0.01731	0.18011	
0	0	0	0	0.09922	0.02983	0.03053	0.03099	0.02936	0.01314	0.1229	0.02517	0.00014	0	0.19039	4e-05	0.0001	0.00163	2e-05	0.18882	0.11381	0.00304	0.06355	0.01017	0.13935	0.01238	0.01949	0.01935	0.01667	0.00486	0.15663	0.01241	0.02477	0.02307	0.01274	0.12999	
0	0	0	0	0.08921	0.02784	0.02807	0.02938	0.02714	0.01206	0.11234	0.02296	0.00013	3e-05	0.17426	8e-05	2e-05	0.00156	3e-05	0.17289	0.10581	0.00259	0.05714	0.00896	0.12852	0.01187	0.01765	0.01646	0.01515	0.00446	0.14325	0.01164	0.0227	0.02201	0.01199	0.1178	
0.19067	0.13688	0.09922	0.08921	0	0	0	0	0.0807	0.03587	0.33085	0.06856	0.00046	3e-05	0.51539	0.0001	0.00018	0.00511	6e-05	0.51063	0.30803	0.00797	0.17256	0.02742	0.3791	0.03406	0.05207	0.05075	0.04584	0.01341	0.42236	0.03437	0.06883	0.06181	0.03489	0.35045	
0.05655	0.04185	0.02983	0.02784	0	0	0	0	0.02466	0.0108	0.10073	0.01988	9e-05	1e-05	0.15591	6e-05	6e-05	0.00142	2e-05	0.15457	0.09369	0.00222	0.05187	0.00829	0.11488	0.01036	0.01616	0.01467	0.01336	0.00373	0.12853	0.01045	0.02079	0.019	0.01036	0.10592	
0.05923	0.04267	0.03053	0.02807	0	0	0	0	0.0253	0.01134	0.10279	0.02107	0.00011	1e-05	0.16035	3e-05	1e-05	0.00148	3e-05	0.15898	0.09733	0.00227	0.05212	0.00878	0.11757	0.01053	0.01606	0.01634	0.01366	0.00415	0.13186	0.01083	0.02157	0.01942	0.0109	0.10861	
0.06319	0.04389	0.03099	0.02938	0	0	0	0	0.0269	0.01151	0.10742	0.02162	0.00014	2e-05	0.16722	7e-05	3e-05	0.00157	5e-05	0.1658	0.10058	0.00266	0.05571	0.0085	0.12342	0.01088	0.01725	0.0159	0.01458	0.00437	0.13767	0.01083	0.0228	0.01985	0.01134	0.11346	
0.05926	0.0418	0.02936	0.02714	0.0807	0.02466	0.0253	0.0269	0	0	0	0	0.00016	2e-05	0.15733	5e-05	6e-05	0.00145	1e-05	0.15604	0.09424	0.0022	0.05303	0.00809	0.11593	0.01001	0.01568	0.01594	0.01384	0.00424	0.1288	0.01068	0.02049	0.01877	0.01064	0.10766	
0.02605	0.01827	0.01314	0.01206	0.03587	0.0108	0.01134	0.01151	0	0	0	0	8e-05	0	0.06941	3e-05	1e-05	0.00068	2e-05	0.06881	0.0411	0.00107	0.02334	0.00401	0.05151	0.00445	0.00708	0.00648	0.00585	0.00192	0.05687	0.00488	0.00972	0.00832	0.00489	0.04659	
0.23607	0.17048	0.1229	0.11234	0.33085	0.10073	0.10279	0.10742	0	0	0	0	0.0005	4e-05	0.64109	0.00016	0.00018	0.00642	0.00013	0.63506	0.38557	0.00994	0.21274	0.03354	0.47148	0.04236	0.06567	0.06228	0.05597	0.01615	0.52765	0.04202	0.08637	0.07752	0.04309	0.43481	
0.04826	0.03474	0.02517	0.02296	0.06856	0.01988	0.02107	0.02162	0	0	0	0	6e-05	1e-05	0.13104	2e-05	3e-05	0.00103	0	0.13007	0.07872	0.00191	0.04315	0.00735	0.09605	0.00901	0.01311	0.01296	0.01178	0.00335	0.1071	0.0089	0.01741	0.01547	0.00887	0.08938	
0.00028	0.00025	0.00014	0.00013	0.00046	9e-05	0.00011	0.00014	0.00016	8e-05	0.0005	6e-05	0	0	0	0	0	1e-05	0	0.00079	0.00045	1e-05	0.00028	6e-05	0.00056	5e-05	5e-05	0.00014	4e-05	0	0.00071	5e-05	5e-05	0.00011	4e-05	0.0006	
3e-05	1e-05	0	3e-05	3e-05	1e-05	1e-05	2e-05	2e-05	0	4e-05	1e-05	0	0	0	0	0	0	0	7e-05	6e-05	0	0	1e-05	5e-05	1e-05	1e-05	0	1e-05	0	6e-05	0	0	0	2e-05	5e-05	
0.36922	0.265	0.19039	0.17426	0.51539	0.15591	0.16035	0.16722	0.15733	0.06941	0.64109	0.13104	0	0	0	0	0.00028	0.00956	0.00016	0.98887	0.59897	0.0151	0.3319	0.0529	0.73417	0.06575	0.10145	0.0975	0.08739	0.02565	0.81944	0.06639	0.1339	0.11994	0.0674	0.67763	
0.00011	3e-05	4e-05	8e-05	0.0001	6e-05	3e-05	7e-05	5e-05	3e-05	0.00016	2e-05	0	0	0	0	0	1e-05	0	0.00025	0.00015	1e-05	8e-05	2e-05	0.00019	2e-05	3e-05	2e-05	0	1e-05	0.00021	4e-05	4e-05	3e-05	3e-05	0.00016	
0.0001	6e-05	0.0001	2e-05	0.00018	6e-05	1e-05	3e-05	6e-05	1e-05	0.00018	3e-05	0	0	0.00028	0	0	0	0	0	0.00017	0	0.0001	1e-05	0.00019	3e-05	5e-05	1e-05	0	0	0.00027	1e-05	8e-05	6e-05	2e-05	0.00012	
0.00376	0.00263	0.00163	0.00156	0.00511	0.00142	0.00148	0.00157	0.00145	0.00068	0.00642	0.00103	1e-05	0	0.00956	1e-05	0	0	0	0	0.00561	0.00016	0.00331	0.0005	0.0071	0.00064	0.00088	0.00096	0.0009	0.00025	0.00781	0.00062	0.00119	0.00129	0.00066	0.00644	
7e-05	4e-05	2e-05	3e-05	6e-05	2e-05	3e-05	5e-05	1e-05	2e-05	0.00013	0	0	0	0.00016	0	0	0	0	0	0.00012	1e-05	2e-05	1e-05	0.00013	0	1e-05	2e-05	3e-05	0	0.00013	0	3e-05	2e-05	1e-05	0.0001	
0.36571	0.26256	0.18882	0.17289	0.51063	0.15457	0.15898	0.1658	0.15604	0.06881	0.63506	0.13007	0.00079	7e-05	0.98887	0.00025	0	0	0	0	0.59373	0.01495	0.32883	0.05247	0.72755	0.06516	0.1006	0.09667	0.08651	0.02541	0.81221	0.06585	0.13269	0.11871	0.0668	0.67178	
0.2208	0.15921	0.11381	0.10581	0.30803	0.09369	0.09733	0.10058	0.09424	0.0411	0.38557	0.07872	0.00045	6e-05	0.59897	0.00015	0.00017	0.00561	0.00012	0.59373	0	0	0	0	0.44086	0.03969	0.06131	0.05777	0.05323	0.01535	0.49076	0.04029	0.08052	0.07253	0.04032	0.40626	
0.00556	0.00393	0.00304	0.00259	0.00797	0.00222	0.00227	0.00266	0.0022	0.00107	0.00994	0.00191	1e-05	0	0.0151	1e-05	0	0.00016	1e-05	0.01495	0	0	0	0	0.01109	0.00092	0.00152	0.00159	0.00127	0.00032	0.01263	0.0009	0.00208	0.00176	0.00104	0.01024	
0.12348	0.08809	0.06355	0.05714	0.17256	0.05187	0.05212	0.05571	0.05303	0.02334	0.21274	0.04315	0.00028	0	0.3319	8e-05	0.0001	0.00331	2e-05	0.32883	0	0	0	0	0.24359	0.02191	0.03376	0.033	0.02813	0.00852	0.27372	0.02189	0.04451	0.03983	0.02241	0.22551	
0.0198	0.01406	0.01017	0.00896	0.02742	0.00829	0.00878	0.0085	0.00809	0.00401	0.03354	0.00735	6e-05	1e-05	0.0529	2e-05	1e-05	0.0005	1e-05	0.05247	0	0	0	0	0.03943	0.00331	0.00495	0.0053	0.00481	0.00147	0.04331	0.0034	0.00688	0.00596	0.00372	0.03643	
0.27166	0.19544	0.13935	0.12852	0.3791	0.11488	0.11757	0.12342	0.11593	0.05151	0.47148	0.09605	0.00056	5e-05	0.73417	0.00019	0.00019	0.0071	0.00013	0.72755	0.44086	0.01109	0.24359	0.03943	0	0	0	0	0.06454	0.01865	0.60317	0.04861	0.0978	0.08834	0.0491	0.49973	
0.0245	0.01708	0.01238	0.01187	0.03406	0.01036	0.01053	0.01088	0.01001	0.00445	0.04236	0.00901	5e-05	1e-05	0.06575	2e-05	3e-05	0.00064	0	0.06516	0.03969	0.00092	0.02191	0.00331	0	0	0	0	0.00599	0.00167	0.05355	0.00462	0.00884	0.00785	0.00466	0.04448	
0.0379	0.0265	0.01949	0.01765	0.05207	0.01616	0.01606	0.01725	0.01568	0.00708	0.06567	0.01311	5e-05	1e-05	0.10145	3e-05	5e-05	0.00088	1e-05	0.1006	0.06131	0.00152	0.03376	0.00495	0	0	0	0	0.00883	0.00261	0.0832	0.0069	0.01417	0.0122	0.00726	0.06791	
0.03558	0.02627	0.01935	0.01646	0.05075	0.01467	0.01634	0.0159	0.01594	0.00648	0.06228	0.01296	0.00014	0	0.0975	2e-05	1e-05	0.00096	2e-05	0.09667	0.05777	0.00159	0.033	0.0053	0	0	0	0	0.00808	0.00273	0.0805	0.00635	0.01318	0.01169	0.00647	0.06632	
0.03257	0.02305	0.01667	0.01515	0.04584	0.01336	0.01366	0.01458	0.01384	0.00585	0.05597	0.01178	4e-05	1e-05	0.08739	0	0	0.0009	3e-05	0.08651	0.05323	0.00127	0.02813	0.00481	0.06454	0.00599	0.00883	0.00808	0	0	0	0	0.01203	0.01058	0.0059	0.05893	
0.00986	0.00648	0.00486	0.00446	0.01341	0.00373	0.00415	0.00437	0.00424	0.00192	0.01615	0.00335	0	0	0.02565	1e-05	0	0.00025	0	0.02541	0.01535	0.00032	0.00852	0.00147	0.01865	0.00167	0.00261	0.00273	0	0	0	0	0.00348	0.0033	0.00186	0.01702	
0.30232	0.21822	0.15663	0.14325	0.42236	0.12853	0.13186	0.13767	0.1288	0.05687	0.52765	0.1071	0.00071	6e-05	0.81944	0.00021	0.00027	0.00781	0.00013	0.81221	0.49076	0.01263	0.27372	0.04331	0.60317	0.05355	0.0832	0.0805	0	0	0	0	0.1098	0.0979	0.05506	0.55766	
0.02489	0.01754	0.01241	0.01164	0.03437	0.01045	0.01083	0.01083	0.01068	0.00488	0.04202	0.0089	5e-05	0	0.06639	4e-05	1e-05	0.00062	0	0.06585	0.04029	0.0009	0.02189	0.0034	0.04861	0.00462	0.0069	0.00635	0	0	0	0	0.00868	0.0083	0.00467	0.04483	
0.05006	0.03646	0.02477	0.0227	0.06883	0.02079	0.02157	0.0228	0.02049	0.00972	0.08637	0.01741	5e-05	0	0.1339	4e-05	8e-05	0.00119	3e-05	0.13269	0.08052	0.00208	0.04451	0.00688	0.0978	0.00884	0.01417	0.01318	0.01203	0.00348	0.1098	0.00868	0	0	0	0	
0.04359	0.03141	0.02307	0.02201	0.06181	0.019	0.01942	0.01985	0.01877	0.00832	0.07752	0.01547	0.00011	0	0.11994	3e-05	6e-05	0.00129	2e-05	0.11871	0.07253	0.00176	0.03983	0.00596	0.08834	0.00785	0.0122	0.01169	0.01058	0.0033	0.0979	0.0083	0	0	0	0	
0.02545	0.01731	0.01274	0.01199	0.03489	0.01036	0.0109	0.01134	0.01064	0.00489	0.04309	0.00887	4e-05	2e-05	0.0674	3e-05	2e-05	0.00066	1e-05	0.0668	0.04032	0.00104	0.02241	0.00372	0.0491	0.00466	0.00726	0.00647	0.0059	0.00186	0.05506	0.00467	0	0	0	0	
0.25054	0.18011	0.12999	0.1178	0.35045	0.10592	0.10861	0.11346	0.10766	0.04659	0.43481	0.08938	0.0006	5e-05	0.67763	0.00016	0.00012	0.00644	0.0001	0.67178	0.40626	0.01024	0.22551	0.03643	0.49973	0.04448	0.06791	0.06632	0.05893	0.01702	0.55766	0.04483	0	0	0	0	
