0	0	0	0	0.2213	0.044	0.03005	0.05346	0.03249	0.01683	0.26119	0.0383	0.00393	0.00737	0.33553	0.00198	0.0035	0.0042	0.0035	0.33761	0.21339	0.02506	0.06545	0.04491	0.16894	0.06342	0.03159	0.08486	0.0634	0.03741	0.18049	0.06751	0.07253	0.07688	0.04623	0.15317	
0	0	0	0	0.21425	0.04062	0.02826	0.05246	0.03241	0.01666	0.25042	0.0361	0.00353	0.00696	0.32329	0.00181	0.00354	0.00409	0.00359	0.32437	0.20403	0.02475	0.06261	0.0442	0.16297	0.05946	0.03048	0.08268	0.06136	0.03453	0.1741	0.0656	0.0691	0.07324	0.04449	0.14876	
0	0	0	0	0.12367	0.02424	0.01625	0.03018	0.01864	0.0099	0.14478	0.02102	0.00223	0.00388	0.18715	0.00108	0.00215	0.00248	0.00217	0.18754	0.11907	0.01384	0.03605	0.02538	0.09348	0.03451	0.01786	0.04849	0.03522	0.02077	0.10103	0.03732	0.04042	0.04216	0.02659	0.08517	
0	0	0	0	0.0463	0.02549	0.01732	0.03215	0.01399	0.00716	0.08452	0.01559	0.00117	0.00244	0.11689	0.00076	0.00149	0.00168	0.00107	0.11702	0.07374	0.00922	0.02272	0.01558	0.05897	0.02134	0.01075	0.0302	0.02015	0.0112	0.06836	0.02155	0.02539	0.02706	0.01523	0.05358	
0.2213	0.21425	0.12367	0.0463	0	0	0	0	0.04044	0.0209	0.49849	0.04569	0.00632	0.01265	0.58323	0.00332	0.00658	0.00734	0.00619	0.58541	0.36993	0.04431	0.11242	0.07886	0.29287	0.10811	0.0554	0.14914	0.12616	0.07223	0.27313	0.134	0.1256	0.13245	0.08081	0.26666	
0.044	0.04062	0.02424	0.02549	0	0	0	0	0.01927	0.01007	0.08233	0.02268	0.00164	0.00282	0.12907	0.00082	0.00159	0.0017	0.00123	0.12983	0.08246	0.00962	0.02486	0.01741	0.06493	0.02423	0.01241	0.03278	0.01835	0.01076	0.08588	0.01936	0.02767	0.03002	0.0173	0.05936	
0.03005	0.02826	0.01625	0.01732	0	0	0	0	0.01328	0.00724	0.0563	0.01506	0.00101	0.00188	0.08843	0.00056	0.00075	0.00137	0.00103	0.08873	0.05649	0.00665	0.01687	0.01187	0.04557	0.01633	0.00766	0.02232	0.012	0.00727	0.05852	0.01409	0.01933	0.01983	0.01215	0.04057	
0.05346	0.05246	0.03018	0.03215	0	0	0	0	0.02454	0.01234	0.10379	0.02758	0.00189	0.0033	0.16213	0.00093	0.00176	0.00204	0.00188	0.16257	0.10135	0.01229	0.03268	0.02193	0.08099	0.03006	0.01521	0.04199	0.02362	0.01365	0.10645	0.02453	0.03484	0.03704	0.02228	0.07409	
0.03249	0.03241	0.01864	0.01399	0.04044	0.01927	0.01328	0.02454	0	0	0	0	0.00106	0.00201	0.09398	0.00048	0.00097	0.00123	0.00111	0.09422	0.05968	0.00715	0.01779	0.01291	0.04773	0.01727	0.0089	0.02363	0.01573	0.00974	0.05462	0.01744	0.02091	0.02082	0.0131	0.0427	
0.01683	0.01666	0.0099	0.00716	0.0209	0.01007	0.00724	0.01234	0	0	0	0	0.00062	0.00113	0.04849	0.00031	0.00062	0.00069	0.00059	0.04865	0.03067	0.00357	0.00957	0.00674	0.02501	0.00892	0.00452	0.0121	0.00891	0.00497	0.02769	0.00898	0.0107	0.01089	0.00684	0.02212	
0.26119	0.25042	0.14478	0.08452	0.49849	0.08233	0.0563	0.10379	0	0	0	0	0.00796	0.01542	0.7133	0.00423	0.00796	0.00903	0.00737	0.71655	0.4518	0.05409	0.13913	0.09589	0.35788	0.13241	0.06745	0.18317	0.13784	0.07825	0.37911	0.14571	0.15269	0.16298	0.09818	0.32706	
0.0383	0.0361	0.02102	0.01559	0.04569	0.02268	0.01506	0.02758	0	0	0	0	0.00122	0.00209	0.10709	0.00061	0.00113	0.0015	0.00126	0.10712	0.06808	0.00806	0.02034	0.01453	0.05374	0.02013	0.00981	0.02733	0.01765	0.01095	0.06256	0.01985	0.02314	0.02465	0.01442	0.0488	
0.00393	0.00353	0.00223	0.00117	0.00632	0.00164	0.00101	0.00189	0.00106	0.00062	0.00796	0.00122	0	0	0	0	0.00013	0.00012	0.00012	0.01049	0.00643	0.00082	0.00195	0.00166	0.00517	0.00205	0.00103	0.00261	0.00194	0.00107	0.00576	0.00209	0.00225	0.00241	0.00145	0.00475	
0.00737	0.00696	0.00388	0.00244	0.01265	0.00282	0.00188	0.0033	0.00201	0.00113	0.01542	0.00209	0	0	0	0	0.00026	0.00029	0.00024	0.01986	0.01238	0.00163	0.0039	0.00274	0.01025	0.00342	0.00183	0.00515	0.00371	0.00215	0.01044	0.00435	0.00415	0.00443	0.00251	0.00956	
0.33553	0.32329	0.18715	0.11689	0.58323	0.12907	0.08843	0.16213	0.09398	0.04849	0.7133	0.10709	0	0	0	0	0.01024	0.01195	0.00988	0.93079	0.5882	0.06998	0.17992	0.12476	0.46623	0.17228	0.08724	0.23711	0.17358	0.10013	0.50471	0.18444	0.19969	0.21129	0.12793	0.42395	
0.00198	0.00181	0.00108	0.00076	0.00332	0.00082	0.00056	0.00093	0.00048	0.00031	0.00423	0.00061	0	0	0	0	5e-05	9e-05	9e-05	0.0054	0.00322	0.00044	0.00106	0.00091	0.00271	0.00098	0.00058	0.00136	0.0009	0.00056	0.00307	0.0011	0.00135	0.00121	0.00065	0.00242	
0.0035	0.00354	0.00215	0.00149	0.00658	0.00159	0.00075	0.00176	0.00097	0.00062	0.00796	0.00113	0.00013	0.00026	0.01024	5e-05	0	0	0	0	0.00675	0.00073	0.00178	0.00142	0.00496	0.00192	0.00109	0.00271	0.00188	0.00109	0.00543	0.00228	0.00227	0.00224	0.00151	0.00466	
0.0042	0.00409	0.00248	0.00168	0.00734	0.0017	0.00137	0.00204	0.00123	0.00069	0.00903	0.0015	0.00012	0.00029	0.01195	9e-05	0	0	0	0	0.00715	0.00118	0.00249	0.00163	0.00605	0.00235	0.00112	0.00293	0.00222	0.00121	0.00665	0.00237	0.00264	0.00285	0.00173	0.00523	
0.0035	0.00359	0.00217	0.00107	0.00619	0.00123	0.00103	0.00188	0.00111	0.00059	0.00737	0.00126	0.00012	0.00024	0.00988	9e-05	0	0	0	0	0.00621	0.00073	0.00199	0.0014	0.00505	0.00169	0.00095	0.00264	0.00175	0.00114	0.0054	0.00204	0.00217	0.00224	0.00131	0.00461	
0.33761	0.32437	0.18754	0.11702	0.58541	0.12983	0.08873	0.16257	0.09422	0.04865	0.71655	0.10712	0.01049	0.01986	0.93079	0.0054	0	0	0	0	0.59012	0.07023	0.18057	0.12562	0.4683	0.17277	0.08752	0.23795	0.17428	0.10047	0.5065	0.18529	0.20036	0.21201	0.12799	0.42618	
0.21339	0.20403	0.11907	0.07374	0.36993	0.08246	0.05649	0.10135	0.05968	0.03067	0.4518	0.06808	0.00643	0.01238	0.5882	0.00322	0.00675	0.00715	0.00621	0.59012	0	0	0	0	0.29459	0.10963	0.05538	0.15063	0.10911	0.06381	0.32006	0.11725	0.12571	0.13372	0.08043	0.27037	
0.02506	0.02475	0.01384	0.00922	0.04431	0.00962	0.00665	0.01229	0.00715	0.00357	0.05409	0.00806	0.00082	0.00163	0.06998	0.00044	0.00073	0.00118	0.00073	0.07023	0	0	0	0	0.03479	0.01311	0.00695	0.01802	0.0138	0.0077	0.03757	0.0138	0.01591	0.01606	0.00946	0.03144	
0.06545	0.06261	0.03605	0.02272	0.11242	0.02486	0.01687	0.03268	0.01779	0.00957	0.13913	0.02034	0.00195	0.0039	0.17992	0.00106	0.00178	0.00249	0.00199	0.18057	0	0	0	0	0.09178	0.033	0.01629	0.04576	0.03377	0.01896	0.0977	0.0364	0.03871	0.04083	0.025	0.08229	
0.04491	0.0442	0.02538	0.01558	0.07886	0.01741	0.01187	0.02193	0.01291	0.00674	0.09589	0.01453	0.00166	0.00274	0.12476	0.00091	0.00142	0.00163	0.0014	0.12562	0	0	0	0	0.0632	0.02299	0.01206	0.03182	0.02345	0.01344	0.06865	0.02453	0.02711	0.02873	0.01765	0.05658	
0.16894	0.16297	0.09348	0.05897	0.29287	0.06493	0.04557	0.08099	0.04773	0.02501	0.35788	0.05374	0.00517	0.01025	0.46623	0.00271	0.00496	0.00605	0.00505	0.4683	0.29459	0.03479	0.09178	0.0632	0	0	0	0	0.08607	0.05072	0.25524	0.09233	0.09978	0.10648	0.06409	0.21401	
0.06342	0.05946	0.03451	0.02134	0.10811	0.02423	0.01633	0.03006	0.01727	0.00892	0.13241	0.02013	0.00205	0.00342	0.17228	0.00098	0.00192	0.00235	0.00169	0.17277	0.10963	0.01311	0.033	0.02299	0	0	0	0	0.03213	0.01872	0.0931	0.03478	0.03748	0.03848	0.02373	0.07904	
0.03159	0.03048	0.01786	0.01075	0.0554	0.01241	0.00766	0.01521	0.0089	0.00452	0.06745	0.00981	0.00103	0.00183	0.08724	0.00058	0.00109	0.00112	0.00095	0.08752	0.05538	0.00695	0.01629	0.01206	0	0	0	0	0.01671	0.0095	0.0463	0.01817	0.01875	0.01997	0.01231	0.03965	
0.08486	0.08268	0.04849	0.0302	0.14914	0.03278	0.02232	0.04199	0.02363	0.0121	0.18317	0.02733	0.00261	0.00515	0.23711	0.00136	0.00271	0.00293	0.00264	0.23795	0.15063	0.01802	0.04576	0.03182	0	0	0	0	0.04522	0.02497	0.12934	0.0467	0.05143	0.05441	0.03241	0.10798	
0.0634	0.06136	0.03522	0.02015	0.12616	0.01835	0.012	0.02362	0.01573	0.00891	0.13784	0.01765	0.00194	0.00371	0.17358	0.0009	0.00188	0.00222	0.00175	0.17428	0.10911	0.0138	0.03377	0.02345	0.08607	0.03213	0.01671	0.04522	0	0	0	0	0.03731	0.03986	0.02338	0.07958	
0.03741	0.03453	0.02077	0.0112	0.07223	0.01076	0.00727	0.01365	0.00974	0.00497	0.07825	0.01095	0.00107	0.00215	0.10013	0.00056	0.00109	0.00121	0.00114	0.10047	0.06381	0.0077	0.01896	0.01344	0.05072	0.01872	0.0095	0.02497	0	0	0	0	0.02199	0.02242	0.01418	0.04532	
0.18049	0.1741	0.10103	0.06836	0.27313	0.08588	0.05852	0.10645	0.05462	0.02769	0.37911	0.06256	0.00576	0.01044	0.50471	0.00307	0.00543	0.00665	0.0054	0.5065	0.32006	0.03757	0.0977	0.06865	0.25524	0.0931	0.0463	0.12934	0	0	0	0	0.10775	0.11526	0.06937	0.2316	
0.06751	0.0656	0.03732	0.02155	0.134	0.01936	0.01409	0.02453	0.01744	0.00898	0.14571	0.01985	0.00209	0.00435	0.18444	0.0011	0.00228	0.00237	0.00204	0.18529	0.11725	0.0138	0.0364	0.02453	0.09233	0.03478	0.01817	0.0467	0	0	0	0	0.04039	0.0418	0.02561	0.08418	
0.07253	0.0691	0.04042	0.02539	0.1256	0.02767	0.01933	0.03484	0.02091	0.0107	0.15269	0.02314	0.00225	0.00415	0.19969	0.00135	0.00227	0.00264	0.00217	0.20036	0.12571	0.01591	0.03871	0.02711	0.09978	0.03748	0.01875	0.05143	0.03731	0.02199	0.10775	0.04039	0	0	0	0	
0.07688	0.07324	0.04216	0.02706	0.13245	0.03002	0.01983	0.03704	0.02082	0.01089	0.16298	0.02465	0.00241	0.00443	0.21129	0.00121	0.00224	0.00285	0.00224	0.21201	0.13372	0.01606	0.04083	0.02873	0.10648	0.03848	0.01997	0.05441	0.03986	0.02242	0.11526	0.0418	0	0	0	0	
0.04623	0.04449	0.02659	0.01523	0.08081	0.0173	0.01215	0.02228	0.0131	0.00684	0.09818	0.01442	0.00145	0.00251	0.12793	0.00065	0.00151	0.00173	0.00131	0.12799	0.08043	0.00946	0.025	0.01765	0.06409	0.02373	0.01231	0.03241	0.02338	0.01418	0.06937	0.02561	0	0	0	0	
0.15317	0.14876	0.08517	0.05358	0.26666	0.05936	0.04057	0.07409	0.0427	0.02212	0.32706	0.0488	0.00475	0.00956	0.42395	0.00242	0.00466	0.00523	0.00461	0.42618	0.27037	0.03144	0.08229	0.05658	0.21401	0.07904	0.03965	0.10798	0.07958	0.04532	0.2316	0.08418	0	0	0	0	
