0	0	0	0	0.22458	0.04278	0.02965	0.05372	0.03367	0.01722	0.26265	0.03719	0.00381	0.00718	0.33773	0.00201	0.00389	0.00451	0.00377	0.33856	0.21268	0.02475	0.06803	0.04527	0.16677	0.06402	0.0321	0.08784	0.06303	0.03752	0.18354	0.06664	0.0716	0.07755	0.04665	0.15493	
0	0	0	0	0.21305	0.04121	0.02773	0.05053	0.03153	0.01631	0.24916	0.03552	0.00369	0.0065	0.32044	0.00189	0.0033	0.0047	0.00302	0.3215	0.20145	0.02394	0.06417	0.04296	0.16166	0.05893	0.03019	0.08174	0.05981	0.03576	0.17447	0.06248	0.0684	0.07203	0.04545	0.14664	
0	0	0	0	0.12425	0.02379	0.01678	0.02984	0.01851	0.00959	0.14578	0.02078	0.00213	0.00423	0.18719	0.00111	0.002	0.00243	0.00205	0.18818	0.11798	0.01482	0.0366	0.02526	0.09485	0.03426	0.01754	0.04801	0.03454	0.02134	0.10119	0.03759	0.04026	0.04296	0.02557	0.08587	
0	0	0	0	0.03971	0.02865	0.01916	0.03457	0.01454	0.00743	0.08301	0.01711	0.00124	0.0028	0.11742	0.00063	0.00137	0.0014	0.00125	0.11807	0.0743	0.00942	0.0231	0.01527	0.05941	0.02211	0.01122	0.02935	0.01974	0.01124	0.07017	0.02094	0.02466	0.02582	0.01584	0.05577	
0.22458	0.21305	0.12425	0.03971	0	0	0	0	0.0394	0.02077	0.49553	0.04589	0.0065	0.01248	0.57944	0.00317	0.00648	0.00809	0.0059	0.58112	0.3649	0.04385	0.11512	0.07772	0.29077	0.10752	0.05462	0.14868	0.12433	0.07406	0.2724	0.1308	0.12514	0.13298	0.08222	0.26125	
0.04278	0.04121	0.02379	0.02865	0	0	0	0	0.02023	0.01032	0.0839	0.02198	0.00141	0.00275	0.13133	0.00094	0.00157	0.00182	0.0014	0.13164	0.08184	0.01014	0.02668	0.01777	0.06545	0.0244	0.01219	0.03439	0.01857	0.01084	0.08806	0.01896	0.02692	0.02918	0.01765	0.06268	
0.02965	0.02773	0.01678	0.01916	0	0	0	0	0.01409	0.00704	0.05689	0.0153	0.00114	0.00224	0.08936	0.00058	0.00091	0.0011	0.00099	0.09032	0.05679	0.00666	0.01792	0.01195	0.04595	0.01668	0.00822	0.02247	0.01202	0.00799	0.05982	0.01349	0.01906	0.02022	0.01161	0.04243	
0.05372	0.05053	0.02984	0.03457	0	0	0	0	0.02453	0.01242	0.10428	0.02743	0.00182	0.00324	0.16265	0.00095	0.0016	0.00203	0.0018	0.16323	0.10288	0.01228	0.03218	0.02132	0.08052	0.03072	0.01602	0.0414	0.0222	0.01297	0.10909	0.0244	0.0338	0.03598	0.02203	0.07685	
0.03367	0.03153	0.01851	0.01454	0.0394	0.02023	0.01409	0.02453	0	0	0	0	0.00101	0.00185	0.09472	0.00067	0.00078	0.00141	0.00113	0.09493	0.05958	0.00736	0.01864	0.01267	0.04781	0.01726	0.00897	0.02421	0.0159	0.00993	0.05598	0.01644	0.01966	0.02163	0.01248	0.04448	
0.01722	0.01631	0.00959	0.00743	0.02077	0.01032	0.00704	0.01242	0	0	0	0	0.00056	0.00099	0.04863	0.00037	0.0006	0.00065	0.00046	0.04884	0.03071	0.00389	0.00957	0.00638	0.02417	0.0093	0.00453	0.01255	0.00805	0.00519	0.02815	0.00916	0.01052	0.01045	0.00663	0.02295	
0.26265	0.24916	0.14578	0.08301	0.49553	0.0839	0.05689	0.10428	0	0	0	0	0.00814	0.01505	0.71338	0.00403	0.00806	0.00948	0.00733	0.71573	0.44893	0.05339	0.14247	0.09581	0.35774	0.13209	0.06757	0.1832	0.1354	0.07997	0.38257	0.14266	0.15299	0.16174	0.1002	0.32567	
0.03719	0.03552	0.02078	0.01711	0.04589	0.02198	0.0153	0.02743	0	0	0	0	0.00116	0.00282	0.10605	0.00057	0.00112	0.0015	0.00117	0.10681	0.06719	0.00829	0.02122	0.0139	0.05297	0.02067	0.00998	0.02698	0.01777	0.01077	0.06267	0.01939	0.02175	0.02454	0.0142	0.05011	
0.00381	0.00369	0.00213	0.00124	0.0065	0.00141	0.00114	0.00182	0.00101	0.00056	0.00814	0.00116	0	0	0	0	9e-05	0.00011	0.00011	0.01056	0.00654	0.00075	0.00216	0.00142	0.00524	0.00202	0.00112	0.00249	0.00193	0.00122	0.00589	0.00183	0.00211	0.00233	0.00146	0.00497	
0.00718	0.0065	0.00423	0.0028	0.01248	0.00275	0.00224	0.00324	0.00185	0.00099	0.01505	0.00282	0	0	0	0	0.00024	0.00027	0.00018	0.02002	0.01287	0.00154	0.00417	0.00213	0.00973	0.00402	0.0021	0.00486	0.00355	0.0023	0.01062	0.00424	0.00413	0.00463	0.00263	0.00932	
0.33773	0.32044	0.18719	0.11742	0.57944	0.13133	0.08936	0.16265	0.09472	0.04863	0.71338	0.10605	0	0	0	0	0.01014	0.01264	0.00976	0.93024	0.5835	0.07024	0.18447	0.12457	0.46497	0.17229	0.08733	0.23819	0.17068	0.10176	0.50991	0.18043	0.19751	0.21026	0.12864	0.42637	
0.00201	0.00189	0.00111	0.00063	0.00317	0.00094	0.00058	0.00095	0.00067	0.00037	0.00403	0.00057	0	0	0	0	9e-05	2e-05	4e-05	0.00549	0.0035	0.0004	0.0011	0.00064	0.00275	0.00099	0.0005	0.0014	0.00096	0.00058	0.00295	0.00115	0.00117	0.00114	0.00078	0.00255	
0.00389	0.0033	0.002	0.00137	0.00648	0.00157	0.00091	0.0016	0.00078	0.0006	0.00806	0.00112	9e-05	0.00024	0.01014	9e-05	0	0	0	0	0.0062	0.00077	0.00222	0.00137	0.00482	0.00202	0.00098	0.00274	0.00188	0.00121	0.00566	0.00181	0.00219	0.00256	0.00147	0.00434	
0.00451	0.0047	0.00243	0.0014	0.00809	0.00182	0.0011	0.00203	0.00141	0.00065	0.00948	0.0015	0.00011	0.00027	0.01264	2e-05	0	0	0	0	0.00802	0.00106	0.00237	0.00159	0.00622	0.00246	0.001	0.00336	0.00242	0.00155	0.0064	0.00267	0.00273	0.00302	0.00166	0.00563	
0.00377	0.00302	0.00205	0.00125	0.0059	0.0014	0.00099	0.0018	0.00113	0.00046	0.00733	0.00117	0.00011	0.00018	0.00976	4e-05	0	0	0	0	0.00621	0.00081	0.00181	0.00126	0.00475	0.00174	0.00092	0.00268	0.00186	0.00116	0.0052	0.00187	0.00192	0.0022	0.00164	0.00433	
0.33856	0.3215	0.18818	0.11807	0.58112	0.13164	0.09032	0.16323	0.09493	0.04884	0.71573	0.10681	0.01056	0.02002	0.93024	0.00549	0	0	0	0	0.58598	0.07029	0.1855	0.12454	0.4669	0.1731	0.08815	0.23816	0.17096	0.10194	0.51211	0.1813	0.19808	0.21058	0.12874	0.42891	
0.21268	0.20145	0.11798	0.0743	0.3649	0.08184	0.05679	0.10288	0.05958	0.03071	0.44893	0.06719	0.00654	0.01287	0.5835	0.0035	0.0062	0.00802	0.00621	0.58598	0	0	0	0	0.29314	0.10816	0.05484	0.15027	0.10779	0.06381	0.32142	0.11339	0.12472	0.13198	0.08083	0.26888	
0.02475	0.02394	0.01482	0.00942	0.04385	0.01014	0.00666	0.01228	0.00736	0.00389	0.05339	0.00829	0.00075	0.00154	0.07024	0.0004	0.00077	0.00106	0.00081	0.07029	0	0	0	0	0.03485	0.0135	0.00655	0.01803	0.01252	0.00786	0.03866	0.01389	0.01478	0.01574	0.00987	0.03254	
0.06803	0.06417	0.0366	0.0231	0.11512	0.02668	0.01792	0.03218	0.01864	0.00957	0.14247	0.02122	0.00216	0.00417	0.18447	0.0011	0.00222	0.00237	0.00181	0.1855	0	0	0	0	0.09219	0.03498	0.01814	0.04659	0.03401	0.02081	0.10149	0.03559	0.03905	0.0423	0.02606	0.08449	
0.04527	0.04296	0.02526	0.01527	0.07772	0.01777	0.01195	0.02132	0.01267	0.00638	0.09581	0.0139	0.00142	0.00213	0.12457	0.00064	0.00137	0.00159	0.00126	0.12454	0	0	0	0	0.06251	0.02268	0.01152	0.03205	0.0228	0.01338	0.0678	0.02478	0.02637	0.02834	0.01675	0.0573	
0.16677	0.16166	0.09485	0.05941	0.29077	0.06545	0.04595	0.08052	0.04781	0.02417	0.35774	0.05297	0.00524	0.00973	0.46497	0.00275	0.00482	0.00622	0.00475	0.4669	0.29314	0.03485	0.09219	0.06251	0	0	0	0	0.0862	0.05097	0.25554	0.08998	0.09844	0.10457	0.06481	0.21487	
0.06402	0.05893	0.03426	0.02211	0.10752	0.0244	0.01668	0.03072	0.01726	0.0093	0.13209	0.02067	0.00202	0.00402	0.17229	0.00099	0.00202	0.00246	0.00174	0.1731	0.10816	0.0135	0.03498	0.02268	0	0	0	0	0.03162	0.01889	0.09471	0.0341	0.03727	0.03929	0.02385	0.07891	
0.0321	0.03019	0.01754	0.01122	0.05462	0.01219	0.00822	0.01602	0.00897	0.00453	0.06757	0.00998	0.00112	0.0021	0.08733	0.0005	0.00098	0.001	0.00092	0.08815	0.05484	0.00655	0.01814	0.01152	0	0	0	0	0.01588	0.00979	0.04793	0.01745	0.0191	0.02028	0.01209	0.03958	
0.08784	0.08174	0.04801	0.02935	0.14868	0.03439	0.02247	0.0414	0.02421	0.01255	0.1832	0.02698	0.00249	0.00486	0.23819	0.0014	0.00274	0.00336	0.00268	0.23816	0.15027	0.01803	0.04659	0.03205	0	0	0	0	0.04342	0.02621	0.13119	0.04612	0.05011	0.05422	0.03276	0.10985	
0.06303	0.05981	0.03454	0.01974	0.12433	0.01857	0.01202	0.0222	0.0159	0.00805	0.1354	0.01777	0.00193	0.00355	0.17068	0.00096	0.00188	0.00242	0.00186	0.17096	0.10779	0.01252	0.03401	0.0228	0.0862	0.03162	0.01588	0.04342	0	0	0	0	0.04012	0.0424	0.02602	0.06858	
0.03752	0.03576	0.02134	0.01124	0.07406	0.01084	0.00799	0.01297	0.00993	0.00519	0.07997	0.01077	0.00122	0.0023	0.10176	0.00058	0.00121	0.00155	0.00116	0.10194	0.06381	0.00786	0.02081	0.01338	0.05097	0.01889	0.00979	0.02621	0	0	0	0	0.02432	0.02458	0.01534	0.04162	
0.18354	0.17447	0.10119	0.07017	0.2724	0.08806	0.05982	0.10909	0.05598	0.02815	0.38257	0.06267	0.00589	0.01062	0.50991	0.00295	0.00566	0.0064	0.0052	0.51211	0.32142	0.03866	0.10149	0.0678	0.25554	0.09471	0.04793	0.13119	0	0	0	0	0.09819	0.10613	0.06453	0.26052	
0.06664	0.06248	0.03759	0.02094	0.1308	0.01896	0.01349	0.0244	0.01644	0.00916	0.14266	0.01939	0.00183	0.00424	0.18043	0.00115	0.00181	0.00267	0.00187	0.1813	0.11339	0.01389	0.03559	0.02478	0.08998	0.0341	0.01745	0.04612	0	0	0	0	0.04229	0.04525	0.02762	0.07249	
0.0716	0.0684	0.04026	0.02466	0.12514	0.02692	0.01906	0.0338	0.01966	0.01052	0.15299	0.02175	0.00211	0.00413	0.19751	0.00117	0.00219	0.00273	0.00192	0.19808	0.12472	0.01478	0.03905	0.02637	0.09844	0.03727	0.0191	0.05011	0.04012	0.02432	0.09819	0.04229	0	0	0	0	
0.07755	0.07203	0.04296	0.02582	0.13298	0.02918	0.02022	0.03598	0.02163	0.01045	0.16174	0.02454	0.00233	0.00463	0.21026	0.00114	0.00256	0.00302	0.0022	0.21058	0.13198	0.01574	0.0423	0.02834	0.10457	0.03929	0.02028	0.05422	0.0424	0.02458	0.10613	0.04525	0	0	0	0	
0.04665	0.04545	0.02557	0.01584	0.08222	0.01765	0.01161	0.02203	0.01248	0.00663	0.1002	0.0142	0.00146	0.00263	0.12864	0.00078	0.00147	0.00166	0.00164	0.12874	0.08083	0.00987	0.02606	0.01675	0.06481	0.02385	0.01209	0.03276	0.02602	0.01534	0.06453	0.02762	0	0	0	0	
0.15493	0.14664	0.08587	0.05577	0.26125	0.06268	0.04243	0.07685	0.04448	0.02295	0.32567	0.05011	0.00497	0.00932	0.42637	0.00255	0.00434	0.00563	0.00433	0.42891	0.26888	0.03254	0.08449	0.0573	0.21487	0.07891	0.03958	0.10985	0.06858	0.04162	0.26052	0.07249	0	0	0	0	
