0	0	0	0	0.22309	0.04387	0.02952	0.05259	0.03311	0.01701	0.26255	0.0364	0.00369	0.00736	0.33625	0.00177	0.0039	0.00425	0.00322	0.3377	0.21236	0.02423	0.06696	0.04552	0.16794	0.06252	0.03093	0.08768	0.06325	0.03666	0.18258	0.06658	0.07158	0.0754	0.04661	0.15548	
0	0	0	0	0.21329	0.04206	0.02762	0.05208	0.03173	0.01684	0.24958	0.0369	0.00384	0.00654	0.32267	0.002	0.00401	0.00468	0.00346	0.3229	0.20531	0.02413	0.06282	0.04279	0.16176	0.059	0.03051	0.08378	0.06059	0.03548	0.17486	0.06412	0.06944	0.07238	0.04523	0.148	
0	0	0	0	0.12415	0.02394	0.01622	0.03065	0.01887	0.0094	0.14548	0.02121	0.00215	0.00382	0.18778	0.00121	0.00182	0.00243	0.00186	0.18885	0.11904	0.01365	0.037	0.02527	0.09589	0.03381	0.01733	0.04793	0.03562	0.02119	0.10084	0.03731	0.04138	0.04324	0.02652	0.08382	
0	0	0	0	0.04443	0.02638	0.01729	0.03282	0.01404	0.00709	0.08436	0.01543	0.00143	0.00247	0.11628	0.00074	0.00105	0.00148	0.00108	0.11731	0.07336	0.00903	0.02285	0.01568	0.05834	0.02138	0.01117	0.03003	0.01943	0.01151	0.06839	0.02159	0.02468	0.02567	0.01623	0.05434	
0.22309	0.21329	0.12415	0.04443	0	0	0	0	0.04108	0.02009	0.49821	0.04558	0.00673	0.01224	0.58266	0.00333	0.00644	0.00736	0.00562	0.58554	0.36853	0.04338	0.11472	0.07833	0.29344	0.10708	0.0544	0.15004	0.12451	0.07356	0.27495	0.13194	0.12621	0.13153	0.08209	0.26513	
0.04387	0.04206	0.02394	0.02638	0	0	0	0	0.01955	0.01058	0.08381	0.02231	0.00162	0.00253	0.13135	0.00075	0.00133	0.00189	0.00133	0.1317	0.08357	0.00958	0.02537	0.01773	0.06604	0.02374	0.01278	0.03369	0.01911	0.0109	0.08691	0.01933	0.02741	0.0304	0.01791	0.06053	
0.02952	0.02762	0.01622	0.01729	0	0	0	0	0.01328	0.00693	0.05584	0.0146	0.00094	0.00175	0.08736	0.0006	0.00105	0.0012	0.00074	0.08766	0.05505	0.00603	0.01767	0.0119	0.04375	0.01624	0.0078	0.02286	0.01224	0.007	0.05753	0.01388	0.01858	0.01857	0.01246	0.04104	
0.05259	0.05208	0.03065	0.03282	0	0	0	0	0.02384	0.01274	0.10411	0.02745	0.00182	0.00367	0.16161	0.00104	0.00196	0.00239	0.00193	0.16186	0.10292	0.01205	0.03187	0.0213	0.0807	0.02965	0.01496	0.04283	0.02303	0.01338	0.10728	0.02445	0.03488	0.03619	0.02213	0.07494	
0.03311	0.03173	0.01887	0.01404	0.04108	0.01955	0.01328	0.02384	0	0	0	0	0.00118	0.00187	0.09416	0.00054	0.0009	0.00133	0.00084	0.09468	0.0596	0.00686	0.01833	0.01296	0.04678	0.01703	0.00881	0.02513	0.01613	0.00928	0.05578	0.01656	0.01967	0.0213	0.01273	0.04405	
0.01701	0.01684	0.0094	0.00709	0.02009	0.01058	0.00693	0.01274	0	0	0	0	0.00054	0.00097	0.04857	0.00026	0.00073	0.00073	0.0006	0.04828	0.03044	0.00371	0.00974	0.00645	0.02442	0.00908	0.00417	0.01267	0.0081	0.00485	0.02856	0.00883	0.01004	0.01097	0.00731	0.02202	
0.26255	0.24958	0.14548	0.08436	0.49821	0.08381	0.05584	0.10411	0	0	0	0	0.00824	0.01505	0.71435	0.00433	0.00788	0.00938	0.00693	0.71778	0.45259	0.05298	0.14102	0.09538	0.35891	0.13106	0.0675	0.1845	0.13648	0.07969	0.38082	0.14498	0.1549	0.16011	0.10007	0.32689	
0.0364	0.0369	0.02121	0.01543	0.04558	0.02231	0.0146	0.02745	0	0	0	0	0.00115	0.0023	0.1059	0.00059	0.00127	0.0014	0.00125	0.10602	0.06744	0.00749	0.02054	0.01447	0.05382	0.01954	0.00946	0.02712	0.01818	0.01102	0.06151	0.01923	0.02247	0.02431	0.01448	0.04868	
0.00369	0.00384	0.00215	0.00143	0.00673	0.00162	0.00094	0.00182	0.00118	0.00054	0.00824	0.00115	0	0	0	0	0.00011	8e-05	0.00011	0.01081	0.00695	0.00069	0.00213	0.00134	0.00512	0.00196	0.00127	0.00276	0.00191	0.001	0.00608	0.00212	0.00244	0.00228	0.0015	0.00489	
0.00736	0.00654	0.00382	0.00247	0.01224	0.00253	0.00175	0.00367	0.00187	0.00097	0.01505	0.0023	0	0	0	0	0.0002	0.00034	0.00022	0.01943	0.01261	0.00156	0.00357	0.00245	0.00974	0.00379	0.00189	0.00477	0.00352	0.00215	0.01059	0.00393	0.00433	0.00434	0.0027	0.00882	
0.33625	0.32267	0.18778	0.11628	0.58266	0.13135	0.08736	0.16161	0.09416	0.04857	0.71435	0.1059	0	0	0	0	0.0104	0.01236	0.00924	0.93098	0.58712	0.06836	0.1827	0.1248	0.46642	0.16995	0.08627	0.24034	0.17246	0.10111	0.50712	0.18229	0.19941	0.20868	0.12954	0.42535	
0.00177	0.002	0.00121	0.00074	0.00333	0.00075	0.0006	0.00104	0.00054	0.00026	0.00433	0.00059	0	0	0	0	7e-05	6e-05	5e-05	0.00554	0.00339	0.00043	0.00123	0.00067	0.00265	0.00101	0.00051	0.00155	0.001	0.00058	0.00288	0.00126	0.0009	0.00139	0.00085	0.00258	
0.0039	0.00401	0.00182	0.00105	0.00644	0.00133	0.00105	0.00196	0.0009	0.00073	0.00788	0.00127	0.00011	0.0002	0.0104	7e-05	0	0	0	0	0.00644	0.0006	0.00228	0.00146	0.0053	0.00186	0.00089	0.00273	0.00185	0.00123	0.00557	0.00213	0.00225	0.00237	0.00166	0.0045	
0.00425	0.00468	0.00243	0.00148	0.00736	0.00189	0.0012	0.00239	0.00133	0.00073	0.00938	0.0014	8e-05	0.00034	0.01236	6e-05	0	0	0	0	0.00772	0.0009	0.0024	0.00182	0.0059	0.00251	0.00094	0.00349	0.0022	0.00145	0.00656	0.00263	0.00266	0.00294	0.00176	0.00548	
0.00322	0.00346	0.00186	0.00108	0.00562	0.00133	0.00074	0.00193	0.00084	0.0006	0.00693	0.00125	0.00011	0.00022	0.00924	5e-05	0	0	0	0	0.0059	0.00076	0.00178	0.00118	0.00441	0.00182	0.00087	0.00252	0.00161	0.00097	0.00519	0.00185	0.00187	0.00203	0.00129	0.00443	
0.3377	0.3229	0.18885	0.11731	0.58554	0.1317	0.08766	0.16186	0.09468	0.04828	0.71778	0.10602	0.01081	0.01943	0.93098	0.00554	0	0	0	0	0.59001	0.06878	0.18317	0.1248	0.46832	0.17052	0.08724	0.24068	0.17323	0.10119	0.50935	0.18299	0.2003	0.20935	0.12988	0.42723	
0.21236	0.20531	0.11904	0.07336	0.36853	0.08357	0.05505	0.10292	0.0596	0.03044	0.45259	0.06744	0.00695	0.01261	0.58712	0.00339	0.00644	0.00772	0.0059	0.59001	0	0	0	0	0.29504	0.10842	0.05459	0.15202	0.1097	0.06425	0.32124	0.11488	0.12617	0.13139	0.08218	0.27033	
0.02423	0.02413	0.01365	0.00903	0.04338	0.00958	0.00603	0.01205	0.00686	0.00371	0.05298	0.00749	0.00069	0.00156	0.06836	0.00043	0.0006	0.0009	0.00076	0.06878	0	0	0	0	0.03401	0.01255	0.00659	0.01789	0.01289	0.00766	0.03673	0.01376	0.01438	0.01584	0.00971	0.03111	
0.06696	0.06282	0.037	0.02285	0.11472	0.02537	0.01767	0.03187	0.01833	0.00974	0.14102	0.02054	0.00213	0.00357	0.1827	0.00123	0.00228	0.0024	0.00178	0.18317	0	0	0	0	0.09211	0.0331	0.01739	0.04703	0.03402	0.01968	0.09979	0.03614	0.03971	0.0414	0.02525	0.08327	
0.04552	0.04279	0.02527	0.01568	0.07833	0.01773	0.0119	0.0213	0.01296	0.00645	0.09538	0.01447	0.00134	0.00245	0.1248	0.00067	0.00146	0.00182	0.00118	0.1248	0	0	0	0	0.06277	0.02264	0.01137	0.03248	0.02228	0.01325	0.06891	0.02482	0.02682	0.02806	0.01745	0.05693	
0.16794	0.16176	0.09589	0.05834	0.29344	0.06604	0.04375	0.0807	0.04678	0.02442	0.35891	0.05382	0.00512	0.00974	0.46642	0.00265	0.0053	0.0059	0.00441	0.46832	0.29504	0.03401	0.09211	0.06277	0	0	0	0	0.08653	0.0502	0.25555	0.09165	0.0998	0.10506	0.06461	0.21446	
0.06252	0.059	0.03381	0.02138	0.10708	0.02374	0.01624	0.02965	0.01703	0.00908	0.13106	0.01954	0.00196	0.00379	0.16995	0.00101	0.00186	0.00251	0.00182	0.17052	0.10842	0.01255	0.0331	0.02264	0	0	0	0	0.03157	0.01947	0.09252	0.03315	0.03654	0.03824	0.0246	0.07733	
0.03093	0.03051	0.01733	0.01117	0.0544	0.01278	0.0078	0.01496	0.00881	0.00417	0.0675	0.00946	0.00127	0.00189	0.08627	0.00051	0.00089	0.00094	0.00087	0.08724	0.05459	0.00659	0.01739	0.01137	0	0	0	0	0.01606	0.00973	0.04771	0.01644	0.01885	0.01918	0.01176	0.04015	
0.08768	0.08378	0.04793	0.03003	0.15004	0.03369	0.02286	0.04283	0.02513	0.01267	0.1845	0.02712	0.00276	0.00477	0.24034	0.00155	0.00273	0.00349	0.00252	0.24068	0.15202	0.01789	0.04703	0.03248	0	0	0	0	0.04473	0.02544	0.13089	0.04836	0.05189	0.05421	0.03362	0.1097	
0.06325	0.06059	0.03562	0.01943	0.12451	0.01911	0.01224	0.02303	0.01613	0.0081	0.13648	0.01818	0.00191	0.00352	0.17246	0.001	0.00185	0.0022	0.00161	0.17323	0.1097	0.01289	0.03402	0.02228	0.08653	0.03157	0.01606	0.04473	0	0	0	0	0.03747	0.03801	0.02428	0.07913	
0.03666	0.03548	0.02119	0.01151	0.07356	0.0109	0.007	0.01338	0.00928	0.00485	0.07969	0.01102	0.001	0.00215	0.10111	0.00058	0.00123	0.00145	0.00097	0.10119	0.06425	0.00766	0.01968	0.01325	0.0502	0.01947	0.00973	0.02544	0	0	0	0	0.02149	0.02242	0.01441	0.04652	
0.18258	0.17486	0.10084	0.06839	0.27495	0.08691	0.05753	0.10728	0.05578	0.02856	0.38082	0.06151	0.00608	0.01059	0.50712	0.00288	0.00557	0.00656	0.00519	0.50935	0.32124	0.03673	0.09979	0.06891	0.25555	0.09252	0.04771	0.13089	0	0	0	0	0.10778	0.11481	0.07091	0.23317	
0.06658	0.06412	0.03731	0.02159	0.13194	0.01933	0.01388	0.02445	0.01656	0.00883	0.14498	0.01923	0.00212	0.00393	0.18229	0.00126	0.00213	0.00263	0.00185	0.18299	0.11488	0.01376	0.03614	0.02482	0.09165	0.03315	0.01644	0.04836	0	0	0	0	0.04034	0.04145	0.02499	0.08282	
0.07158	0.06944	0.04138	0.02468	0.12621	0.02741	0.01858	0.03488	0.01967	0.01004	0.1549	0.02247	0.00244	0.00433	0.19941	0.0009	0.00225	0.00266	0.00187	0.2003	0.12617	0.01438	0.03971	0.02682	0.0998	0.03654	0.01885	0.05189	0.03747	0.02149	0.10778	0.04034	0	0	0	0	
0.0754	0.07238	0.04324	0.02567	0.13153	0.0304	0.01857	0.03619	0.0213	0.01097	0.16011	0.02431	0.00228	0.00434	0.20868	0.00139	0.00237	0.00294	0.00203	0.20935	0.13139	0.01584	0.0414	0.02806	0.10506	0.03824	0.01918	0.05421	0.03801	0.02242	0.11481	0.04145	0	0	0	0	
0.04661	0.04523	0.02652	0.01623	0.08209	0.01791	0.01246	0.02213	0.01273	0.00731	0.10007	0.01448	0.0015	0.0027	0.12954	0.00085	0.00166	0.00176	0.00129	0.12988	0.08218	0.00971	0.02525	0.01745	0.06461	0.0246	0.01176	0.03362	0.02428	0.01441	0.07091	0.02499	0	0	0	0	
0.15548	0.148	0.08382	0.05434	0.26513	0.06053	0.04104	0.07494	0.04405	0.02202	0.32689	0.04868	0.00489	0.00882	0.42535	0.00258	0.0045	0.00548	0.00443	0.42723	0.27033	0.03111	0.08327	0.05693	0.21446	0.07733	0.04015	0.1097	0.07913	0.04652	0.23317	0.08282	0	0	0	0	
