0	0	0	0	0.22259	0.04375	0.02854	0.05385	0.03373	0.01735	0.262	0.03565	0.00354	0.00718	0.33596	0.00205	0.00328	0.00479	0.00354	0.33712	0.2115	0.02419	0.06644	0.0466	0.1682	0.06312	0.03178	0.08563	0.06246	0.03735	0.18253	0.06639	0.07024	0.07629	0.04587	0.15633	
0	0	0	0	0.21216	0.04166	0.02845	0.05262	0.0316	0.01645	0.25079	0.03605	0.00374	0.00688	0.32194	0.00233	0.00384	0.00434	0.00359	0.32312	0.20516	0.02341	0.0642	0.04212	0.16239	0.0586	0.03062	0.08328	0.05898	0.03568	0.17743	0.0628	0.06978	0.07281	0.04396	0.14834	
0	0	0	0	0.1237	0.02454	0.01624	0.02916	0.01906	0.00972	0.14451	0.02035	0.00233	0.00402	0.18595	0.00134	0.00205	0.00255	0.00183	0.18721	0.11818	0.0143	0.03601	0.02515	0.09397	0.03463	0.01781	0.04723	0.03469	0.0203	0.10046	0.03819	0.04122	0.0414	0.02486	0.08616	
0	0	0	0	0.04315	0.02714	0.01835	0.0341	0.01437	0.00732	0.08425	0.0168	0.00123	0.00255	0.11813	0.00083	0.00146	0.00146	0.00115	0.11867	0.07439	0.00909	0.02259	0.01667	0.06008	0.02168	0.01111	0.02987	0.01893	0.01163	0.07163	0.02055	0.02572	0.02633	0.01612	0.05457	
0.22259	0.21216	0.1237	0.04315	0	0	0	0	0.03916	0.02043	0.49702	0.04499	0.00664	0.01237	0.57858	0.00401	0.00651	0.00764	0.00621	0.58124	0.36721	0.0422	0.11364	0.07855	0.2909	0.10783	0.05481	0.14806	0.12183	0.07302	0.27608	0.13067	0.12618	0.13105	0.07968	0.26469	
0.04375	0.04166	0.02454	0.02714	0	0	0	0	0.02021	0.01044	0.08448	0.02196	0.00146	0.00276	0.13209	0.00078	0.00146	0.00197	0.00145	0.13221	0.08314	0.01002	0.02612	0.01781	0.06691	0.02377	0.01245	0.03396	0.01818	0.01107	0.08791	0.01993	0.02714	0.03006	0.01764	0.06225	
0.02854	0.02845	0.01624	0.01835	0	0	0	0	0.01361	0.00735	0.05646	0.01416	0.00083	0.00194	0.08825	0.00056	0.00076	0.00124	0.00091	0.08867	0.05657	0.00619	0.01695	0.01187	0.04419	0.01655	0.00817	0.02267	0.01184	0.0076	0.0588	0.01334	0.01915	0.01917	0.01154	0.04172	
0.05385	0.05262	0.02916	0.0341	0	0	0	0	0.02578	0.01262	0.10359	0.02774	0.00191	0.00356	0.16306	0.0012	0.0019	0.00229	0.00154	0.164	0.10231	0.01258	0.03253	0.02231	0.08264	0.02988	0.01589	0.04132	0.02321	0.01327	0.10926	0.02399	0.03449	0.03655	0.02195	0.07674	
0.03373	0.0316	0.01906	0.01437	0.03916	0.02021	0.01361	0.02578	0	0	0	0	0.00117	0.00205	0.09491	0.00063	0.00094	0.00121	0.00103	0.09558	0.05976	0.00637	0.01927	0.01336	0.04719	0.01801	0.00909	0.02447	0.01576	0.00972	0.05639	0.01689	0.02045	0.02087	0.01321	0.04423	
0.01735	0.01645	0.00972	0.00732	0.02043	0.01044	0.00735	0.01262	0	0	0	0	0.00052	0.001	0.04905	0.00027	0.00046	0.00069	0.00043	0.04926	0.0307	0.00372	0.0096	0.00682	0.02478	0.00927	0.00477	0.01202	0.00879	0.00491	0.02874	0.0084	0.01063	0.01076	0.00664	0.02281	
0.262	0.25079	0.14451	0.08425	0.49702	0.08448	0.05646	0.10359	0	0	0	0	0.00805	0.01529	0.71324	0.00497	0.00813	0.00964	0.00764	0.71614	0.4521	0.05314	0.1402	0.09611	0.35863	0.13264	0.0677	0.18258	0.13299	0.07952	0.38586	0.14318	0.15414	0.16182	0.09691	0.32868	
0.03565	0.03605	0.02035	0.0168	0.04499	0.02196	0.01416	0.02774	0	0	0	0	0.0011	0.00229	0.10478	0.00068	0.0011	0.0016	0.00101	0.10514	0.06667	0.00776	0.02017	0.01425	0.05404	0.01811	0.00976	0.02694	0.01752	0.01081	0.06106	0.01946	0.02174	0.02338	0.01405	0.04968	
0.00354	0.00374	0.00233	0.00123	0.00664	0.00146	0.00083	0.00191	0.00117	0.00052	0.00805	0.0011	0	0	0	0	7e-05	0.00015	0.00018	0.01044	0.00645	0.00076	0.00214	0.00149	0.00542	0.00174	0.00096	0.00272	0.00179	0.00135	0.00552	0.00218	0.00214	0.00243	0.00144	0.00483	
0.00718	0.00688	0.00402	0.00255	0.01237	0.00276	0.00194	0.00356	0.00205	0.001	0.01529	0.00229	0	0	0	0	0.00022	0.00026	0.00022	0.01993	0.01261	0.00134	0.004	0.00268	0.01012	0.00368	0.00189	0.00494	0.00355	0.00221	0.01085	0.00402	0.00429	0.00473	0.00257	0.00904	
0.33596	0.32194	0.18595	0.11813	0.57858	0.13209	0.08825	0.16306	0.09491	0.04905	0.71324	0.10478	0	0	0	0	0.01028	0.01264	0.00966	0.9294	0.58611	0.06843	0.182	0.12544	0.4661	0.17144	0.08777	0.23667	0.16859	0.10069	0.51213	0.18057	0.19911	0.20817	0.12609	0.42861	
0.00205	0.00233	0.00134	0.00083	0.00401	0.00078	0.00056	0.0012	0.00063	0.00027	0.00497	0.00068	0	0	0	0	6e-05	9e-05	5e-05	0.00635	0.00406	0.00046	0.0011	0.00093	0.003	0.00117	0.0007	0.00168	0.00113	0.00071	0.00355	0.00116	0.00142	0.0015	0.00071	0.00292	
0.00328	0.00384	0.00205	0.00146	0.00651	0.00146	0.00076	0.0019	0.00094	0.00046	0.00813	0.0011	7e-05	0.00022	0.01028	6e-05	0	0	0	0	0.00636	0.00084	0.00214	0.00129	0.0051	0.00184	0.00107	0.00262	0.00189	0.00107	0.00566	0.00201	0.00235	0.00223	0.00127	0.00478	
0.00479	0.00434	0.00255	0.00146	0.00764	0.00197	0.00124	0.00229	0.00121	0.00069	0.00964	0.0016	0.00015	0.00026	0.01264	9e-05	0	0	0	0	0.00762	0.00119	0.00252	0.00181	0.00601	0.00255	0.00118	0.0034	0.00226	0.00141	0.00727	0.0022	0.00276	0.00289	0.00179	0.0057	
0.00354	0.00359	0.00183	0.00115	0.00621	0.00145	0.00091	0.00154	0.00103	0.00043	0.00764	0.00101	0.00018	0.00022	0.00966	5e-05	0	0	0	0	0.00613	0.00079	0.00179	0.0014	0.005	0.0018	0.00092	0.00239	0.00177	0.00105	0.00536	0.00193	0.00202	0.00213	0.00126	0.0047	
0.33712	0.32312	0.18721	0.11867	0.58124	0.13221	0.08867	0.164	0.09558	0.04926	0.71614	0.10514	0.01044	0.01993	0.9294	0.00635	0	0	0	0	0.58912	0.06817	0.18279	0.12604	0.46853	0.17184	0.08815	0.2376	0.16914	0.10143	0.51376	0.18179	0.19983	0.20958	0.12649	0.43022	
0.2115	0.20516	0.11818	0.07439	0.36721	0.08314	0.05657	0.10231	0.05976	0.0307	0.4521	0.06667	0.00645	0.01261	0.58611	0.00406	0.00636	0.00762	0.00613	0.58912	0	0	0	0	0.29666	0.10783	0.05541	0.14933	0.10713	0.06387	0.3231	0.11513	0.12627	0.13205	0.07996	0.27095	
0.02419	0.02341	0.0143	0.00909	0.0422	0.01002	0.00619	0.01258	0.00637	0.00372	0.05314	0.00776	0.00076	0.00134	0.06843	0.00046	0.00084	0.00119	0.00079	0.06817	0	0	0	0	0.03412	0.01225	0.00688	0.01774	0.01206	0.00751	0.03839	0.01303	0.01447	0.01541	0.00954	0.03157	
0.06644	0.0642	0.03601	0.02259	0.11364	0.02612	0.01695	0.03253	0.01927	0.0096	0.1402	0.02017	0.00214	0.004	0.182	0.0011	0.00214	0.00252	0.00179	0.18279	0	0	0	0	0.09141	0.03398	0.01746	0.04639	0.03324	0.02025	0.10016	0.03559	0.03977	0.04083	0.02421	0.08443	
0.0466	0.04212	0.02515	0.01667	0.07855	0.01781	0.01187	0.02231	0.01336	0.00682	0.09611	0.01425	0.00149	0.00268	0.12544	0.00093	0.00129	0.00181	0.0014	0.12604	0	0	0	0	0.06245	0.02397	0.01157	0.03255	0.02263	0.01333	0.0704	0.02418	0.02645	0.02854	0.0171	0.05845	
0.1682	0.16239	0.09397	0.06008	0.2909	0.06691	0.04419	0.08264	0.04719	0.02478	0.35863	0.05404	0.00542	0.01012	0.4661	0.003	0.0051	0.00601	0.005	0.46853	0.29666	0.03412	0.09141	0.06245	0	0	0	0	0.08496	0.05045	0.25781	0.09142	0.09963	0.10464	0.06304	0.21733	
0.06312	0.0586	0.03463	0.02168	0.10783	0.02377	0.01655	0.02988	0.01801	0.00927	0.13264	0.01811	0.00174	0.00368	0.17144	0.00117	0.00184	0.00255	0.0018	0.17184	0.10783	0.01225	0.03398	0.02397	0	0	0	0	0.03163	0.01875	0.09373	0.03392	0.03647	0.03947	0.02287	0.07922	
0.03178	0.03062	0.01781	0.01111	0.05481	0.01245	0.00817	0.01589	0.00909	0.00477	0.0677	0.00976	0.00096	0.00189	0.08777	0.0007	0.00107	0.00118	0.00092	0.08815	0.05541	0.00688	0.01746	0.01157	0	0	0	0	0.01586	0.00987	0.04883	0.01676	0.01896	0.01988	0.01198	0.0405	
0.08563	0.08328	0.04723	0.02987	0.14806	0.03396	0.02267	0.04132	0.02447	0.01202	0.18258	0.02694	0.00272	0.00494	0.23667	0.00168	0.00262	0.0034	0.00239	0.2376	0.14933	0.01774	0.04639	0.03255	0	0	0	0	0.04261	0.02589	0.13168	0.04583	0.0519	0.05284	0.03292	0.10835	
0.06246	0.05898	0.03469	0.01893	0.12183	0.01818	0.01184	0.02321	0.01576	0.00879	0.13299	0.01752	0.00179	0.00355	0.16859	0.00113	0.00189	0.00226	0.00177	0.16914	0.10713	0.01206	0.03324	0.02263	0.08496	0.03163	0.01586	0.04261	0	0	0	0	0.0384	0.03883	0.02479	0.07304	
0.03735	0.03568	0.0203	0.01163	0.07302	0.01107	0.0076	0.01327	0.00972	0.00491	0.07952	0.01081	0.00135	0.00221	0.10069	0.00071	0.00107	0.00141	0.00105	0.10143	0.06387	0.00751	0.02025	0.01333	0.05045	0.01875	0.00987	0.02589	0	0	0	0	0.02341	0.02406	0.01414	0.04335	
0.18253	0.17743	0.10046	0.07163	0.27608	0.08791	0.0588	0.10926	0.05639	0.02874	0.38586	0.06106	0.00552	0.01085	0.51213	0.00355	0.00566	0.00727	0.00536	0.51376	0.3231	0.03839	0.10016	0.0704	0.25781	0.09373	0.04883	0.13168	0	0	0	0	0.1051	0.11144	0.06591	0.2496	
0.06639	0.0628	0.03819	0.02055	0.13067	0.01993	0.01334	0.02399	0.01689	0.0084	0.14318	0.01946	0.00218	0.00402	0.18057	0.00116	0.00201	0.0022	0.00193	0.18179	0.11513	0.01303	0.03559	0.02418	0.09142	0.03392	0.01676	0.04583	0	0	0	0	0.04005	0.0425	0.02597	0.07941	
0.07024	0.06978	0.04122	0.02572	0.12618	0.02714	0.01915	0.03449	0.02045	0.01063	0.15414	0.02174	0.00214	0.00429	0.19911	0.00142	0.00235	0.00276	0.00202	0.19983	0.12627	0.01447	0.03977	0.02645	0.09963	0.03647	0.01896	0.0519	0.0384	0.02341	0.1051	0.04005	0	0	0	0	
0.07629	0.07281	0.0414	0.02633	0.13105	0.03006	0.01917	0.03655	0.02087	0.01076	0.16182	0.02338	0.00243	0.00473	0.20817	0.0015	0.00223	0.00289	0.00213	0.20958	0.13205	0.01541	0.04083	0.02854	0.10464	0.03947	0.01988	0.05284	0.03883	0.02406	0.11144	0.0425	0	0	0	0	
0.04587	0.04396	0.02486	0.01612	0.07968	0.01764	0.01154	0.02195	0.01321	0.00664	0.09691	0.01405	0.00144	0.00257	0.12609	0.00071	0.00127	0.00179	0.00126	0.12649	0.07996	0.00954	0.02421	0.0171	0.06304	0.02287	0.01198	0.03292	0.02479	0.01414	0.06591	0.02597	0	0	0	0	
0.15633	0.14834	0.08616	0.05457	0.26469	0.06225	0.04172	0.07674	0.04423	0.02281	0.32868	0.04968	0.00483	0.00904	0.42861	0.00292	0.00478	0.0057	0.0047	0.43022	0.27095	0.03157	0.08443	0.05845	0.21733	0.07922	0.0405	0.10835	0.07304	0.04335	0.2496	0.07941	0	0	0	0	
