0 0 0 0 0.141445473478974 0.0625692382682678 0.0659369876368148 0.0750653609252448 0.0602206762086232 0.0369566180706341 0.186599902512518 0.0612398635175256 0 0 0.345017060309301 0 0 0 0 0.345017060309301 0.222581645765941 0.0164842469092037 0.0810918597952763 0.0248593078388798 0.187131652412815 0.055523552089334 0.0352284308946692 0.0671334249124828 0.0159524970089068 0.00731156112908229 0.311339566623831 0.0104134355474808 0.0420082421234546 0.0574733017237559 0.0256569326893251 0.219878583772766
0 0 0 0 0.108078167235344 0.0484778659104001 0.0335888687020871 0.0583595515575841 0.0459520538839899 0.0285372446492666 0.128461913413391 0.0455532414587672 0 0 0.248504453405415 0 0 0 0 0.248504453405415 0.163823281783135 0.0121416227234457 0.0553906146142598 0.0171489342845748 0.142198785837728 0.0415651172065405 0.0227323082376922 0.0420082421234546 0.0102804980724066 0.00420968671068374 0.226658395001551 0.0073558736207737 0.0275180573403642 0.0427172419905171 0.0178136216599459 0.160455532414588
0 0 0 0 0.0926574201267337 0.0474586786014978 0.0417423671733062 0.0340319936190012 0.0334559312270129 0.0292462445163292 0.105330792750476 0.0478574910267204 0 0 0.215890459520539 0 0 0 0 0.215890459520539 0.141711348429122 0.007931936012762 0.0471484911596579 0.0190986839189968 0.127309788629415 0.0309744316922941 0.0198963087694421 0.037709930429388 0.00788762352107059 0.00319049940178136 0.20051402490362 0.00429831169406656 0.0215358709620242 0.0340319936190012 0.0130721850489653 0.147250409890548
0 0 0 0 0.0367350556121771 0.0455975539504586 0.0505605530198963 0.057694864182213 0.0232640581379891 0.0276066823237471 0.0992156688970621 0.0405016174059467 0 0 0.190588026764745 0 0 0 0 0.190588026764745 0.131918287765321 0.00664687375371117 0.0424070545486773 0.00961581069703549 0.111268666637125 0.0272078698985244 0.0188328089688483 0.0332786812602473 0.00536181149466034 0.00257012451810165 0.178667966499756 0.0039881242522267 0.0177693091682545 0.0272521823902158 0.0119200602649887 0.133646474941286
0.141445473478974 0.108078167235344 0.0926574201267337 0.0367350556121771 0 0 0 0 0.0521114902290956 0.0377542429210794 0.224841582842203 0.0642088004608499 0 0 0.378916116453228 0 0 0 0 0.378916116453228 0.23733770549918 0.0200735587362077 0.0885363583994328 0.0329684938184074 0.194487526033589 0.0683298621881508 0.0405016174059467 0.0755971108255417 0.021624495945407 0.0100589356139496 0.33331856250277 0.0139141223911021 0.0517569902955643 0.0671334249124828 0.0341649310940754 0.225860770151106
0.0625692382682678 0.0484778659104001 0.0474586786014978 0.0455975539504586 0 0 0 0 0.0448885540833961 0.0287588071077237 0.0793636726193114 0.0510923029201932 0 0 0.204103336730624 0 0 0 0 0.204103336730624 0.14352816058847 0.00757743607923073 0.0428058669738999 0.0101918730890238 0.12243541454336 0.0310630566756769 0.018035184118403 0.0325696813931847 0.00642531129525413 0.00261443700979306 0.191518589090265 0.00354499933531262 0.0196304338192937 0.0299995568750831 0.0120973102317543 0.142376035804493
0.0659369876368148 0.0335888687020871 0.0417423671733062 0.0505605530198963 0 0 0 0 0.0463065538175212 0.0294678069747862 0.0868081712234679 0.0292462445163292 0 0 0.191828776532104 0 0 0 0 0.191828776532104 0.130987725439801 0.00540612398635175 0.0400584924890327 0.0153764346169185 0.113794478663535 0.0241059954801258 0.0165728718925865 0.0373554304958568 0.00443124916914078 0.00177249966765631 0.181725528426463 0.00389949926884389 0.015863872025524 0.0301324943501573 0.00952718571365268 0.13630522444277
0.0750653609252448 0.0583595515575841 0.0340319936190012 0.057694864182213 0 0 0 0 0.0195861213276023 0.0263659325563876 0.128594850888465 0.0506048655115877 0 0 0.225151770284043 0 0 0 0 0.225151770284043 0.148180972216068 0.0101475605973324 0.0546373022555058 0.0121859352151371 0.137191474276599 0.0317720565427394 0.0215801834537156 0.0346080560109895 0.00700137368724243 0.0028359994682501 0.210617273009261 0.00469712411928923 0.0215801834537156 0.0342092435857668 0.0126733726237426 0.156688970620818
0.0602206762086232 0.0459520538839899 0.0334559312270129 0.0232640581379891 0.0521114902290956 0.0448885540833961 0.0463065538175212 0.0195861213276023 0 0 0 0 0 0 0.162892719457615 0 0 0 0 0.162892719457615 0.116098728231488 0.00748881109584792 0.0332786812602473 0.00602649887003146 0.0950946071697612 0.0240616829884344 0.0149333097000044 0.0288031195994151 0.00638099880356272 0.00221562458457039 0.150529534275712 0.00376656179376966 0.0149776221916958 0.0219346833872469 0.00948287322196127 0.116497540656711
0.0369566180706341 0.0285372446492666 0.0292462445163292 0.0276066823237471 0.0377542429210794 0.0287588071077237 0.0294678069747862 0.0263659325563876 0 0 0 0 0 0 0.122346789559977 0 0 0 0 0.122346789559977 0.0824655470377099 0.0050959365445119 0.0302654318252315 0.0045198741525236 0.0795852350777684 0.0178579341516373 0.00974874817210972 0.0151548721584615 0.00310187441839855 0.00159524970089068 0.115478353347809 0.00217131209287898 0.00833074843798467 0.0152434971418443 0.00576062391988301 0.093011920060265
0.186599902512518 0.128461913413391 0.105330792750476 0.0992156688970621 0.224841582842203 0.0793636726193114 0.0868081712234679 0.128594850888465 0 0 0 0 0 0 0.519608277573448 0 0 0 0 0.519608277573448 0.330261000576062 0.0249479328222626 0.113439978730004 0.050959365445119 0.262595825763283 0.090619045508929 0.0548588647139629 0.111534541587273 0.0257455576727079 0.0116098728231488 0.464350600434262 0.0179022466433288 0.0697035494305845 0.0970000443124917 0.044223866708025 0.308680817122347
0.0612398635175256 0.0455532414587672 0.0478574910267204 0.0405016174059467 0.0642088004608499 0.0510923029201932 0.0292462445163292 0.0506048655115877 0 0 0 0 0 0 0.19515221340896 0 0 0 0 0.19515221340896 0.131209287898259 0.0056719989365002 0.0490539283023884 0.00921699827181282 0.13063322550627 0.0227323082376922 0.0171489342845748 0.0246377453804227 0.00425399920237515 0.00186112465103913 0.186821464970975 0.00221562458457039 0.0158195595338326 0.0272964948819072 0.00899543581335579 0.143040723179864
0 0 0 0 0 0 0 0 0 0 0 0 0 0 0 0 0 0 0 0 0 0 0 0 0 0 0 0 0 0 0 0 0 0 0 0
0 0 0 0 0 0 0 0 0 0 0 0 0 0 0 0 0 0 0 0 0 0 0 0 0 0 0 0 0 0 0 0 0 0 0 0
0.345017060309301 0.248504453405415 0.215890459520539 0.190588026764745 0.378916116453228 0.204103336730624 0.191828776532104 0.225151770284043 0.162892719457615 0.122346789559977 0.519608277573448 0.19515221340896 0 0 0 0 0 0 0 1 0.660034563743519 0.0432046793991226 0.226038020117871 0.0707227367394869 0.567908893517083 0.155270970886693 0.0966898568706518 0.180130278725573 0.0394824300970444 0.017281871759649 0.917179953028759 0.0260557451145478 0.108831479594098 0.16147471972349 0.0684627996632251 0.661231001019187
0 0 0 0 0 0 0 0 0 0 0 0 0 0 0 0 0 0 0 0 0 0 0 0 0 0 0 0 0 0 0 0 0 0 0 0
0 0 0 0 0 0 0 0 0 0 0 0 0 0 0 0 0 0 0 0 0 0 0 0 0 0 0 0 0 0 0 0 0 0 0 0
0 0 0 0 0 0 0 0 0 0 0 0 0 0 0 0 0 0 0 0 0 0 0 0 0 0 0 0 0 0 0 0 0 0 0 0
0 0 0 0 0 0 0 0 0 0 0 0 0 0 0 0 0 0 0 0 0 0 0 0 0 0 0 0 0 0 0 0 0 0 0 0
0.345017060309301 0.248504453405415 0.215890459520539 0.190588026764745 0.378916116453228 0.204103336730624 0.191828776532104 0.225151770284043 0.162892719457615 0.122346789559977 0.519608277573448 0.19515221340896 0 0 1 0 0 0 0 0 0.660034563743519 0.0432046793991226 0.226038020117871 0.0707227367394869 0.567908893517083 0.155270970886693 0.0966898568706518 0.180130278725573 0.0394824300970444 0.017281871759649 0.917179953028759 0.0260557451145478 0.108831479594098 0.16147471972349 0.0684627996632251 0.661231001019187
0.222581645765941 0.163823281783135 0.141711348429122 0.131918287765321 0.23733770549918 0.14352816058847 0.130987725439801 0.148180972216068 0.116098728231488 0.0824655470377099 0.330261000576062 0.131209287898259 0 0 0.660034563743519 0 0 0 0 0.660034563743519 0 0 0 0 0.343022998183188 0.104355917933265 0.068241237204768 0.144414410422298 0.0300438693667745 0.0111224354145434 0.599991137501662 0.0188771214605397 0.0790534851774715 0.115699915806266 0.0520228652457128 0.413258297514069
0.0164842469092037 0.0121416227234457 0.007931936012762 0.00664687375371117 0.0200735587362077 0.00757743607923073 0.00540612398635175 0.0101475605973324 0.00748881109584792 0.0050959365445119 0.0249479328222626 0.0056719989365002 0 0 0.0432046793991226 0 0 0 0 0.0432046793991226 0 0 0 0 0.0260557451145478 0.00757743607923073 0.00416537421899233 0.00540612398635175 0.00301324943501573 0.00234856205964461 0.0358488057783489 0.00199406212611335 0.00323481189347277 0.00536181149466034 0.0034120618602384 0.0311959941507511
0.0810918597952763 0.0553906146142598 0.0471484911596579 0.0424070545486773 0.0885363583994328 0.0428058669738999 0.0400584924890327 0.0546373022555058 0.0332786812602473 0.0302654318252315 0.113439978730004 0.0490539283023884 0 0 0.226038020117871 0 0 0 0 0.226038020117871 0 0 0 0 0.165994593876014 0.0295121194664776 0.0149776221916958 0.0155536845836841 0.00416537421899233 0.00194974963442194 0.217397084238047 0.00252581202641025 0.0223334958124695 0.0297336819249346 0.0101918730890238 0.163778969291443
0.0248593078388798 0.0171489342845748 0.0190986839189968 0.00961581069703549 0.0329684938184074 0.0101918730890238 0.0153764346169185 0.0121859352151371 0.00602649887003146 0.0045198741525236 0.050959365445119 0.00921699827181282 0 0 0.0707227367394869 0 0 0 0 0.0707227367394869 0 0 0 0 0.0328355563433332 0.0138254974077192 0.00930562325519564 0.0147560597332388 0.0022599370762618 0.00186112465103913 0.0639429255107015 0.00265874950148447 0.00420968671068374 0.0106793104976293 0.0028359994682501 0.0529977400629237
0.187131652412815 0.142198785837728 0.127309788629415 0.111268666637125 0.194487526033589 0.12243541454336 0.113794478663535 0.137191474276599 0.0950946071697612 0.0795852350777684 0.262595825763283 0.13063322550627 0 0 0.567908893517083 0 0 0 0 0.567908893517083 0.343022998183188 0.0260557451145478 0.165994593876014 0.0328355563433332 0 0 0 0 0.019010058935614 0.00549474896973457 0.532104400230425 0.011299685381309 0.0598218637834005 0.100943856073027 0.0357158683032747 0.37142730535738
0.055523552089334 0.0415651172065405 0.0309744316922941 0.0272078698985244 0.0683298621881508 0.0310630566756769 0.0241059954801258 0.0317720565427394 0.0240616829884344 0.0178579341516373 0.090619045508929 0.0227323082376922 0 0 0.155270970886693 0 0 0 0 0.155270970886693 0.104355917933265 0.00757743607923073 0.0295121194664776 0.0138254974077192 0 0 0 0 0.00983737315549253 0.00615943634510569 0.132760225107458 0.00651393627863695 0.0188771214605397 0.0208268710949617 0.0136039349492622 0.101963043381929
0.0352284308946692 0.0227323082376922 0.0198963087694421 0.0188328089688483 0.0405016174059467 0.018035184118403 0.0165728718925865 0.0215801834537156 0.0149333097000044 0.00974874817210972 0.0548588647139629 0.0171489342845748 0 0 0.0966898568706518 0 0 0 0 0.0966898568706518 0.068241237204768 0.00416537421899233 0.0149776221916958 0.00930562325519564 0 0 0 0 0.00491868657774627 0.00332343687685559 0.0868081712234679 0.00163956219258209 0.0106349980059379 0.0140913723578677 0.00540612398635175 0.0665573625204945
0.0671334249124828 0.0420082421234546 0.037709930429388 0.0332786812602473 0.0755971108255417 0.0325696813931847 0.0373554304958568 0.0346080560109895 0.0288031195994151 0.0151548721584615 0.111534541587273 0.0246377453804227 0 0 0.180130278725573 0 0 0 0 0.180130278725573 0.144414410422298 0.00540612398635175 0.0155536845836841 0.0147560597332388 0 0 0 0 0.00571631142819161 0.00230424956795321 0.165507156467408 0.00660256126201976 0.0194974963442194 0.0256126201976337 0.0137368724243364 0.121283289759383
0.0159524970089068 0.0102804980724066 0.00788762352107059 0.00536181149466034 0.021624495945407 0.00642531129525413 0.00443124916914078 0.00700137368724243 0.00638099880356272 0.00310187441839855 0.0257455576727079 0.00425399920237515 0 0 0.0394824300970444 0 0 0 0 0.0394824300970444 0.0300438693667745 0.00301324943501573 0.00416537421899233 0.0022599370762618 0.019010058935614 0.00983737315549253 0.00491868657774627 0.00571631142819161 0 0 0 0 0.00833074843798467 0.00704568617893384 0.00872956086320734 0.0153764346169185
0.00731156112908229 0.00420968671068374 0.00319049940178136 0.00257012451810165 0.0100589356139496 0.00261443700979306 0.00177249966765631 0.0028359994682501 0.00221562458457039 0.00159524970089068 0.0116098728231488 0.00186112465103913 0 0 0.017281871759649 0 0 0 0 0.017281871759649 0.0111224354145434 0.00234856205964461 0.00194974963442194 0.00186112465103913 0.00549474896973457 0.00615943634510569 0.00332343687685559 0.00230424956795321 0 0 0 0 0.00354499933531262 0.00323481189347277 0.00372224930207826 0.00677981122878539
0.311339566623831 0.226658395001551 0.20051402490362 0.178667966499756 0.33331856250277 0.191518589090265 0.181725528426463 0.210617273009261 0.150529534275712 0.115478353347809 0.464350600434262 0.186821464970975 0 0 0.917179953028759 0 0 0 0 0.917179953028759 0.599991137501662 0.0358488057783489 0.217397084238047 0.0639429255107015 0.532104400230425 0.132760225107458 0.0868081712234679 0.165507156467408 0 0 0 0 0.0922586077015111 0.148048034740993 0.0495413657109939 0.62733194487526
0.0104134355474808 0.0073558736207737 0.00429831169406656 0.0039881242522267 0.0139141223911021 0.00354499933531262 0.00389949926884389 0.00469712411928923 0.00376656179376966 0.00217131209287898 0.0179022466433288 0.00221562458457039 0 0 0.0260557451145478 0 0 0 0 0.0260557451145478 0.0188771214605397 0.00199406212611335 0.00252581202641025 0.00265874950148447 0.011299685381309 0.00651393627863695 0.00163956219258209 0.00660256126201976 0 0 0 0 0.00469712411928923 0.00314618691008995 0.00646962378694554 0.0117428102982231
0.0420082421234546 0.0275180573403642 0.0215358709620242 0.0177693091682545 0.0517569902955643 0.0196304338192937 0.015863872025524 0.0215801834537156 0.0149776221916958 0.00833074843798467 0.0697035494305845 0.0158195595338326 0 0 0.108831479594098 0 0 0 0 0.108831479594098 0.0790534851774715 0.00323481189347277 0.0223334958124695 0.00420968671068374 0.0598218637834005 0.0188771214605397 0.0106349980059379 0.0194974963442194 0.00833074843798467 0.00354499933531262 0.0922586077015111 0.00469712411928923 0 0 0 0
0.0574733017237559 0.0427172419905171 0.0340319936190012 0.0272521823902158 0.0671334249124828 0.0299995568750831 0.0301324943501573 0.0342092435857668 0.0219346833872469 0.0152434971418443 0.0970000443124917 0.0272964948819072 0 0 0.16147471972349 0 0 0 0 0.16147471972349 0.115699915806266 0.00536181149466034 0.0297336819249346 0.0106793104976293 0.100943856073027 0.0208268710949617 0.0140913723578677 0.0256126201976337 0.00704568617893384 0.00323481189347277 0.148048034740993 0.00314618691008995 0 0 0 0
0.0256569326893251 0.0178136216599459 0.0130721850489653 0.0119200602649887 0.0341649310940754 0.0120973102317543 0.00952718571365268 0.0126733726237426 0.00948287322196127 0.00576062391988301 0.044223866708025 0.00899543581335579 0 0 0.0684627996632251 0 0 0 0 0.0684627996632251 0.0520228652457128 0.0034120618602384 0.0101918730890238 0.0028359994682501 0.0357158683032747 0.0136039349492622 0.00540612398635175 0.0137368724243364 0.00872956086320734 0.00372224930207826 0.0495413657109939 0.00646962378694554 0 0 0 0
0.219878583772766 0.160455532414588 0.147250409890548 0.133646474941286 0.225860770151106 0.142376035804493 0.13630522444277 0.156688970620818 0.116497540656711 0.093011920060265 0.308680817122347 0.143040723179864 0 0 0.661231001019187 0 0 0 0 0.661231001019187 0.413258297514069 0.0311959941507511 0.163778969291443 0.0529977400629237 0.37142730535738 0.101963043381929 0.0665573625204945 0.121283289759383 0.0153764346169185 0.00677981122878539 0.62733194487526 0.0117428102982231 0 0 0 0
