0	0	0	0	0.235585	0.0369	0.0282462	0.0597615	0.0374154	0.0137846	0.269231	0.0400615	0.00312308	0.0026	0.353077	0.00169231	0.00267692	0.00981538	0.00164615	0.346354	0.228562	0.0201385	0.0534462	0.0583462	0.182269	0.0516769	0.0264077	0.100138	0.0706077	0.0359154	0.176085	0.0778846	0.0797615	0.0620846	0.0416077	0.177038	
0	0	0	0	0.208815	0.0325923	0.0256538	0.0537692	0.0328923	0.0134154	0.238615	0.0359077	0.0028	0.00243846	0.313885	0.00170769	0.00247692	0.00834615	0.00143846	0.308569	0.205615	0.0180231	0.0461462	0.0510462	0.161115	0.0460385	0.0239692	0.0897077	0.0621692	0.0321385	0.156877	0.0696462	0.0715692	0.0548385	0.0367538	0.157669	
0	0	0	0	0.1192	0.0193231	0.0153077	0.0303538	0.0190769	0.00717692	0.137185	0.0207462	0.00164615	0.00152308	0.180177	0.000838462	0.00142308	0.00466154	0.000769231	0.177331	0.116631	0.0104462	0.0271077	0.03	0.0932154	0.0269462	0.0134846	0.0505385	0.0362615	0.0183615	0.0903385	0.0392231	0.0410538	0.0310615	0.0211462	0.0909231	
0	0	0	0	0.0525538	0.0241	0.0183846	0.0394538	0.0159692	0.00632308	0.0951769	0.0170231	0.00124615	0.00106923	0.131354	0.000823077	0.0012	0.00346923	0.000553846	0.129269	0.0855923	0.00751538	0.0197308	0.0216538	0.0671308	0.0193077	0.0100154	0.0380385	0.0236462	0.0124077	0.0721538	0.0262846	0.0294846	0.0228692	0.0150385	0.0671	
0.235585	0.208815	0.1192	0.0525538	0	0	0	0	0.0488846	0.0188462	0.495992	0.0524308	0.00536923	0.00469231	0.602954	0.00313846	0.00484615	0.0162	0.00283077	0.592277	0.392177	0.0343385	0.0899	0.0997385	0.309746	0.0893846	0.0454077	0.171615	0.134723	0.0689692	0.264431	0.148031	0.138885	0.107469	0.0722769	0.297523	
0.0369	0.0325923	0.0193231	0.0241	0	0	0	0	0.0162846	0.00632308	0.0722308	0.0180769	0.00102308	0.000930769	0.1104	0.000561538	0.000892308	0.00283846	0.000423077	0.108762	0.0719692	0.0065	0.0167385	0.0177077	0.0567846	0.0164308	0.00851538	0.0311846	0.0169	0.00903846	0.0679154	0.0190615	0.0239154	0.0183231	0.0122846	0.0583923	
0.0282462	0.0256538	0.0153077	0.0183846	0	0	0	0	0.0130077	0.00518462	0.0560385	0.0133615	0.000853846	0.000676923	0.0856231	0.000438462	0.000792308	0.00210769	0.000361538	0.0843308	0.0558846	0.00490769	0.0126846	0.0141154	0.0440154	0.0123692	0.00639231	0.0248154	0.0135769	0.00712308	0.0524077	0.0144846	0.0193385	0.0145538	0.00977692	0.0439231	
0.0597615	0.0537692	0.0303538	0.0394538	0	0	0	0	0.0271769	0.0103462	0.115946	0.0298692	0.00156923	0.00133077	0.179515	0.000923077	0.00124615	0.00514615	0.000792308	0.176154	0.116369	0.0103769	0.0271077	0.0294846	0.0931846	0.0257846	0.0135615	0.0508077	0.0274846	0.0136923	0.1107	0.0314615	0.0397308	0.0305077	0.0202077	0.0928923	
0.0374154	0.0328923	0.0190769	0.0159692	0.0488846	0.0162846	0.0130077	0.0271769	0	0	0	0	0.001	0.000876923	0.102908	0.000569231	0.000961538	0.00269231	0.000392308	0.101308	0.0674231	0.00593077	0.0152231	0.0167769	0.0533154	0.0152923	0.00786923	0.0288769	0.0146	0.00719231	0.0675154	0.0160462	0.0219462	0.0170154	0.0119154	0.0544769	
0.0137846	0.0134154	0.00717692	0.00632308	0.0188462	0.00632308	0.00518462	0.0103462	0	0	0	0	0.000415385	0.000369231	0.0396769	0.000238462	0.000269231	0.00122308	0.000153846	0.0390538	0.0255923	0.00228462	0.0061	0.00672308	0.0200923	0.00605385	0.00297692	0.0115769	0.00576154	0.00293077	0.0257231	0.00628462	0.0084	0.00683077	0.00450769	0.0209615	
0.269231	0.238615	0.137185	0.0951769	0.495992	0.0722308	0.0560385	0.115946	0	0	0	0	0.0063	0.00556154	0.724662	0.00368462	0.0055	0.0192538	0.0033	0.712154	0.471054	0.0415	0.108469	0.119185	0.372738	0.106415	0.0547923	0.206262	0.156815	0.0807923	0.328931	0.173669	0.167154	0.128038	0.0858308	0.359185	
0.0400615	0.0359077	0.0207462	0.0170231	0.0524308	0.0180769	0.0133615	0.0298692	0	0	0	0	0.0011	0.000823077	0.111246	0.000569231	0.00104615	0.00312308	0.000561538	0.109008	0.0723308	0.00640769	0.0166385	0.0183615	0.0575846	0.0162077	0.00823846	0.0317077	0.0155077	0.00790769	0.0732846	0.0170385	0.0243692	0.0189692	0.0122923	0.0581077	
0.00312308	0.0028	0.00164615	0.00124615	0.00536923	0.00102308	0.000853846	0.00156923	0.001	0.000415385	0.0063	0.0011	0	0	0	0	7.69231e-05	0.000261538	2.30769e-05	0.00845385	0.00566923	0.000453846	0.00123846	0.00145385	0.00436154	0.00134615	0.000707692	0.0024	0.00162308	0.000892308	0.00430769	0.00199231	0.00202308	0.00146154	0.00101538	0.00431538	
0.0026	0.00243846	0.00152308	0.00106923	0.00469231	0.000930769	0.000676923	0.00133077	0.000876923	0.000369231	0.00556154	0.000823077	0	0	0	0	6.15385e-05	0.000207692	3.84615e-05	0.00732308	0.00479231	0.0004	0.00122308	0.00121538	0.00400769	0.00101538	0.000546154	0.00206154	0.00144615	0.000676923	0.00387692	0.00163077	0.00168462	0.00123846	0.000976923	0.00373077	
0.353077	0.313885	0.180177	0.131354	0.602954	0.1104	0.0856231	0.179515	0.102908	0.0396769	0.724662	0.111246	0	0	0	0	0.00759231	0.0256923	0.00433077	0.940877	0.622708	0.0549692	0.143162	0.157654	0.492869	0.140854	0.0721231	0.272646	0.188638	0.0967077	0.484831	0.208315	0.217108	0.167277	0.111985	0.482123	
0.00169231	0.00170769	0.000838462	0.000823077	0.00313846	0.000561538	0.000438462	0.000923077	0.000569231	0.000238462	0.00368462	0.000569231	0	0	0	0	4.61538e-05	0.000130769	1.53846e-05	0.00486923	0.00323077	0.0003	0.000807692	0.000723077	0.00249231	0.000753846	0.0005	0.00131538	0.000976923	0.000546154	0.00243846	0.0011	0.00105385	0.000876923	0.000569231	0.00256154	
0.00267692	0.00247692	0.00142308	0.0012	0.00484615	0.000892308	0.000792308	0.00124615	0.000961538	0.000269231	0.0055	0.00104615	7.69231e-05	6.15385e-05	0.00759231	4.61538e-05	0	0	0	0	0.0048	0.000461538	0.00112308	0.00139231	0.00390769	0.0011	0.000638462	0.00213077	0.00158462	0.000776923	0.00377692	0.00163846	0.00170769	0.00128462	0.000907692	0.00387692	
0.00981538	0.00834615	0.00466154	0.00346923	0.0162	0.00283846	0.00210769	0.00514615	0.00269231	0.00122308	0.0192538	0.00312308	0.000261538	0.000207692	0.0256923	0.000130769	0	0	0	0	0.0167538	0.00153846	0.00364615	0.00435385	0.0131769	0.00372308	0.002	0.00739231	0.00479231	0.00266923	0.0132308	0.0056	0.00571538	0.00443846	0.00298462	0.0131538	
0.00164615	0.00143846	0.000769231	0.000553846	0.00283077	0.000423077	0.000361538	0.000792308	0.000392308	0.000153846	0.0033	0.000561538	2.30769e-05	3.84615e-05	0.00433077	1.53846e-05	0	0	0	0	0.00276154	0.000269231	0.000607692	0.000769231	0.00206154	0.000684615	0.000353846	0.00130769	0.000723077	0.000523077	0.00219231	0.000969231	0.000938462	0.000930769	0.000492308	0.00204615	
0.346354	0.308569	0.177331	0.129269	0.592277	0.108762	0.0843308	0.176154	0.101308	0.0390538	0.712154	0.109008	0.00845385	0.00732308	0.940877	0.00486923	0	0	0	0	0.612085	0.0538538	0.141054	0.154531	0.484585	0.138462	0.0708846	0.267592	0.185585	0.0948538	0.476254	0.204831	0.213508	0.1642	0.110162	0.473654	
0.228562	0.205615	0.116631	0.0855923	0.392177	0.0719692	0.0558846	0.116369	0.0674231	0.0255923	0.471054	0.0723308	0.00566923	0.00479231	0.622708	0.00323077	0.0048	0.0167538	0.00276154	0.612085	0	0	0	0	0.320177	0.0923692	0.0465846	0.177269	0.1224	0.0629231	0.316177	0.1349	0.141746	0.108654	0.0729154	0.313085	
0.0201385	0.0180231	0.0104462	0.00751538	0.0343385	0.0065	0.00490769	0.0103769	0.00593077	0.00228462	0.0415	0.00640769	0.000453846	0.0004	0.0549692	0.0003	0.000461538	0.00153846	0.000269231	0.0538538	0	0	0	0	0.0287615	0.00771538	0.00433846	0.0153077	0.0107846	0.00539231	0.0279385	0.0120077	0.0124385	0.00912308	0.00642308	0.0281385	
0.0534462	0.0461462	0.0271077	0.0197308	0.0899	0.0167385	0.0126846	0.0271077	0.0152231	0.0061	0.108469	0.0166385	0.00123846	0.00122308	0.143162	0.000807692	0.00112308	0.00364615	0.000607692	0.141054	0	0	0	0	0.0732923	0.0206615	0.0112	0.0412769	0.0281077	0.0143077	0.0724308	0.0315846	0.0318462	0.0254769	0.0167154	0.0723923	
0.0583462	0.0510462	0.03	0.0216538	0.0997385	0.0177077	0.0141154	0.0294846	0.0167769	0.00672308	0.119185	0.0183615	0.00145385	0.00121538	0.157654	0.000723077	0.00139231	0.00435385	0.000769231	0.154531	0	0	0	0	0.0815	0.0232231	0.0117538	0.0445692	0.0313923	0.0162	0.0789077	0.0345462	0.0358385	0.0276	0.0184923	0.0791154	
0.182269	0.161115	0.0932154	0.0671308	0.309746	0.0567846	0.0440154	0.0931846	0.0533154	0.0200923	0.372738	0.0575846	0.00436154	0.00400769	0.492869	0.00249231	0.00390769	0.0131769	0.00206154	0.484585	0.320177	0.0287615	0.0732923	0.0815	0	0	0	0	0.0964231	0.0495538	0.2497	0.108054	0.111192	0.0855923	0.0578077	0.249138	
0.0516769	0.0460385	0.0269462	0.0193077	0.0893846	0.0164308	0.0123692	0.0257846	0.0152923	0.00605385	0.106415	0.0162077	0.00134615	0.00101538	0.140854	0.000753846	0.0011	0.00372308	0.000684615	0.138462	0.0923692	0.00771538	0.0206615	0.0232231	0	0	0	0	0.0280846	0.0144769	0.0712308	0.0301769	0.0327385	0.0244615	0.0162462	0.0705231	
0.0264077	0.0239692	0.0134846	0.0100154	0.0454077	0.00851538	0.00639231	0.0135615	0.00786923	0.00297692	0.0547923	0.00823846	0.000707692	0.000546154	0.0721231	0.0005	0.000638462	0.002	0.000353846	0.0708846	0.0465846	0.00433846	0.0112	0.0117538	0	0	0	0	0.0136538	0.00707692	0.0376231	0.0155231	0.0163846	0.0133846	0.00824615	0.0358615	
0.100138	0.0897077	0.0505385	0.0380385	0.171615	0.0311846	0.0248154	0.0508077	0.0288769	0.0115769	0.206262	0.0317077	0.0024	0.00206154	0.272646	0.00131538	0.00213077	0.00739231	0.00130769	0.267592	0.177269	0.0153077	0.0412769	0.0445692	0	0	0	0	0.0545231	0.0277154	0.1369	0.0592846	0.0615538	0.0474154	0.0322462	0.137208	
0.0706077	0.0621692	0.0362615	0.0236462	0.134723	0.0169	0.0135769	0.0274846	0.0146	0.00576154	0.156815	0.0155077	0.00162308	0.00144615	0.188638	0.000976923	0.00158462	0.00479231	0.000723077	0.185585	0.1224	0.0107846	0.0281077	0.0313923	0.0964231	0.0280846	0.0136538	0.0545231	0	0	0	0	0.0486385	0.0380692	0.0255308	0.0804462	
0.0359154	0.0321385	0.0183615	0.0124077	0.0689692	0.00903846	0.00712308	0.0136923	0.00719231	0.00293077	0.0807923	0.00790769	0.000892308	0.000676923	0.0967077	0.000546154	0.000776923	0.00266923	0.000523077	0.0948538	0.0629231	0.00539231	0.0143077	0.0162	0.0495538	0.0144769	0.00707692	0.0277154	0	0	0	0	0.0254385	0.0193231	0.0124462	0.0416154	
0.176085	0.156877	0.0903385	0.0721538	0.264431	0.0679154	0.0524077	0.1107	0.0675154	0.0257231	0.328931	0.0732846	0.00430769	0.00387692	0.484831	0.00243846	0.00377692	0.0132308	0.00219231	0.476254	0.316177	0.0279385	0.0724308	0.0789077	0.2497	0.0712308	0.0376231	0.1369	0	0	0	0	0.0928385	0.0720769	0.0481077	0.282431	
0.0778846	0.0696462	0.0392231	0.0262846	0.148031	0.0190615	0.0144846	0.0314615	0.0160462	0.00628462	0.173669	0.0170385	0.00199231	0.00163077	0.208315	0.0011	0.00163846	0.0056	0.000969231	0.204831	0.1349	0.0120077	0.0315846	0.0345462	0.108054	0.0301769	0.0155231	0.0592846	0	0	0	0	0.0549538	0.0413846	0.0284615	0.0882385	
0.0797615	0.0715692	0.0410538	0.0294846	0.138885	0.0239154	0.0193385	0.0397308	0.0219462	0.0084	0.167154	0.0243692	0.00202308	0.00168462	0.217108	0.00105385	0.00170769	0.00571538	0.000938462	0.213508	0.141746	0.0124385	0.0318462	0.0358385	0.111192	0.0327385	0.0163846	0.0615538	0.0486385	0.0254385	0.0928385	0.0549538	0	0	0	0	
0.0620846	0.0548385	0.0310615	0.0228692	0.107469	0.0183231	0.0145538	0.0305077	0.0170154	0.00683077	0.128038	0.0189692	0.00146154	0.00123846	0.167277	0.000876923	0.00128462	0.00443846	0.000930769	0.1642	0.108654	0.00912308	0.0254769	0.0276	0.0855923	0.0244615	0.0133846	0.0474154	0.0380692	0.0193231	0.0720769	0.0413846	0	0	0	0	
0.0416077	0.0367538	0.0211462	0.0150385	0.0722769	0.0122846	0.00977692	0.0202077	0.0119154	0.00450769	0.0858308	0.0122923	0.00101538	0.000976923	0.111985	0.000569231	0.000907692	0.00298462	0.000492308	0.110162	0.0729154	0.00642308	0.0167154	0.0184923	0.0578077	0.0162462	0.00824615	0.0322462	0.0255308	0.0124462	0.0481077	0.0284615	0	0	0	0	
0.177038	0.157669	0.0909231	0.0671	0.297523	0.0583923	0.0439231	0.0928923	0.0544769	0.0209615	0.359185	0.0581077	0.00431538	0.00373077	0.482123	0.00256154	0.00387692	0.0131538	0.00204615	0.473654	0.313085	0.0281385	0.0723923	0.0791154	0.249138	0.0705231	0.0358615	0.137208	0.0804462	0.0416154	0.282431	0.0882385	0	0	0	0	
