0	0	0	0	0.240462	0.0355154	0.0278923	0.0575154	0.0367154	0.0136	0.270915	0.0401538	0.00332308	0.00276154	0.3534	0.0019	0.00299231	0.00992308	0.00178462	0.346685	0.230669	0.0194769	0.0536231	0.0576154	0.181685	0.0516846	0.0274385	0.100577	0.0705231	0.0353231	0.177138	0.0784	0.0809462	0.0606231	0.0425077	0.177308	
0	0	0	0	0.209592	0.0321385	0.0245308	0.0525538	0.0331923	0.0120538	0.237423	0.0361462	0.00303077	0.00246154	0.311562	0.00176154	0.00233077	0.0087	0.00150769	0.306277	0.202908	0.0181846	0.0466308	0.0510923	0.159615	0.0463615	0.0237077	0.0891308	0.0625923	0.0314231	0.156215	0.0685846	0.0729	0.0535385	0.0374846	0.154892	
0	0	0	0	0.119392	0.0183462	0.0138769	0.0293308	0.0188308	0.00716923	0.135054	0.0198923	0.00167692	0.0015	0.176977	0.000792308	0.00122308	0.00491538	0.000884615	0.173923	0.115792	0.0105615	0.0257231	0.0288692	0.0906538	0.0261846	0.0134154	0.0506923	0.0353	0.0173769	0.0890308	0.0392385	0.0399846	0.0306154	0.0211077	0.0892385	
0	0	0	0	0.0451231	0.0279154	0.0210538	0.0447615	0.0169615	0.00666154	0.0956615	0.0195692	0.00121538	0.000961538	0.135862	0.000815385	0.00103077	0.00356923	0.000538462	0.133715	0.0889923	0.00795385	0.0196	0.0223077	0.0691615	0.0199308	0.0101769	0.0395846	0.0233769	0.0120231	0.0761462	0.0273077	0.0304615	0.0234308	0.0159538	0.0690077	
0.240462	0.209592	0.119392	0.0451231	0	0	0	0	0.0474308	0.0173154	0.497931	0.0518923	0.00553846	0.00481538	0.601062	0.00315385	0.00468462	0.0166385	0.00295385	0.590292	0.391177	0.0345538	0.0896	0.0992385	0.307338	0.0888846	0.0458077	0.172538	0.135862	0.0681846	0.260577	0.149946	0.1411	0.106192	0.0731538	0.294123	
0.0355154	0.0321385	0.0183462	0.0279154	0	0	0	0	0.0170154	0.00656923	0.0712385	0.0190923	0.00101538	0.000853846	0.111508	0.000538462	0.000784615	0.00331538	0.000430769	0.109385	0.0727538	0.0065	0.0168385	0.0178231	0.0577615	0.0162846	0.0088	0.0310692	0.0172923	0.00846923	0.0696615	0.0184923	0.0243615	0.0183692	0.0132462	0.0579385	
0.0278923	0.0245308	0.0138769	0.0210538	0	0	0	0	0.0131615	0.00479231	0.0553231	0.0140769	0.000784615	0.000615385	0.0854538	0.0005	0.000584615	0.00236923	0.000423077	0.0839769	0.0562	0.00476154	0.0124692	0.0139231	0.0433923	0.0124769	0.00664615	0.0248385	0.0128077	0.00643077	0.0537077	0.0144077	0.0189	0.0139692	0.0102231	0.0442615	
0.0575154	0.0525538	0.0293308	0.0447615	0	0	0	0	0.0280923	0.0108077	0.114562	0.0307	0.00190769	0.0014	0.179777	0.00107692	0.00152308	0.00478462	0.000907692	0.176946	0.118231	0.0103615	0.0266692	0.0289	0.0926231	0.0265154	0.0134846	0.0515385	0.0258308	0.0130615	0.114585	0.0306846	0.0399308	0.0296769	0.0204308	0.0941231	
0.0367154	0.0331923	0.0188308	0.0169615	0.0474308	0.0170154	0.0131615	0.0280923	0	0	0	0	0.000969231	0.000792308	0.103415	0.000523077	0.000738462	0.00271538	0.000576923	0.101669	0.0675615	0.00547692	0.0155615	0.0171	0.0530769	0.0154154	0.00781538	0.0293923	0.0127769	0.00662308	0.0710615	0.0152385	0.0221769	0.0167077	0.0117769	0.0550385	
0.0136	0.0120538	0.00716923	0.00666154	0.0173154	0.00656923	0.00479231	0.0108077	0	0	0	0	0.0004	0.000284615	0.0385462	0.000253846	0.000384615	0.00101538	0.000138462	0.0379462	0.0252923	0.00220769	0.00560769	0.00637692	0.0197308	0.00552308	0.00308462	0.0111462	0.00449231	0.00236923	0.0271	0.00552308	0.00841538	0.00620769	0.00434615	0.0205154	
0.270915	0.237423	0.135054	0.0956615	0.497931	0.0712385	0.0553231	0.114562	0	0	0	0	0.00674615	0.00575385	0.722669	0.00388462	0.00543077	0.0199462	0.00355385	0.710123	0.472023	0.0418615	0.107154	0.118015	0.370654	0.106115	0.0553385	0.206946	0.160008	0.0801769	0.322223	0.176646	0.169154	0.127115	0.0882154	0.354569	
0.0401538	0.0361462	0.0198923	0.0195692	0.0518923	0.0190923	0.0140769	0.0307	0	0	0	0	0.00113077	0.000853846	0.113169	0.000607692	0.00102308	0.00343077	0.000446154	0.110862	0.0734846	0.00663077	0.0172538	0.0183923	0.0576538	0.0171077	0.0085	0.0325	0.0145154	0.00697692	0.0781462	0.0161231	0.0245462	0.0181769	0.0127154	0.0603231	
0.00332308	0.00303077	0.00167692	0.00121538	0.00553846	0.00101538	0.000784615	0.00190769	0.000969231	0.0004	0.00674615	0.00113077	0	0	0	0	7.69231e-05	0.000269231	6.15385e-05	0.00883846	0.00596923	0.000507692	0.00128462	0.00148462	0.00489231	0.00138462	0.000676923	0.00229231	0.00167692	0.00105385	0.00468462	0.00183077	0.00213846	0.0016	0.00101538	0.00449231	
0.00276154	0.00246154	0.0015	0.000961538	0.00481538	0.000853846	0.000615385	0.0014	0.000792308	0.000284615	0.00575385	0.000853846	0	0	0	0	3.84615e-05	0.000246154	1.53846e-05	0.00738462	0.00473846	0.000492308	0.00104615	0.00140769	0.00365385	0.00122308	0.0006	0.00220769	0.00146154	0.000730769	0.00389231	0.0016	0.00185385	0.00133077	0.000792308	0.00370769	
0.3534	0.311562	0.176977	0.135862	0.601062	0.111508	0.0854538	0.179777	0.103415	0.0385462	0.722669	0.113169	0	0	0	0	0.00743077	0.0264846	0.0046	0.939285	0.624538	0.0547846	0.142323	0.156154	0.489892	0.140769	0.0731	0.274038	0.187685	0.0939154	0.487323	0.208877	0.219123	0.164431	0.114669	0.479577	
0.0019	0.00176154	0.000792308	0.000815385	0.00315385	0.000538462	0.0005	0.00107692	0.000523077	0.000253846	0.00388462	0.000607692	0	0	0	0	3.07692e-05	0.000107692	3.84615e-05	0.00509231	0.00311538	0.000392308	0.000923077	0.000838462	0.00267692	0.000784615	0.000361538	0.00144615	0.000969231	0.000446154	0.00263077	0.00122308	0.00117692	0.000846154	0.000576923	0.00266923	
0.00299231	0.00233077	0.00122308	0.00103077	0.00468462	0.000784615	0.000584615	0.00152308	0.000738462	0.000384615	0.00543077	0.00102308	7.69231e-05	3.84615e-05	0.00743077	3.07692e-05	0	0	0	0	0.00493077	0.000476923	0.000930769	0.00123846	0.00374615	0.00102308	0.000653846	0.00215385	0.00134615	0.000784615	0.00376923	0.00167692	0.00163846	0.00129231	0.000953846	0.00369231	
0.00992308	0.0087	0.00491538	0.00356923	0.0166385	0.00331538	0.00236923	0.00478462	0.00271538	0.00101538	0.0199462	0.00343077	0.000269231	0.000246154	0.0264846	0.000107692	0	0	0	0	0.0173231	0.00136923	0.00367692	0.00473846	0.0136615	0.00406923	0.00200769	0.00736923	0.00521538	0.00263846	0.0128538	0.0064	0.00580769	0.00494615	0.00319231	0.0131615	
0.00178462	0.00150769	0.000884615	0.000538462	0.00295385	0.000430769	0.000423077	0.000907692	0.000576923	0.000138462	0.00355385	0.000446154	6.15385e-05	1.53846e-05	0.0046	3.84615e-05	0	0	0	0	0.00307692	0.000307692	0.000638462	0.000692308	0.00235385	0.000615385	0.000446154	0.0013	0.000984615	0.000469231	0.00222308	0.00103846	0.00110769	0.000784615	0.000553846	0.00226923	
0.346685	0.306277	0.173923	0.133715	0.590292	0.109385	0.0839769	0.176946	0.101669	0.0379462	0.710123	0.110862	0.00883846	0.00738462	0.939285	0.00509231	0	0	0	0	0.613031	0.0540231	0.140331	0.153215	0.481354	0.138454	0.0716308	0.269162	0.184246	0.0922538	0.479685	0.204415	0.215738	0.161185	0.112354	0.471323	
0.230669	0.202908	0.115792	0.0889923	0.391177	0.0727538	0.0562	0.118231	0.0675615	0.0252923	0.472023	0.0734846	0.00596923	0.00473846	0.624538	0.00311538	0.00493077	0.0173231	0.00307692	0.613031	0	0	0	0	0.320638	0.0911077	0.0478385	0.178777	0.123338	0.0610231	0.317992	0.136008	0.143231	0.106285	0.0756154	0.313231	
0.0194769	0.0181846	0.0105615	0.00795385	0.0345538	0.0065	0.00476154	0.0103615	0.00547692	0.00220769	0.0418615	0.00663077	0.000507692	0.000492308	0.0547846	0.000392308	0.000476923	0.00136923	0.000307692	0.0540231	0	0	0	0	0.0280385	0.00794615	0.00421538	0.0159769	0.0105692	0.00539231	0.0277308	0.0124846	0.0130308	0.00969231	0.00666154	0.0267923	
0.0536231	0.0466308	0.0257231	0.0196	0.0896	0.0168385	0.0124692	0.0266692	0.0155615	0.00560769	0.107154	0.0172538	0.00128462	0.00104615	0.142323	0.000923077	0.000930769	0.00367692	0.000638462	0.140331	0	0	0	0	0.0724	0.0218615	0.0107538	0.0405615	0.0276538	0.0140385	0.0731077	0.0307769	0.0325615	0.0249	0.0164462	0.0716692	
0.0576154	0.0510923	0.0288692	0.0223077	0.0992385	0.0178231	0.0139231	0.0289	0.0171	0.00637692	0.118015	0.0183923	0.00148462	0.00140769	0.156154	0.000838462	0.00123846	0.00473846	0.000692308	0.153215	0	0	0	0	0.0800385	0.0232462	0.0119308	0.0446692	0.0302308	0.0156923	0.0797	0.0342615	0.0354692	0.0273308	0.0183308	0.0787538	
0.181685	0.159615	0.0906538	0.0691615	0.307338	0.0577615	0.0433923	0.0926231	0.0530769	0.0197308	0.370654	0.0576538	0.00489231	0.00365385	0.489892	0.00267692	0.00374615	0.0136615	0.00235385	0.481354	0.320638	0.0280385	0.0724	0.0800385	0	0	0	0	0.0958923	0.0488308	0.248838	0.107554	0.112492	0.0833538	0.0586692	0.2466	
0.0516846	0.0463615	0.0261846	0.0199308	0.0888846	0.0162846	0.0124769	0.0265154	0.0154154	0.00552308	0.106115	0.0171077	0.00138462	0.00122308	0.140769	0.000784615	0.00102308	0.00406923	0.000615385	0.138454	0.0911077	0.00794615	0.0218615	0.0232462	0	0	0	0	0.0276846	0.0131692	0.0723154	0.0309923	0.0319	0.0244462	0.0166308	0.0711846	
0.0274385	0.0237077	0.0134154	0.0101769	0.0458077	0.0088	0.00664615	0.0134846	0.00781538	0.00308462	0.0553385	0.0085	0.000676923	0.0006	0.0731	0.000361538	0.000653846	0.00200769	0.000446154	0.0716308	0.0478385	0.00421538	0.0107538	0.0119308	0	0	0	0	0.0144538	0.0073	0.0372769	0.0157077	0.0170077	0.013	0.00883846	0.0358923	
0.100577	0.0891308	0.0506923	0.0395846	0.172538	0.0310692	0.0248385	0.0515385	0.0293923	0.0111462	0.206946	0.0325	0.00229231	0.00220769	0.274038	0.00144615	0.00215385	0.00736923	0.0013	0.269162	0.178777	0.0159769	0.0405615	0.0446692	0	0	0	0	0.0537615	0.0268462	0.1401	0.0592769	0.0628923	0.0474077	0.0329154	0.136769	
0.0705231	0.0625923	0.0353	0.0233769	0.135862	0.0172923	0.0128077	0.0258308	0.0127769	0.00449231	0.160008	0.0145154	0.00167692	0.00146154	0.187685	0.000969231	0.00134615	0.00521538	0.000984615	0.184246	0.123338	0.0105692	0.0276538	0.0302308	0.0958923	0.0276846	0.0144538	0.0537615	0	0	0	0	0.0492154	0.0368538	0.0267308	0.0789923	
0.0353231	0.0314231	0.0173769	0.0120231	0.0681846	0.00846923	0.00643077	0.0130615	0.00662308	0.00236923	0.0801769	0.00697692	0.00105385	0.000730769	0.0939154	0.000446154	0.000784615	0.00263846	0.000469231	0.0922538	0.0610231	0.00539231	0.0140385	0.0156923	0.0488308	0.0131692	0.0073	0.0268462	0	0	0	0	0.0250462	0.0188308	0.0124692	0.0398	
0.177138	0.156215	0.0890308	0.0761462	0.260577	0.0696615	0.0537077	0.114585	0.0710615	0.0271	0.322223	0.0781462	0.00468462	0.00389231	0.487323	0.00263077	0.00376923	0.0128538	0.00222308	0.479685	0.317992	0.0277308	0.0731077	0.0797	0.248838	0.0723154	0.0372769	0.1401	0	0	0	0	0.0949538	0.0701538	0.0492231	0.2842	
0.0784	0.0685846	0.0392385	0.0273077	0.149946	0.0184923	0.0144077	0.0306846	0.0152385	0.00552308	0.176646	0.0161231	0.00183077	0.0016	0.208877	0.00122308	0.00167692	0.0064	0.00103846	0.204415	0.136008	0.0124846	0.0307769	0.0342615	0.107554	0.0309923	0.0157077	0.0592769	0	0	0	0	0.0550769	0.0423692	0.0286308	0.0874538	
0.0809462	0.0729	0.0399846	0.0304615	0.1411	0.0243615	0.0189	0.0399308	0.0221769	0.00841538	0.169154	0.0245462	0.00213846	0.00185385	0.219123	0.00117692	0.00163846	0.00580769	0.00110769	0.215738	0.143231	0.0130308	0.0325615	0.0354692	0.112492	0.0319	0.0170077	0.0628923	0.0492154	0.0250462	0.0949538	0.0550769	0	0	0	0	
0.0606231	0.0535385	0.0306154	0.0234308	0.106192	0.0183692	0.0139692	0.0296769	0.0167077	0.00620769	0.127115	0.0181769	0.0016	0.00133077	0.164431	0.000846154	0.00129231	0.00494615	0.000784615	0.161185	0.106285	0.00969231	0.0249	0.0273308	0.0833538	0.0244462	0.013	0.0474077	0.0368538	0.0188308	0.0701538	0.0423692	0	0	0	0	
0.0425077	0.0374846	0.0211077	0.0159538	0.0731538	0.0132462	0.0102231	0.0204308	0.0117769	0.00434615	0.0882154	0.0127154	0.00101538	0.000792308	0.114669	0.000576923	0.000953846	0.00319231	0.000553846	0.112354	0.0756154	0.00666154	0.0164462	0.0183308	0.0586692	0.0166308	0.00883846	0.0329154	0.0267308	0.0124692	0.0492231	0.0286308	0	0	0	0	
0.177308	0.154892	0.0892385	0.0690077	0.294123	0.0579385	0.0442615	0.0941231	0.0550385	0.0205154	0.354569	0.0603231	0.00449231	0.00370769	0.479577	0.00266923	0.00369231	0.0131615	0.00226923	0.471323	0.313231	0.0267923	0.0716692	0.0787538	0.2466	0.0711846	0.0358923	0.136769	0.0789923	0.0398	0.2842	0.0874538	0	0	0	0	
