0	0	0	0	0.223131	0.0369769	0.0317538	0.0617538	0.0354615	0.0129692	0.2672	0.0379846	0.00294615	0.00296923	0.344908	0.00279231	0.00284615	0.00966154	0.00257692	0.338531	0.218515	0.0215615	0.0594231	0.0541154	0.171654	0.0547769	0.0298462	0.0973385	0.0637538	0.0351538	0.180331	0.0743769	0.0740538	0.0630769	0.0449692	0.171515	
0	0	0	0	0.208131	0.0341	0.0292231	0.0574692	0.0342462	0.0117769	0.246254	0.0366462	0.00296154	0.00251538	0.320977	0.00246923	0.00278462	0.00890769	0.0021	0.315131	0.204215	0.0201308	0.0553385	0.0492385	0.161408	0.0496923	0.0277154	0.0901077	0.0600462	0.0325462	0.165538	0.0707923	0.0693769	0.0584308	0.0420692	0.159046	
0	0	0	0	0.120377	0.0197692	0.0176615	0.0329538	0.0191154	0.00679231	0.144462	0.0203923	0.00150769	0.00157692	0.186246	0.00143077	0.00145385	0.00544615	0.00141538	0.182446	0.117815	0.0118769	0.0321308	0.0289385	0.0928769	0.0289615	0.0167769	0.0521462	0.0353231	0.0189615	0.0947923	0.0416846	0.0398	0.034	0.0241769	0.0927846	
0	0	0	0	0.0667769	0.0177462	0.0146538	0.0275231	0.0133077	0.00440769	0.0944692	0.0145154	0.00101538	0.000946154	0.123731	0.00100769	0.000976923	0.00363846	0.000792308	0.121292	0.0789154	0.00727692	0.0214615	0.0190462	0.0612308	0.0200077	0.0108692	0.0345923	0.0228692	0.0116231	0.0656385	0.0265692	0.0268154	0.0229231	0.0158	0.0611615	
0.223131	0.208131	0.120377	0.0667769	0	0	0	0	0.0561308	0.0199308	0.482877	0.0594769	0.00533077	0.00483846	0.603346	0.0049	0.00505385	0.0174538	0.00424615	0.591662	0.383431	0.0374385	0.103715	0.0938308	0.300492	0.0945846	0.0531385	0.1702	0.120831	0.0654077	0.291769	0.140408	0.130262	0.110531	0.0779308	0.299692	
0.0369769	0.0341	0.0197692	0.0177462	0	0	0	0	0.0132385	0.00475385	0.0762	0.0144	0.000884615	0.000907692	0.105977	0.000823077	0.0009	0.00287692	0.000784615	0.104031	0.0670923	0.00652308	0.0186615	0.0163154	0.0526923	0.0169538	0.00916923	0.0297769	0.0175846	0.00963077	0.0611615	0.0202154	0.0224846	0.0195692	0.0139846	0.0525538	
0.0317538	0.0292231	0.0176615	0.0146538	0	0	0	0	0.0111	0.00386154	0.0661308	0.0122	0.000707692	0.000823077	0.0911769	0.000584615	0.0008	0.0025	0.000661538	0.0893308	0.0576	0.00556154	0.0158385	0.0142923	0.0458385	0.0139769	0.00790769	0.0255692	0.0145308	0.00776154	0.0527154	0.0182846	0.0195538	0.0163538	0.0117308	0.0456538	
0.0617538	0.0574692	0.0329538	0.0275231	0	0	0	0	0.0216615	0.0074	0.127177	0.0234615	0.00150769	0.00143846	0.175362	0.00139231	0.00130769	0.00482308	0.00119231	0.172377	0.111338	0.0113231	0.0301385	0.0269	0.0881462	0.0279231	0.0149923	0.0486385	0.0290462	0.0154846	0.100654	0.0345154	0.0377462	0.0319769	0.0233692	0.0866077	
0.0354615	0.0342462	0.0191154	0.0133077	0.0561308	0.0132385	0.0111	0.0216615	0	0	0	0	0.000869231	0.000815385	0.0995769	0.000869231	0.000792308	0.00278462	0.0007	0.0978538	0.0632308	0.00603846	0.0177615	0.0151	0.0498923	0.0152385	0.00888462	0.0281154	0.0187615	0.00959231	0.0518846	0.0218923	0.0217692	0.0172462	0.013	0.0501154	
0.0129692	0.0117769	0.00679231	0.00440769	0.0199308	0.00475385	0.00386154	0.0074	0	0	0	0	0.000292308	0.000292308	0.0351308	0.000230769	0.000230769	0.000969231	0.000230769	0.0345154	0.0221846	0.00216923	0.00633077	0.00526154	0.0178769	0.0053	0.00285385	0.00991538	0.0066	0.00333846	0.0185231	0.00748462	0.00774615	0.00621538	0.00439231	0.0175923	
0.2672	0.246254	0.144462	0.0944692	0.482877	0.0762	0.0661308	0.127177	0	0	0	0	0.0063	0.00596923	0.734308	0.00580769	0.00623846	0.0207769	0.00514615	0.720223	0.4658	0.0455846	0.125969	0.115031	0.366808	0.115608	0.0642154	0.205754	0.1367	0.0745077	0.380669	0.160508	0.1577	0.135562	0.0955692	0.363554	
0.0379846	0.0366462	0.0203923	0.0145154	0.0594769	0.0144	0.0122	0.0234615	0	0	0	0	0.000969231	0.000930769	0.106846	0.000792308	0.0008	0.00312308	0.000807692	0.104808	0.0682462	0.00705385	0.0182923	0.0159462	0.0525923	0.0172923	0.00925385	0.0304	0.0199308	0.0108462	0.0552231	0.0235385	0.0228308	0.0194077	0.0140538	0.0532462	
0.00294615	0.00296154	0.00150769	0.00101538	0.00533077	0.000884615	0.000707692	0.00150769	0.000869231	0.000292308	0.0063	0.000969231	0	0	0	0	2.30769e-05	0.000292308	2.30769e-05	0.00809231	0.00507692	0.000546154	0.00147692	0.00133077	0.0039	0.00137692	0.000776923	0.00237692	0.00148462	0.000892308	0.00433077	0.00172308	0.00182308	0.00149231	0.00106923	0.00404615	
0.00296923	0.00251538	0.00157692	0.000946154	0.00483846	0.000907692	0.000823077	0.00143846	0.000815385	0.000292308	0.00596923	0.000930769	0	0	0	0	9.23077e-05	0.000215385	2.30769e-05	0.00767692	0.00500769	0.000515385	0.00128462	0.0012	0.00400769	0.00123846	0.000646154	0.00211538	0.00154615	0.0009	0.00406154	0.0015	0.00161538	0.00158462	0.000907692	0.0039	
0.344908	0.320977	0.186246	0.123731	0.603346	0.105977	0.0911769	0.175362	0.0995769	0.0351308	0.734308	0.106846	0	0	0	0	0.00788462	0.0269846	0.00676154	0.934231	0.604538	0.0593308	0.164346	0.147646	0.475615	0.149615	0.0831462	0.267485	0.177608	0.0956462	0.4942	0.208408	0.204985	0.174015	0.124023	0.472838	
0.00279231	0.00246923	0.00143077	0.00100769	0.0049	0.000823077	0.000584615	0.00139231	0.000869231	0.000230769	0.00580769	0.000792308	0	0	0	0	6.15385e-05	0.000161538	7.69231e-05	0.0074	0.00483846	0.000453846	0.00124615	0.00116154	0.00364615	0.00120769	0.000638462	0.00220769	0.00135385	0.000846154	0.00370769	0.00179231	0.00162308	0.00133846	0.00101538	0.00372308	
0.00284615	0.00278462	0.00145385	0.000976923	0.00505385	0.0009	0.0008	0.00130769	0.000792308	0.000230769	0.00623846	0.0008	2.30769e-05	9.23077e-05	0.00788462	6.15385e-05	0	0	0	0	0.00518462	0.000507692	0.00134615	0.00102308	0.00385385	0.00128462	0.000646154	0.00227692	0.00137692	0.000746154	0.00416923	0.00176923	0.00173846	0.00146923	0.00100769	0.00384615	
0.00966154	0.00890769	0.00544615	0.00363846	0.0174538	0.00287692	0.0025	0.00482308	0.00278462	0.000969231	0.0207769	0.00312308	0.000292308	0.000215385	0.0269846	0.000161538	0	0	0	0	0.0172846	0.00164615	0.00475385	0.00396923	0.0136077	0.00420769	0.00228462	0.00755385	0.00483077	0.00244615	0.0144923	0.00588462	0.00577692	0.00483077	0.00361538	0.0134308	
0.00257692	0.0021	0.00141538	0.000792308	0.00424615	0.000784615	0.000661538	0.00119231	0.0007	0.000230769	0.00514615	0.000807692	2.30769e-05	2.30769e-05	0.00676154	7.69231e-05	0	0	0	0	0.00420769	0.000361538	0.00121538	0.0011	0.00330769	0.00103077	0.000553846	0.00199231	0.00108462	0.0007	0.00346154	0.00163846	0.00152308	0.00130769	0.000861538	0.00319231	
0.338531	0.315131	0.182446	0.121292	0.591662	0.104031	0.0893308	0.172377	0.0978538	0.0345154	0.720223	0.104808	0.00809231	0.00767692	0.934231	0.0074	0	0	0	0	0.592785	0.0583308	0.161038	0.145246	0.4664	0.146915	0.0817231	0.262362	0.1747	0.0943923	0.484177	0.204131	0.201008	0.170823	0.121531	0.464038	
0.218515	0.204215	0.117815	0.0789154	0.383431	0.0670923	0.0576	0.111338	0.0632308	0.0221846	0.4658	0.0682462	0.00507692	0.00500769	0.604538	0.00483846	0.00518462	0.0172846	0.00420769	0.592785	0	0	0	0	0.302669	0.0947154	0.0527692	0.169308	0.113685	0.0604462	0.3126	0.132731	0.129885	0.111469	0.0781308	0.299977	
0.0215615	0.0201308	0.0118769	0.00727692	0.0374385	0.00652308	0.00556154	0.0113231	0.00603846	0.00216923	0.0455846	0.00705385	0.000546154	0.000515385	0.0593308	0.000453846	0.000507692	0.00164615	0.000361538	0.0583308	0	0	0	0	0.0287154	0.00956154	0.00537692	0.0171923	0.011	0.00620769	0.0313538	0.0122846	0.0126769	0.0108231	0.00771538	0.0296308	
0.0594231	0.0553385	0.0321308	0.0214615	0.103715	0.0186615	0.0158385	0.0301385	0.0177615	0.00633077	0.125969	0.0182923	0.00147692	0.00128462	0.164346	0.00124615	0.00134615	0.00475385	0.00121538	0.161038	0	0	0	0	0.0817077	0.0259538	0.0143385	0.0463538	0.0304692	0.0169154	0.0856154	0.0353538	0.0351462	0.0295231	0.0214615	0.0822231	
0.0541154	0.0492385	0.0289385	0.0190462	0.0938308	0.0163154	0.0142923	0.0269	0.0151	0.00526154	0.115031	0.0159462	0.00133077	0.0012	0.147646	0.00116154	0.00102308	0.00396923	0.0011	0.145246	0	0	0	0	0.0740769	0.0232077	0.0127231	0.0413308	0.0268385	0.0147154	0.0767308	0.0330538	0.0323385	0.0266154	0.0197077	0.0726769	
0.171654	0.161408	0.0928769	0.0612308	0.300492	0.0526923	0.0458385	0.0881462	0.0498923	0.0178769	0.366808	0.0525923	0.0039	0.00400769	0.475615	0.00364615	0.00385385	0.0136077	0.00330769	0.4664	0.302669	0.0287154	0.0817077	0.0740769	0	0	0	0	0.0888385	0.0482538	0.245992	0.104085	0.101792	0.0873231	0.0621923	0.235862	
0.0547769	0.0496923	0.0289615	0.0200077	0.0945846	0.0169538	0.0139769	0.0279231	0.0152385	0.0053	0.115608	0.0172923	0.00137692	0.00123846	0.149615	0.00120769	0.00128462	0.00420769	0.00103077	0.146915	0.0947154	0.00956154	0.0259538	0.0232077	0	0	0	0	0.0275231	0.0149462	0.0778692	0.0331	0.0330077	0.0274692	0.0188462	0.0741154	
0.0298462	0.0277154	0.0167769	0.0108692	0.0531385	0.00916923	0.00790769	0.0149923	0.00888462	0.00285385	0.0642154	0.00925385	0.000776923	0.000646154	0.0831462	0.000638462	0.000646154	0.00228462	0.000553846	0.0817231	0.0527692	0.00537692	0.0143385	0.0127231	0	0	0	0	0.0156385	0.00817692	0.0434923	0.0179	0.0179077	0.0153308	0.0108923	0.0410769	
0.0973385	0.0901077	0.0521462	0.0345923	0.1702	0.0297769	0.0255692	0.0486385	0.0281154	0.00991538	0.205754	0.0304	0.00237692	0.00211538	0.267485	0.00220769	0.00227692	0.00755385	0.00199231	0.262362	0.169308	0.0171923	0.0463538	0.0413308	0	0	0	0	0.0499923	0.0269077	0.138946	0.0583385	0.0573385	0.0483077	0.0350846	0.133454	
0.0637538	0.0600462	0.0353231	0.0228692	0.120831	0.0175846	0.0145308	0.0290462	0.0187615	0.0066	0.1367	0.0199308	0.00148462	0.00154615	0.177608	0.00135385	0.00137692	0.00483077	0.00108462	0.1747	0.113685	0.011	0.0304692	0.0268385	0.0888385	0.0275231	0.0156385	0.0499923	0	0	0	0	0.0389231	0.0325846	0.0225308	0.0879538	
0.0351538	0.0325462	0.0189615	0.0116231	0.0654077	0.00963077	0.00776154	0.0154846	0.00959231	0.00333846	0.0745077	0.0108462	0.000892308	0.0009	0.0956462	0.000846154	0.000746154	0.00244615	0.0007	0.0943923	0.0604462	0.00620769	0.0169154	0.0147154	0.0482538	0.0149462	0.00817692	0.0269077	0	0	0	0	0.0202538	0.0175231	0.0124	0.0481077	
0.180331	0.165538	0.0947923	0.0656385	0.291769	0.0611615	0.0527154	0.100654	0.0518846	0.0185231	0.380669	0.0552231	0.00433077	0.00406154	0.4942	0.00370769	0.00416923	0.0144923	0.00346154	0.484177	0.3126	0.0313538	0.0856154	0.0767308	0.245992	0.0778692	0.0434923	0.138946	0	0	0	0	0.106085	0.0896846	0.0653385	0.245192	
0.0743769	0.0707923	0.0416846	0.0265692	0.140408	0.0202154	0.0182846	0.0345154	0.0218923	0.00748462	0.160508	0.0235385	0.00172308	0.0015	0.208408	0.00179231	0.00176923	0.00588462	0.00163846	0.204131	0.132731	0.0122846	0.0353538	0.0330538	0.104085	0.0331	0.0179	0.0583385	0	0	0	0	0.0447846	0.0386385	0.0267462	0.103254	
0.0740538	0.0693769	0.0398	0.0268154	0.130262	0.0224846	0.0195538	0.0377462	0.0217692	0.00774615	0.1577	0.0228308	0.00182308	0.00161538	0.204985	0.00162308	0.00173846	0.00577692	0.00152308	0.201008	0.129885	0.0126769	0.0351462	0.0323385	0.101792	0.0330077	0.0179077	0.0573385	0.0389231	0.0202538	0.106085	0.0447846	0	0	0	0	
0.0630769	0.0584308	0.034	0.0229231	0.110531	0.0195692	0.0163538	0.0319769	0.0172462	0.00621538	0.135562	0.0194077	0.00149231	0.00158462	0.174015	0.00133846	0.00146923	0.00483077	0.00130769	0.170823	0.111469	0.0108231	0.0295231	0.0266154	0.0873231	0.0274692	0.0153308	0.0483077	0.0325846	0.0175231	0.0896846	0.0386385	0	0	0	0	
0.0449692	0.0420692	0.0241769	0.0158	0.0779308	0.0139846	0.0117308	0.0233692	0.013	0.00439231	0.0955692	0.0140538	0.00106923	0.000907692	0.124023	0.00101538	0.00100769	0.00361538	0.000861538	0.121531	0.0781308	0.00771538	0.0214615	0.0197077	0.0621923	0.0188462	0.0108923	0.0350846	0.0225308	0.0124	0.0653385	0.0267462	0	0	0	0	
0.171515	0.159046	0.0927846	0.0611615	0.299692	0.0525538	0.0456538	0.0866077	0.0501154	0.0175923	0.363554	0.0532462	0.00404615	0.0039	0.472838	0.00372308	0.00384615	0.0134308	0.00319231	0.464038	0.299977	0.0296308	0.0822231	0.0726769	0.235862	0.0741154	0.0410769	0.133454	0.0879538	0.0481077	0.245192	0.103254	0	0	0	0	
