0.050000	0	6	6	0.003743	0.060600
0.050000	0	6	6	0.003030	0.061592
0.050000	1	8	8	0.002787	0.057662
0.050000	0	8	8	0.005325	0.053671
0.050000	0	8	8	0.005273	0.053546
0.050000	1	8	8	0.009710	0.053843
0.050000	0	8	8	0.009734	0.051143
0.050000	0	8	8	0.009326	0.052843
0.050000	0	10	10	0.010480	0.051273
0.050000	0	10	8	0.010342	0.049643
0.050000	1	10	10	0.010334	0.052081
0.050000	4	10	10	0.014765	0.055706
0.050000	2	10	10	0.013196	0.053676
0.050000	1	10	10	0.012142	0.049220
0.050000	3	10	10	0.014380	0.051243
0.050000	2	10	10	0.015480	0.051881
0.050000	2	10	10	0.013873	0.048673
0.050000	2	10	10	0.013018	0.048481
0.050000	2	10	10	0.014596	0.046443
0.050000	3	10	10	0.015065	0.048543
0.050000	2	10	10	0.015942	0.048820
0.050000	2	10	10	0.015273	0.049258
0.050000	1	10	10	0.011949	0.045558
0.050000	3	10	10	0.013234	0.046958
0.050000	3	10	10	0.017365	0.047751
0.050000	2	10	10	0.015419	0.048574
0.050000	2	10	10	0.017749	0.048051
0.050000	2	10	10	0.014873	0.049051
0.050000	2	10	10	0.014649	0.046966
0.050000	2	10	10	0.014642	0.048366
0.050000	2	10	10	0.014557	0.049174
0.050000	1	10	10	0.013126	0.048097
0.050000	2	10	10	0.013096	0.048566
0.050000	2	12	12	0.015373	0.050074
0.050000	2	12	10	0.015610	0.048681
0.050000	4	10	10	0.016326	0.048620
0.050000	2	10	10	0.013588	0.048105
0.050000	3	12	12	0.013572	0.050481
0.050000	3	12	12	0.015365	0.051435
0.050000	2	12	12	0.013757	0.045151
0.050000	3	12	12	0.016349	0.045213
0.050000	2	12	12	0.014926	0.044375
0.050000	2	12	12	0.014973	0.044759
0.050000	2	12	12	0.015588	0.045028
0.050000	1	12	12	0.012711	0.044044
0.050000	1	12	12	0.011242	0.044951
0.050000	2	12	12	0.013988	0.045082
0.050000	2	12	12	0.016226	0.045013
0.050000	3	12	12	0.014957	0.045705
0.050000	1	12	12	0.017096	0.044621
0.050000	3	12	12	0.013680	0.044440
0.050000	2	12	12	0.017196	0.042575
0.050000	2	12	12	0.014157	0.045363
0.050000	1	12	12	0.013957	0.044759
0.050000	1	12	12	0.015642	0.044551
0.050000	3	12	12	0.014819	0.044905
0.050000	1	12	12	0.013957	0.044221
0.050000	2	12	12	0.013134	0.044440
0.050000	2	12	12	0.013634	0.045886
0.050000	3	12	12	0.015080	0.043936
0.050000	2	12	12	0.014828	0.044686
0.050000	2	10	12	0.014549	0.044505
0.050000	2	12	12	0.013157	0.044144
0.050000	4	12	12	0.013803	0.044705
0.050000	2	12	12	0.014611	0.044298
0.050000	4	12	12	0.012911	0.044393
0.050000	2	12	12	0.013626	0.044151
0.050000	2	12	12	0.013203	0.044144
0.050000	3	10	12	0.012705	0.045455
0.050000	1	12	12	0.013565	0.045228
0.050000	3	10	12	0.012719	0.045244
0.050000	2	10	12	0.013144	0.045367
0.050000	1	8	12	0.015119	0.044144
0.050000	2	8	12	0.013673	0.044528
0.050000	2	6	12	0.011857	0.044590
0.050000	2	4	12	0.013926	0.044501
0.050000	1	4	12	0.014842	0.042936
0.050000	3	4	12	0.013059	0.044698
0.050000	2	4	12	0.013796	0.044459
0.050000	2	2	12	0.013344	0.044824
0.050000	3	2	12	0.013457	0.044121
0.050000	1	4	12	0.014673	0.045813
0.050000	2	4	12	0.013111	0.043813
0.050000	2	2	12	0.011290	0.044713
0.050000	2	2	12	0.012288	0.043667
0.050000	2	2	12	0.012919	0.044028
0.050000	1	2	12	0.012873	0.045936
0.050000	1	2	12	0.012659	0.043628
0.050000	1	2	12	0.012513	0.043540
0.050000	2	2	12	0.012374	0.044905
0.050000	1	2	12	0.016034	0.044228
0.050000	1	2	12	0.013473	0.045828
0.050000	4	2	12	0.013174	0.045867
0.050000	1	2	12	0.011919	0.044798
0.050000	1	2	12	0.011711	0.044375
0.050000	1	2	12	0.013096	0.044628
0.050000	2	2	12	0.011774	0.044628
0.050000	2	2	12	0.012580	0.043644
0.050000	1	2	12	0.011474	0.044436
0.050000	2	2	12	0.010842	0.046244
0.050000	1	2	12	0.011644	0.044636
0.050000	2	2	12	0.010726	0.041528
0.050000	2	2	12	0.009726	0.044136
0.050000	1	0	12	0.010859	0.044651
0.050000	1	0	12	0.013811	0.043982
0.050000	1	0	12	0.012873	0.044244
0.050000	2	0	12	0.012703	0.044444
0.050000	2	0	12	0.012696	0.043613
0.050000	2	0	12	0.011726	0.045336
0.050000	1	2	12	0.011365	0.043605
0.050000	1	0	12	0.010496	0.044444
0.050000	1	2	12	0.011573	0.044128
0.050000	1	0	12	0.011044	0.043751
0.050000	2	0	12	0.012096	0.045259
0.050000	1	0	12	0.008357	0.043436
0.050000	1	0	12	0.009988	0.044113
0.050000	2	0	12	0.010888	0.045698
0.050000	2	0	12	0.009265	0.044167
0.050000	1	0	12	0.009457	0.044544
0.050000	1	0	12	0.009642	0.043813
0.050000	1	0	12	0.009749	0.045144
0.050000	2	0	12	0.011411	0.043875
0.050000	1	0	12	0.009542	0.045551
0.050000	2	0	12	0.010096	0.043736
0.050000	2	0	12	0.012213	0.043982
0.050000	1	0	12	0.009080	0.044736
0.050000	1	0	12	0.008942	0.044190
0.050000	1	0	12	0.011028	0.045982
0.050000	3	0	12	0.009044	0.045482
0.050000	1	0	12	0.010326	0.044728
0.050000	2	0	12	0.009351	0.045690
0.050000	1	0	12	0.010634	0.045751
0.050000	2	0	12	0.008905	0.043998
0.050000	2	0	12	0.009149	0.044582
0.050000	3	0	12	0.009080	0.045721
0.050000	1	0	12	0.006913	0.044636
0.050000	2	0	12	0.009996	0.045121
0.050000	4	0	12	0.009788	0.044651
0.050000	1	0	12	0.009296	0.044828
0.050000	1	0	12	0.009196	0.043544
0.050000	2	0	12	0.009673	0.044390
0.050000	1	0	12	0.008459	0.044405
0.050000	2	0	12	0.009049	0.044567
0.050000	1	0	12	0.010859	0.044105
0.050000	2	0	12	0.007703	0.044290
0.050000	2	0	12	0.009434	0.045159
0.050000	2	0	12	0.009426	0.044275
0.050000	2	0	12	0.009373	0.044298
0.050000	2	0	12	0.007690	0.043975
0.050000	1	0	12	0.009680	0.043398
0.050000	1	0	12	0.009711	0.045436
0.050000	2	0	12	0.007336	0.043505
0.050000	2	0	12	0.008480	0.043851
0.050000	1	0	12	0.007319	0.044028
0.050000	1	0	12	0.008528	0.045413
0.050000	1	0	12	0.007319	0.045167
0.050000	1	0	12	0.012726	0.044075
0.050000	1	0	12	0.007957	0.044621
0.050000	1	0	12	0.009711	0.043282
0.050000	2	0	12	0.007073	0.044582
0.050000	1	0	12	0.008973	0.044751
0.050000	1	0	12	0.010234	0.043513
0.050000	3	0	12	0.008873	0.044444
0.050000	2	0	12	0.008513	0.045113
0.050000	1	0	12	0.007765	0.045975
0.050000	1	0	12	0.006467	0.044098
0.050000	1	0	12	0.007519	0.043513
0.050000	1	0	12	0.007511	0.045967
0.050000	1	0	12	0.008526	0.043467
0.050000	2	0	12	0.009621	0.044936
0.050000	1	0	12	0.007474	0.045175
0.050000	0	0	12	0.004674	0.044075
0.050000	2	0	12	0.007997	0.044244
0.050000	2	0	12	0.007711	0.044690
0.050000	2	0	12	0.009173	0.044251
0.050000	2	0	12	0.008165	0.045167
0.050000	3	0	12	0.005441	0.043236
0.050000	1	0	12	0.007859	0.044098
0.050000	1	0	12	0.007126	0.046398
0.050000	1	0	12	0.008342	0.043844
0.050000	1	0	12	0.005588	0.045182
0.050000	2	0	12	0.009121	0.043921
0.050000	1	0	12	0.006303	0.044221
0.050000	2	0	12	0.007228	0.046475
0.050000	2	0	12	0.006726	0.043959
0.050000	3	0	12	0.006636	0.044428
0.050000	2	0	12	0.006874	0.044475
0.050000	1	0	12	0.005759	0.044798
0.050000	2	0	12	0.006265	0.046213
0.050000	3	0	12	0.006105	0.043490
0.050000	1	0	12	0.009788	0.043398
0.050000	2	0	12	0.007057	0.045328
0.050000	2	0	12	0.007780	0.043921
0.050000	1	0	12	0.005721	0.044059
0.050000	2	0	12	0.005367	0.044828
0.050000	1	0	12	0.007211	0.043359
0.050000	2	0	12	0.004242	0.044475
0.050000	2	0	12	0.006542	0.044344
0.050000	2	0	12	0.005944	0.045390
0.050000	2	0	12	0.006149	0.045136
0.050000	2	0	12	0.006973	0.043690
0.050000	2	0	12	0.007203	0.045651
0.050000	1	0	12	0.006142	0.044175
0.050000	1	0	12	0.007057	0.045144
0.050000	3	0	12	0.006619	0.044605
0.050000	1	0	12	0.004811	0.045813
0.050000	3	0	12	0.006603	0.044175
0.050000	2	0	12	0.005088	0.044836
0.050000	3	0	12	0.006934	0.043244
0.050000	2	0	12	0.007119	0.044459
0.050000	1	0	12	0.006236	0.045321
0.050000	2	0	12	0.006211	0.044498
0.050000	1	0	12	0.005157	0.043736
0.050000	1	0	12	0.006019	0.044675
0.050000	1	0	12	0.004811	0.045375
0.050000	3	0	12	0.005079	0.043882
0.050000	1	0	12	0.004105	0.043728
0.050000	2	0	12	0.007242	0.043936
0.050000	0	0	12	0.004636	0.043851
0.050000	2	0	12	0.005996	0.045151
0.050000	1	0	12	0.004980	0.044113
0.050000	1	0	12	0.003499	0.043413
0.050000	3	0	12	0.004426	0.044467
0.050000	2	0	12	0.005488	0.044090
0.050000	1	0	12	0.007249	0.044675
0.050000	2	0	12	0.006542	0.044413
0.050000	2	0	12	0.005336	0.044013
0.050000	1	0	12	0.004457	0.044959
0.050000	1	0	12	0.005359	0.042690
0.050000	1	0	12	0.006267	0.044805
0.050000	1	0	12	0.005203	0.044967
0.050000	1	0	12	0.005711	0.045775
0.050000	2	0	12	0.005149	0.045275
0.050000	3	0	12	0.005480	0.044728
0.050000	2	0	12	0.006065	0.043651
0.050000	2	0	12	0.005149	0.044436
0.050000	1	0	12	0.005749	0.044844
0.050000	1	0	12	0.007503	0.044767
0.050000	1	0	12	0.006042	0.044313
0.050000	2	0	12	0.004026	0.043698
0.050000	2	0	12	0.005711	0.043035
0.050000	2	0	12	0.003997	0.043898
0.050000	1	0	12	0.004603	0.045721
0.050000	3	0	12	0.004696	0.046413
0.050000	2	0	12	0.004295	0.044221
0.050000	1	0	12	0.004067	0.045228
0.050000	1	0	12	0.004479	0.044490
0.050000	2	0	12	0.004496	0.044236
0.050000	1	0	12	0.005565	0.045990
0.050000	1	0	12	0.004287	0.044375
0.050000	2	0	12	0.004749	0.043636
0.050000	1	0	12	0.004090	0.044328
0.050000	1	0	12	0.005588	0.043990
0.050000	2	0	12	0.004165	0.044405
0.050000	2	0	12	0.007026	0.044290
0.050000	1	0	12	0.005057	0.044913
0.050000	2	0	12	0.005356	0.046013
0.050000	1	0	12	0.005511	0.044105
0.050000	2	0	12	0.006273	0.044790
0.050000	1	0	12	0.003326	0.045305
0.050000	1	0	12	0.003765	0.044713
0.050000	1	0	12	0.005874	0.044090
0.050000	3	0	12	0.003910	0.045221
0.050000	2	0	12	0.005088	0.044298
0.050000	1	0	12	0.005903	0.044344
0.050000	2	0	12	0.004302	0.044628
0.050000	2	0	12	0.003087	0.044721
0.050000	2	0	12	0.004280	0.044298
0.050000	3	0	12	0.003487	0.042821
0.050000	2	0	12	0.003818	0.045736
0.050000	1	0	12	0.003803	0.044851
0.050000	1	0	12	0.005926	0.043605
0.050000	2	0	12	0.003973	0.044551
0.050000	2	0	12	0.003473	0.045082
0.050000	1	0	12	0.007149	0.043528
0.050000	1	0	12	0.004551	0.044498
0.050000	1	0	12	0.005221	0.043836
0.050000	2	0	12	0.004319	0.044751
0.050000	1	0	12	0.004251	0.045113
0.050000	2	0	12	0.003774	0.043567
0.050000	2	0	12	0.003595	0.044875
0.050000	3	0	12	0.005479	0.044944
0.050000	3	0	12	0.003121	0.044682
0.050000	1	0	12	0.005042	0.044405
0.050000	3	0	12	0.003897	0.044290
0.050000	1	0	12	0.004421	0.043459
0.050000	2	0	12	0.005019	0.044751
0.050000	2	0	12	0.003830	0.045612
0.050000	1	0	12	0.005557	0.043905
0.050000	2	0	12	0.004210	0.044690
0.050000	1	0	12	0.003849	0.043559
0.050000	2	0	12	0.003349	0.045590
0.050000	2	0	12	0.003257	0.045898
0.050000	1	0	12	0.004003	0.044836
0.050000	1	0	12	0.002582	0.043351
0.050000	1	0	12	0.004303	0.043759
0.050000	1	0	12	0.003828	0.044551
0.050000	2	0	12	0.003264	0.043921
0.050000	2	0	12	0.003949	0.044475
0.050000	1	0	12	0.004402	0.045798
0.050000	1	0	12	0.003226	0.045136
0.050000	3	0	12	0.003751	0.044405
0.050000	2	0	12	0.003872	0.045682
0.050000	1	0	12	0.004442	0.045698
0.050000	1	0	12	0.003073	0.044505
0.050000	1	0	12	0.004334	0.043744
0.050000	1	0	12	0.003097	0.043667
0.050000	1	0	12	0.004496	0.044959
0.050000	2	0	12	0.005587	0.044013
0.050000	3	0	12	0.004302	0.045244
0.050000	1	0	12	0.005126	0.044298
0.050000	2	0	12	0.003765	0.044067
0.050000	3	0	12	0.002979	0.045390
0.050000	2	0	12	0.005380	0.045105
0.050000	1	0	12	0.002303	0.044451
0.050000	2	0	12	0.002279	0.043844
0.050000	1	0	12	0.002356	0.044359
0.050000	2	0	12	0.003403	0.043759
0.050000	1	0	12	0.003496	0.044321
0.050000	1	0	12	0.004426	0.044528
0.050000	2	0	12	0.002929	0.042621
0.050000	1	0	12	0.003026	0.045790
0.050000	1	0	12	0.001952	0.045313
0.050000	2	0	12	0.004395	0.044713
0.050000	1	0	12	0.002819	0.044959
0.050000	2	0	12	0.003419	0.043851
0.050000	1	0	12	0.003414	0.044643
0.050000	2	0	12	0.005765	0.046282
0.050000	1	0	12	0.002710	0.043505
0.050000	1	0	12	0.001694	0.043021
0.050000	2	0	12	0.004126	0.044859
0.050000	1	0	12	0.002595	0.045590
0.050000	2	0	12	0.005419	0.045113
0.050000	3	0	12	0.003718	0.043728
0.050000	2	0	12	0.005288	0.044490
0.050000	3	0	12	0.004549	0.044228
0.050000	1	0	12	0.005426	0.044744
0.050000	1	0	12	0.003896	0.045405
0.050000	1	0	12	0.003626	0.043567
0.050000	1	0	12	0.004982	0.045313
0.050000	2	0	12	0.003604	0.044475
0.050000	2	0	12	0.003202	0.044744
0.050000	3	0	12	0.002542	0.045113
0.050000	2	0	12	0.003165	0.044259
0.050000	1	0	12	0.005049	0.044775
0.050000	2	0	12	0.003090	0.044767
0.050000	1	0	12	0.002579	0.045259
0.050000	3	0	12	0.002819	0.045513
0.050000	3	0	12	0.004573	0.044536
0.050000	1	0	12	0.002302	0.043105
0.050000	1	0	12	0.003349	0.044659
0.050000	1	0	12	0.002575	0.042751
0.050000	3	0	12	0.002710	0.044375
0.050000	2	0	12	0.002611	0.045067
0.050000	2	0	12	0.003173	0.044651
0.050000	2	0	12	0.003533	0.045151
0.050000	2	0	12	0.002657	0.044636
0.050000	1	0	12	0.003374	0.044521
0.050000	3	0	12	0.002603	0.044551
0.050000	1	0	12	0.002436	0.044728
0.050000	2	0	12	0.002902	0.044651
0.050000	3	0	12	0.003575	0.045144
0.050000	1	0	12	0.004782	0.044482
0.050000	2	0	12	0.003573	0.045305
0.050000	1	0	12	0.004465	0.044782
0.050000	1	0	12	0.002592	0.043105
0.050000	2	0	12	0.005165	0.044644
0.050000	2	0	12	0.003936	0.044259
0.050000	2	0	12	0.003780	0.044651
0.050000	2	0	12	0.003434	0.043344
0.050000	1	0	12	0.001865	0.044628
0.050000	2	0	12	0.003879	0.043828
0.050000	1	0	12	0.002684	0.043913
0.050000	1	0	12	0.003373	0.043667
0.050000	2	0	12	0.004372	0.045213
0.050000	3	0	12	0.002726	0.044367
0.050000	2	0	12	0.002263	0.043936
0.050000	1	0	12	0.003419	0.044844
0.050000	2	0	12	0.004610	0.044628
0.050000	2	0	12	0.003968	0.044875
0.050000	1	0	12	0.003380	0.044305
0.050000	2	0	12	0.003426	0.044859
0.050000	1	0	12	0.002852	0.045336
0.050000	1	0	12	0.001918	0.043459
0.050000	1	0	12	0.002285	0.043936
0.050000	2	0	12	0.002952	0.044836
0.050000	2	0	12	0.002239	0.045728
0.050000	2	0	12	0.004503	0.043721
0.050000	2	0	12	0.002165	0.045375
0.050000	2	0	12	0.002249	0.044344
0.050000	3	0	12	0.002826	0.044605
0.050000	1	0	12	0.003596	0.043705
0.050000	2	0	12	0.002245	0.044451
0.050000	2	0	12	0.002649	0.043390
0.050000	1	0	12	0.003519	0.044505
0.050000	2	0	12	0.002743	0.044044
0.050000	0	0	12	0.003597	0.045936
0.050000	0	0	0	0.001892	0.045598
0.050000	0	0	0	0.001892	0.045598
0.045000	2	2	14	0.003803	0.045467
0.045000	2	2	14	0.002788	0.045559
0.045000	2	2	14	0.003072	0.043605
0.045000	1	2	14	0.002849	0.043375
0.045000	1	2	14	0.004174	0.043321
0.045000	3	2	14	0.004664	0.043236
0.045000	3	2	14	0.002780	0.042181
0.045000	2	2	14	0.004852	0.040313
0.045000	1	2	14	0.003306	0.040644
0.045000	4	2	14	0.004621	0.040428
0.045000	2	2	14	0.004137	0.039574
0.045000	4	2	14	0.004821	0.040620
0.045000	1	2	14	0.005621	0.039804
0.045000	1	2	14	0.006044	0.040104
0.045000	1	2	14	0.006398	0.040366
0.045000	2	2	14	0.005806	0.040835
0.045000	2	2	14	0.006506	0.041997
0.045000	0	2	14	0.006698	0.038904
0.045000	1	2	14	0.006675	0.038120
0.045000	2	2	14	0.006075	0.038974
0.045000	3	2	14	0.006998	0.037174
0.045000	2	2	14	0.008052	0.039820
0.045000	3	2	14	0.007121	0.039035
0.045000	1	2	14	0.008606	0.038012
0.045000	2	2	14	0.008567	0.039720
0.045000	2	2	14	0.008413	0.038674
0.045000	2	2	14	0.008529	0.039427
0.045000	1	2	14	0.008783	0.040143
0.045000	1	2	14	0.009821	0.036307
0.045000	2	2	14	0.008413	0.038974
0.045000	0	2	14	0.010360	0.037512
0.045000	2	2	14	0.011306	0.039074
0.045000	3	2	14	0.009837	0.037653
0.045000	1	2	14	0.009583	0.039250
0.045000	2	2	14	0.008298	0.038804
0.045000	2	2	14	0.010137	0.038312
0.045000	1	2	14	0.010306	0.038512
0.045000	3	2	14	0.009767	0.037450
0.045000	2	2	14	0.009821	0.036404
0.045000	3	2	14	0.009998	0.037620
0.045000	1	2	14	0.010221	0.037566
0.045000	1	2	14	0.010975	0.038081
0.045000	1	2	14	0.011521	0.037514
0.045000	1	2	14	0.009675	0.036020
0.045000	2	2	14	0.010629	0.036620
0.045000	3	2	14	0.010321	0.038827
0.045000	1	2	14	0.011929	0.037227
0.045000	2	2	14	0.010644	0.038420
0.045000	1	2	14	0.011144	0.036597
0.045000	1	2	14	0.011790	0.037404
0.045000	1	2	14	0.010906	0.037312
0.045000	2	2	14	0.011167	0.036858
0.045000	2	2	14	0.010029	0.037135
0.045000	2	2	14	0.009567	0.037981
0.045000	1	2	14	0.010175	0.037145
0.045000	1	2	14	0.010137	0.036720
0.045000	2	2	14	0.010860	0.038766
0.045000	2	2	14	0.010944	0.035799
0.045000	2	2	14	0.008944	0.036622
0.045000	3	2	14	0.012175	0.035999
0.045000	2	2	14	0.010337	0.036784
0.045000	1	2	14	0.010467	0.037207
0.045000	2	2	14	0.010806	0.036643
0.045000	1	2	14	0.011737	0.036730
0.045000	1	2	14	0.011129	0.038035
0.045000	1	2	14	0.012144	0.035353
0.045000	2	2	14	0.011713	0.036027
0.045000	2	2	14	0.009783	0.035789
0.045000	1	2	14	0.010775	0.038235
0.045000	1	2	14	0.010652	0.036037
0.045000	3	2	14	0.011544	0.037966
0.045000	1	2	14	0.010690	0.037614
0.045000	0	2	14	0.010975	0.035797
0.045000	0	2	14	0.008713	0.035637
0.045000	3	2	14	0.010375	0.035127
0.045000	3	2	14	0.010429	0.035630
0.045000	2	2	14	0.010960	0.036012
0.045000	2	2	14	0.012383	0.036391
0.045000	2	2	14	0.009898	0.036435
0.045000	2	0	14	0.012021	0.036304
0.045000	2	0	14	0.011644	0.035153
0.045000	2	2	14	0.011552	0.034189
0.045000	4	0	14	0.011890	0.036781
0.045000	3	0	14	0.008583	0.036474
0.045000	1	0	14	0.010113	0.034430
0.045000	2	0	14	0.011298	0.034622
0.045000	3	0	14	0.009967	0.037507
0.045000	2	0	14	0.010075	0.036353
0.045000	3	0	14	0.010906	0.034768
0.045000	0	0	14	0.012098	0.036091
0.045000	1	0	14	0.009590	0.036960
0.045000	1	0	14	0.010437	0.036730
0.045000	1	0	14	0.010829	0.036684
0.045000	1	0	14	0.010652	0.035004
0.045000	1	0	14	0.009537	0.036399
0.045000	1	0	14	0.010629	0.035684
0.045000	2	0	14	0.010475	0.036630
0.045000	1	0	14	0.012152	0.034474
0.045000	1	0	14	0.010083	0.036884
0.045000	2	0	14	0.010044	0.035468
0.045000	1	0	14	0.010044	0.036422
0.045000	1	0	14	0.010521	0.034584
0.045000	2	0	14	0.010021	0.036212
0.045000	1	0	14	0.010098	0.035174
0.045000	0	0	14	0.008921	0.037453
0.045000	0	0	14	0.011613	0.034322
0.045000	1	0	14	0.011421	0.035076
0.045000	2	0	14	0.009175	0.036260
0.045000	1	0	14	0.008660	0.034827
0.045000	2	0	14	0.011113	0.036953
0.045000	1	0	14	0.010498	0.034581
0.045000	2	0	14	0.010644	0.035768
0.045000	2	0	14	0.011237	0.035860
0.045000	2	0	14	0.008013	0.036304
0.045000	1	0	14	0.009837	0.035230
0.045000	1	0	14	0.012090	0.034430
0.045000	0	0	14	0.008737	0.036353
0.045000	1	0	14	0.011837	0.035676
0.045000	3	0	14	0.008767	0.036668
0.045000	1	0	14	0.009037	0.035522
0.045000	1	0	14	0.008852	0.034743
0.045000	1	0	14	0.009852	0.035737
0.045000	2	0	14	0.009198	0.035545
0.045000	1	0	14	0.008075	0.035637
0.045000	3	0	14	0.009360	0.035268
0.045000	3	0	14	0.007537	0.034976
0.045000	0	0	14	0.008783	0.035837
0.045000	3	0	14	0.009113	0.038676
0.045000	0	0	14	0.010083	0.035553
0.045000	3	0	14	0.009198	0.036458
0.045000	2	0	14	0.009513	0.036576
0.045000	1	0	14	0.009737	0.036791
0.045000	0	0	14	0.008998	0.034707
0.045000	1	0	14	0.008929	0.034107
0.045000	1	0	14	0.009775	0.033922
0.045000	1	0	14	0.009944	0.036614
0.045000	1	0	14	0.008106	0.036884
0.045000	1	0	14	0.007613	0.035612
0.045000	2	0	14	0.008913	0.033622
0.045000	1	0	14	0.008052	0.033443
0.045000	0	0	14	0.008875	0.035776
0.045000	3	0	14	0.008852	0.035699
0.045000	1	0	14	0.008698	0.035753
0.045000	2	0	14	0.008490	0.036353
0.045000	1	0	14	0.009013	0.036014
0.045000	1	0	14	0.008260	0.034268
0.045000	0	0	14	0.007329	0.035084
0.045000	1	0	14	0.006998	0.037299
0.045000	1	0	14	0.007598	0.035391
0.045000	1	0	14	0.009175	0.035453
0.045000	0	0	14	0.009298	0.036130
0.045000	1	0	14	0.009383	0.035207
0.045000	0	0	14	0.008590	0.036399
0.045000	0	0	0	0.007637	0.036014
0.045000	0	0	0	0.007637	0.036014
0.040000	1	0	14	0.006737	0.037391
0.040000	2	0	14	0.008075	0.034884
0.040000	0	0	14	0.008790	0.035399
0.040000	3	0	14	0.007060	0.034999
0.040000	1	0	14	0.007383	0.035784
0.040000	1	0	14	0.009321	0.037876
0.040000	1	0	14	0.009698	0.032914
0.040000	1	0	14	0.008598	0.036122
0.040000	2	0	14	0.008552	0.035584
0.040000	3	0	14	0.008629	0.037953
0.040000	1	0	14	0.007198	0.035976
0.040000	2	0	14	0.008806	0.034399
0.040000	0	0	14	0.008098	0.036730
0.040000	2	0	14	0.007721	0.036976
0.040000	2	0	14	0.007883	0.036230
0.040000	1	0	14	0.007275	0.035830
0.040000	1	0	14	0.006367	0.034135
0.040000	3	0	14	0.007090	0.034591
0.040000	1	0	14	0.008475	0.034237
0.040000	1	0	14	0.006967	0.036599
0.040000	2	0	14	0.008306	0.034130
0.040000	2	0	14	0.008029	0.034199
0.040000	1	0	14	0.006690	0.036514
0.040000	2	0	14	0.006544	0.035327
0.040000	1	0	14	0.008037	0.036714
0.040000	3	0	14	0.007583	0.035499
0.040000	2	0	14	0.006475	0.033422
0.040000	1	0	14	0.008613	0.034822
0.040000	2	0	14	0.006821	0.034707
0.040000	1	0	14	0.005613	0.036884
0.040000	2	0	14	0.008490	0.035045
0.040000	2	0	14	0.006813	0.033827
0.040000	1	0	14	0.006667	0.034568
0.040000	1	0	14	0.007490	0.033884
0.040000	2	0	14	0.007213	0.034984
0.040000	1	0	14	0.006344	0.035653
0.040000	2	0	14	0.006960	0.034360
0.040000	1	0	14	0.005929	0.037107
0.040000	2	0	14	0.006583	0.036445
0.040000	0	0	14	0.006052	0.036268
0.040000	0	0	14	0.007021	0.036899
0.040000	1	0	14	0.005713	0.035891
0.040000	2	0	14	0.006267	0.037284
0.040000	2	0	14	0.006229	0.034891
0.040000	1	0	14	0.007075	0.037130
0.040000	0	0	14	0.007706	0.036030
0.040000	4	0	14	0.005998	0.035068
0.040000	2	0	14	0.007590	0.034114
0.040000	3	0	14	0.006921	0.036876
0.040000	1	0	14	0.006452	0.035107
0.040000	1	0	14	0.004898	0.037691
0.040000	2	0	14	0.005475	0.037614
0.040000	2	0	14	0.006929	0.036053
0.040000	1	0	14	0.005267	0.036122
0.040000	2	0	14	0.005006	0.034753
0.040000	1	0	14	0.005760	0.035022
0.040000	1	0	14	0.006337	0.036084
0.040000	2	0	14	0.006306	0.033630
0.040000	1	0	14	0.006075	0.033737
0.040000	2	0	14	0.008298	0.035453
0.040000	1	0	14	0.005537	0.035114
0.040000	2	0	14	0.005090	0.033476
0.040000	2	0	14	0.006875	0.036630
0.040000	1	0	14	0.004675	0.035914
0.040000	2	0	14	0.006360	0.034037
0.040000	0	0	14	0.006044	0.036845
0.040000	3	0	14	0.004760	0.034768
0.040000	1	0	14	0.005960	0.034276
0.040000	1	0	14	0.004913	0.036053
0.040000	1	0	14	0.005560	0.035260
0.040000	3	0	14	0.004998	0.036407
0.040000	1	0	14	0.005683	0.037699
0.040000	1	0	14	0.005744	0.035137
0.040000	2	0	14	0.007252	0.036776
0.040000	1	0	14	0.005652	0.036084
0.040000	1	0	14	0.005475	0.036768
0.040000	0	0	14	0.005537	0.034845
0.040000	0	0	14	0.006421	0.035045
0.040000	2	0	14	0.005706	0.035814
0.040000	2	0	14	0.006144	0.036484
0.040000	1	0	14	0.005975	0.034353
0.040000	2	0	14	0.006037	0.036199
0.040000	3	0	14	0.006829	0.034599
0.040000	2	0	14	0.006090	0.036130
0.040000	2	0	14	0.003998	0.034430
0.040000	1	0	14	0.005744	0.034953
0.040000	1	0	14	0.005090	0.035907
0.040000	2	0	14	0.004037	0.035399
0.040000	2	0	14	0.004321	0.034114
0.040000	2	0	14	0.004144	0.036107
0.040000	0	0	14	0.005675	0.035976
0.040000	0	0	14	0.004544	0.034491
0.040000	2	0	14	0.004221	0.035960
0.040000	1	0	14	0.006613	0.035360
0.040000	3	0	14	0.004690	0.034499
0.040000	1	0	14	0.006921	0.037630
0.040000	1	0	14	0.004367	0.034437
0.040000	1	0	14	0.005498	0.033837
0.040000	0	0	14	0.005413	0.035984
0.040000	3	0	14	0.004967	0.034353
0.040000	1	0	14	0.003807	0.034068
0.040000	2	0	14	0.005598	0.037153
0.040000	1	0	14	0.006260	0.036514
0.040000	0	0	14	0.003806	0.035260
0.040000	1	0	14	0.002469	0.033537
0.040000	2	0	14	0.005829	0.036253
0.040000	1	0	14	0.004551	0.035599
0.040000	1	0	14	0.005290	0.034222
0.040000	0	0	14	0.004675	0.036830
0.040000	1	0	14	0.005090	0.033707
0.040000	1	0	14	0.003544	0.034791
0.040000	1	0	14	0.005175	0.038430
0.040000	0	0	14	0.004044	0.035291
0.040000	1	0	14	0.003090	0.036360
0.040000	2	0	14	0.004552	0.033953
0.040000	2	0	14	0.004144	0.036845
0.040000	2	0	14	0.004921	0.035407
0.040000	0	0	14	0.005683	0.036291
0.040000	2	0	14	0.004937	0.034591
0.040000	3	0	14	0.004829	0.036353
0.040000	2	0	14	0.003967	0.034391
0.040000	1	0	14	0.005821	0.036222
0.040000	2	0	14	0.005013	0.038376
0.040000	0	0	14	0.003437	0.035560
0.040000	1	0	14	0.004721	0.035630
0.040000	1	0	14	0.005083	0.036460
0.040000	2	0	14	0.004090	0.035560
0.040000	0	0	14	0.005637	0.035384
0.040000	1	0	14	0.003922	0.037376
0.040000	2	0	14	0.005467	0.035437
0.040000	1	0	14	0.004613	0.036837
0.040000	0	0	14	0.004521	0.036499
0.040000	0	0	14	0.004267	0.035691
0.040000	2	0	14	0.004206	0.035037
0.040000	1	0	14	0.004783	0.034268
0.040000	1	0	14	0.004283	0.035668
0.040000	0	0	14	0.003313	0.035622
0.040000	0	0	14	0.004352	0.036107
0.040000	0	0	0	0.004352	0.035784
0.040000	0	0	0	0.004352	0.035784
0.035000	2	2	16	0.004867	0.036907
0.035000	2	2	16	0.003788	0.034307
0.035000	1	2	16	0.003415	0.034114
0.035000	1	2	16	0.004937	0.034614
0.035000	1	2	16	0.004644	0.034014
0.035000	3	2	16	0.007077	0.029878
0.035000	1	2	16	0.004603	0.031176
0.035000	1	2	16	0.007238	0.030681
0.035000	2	2	16	0.006615	0.030066
0.035000	3	2	16	0.004492	0.030137
0.035000	2	2	16	0.006838	0.030350
0.035000	3	2	16	0.005054	0.028424
0.035000	3	2	16	0.007846	0.031058
0.035000	2	2	16	0.005792	0.029843
0.035000	3	2	16	0.005485	0.029214
0.035000	1	2	16	0.008415	0.029324
0.035000	3	2	16	0.006500	0.027847
0.035000	2	2	16	0.006977	0.029193
0.035000	2	2	16	0.006715	0.030624
0.035000	4	2	16	0.007408	0.027870
0.035000	2	2	16	0.008700	0.030766
0.035000	3	2	16	0.006954	0.029312
0.035000	1	2	16	0.010569	0.030143
0.035000	1	2	16	0.009808	0.027670
0.035000	3	2	16	0.007115	0.029801
0.035000	2	2	16	0.006954	0.029343
0.035000	3	2	16	0.006838	0.028827
0.035000	2	2	16	0.006977	0.030516
0.035000	3	2	16	0.007161	0.030732
0.035000	1	2	16	0.009615	0.031335
0.035000	2	2	16	0.007354	0.029897
0.035000	2	2	16	0.007685	0.028643
0.035000	3	2	16	0.007792	0.030463
0.035000	2	2	16	0.008400	0.027424
0.035000	3	2	16	0.009338	0.031327
0.035000	2	2	16	0.010438	0.027424
0.035000	1	2	16	0.006946	0.029458
0.035000	2	2	16	0.010608	0.028504
0.035000	2	2	16	0.008146	0.028801
0.035000	2	2	16	0.009354	0.029404
0.035000	3	2	16	0.009385	0.029689
0.035000	2	2	16	0.008361	0.031255
0.035000	1	2	16	0.007715	0.028550
0.035000	2	2	16	0.009938	0.029566
0.035000	2	2	16	0.009031	0.029689
0.035000	2	2	16	0.008808	0.029766
0.035000	3	2	16	0.010400	0.030389
0.035000	1	2	16	0.009923	0.029912
0.035000	2	2	16	0.008231	0.028563
0.035000	2	2	16	0.011138	0.030363
0.035000	3	2	16	0.010846	0.029312
0.035000	3	2	16	0.008285	0.028997
0.035000	0	2	16	0.007961	0.028735
0.035000	0	2	16	0.007961	0.027812
0.035000	2	2	16	0.009423	0.029174
0.035000	0	2	16	0.006900	0.030286
0.035000	2	2	16	0.006900	0.029004
0.035000	2	2	16	0.008008	0.030174
0.035000	0	2	16	0.008031	0.028478
0.035000	2	2	16	0.010485	0.029701
0.035000	1	2	16	0.008069	0.029435
0.035000	3	2	16	0.009054	0.029712
0.035000	3	2	16	0.008654	0.029627
0.035000	2	2	16	0.010408	0.028858
0.035000	2	2	16	0.010577	0.029109
0.035000	0	2	16	0.007661	0.029140
0.035000	1	2	16	0.009338	0.028412
0.035000	1	0	16	0.009292	0.027289
0.035000	2	0	16	0.008746	0.028493
0.035000	1	2	16	0.008277	0.027781
0.035000	2	2	16	0.008677	0.029020
0.035000	2	2	16	0.008592	0.029870
0.035000	2	0	16	0.008161	0.030150
0.035000	1	2	16	0.006869	0.028609
0.035000	2	0	16	0.008992	0.029509
0.035000	1	0	16	0.007815	0.029881
0.035000	3	0	16	0.008277	0.030627
0.035000	1	0	16	0.006808	0.028793
0.035000	3	0	16	0.009600	0.029870
0.035000	3	0	16	0.009777	0.027866
0.035000	1	0	16	0.006761	0.029312
0.035000	1	0	16	0.008200	0.028286
0.035000	1	0	16	0.007423	0.029104
0.035000	0	0	16	0.008231	0.029089
0.035000	3	0	16	0.009223	0.028209
0.035000	3	0	16	0.009277	0.029609
0.035000	1	0	16	0.008223	0.029193
0.035000	1	0	16	0.010785	0.029747
0.035000	1	0	16	0.006661	0.028258
0.035000	2	0	16	0.008754	0.029670
0.035000	1	0	16	0.007215	0.028163
0.035000	1	0	16	0.007985	0.028666
0.035000	3	0	16	0.008077	0.029204
0.035000	0	0	16	0.007992	0.027750
0.035000	1	0	16	0.007192	0.027847
0.035000	0	0	16	0.008615	0.028735
0.035000	1	0	16	0.006315	0.029078
0.035000	1	0	16	0.007169	0.027670
0.035000	1	0	16	0.008215	0.027774
0.035000	2	0	16	0.007723	0.028197
0.035000	1	0	16	0.007046	0.029035
0.035000	2	0	16	0.007577	0.028993
0.035000	2	0	16	0.008369	0.028743
0.035000	1	0	16	0.007269	0.028374
0.035000	1	0	16	0.006985	0.030063
0.035000	1	0	16	0.005577	0.028397
0.035000	2	0	16	0.008192	0.027932
0.035000	3	0	16	0.006985	0.028008
0.035000	3	0	16	0.009431	0.027343
0.035000	1	0	16	0.007423	0.027697
0.035000	2	0	16	0.007569	0.029689
0.035000	1	0	16	0.009369	0.028578
0.035000	2	0	16	0.005108	0.028285
0.035000	1	0	16	0.008015	0.029932
0.035000	1	0	16	0.007600	0.028112
0.035000	3	0	16	0.004200	0.030066
0.035000	1	0	16	0.008538	0.027001
0.035000	1	0	16	0.006592	0.028955
0.035000	1	0	16	0.006461	0.030247
0.035000	1	0	16	0.005777	0.031263
0.035000	2	0	16	0.006700	0.029755
0.035000	1	0	16	0.006931	0.029504
0.035000	2	0	16	0.007415	0.028174
0.035000	2	0	16	0.006238	0.030735
0.035000	1	0	16	0.006746	0.027255
0.035000	1	0	16	0.006338	0.029747
0.035000	1	0	16	0.008831	0.028347
0.035000	1	0	16	0.005200	0.028432
0.035000	1	0	16	0.006585	0.029370
0.035000	1	0	16	0.008208	0.031201
0.035000	1	0	16	0.006400	0.029943
0.035000	1	0	16	0.007600	0.028404
0.035000	3	0	16	0.003669	0.027574
0.035000	1	0	16	0.006800	0.029524
0.035000	1	0	16	0.005731	0.028347
0.035000	1	0	16	0.005254	0.028763
0.035000	2	0	16	0.007415	0.027163
0.035000	1	0	16	0.004385	0.028732
0.035000	1	0	16	0.008154	0.027678
0.035000	1	0	16	0.007861	0.028486
0.035000	1	0	16	0.008008	0.029378
0.035000	2	0	16	0.007131	0.027985
0.035000	3	0	16	0.007461	0.029120
0.035000	1	0	16	0.006638	0.028335
0.035000	2	0	16	0.007515	0.027489
0.035000	1	0	16	0.004931	0.027547
0.035000	1	0	16	0.004515	0.029474
0.035000	1	0	16	0.005761	0.028263
0.035000	2	0	16	0.008869	0.028778
0.035000	0	0	16	0.007792	0.028178
0.035000	1	0	16	0.005646	0.028550
0.035000	1	0	16	0.006546	0.028247
0.035000	1	0	16	0.005169	0.027939
0.035000	1	0	16	0.005646	0.029124
0.035000	1	0	16	0.005246	0.027524
0.035000	1	0	16	0.006492	0.029474
0.035000	2	0	16	0.005954	0.028881
0.035000	2	0	16	0.006031	0.027724
0.035000	1	0	16	0.006123	0.027958
0.035000	2	0	16	0.008731	0.027363
0.035000	2	0	16	0.003638	0.028393
0.035000	1	0	16	0.006523	0.028147
0.035000	1	0	16	0.003431	0.027781
0.035000	1	0	16	0.003843	0.029497
0.035000	2	0	16	0.006861	0.028085
0.035000	1	0	16	0.004954	0.028801
0.035000	1	0	16	0.006815	0.028263
0.035000	1	0	16	0.006754	0.027266
0.035000	1	0	16	0.005669	0.028535
0.035000	2	0	16	0.004877	0.028301
0.035000	1	0	16	0.004308	0.027785
0.035000	2	0	16	0.004946	0.027862
0.035000	2	0	16	0.004128	0.029301
0.035000	1	0	16	0.006246	0.029063
0.035000	1	0	16	0.005061	0.028416
0.035000	2	0	16	0.006108	0.028455
0.035000	2	0	16	0.006738	0.029255
0.035000	1	0	16	0.005723	0.027250
0.035000	1	0	16	0.005631	0.028832
0.035000	1	0	16	0.004638	0.027655
0.035000	1	0	16	0.006200	0.027912
0.035000	1	0	16	0.006138	0.028170
0.035000	1	0	16	0.005677	0.027001
0.035000	2	0	16	0.003846	0.027978
0.035000	2	0	16	0.004438	0.029078
0.035000	1	0	16	0.005231	0.027463
0.035000	2	0	16	0.004066	0.028355
0.035000	1	0	16	0.004638	0.028393
0.035000	1	0	16	0.006115	0.028085
0.035000	1	0	16	0.006054	0.028593
0.035000	2	0	16	0.003177	0.028947
0.035000	1	0	16	0.005015	0.028858
0.035000	1	0	16	0.003885	0.027601
0.035000	2	0	16	0.003469	0.026662
0.035000	2	0	16	0.004731	0.027885
0.035000	1	0	16	0.004885	0.027743
0.035000	2	0	16	0.008115	0.027820
0.035000	1	0	16	0.006577	0.028262
0.035000	2	0	16	0.005392	0.028016
0.035000	1	0	16	0.003592	0.027901
0.035000	1	0	16	0.003606	0.029732
0.035000	1	0	16	0.006361	0.028370
0.035000	2	0	16	0.005377	0.028266
0.035000	1	0	16	0.005631	0.027816
0.035000	1	0	16	0.005638	0.028293
0.035000	1	0	16	0.004846	0.029916
0.035000	2	0	16	0.003038	0.028224
0.035000	1	0	16	0.002831	0.028093
0.035000	1	0	16	0.006246	0.028116
0.035000	1	0	16	0.003677	0.027686
0.035000	1	0	16	0.006285	0.028535
0.035000	2	0	16	0.003308	0.029555
0.035000	1	0	16	0.004554	0.027539
0.035000	3	0	16	0.004423	0.028663
0.035000	3	0	16	0.003977	0.028508
0.035000	2	0	16	0.003108	0.028412
0.035000	2	0	16	0.001631	0.027924
0.035000	1	0	16	0.003576	0.029078
0.035000	2	0	16	0.004054	0.030170
0.035000	1	0	16	0.004261	0.028155
0.035000	1	0	16	0.005369	0.028243
0.035000	1	0	16	0.005254	0.027908
0.035000	1	0	16	0.004777	0.028732
0.035000	1	0	16	0.005800	0.028278
0.035000	1	0	16	0.003454	0.028943
0.035000	1	0	16	0.004685	0.027316
0.035000	1	0	16	0.004754	0.027763
0.035000	1	0	16	0.005277	0.028770
0.035000	1	0	16	0.005092	0.028285
0.035000	1	0	16	0.004177	0.027078
0.035000	1	0	16	0.003646	0.028074
0.035000	2	0	16	0.005723	0.027581
0.035000	2	0	16	0.002246	0.028074
0.035000	1	0	16	0.003869	0.027370
0.035000	2	0	16	0.004077	0.028170
0.035000	1	0	16	0.003592	0.028097
0.035000	1	0	16	0.003754	0.028624
0.035000	2	0	16	0.003800	0.028701
0.035000	1	0	16	0.004215	0.029616
0.035000	1	0	16	0.002386	0.027793
0.035000	1	0	16	0.003038	0.029847
0.035000	2	0	16	0.004008	0.027078
0.035000	2	0	16	0.005592	0.028332
0.035000	2	0	16	0.004469	0.027647
0.035000	2	0	16	0.004021	0.029040
0.035000	1	0	16	0.006192	0.029332
0.035000	2	0	16	0.004226	0.025963
0.035000	1	0	16	0.004408	0.028840
0.035000	2	0	16	0.004631	0.029078
0.035000	1	0	16	0.002385	0.028035
0.035000	1	0	16	0.004731	0.027678
0.035000	1	0	16	0.003177	0.027555
0.035000	1	0	16	0.002523	0.026993
0.035000	2	0	16	0.004052	0.027863
0.035000	1	0	16	0.003621	0.030070
0.035000	1	0	16	0.003399	0.028927
0.035000	2	0	16	0.002677	0.028340
0.035000	1	0	16	0.004885	0.028416
0.035000	1	0	16	0.002977	0.028370
0.035000	1	0	16	0.002274	0.027916
0.035000	1	0	16	0.002674	0.028839
0.035000	1	0	16	0.004408	0.027955
0.035000	1	0	16	0.006354	0.028293
0.035000	1	0	16	0.004092	0.028066
0.035000	3	0	16	0.006108	0.028389
0.035000	2	0	16	0.002061	0.027962
0.035000	2	0	16	0.005908	0.027797
0.035000	1	0	16	0.002333	0.028370
0.035000	1	0	16	0.005592	0.028101
0.035000	1	0	16	0.003235	0.027732
0.035000	3	0	16	0.003772	0.028212
0.035000	3	0	16	0.003307	0.028358
0.035000	1	0	16	0.003215	0.029232
0.035000	1	0	16	0.003623	0.027478
0.035000	2	0	16	0.003923	0.029293
0.035000	2	0	16	0.003323	0.028158
0.035000	2	0	16	0.002861	0.027763
0.035000	0	0	16	0.003685	0.030216
0.035000	3	0	16	0.003854	0.028293
0.035000	2	0	16	0.004015	0.028301
0.035000	1	0	16	0.002677	0.028255
0.035000	1	0	16	0.002495	0.027993
0.035000	1	0	16	0.002398	0.028232
0.035000	0	0	16	0.004800	0.027232
0.035000	2	0	16	0.002638	0.026601
0.035000	1	0	16	0.003946	0.027009
0.035000	0	0	16	0.003861	0.026947
0.035000	1	0	16	0.002708	0.027747
0.035000	2	0	16	0.003308	0.028070
0.035000	1	0	16	0.004538	0.028224
0.035000	1	0	16	0.002736	0.028486
0.035000	0	0	16	0.003396	0.028493
0.035000	1	0	16	0.004200	0.029032
0.035000	2	0	16	0.004369	0.028216
0.035000	1	0	16	0.003843	0.027808
0.035000	1	0	16	0.003500	0.027162
0.035000	1	0	16	0.005561	0.028039
0.035000	2	0	16	0.002508	0.028347
0.035000	2	0	16	0.003151	0.028255
0.035000	1	0	16	0.003561	0.028285
0.035000	1	0	16	0.003521	0.027732
0.035000	2	0	16	0.004085	0.027555
0.035000	2	0	16	0.003195	0.027585
0.035000	1	0	16	0.002072	0.028185
0.035000	2	0	16	0.003315	0.028139
0.035000	1	0	16	0.003074	0.027193
0.035000	2	0	16	0.003074	0.027270
0.035000	1	0	16	0.002118	0.027540
0.035000	1	0	16	0.005154	0.027608
0.035000	1	0	16	0.005500	0.028293
0.035000	1	0	16	0.002010	0.027508
0.035000	1	0	16	0.003677	0.027463
0.035000	1	0	16	0.003204	0.028701
0.035000	2	0	16	0.002628	0.029393
0.035000	2	0	16	0.002461	0.027770
0.035000	1	0	16	0.002569	0.027655
0.035000	1	0	16	0.004626	0.028055
0.035000	0	0	16	0.004110	0.027763
0.035000	0	0	0	0.004223	0.028508
0.035000	0	0	0	0.004223	0.028508
0.030000	1	0	16	0.002736	0.027601
0.030000	1	0	16	0.001700	0.026447
0.030000	1	0	16	0.003431	0.027685
0.030000	2	0	16	0.004500	0.027724
0.030000	1	2	18	0.004082	0.030770
0.030000	1	2	16	0.003722	0.027947
0.030000	1	0	16	0.002285	0.028655
0.030000	1	0	16	0.002042	0.028608
0.030000	0	0	16	0.003523	0.029209
0.030000	0	0	16	0.002623	0.026701
0.030000	2	0	16	0.002852	0.028993
0.030000	1	0	16	0.002908	0.028216
0.030000	0	0	16	0.002636	0.028285
0.030000	1	0	16	0.002101	0.027885
0.030000	1	0	16	0.003029	0.028463
0.030000	0	0	16	0.002688	0.027955
0.030000	1	0	16	0.003061	0.028609
0.030000	2	0	16	0.001597	0.027770
0.030000	1	0	16	0.003712	0.028201
0.030000	1	0	16	0.003569	0.028263
0.030000	1	0	16	0.004815	0.027963
0.030000	1	0	16	0.005030	0.028266
0.030000	1	0	16	0.003046	0.027493
0.030000	1	0	16	0.004392	0.029416
0.030000	1	0	16	0.004614	0.028408
0.030000	1	0	16	0.003036	0.027447
0.030000	1	0	16	0.004392	0.029324
0.030000	1	0	16	0.002681	0.027863
0.030000	2	0	16	0.002313	0.029008
0.030000	1	0	16	0.002912	0.027366
0.030000	1	0	16	0.003100	0.028278
0.030000	1	0	16	0.003177	0.028124
0.030000	1	0	16	0.005969	0.027986
0.030000	1	0	16	0.002969	0.028063
0.030000	0	2	18	0.002413	0.030863
0.030000	1	2	16	0.001930	0.028347
0.030000	0	0	16	0.005492	0.027755
0.030000	2	0	16	0.002868	0.027750
0.030000	0	0	16	0.002791	0.027993
0.030000	1	0	16	0.001752	0.028755
0.030000	1	0	16	0.003892	0.026847
0.030000	1	0	16	0.003269	0.028001
0.030000	2	0	16	0.002213	0.027239
0.030000	2	0	16	0.002031	0.027416
0.030000	2	0	16	0.003203	0.028308
0.030000	0	0	16	0.002556	0.028216
0.030000	2	0	16	0.002271	0.027855
0.030000	2	0	16	0.003179	0.028370
0.030000	1	0	16	0.002661	0.028440
0.030000	3	0	16	0.002137	0.026416
0.030000	0	0	16	0.003785	0.028670
0.030000	0	0	16	0.002700	0.027220
0.030000	1	0	16	0.002792	0.028255
0.030000	0	0	16	0.002205	0.027455
0.030000	0	0	0	0.002075	0.027270
0.030000	0	0	0	0.002075	0.027270
0.025000	0	6	22	0.002319	0.028139
0.025000	2	6	22	0.002728	0.028378
0.025000	1	6	22	0.005064	0.027601
0.025000	2	8	24	0.002731	0.026509
0.025000	0	8	24	0.002000	0.027416
0.025000	2	10	26	0.002077	0.027993
0.025000	1	10	24	0.003650	0.026485
0.025000	0	8	24	0.004081	0.025947
0.025000	0	8	24	0.003720	0.026708
0.025000	1	8	24	0.005004	0.026593
0.025000	1	8	24	0.005727	0.025762
0.025000	1	10	26	0.005066	0.026278
0.025000	0	12	28	0.005833	0.026308
0.025000	1	12	28	0.005505	0.026410
0.025000	3	12	28	0.009897	0.025501
0.025000	1	12	28	0.004343	0.024932
0.025000	1	12	28	0.005458	0.023624
0.025000	1	12	28	0.004797	0.024808
0.025000	2	12	28	0.006895	0.024610
0.025000	2	12	28	0.006227	0.024947
0.025000	0	12	28	0.004881	0.024664
0.025000	1	12	28	0.005189	0.023885
0.025000	1	12	28	0.007027	0.023747
0.025000	1	12	28	0.007881	0.022960
0.025000	2	12	28	0.005135	0.023321
0.025000	2	12	28	0.005198	0.023544
0.025000	2	14	30	0.008412	0.025256
0.025000	3	14	28	0.007010	0.023967
0.025000	1	12	28	0.008074	0.022860
0.025000	2	14	30	0.008220	0.026595
0.025000	3	14	28	0.009435	0.022979
0.025000	2	12	28	0.008450	0.023514
0.025000	3	12	28	0.007350	0.023495
0.025000	2	12	28	0.006795	0.023737
0.025000	3	12	28	0.008479	0.023060
0.025000	4	12	28	0.007266	0.023983
0.025000	2	12	28	0.009050	0.024402
0.025000	3	12	28	0.008281	0.024379
0.025000	2	12	28	0.009720	0.023221
0.025000	3	12	28	0.008089	0.024825
0.025000	3	12	28	0.006389	0.023887
0.025000	3	12	28	0.007012	0.023525
0.025000	2	12	28	0.006564	0.023402
0.025000	3	12	28	0.007879	0.024064
0.025000	2	12	28	0.006551	0.023802
0.025000	2	12	28	0.009320	0.023979
0.025000	2	12	28	0.007543	0.024672
0.025000	2	14	30	0.007128	0.025264
0.025000	3	14	30	0.007041	0.025818
0.025000	2	14	30	0.007327	0.023021
0.025000	3	14	30	0.006827	0.022645
0.025000	3	14	30	0.007948	0.023068
0.025000	3	14	30	0.008643	0.022822
0.025000	3	14	30	0.008233	0.023975
0.025000	2	14	30	0.008889	0.022360
0.025000	4	14	30	0.006695	0.022121
0.025000	2	14	30	0.007095	0.022698
0.025000	2	14	30	0.006679	0.022422
0.025000	4	14	30	0.009333	0.022998
0.025000	3	14	30	0.007497	0.022329
0.025000	2	14	30	0.007728	0.023398
0.025000	2	14	30	0.007989	0.022875
0.025000	4	14	30	0.007912	0.022467
0.025000	2	14	30	0.007156	0.022160
0.025000	3	14	30	0.008397	0.022521
0.025000	2	14	30	0.008359	0.021929
0.025000	2	12	30	0.007866	0.021898
0.025000	1	14	30	0.008374	0.021822
0.025000	2	12	30	0.008251	0.022683
0.025000	1	14	30	0.007089	0.021660
0.025000	4	10	30	0.007504	0.021883
0.025000	4	12	30	0.006405	0.022960
0.025000	1	8	30	0.008272	0.023437
0.025000	2	10	30	0.007536	0.024152
0.025000	2	10	30	0.006989	0.022937
0.025000	2	8	30	0.008259	0.022375
0.025000	1	12	30	0.006567	0.022352
0.025000	2	8	30	0.009564	0.022891
0.025000	3	8	30	0.006189	0.022406
0.025000	2	8	30	0.007143	0.022767
0.025000	3	8	30	0.006879	0.022491
0.025000	3	4	30	0.007005	0.023344
0.025000	2	8	30	0.007220	0.022529
0.025000	2	6	30	0.006866	0.022098
0.025000	3	6	30	0.004920	0.021483
0.025000	2	4	30	0.006504	0.021868
0.025000	2	4	30	0.007110	0.021867
0.025000	4	4	30	0.007725	0.022545
0.025000	2	4	30	0.007027	0.022837
0.025000	3	6	30	0.006558	0.022214
0.025000	3	4	30	0.007528	0.022229
0.025000	2	4	30	0.007320	0.021622
0.025000	3	2	30	0.007166	0.022267
0.025000	3	2	30	0.007427	0.022052
0.025000	1	2	30	0.008218	0.022406
0.025000	1	4	30	0.006566	0.021668
0.025000	1	4	30	0.006282	0.022245
0.025000	3	2	30	0.007643	0.021691
0.025000	2	2	30	0.006518	0.022214
0.025000	2	4	30	0.006751	0.021937
0.025000	3	2	30	0.005721	0.022837
0.025000	1	2	30	0.007489	0.022629
0.025000	2	2	30	0.007541	0.021829
0.025000	3	2	30	0.006866	0.021698
0.025000	2	2	30	0.006595	0.021875
0.025000	2	2	30	0.006587	0.021791
0.025000	3	2	30	0.007805	0.021568
0.025000	2	2	30	0.006802	0.022267
0.025000	2	2	30	0.005833	0.021660
0.025000	3	2	30	0.006364	0.022875
0.025000	2	2	30	0.006073	0.021745
0.025000	2	2	30	0.006774	0.022183
0.025000	2	2	30	0.007250	0.022321
0.025000	3	0	30	0.007279	0.022006
0.025000	2	2	30	0.006818	0.022137
0.025000	2	0	30	0.009410	0.021114
0.025000	3	2	30	0.007125	0.022060
0.025000	1	2	30	0.006428	0.021552
0.025000	2	0	30	0.006766	0.022106
0.025000	3	2	30	0.005579	0.021329
0.025000	2	2	30	0.006087	0.021152
0.025000	3	0	30	0.005956	0.021768
0.025000	2	0	30	0.005274	0.021568
0.025000	2	0	30	0.006643	0.021637
0.025000	4	0	30	0.007082	0.022129
0.025000	3	0	30	0.006189	0.021637
0.025000	4	2	30	0.005333	0.020945
0.025000	3	0	30	0.006951	0.021637
0.025000	2	0	30	0.007389	0.020929
0.025000	1	0	30	0.006333	0.021544
0.025000	3	0	30	0.005812	0.021729
0.025000	1	0	30	0.006043	0.021560
0.025000	2	0	30	0.007048	0.021729
0.025000	2	0	30	0.006210	0.021737
0.025000	3	0	30	0.007164	0.021275
0.025000	3	0	30	0.005487	0.021552
0.025000	3	0	30	0.006643	0.021852
0.025000	3	0	30	0.006895	0.022014
0.025000	1	0	30	0.006402	0.021652
0.025000	1	0	30	0.006364	0.020929
0.025000	1	0	30	0.006120	0.020445
0.025000	2	0	30	0.005795	0.020698
0.025000	1	0	30	0.007195	0.022621
0.025000	2	0	30	0.005143	0.021506
0.025000	1	0	30	0.007172	0.021067
0.025000	3	0	30	0.005481	0.021660
0.025000	2	0	30	0.007374	0.021252
0.025000	1	0	30	0.007995	0.022729
0.025000	3	0	30	0.007056	0.020991
0.025000	3	0	30	0.006089	0.022452
0.025000	3	0	30	0.006395	0.021437
0.025000	2	0	30	0.006195	0.021891
0.025000	1	0	30	0.006379	0.020768
0.025000	3	0	30	0.007310	0.021975
0.025000	2	0	30	0.005265	0.021552
0.025000	3	0	30	0.005160	0.020475
0.025000	2	0	30	0.005021	0.021621
0.025000	3	0	30	0.007172	0.021052
0.025000	2	0	30	0.005889	0.021583
0.025000	3	0	30	0.005879	0.020545
0.025000	2	0	30	0.006159	0.021691
0.025000	2	0	30	0.006012	0.021206
0.025000	2	0	30	0.005036	0.020452
0.025000	1	0	30	0.005482	0.020729
0.025000	2	0	30	0.004374	0.020744
0.025000	1	0	30	0.005448	0.021614
0.025000	2	0	30	0.007433	0.020475
0.025000	2	0	30	0.004833	0.020129
0.025000	2	0	30	0.005856	0.020983
0.025000	3	0	30	0.005387	0.021283
0.025000	2	0	30	0.007925	0.020314
0.025000	3	0	30	0.005033	0.021944
0.025000	2	0	30	0.006072	0.020675
0.025000	1	0	30	0.005948	0.021406
0.025000	2	0	30	0.005933	0.020098
0.025000	2	0	30	0.005102	0.021060
0.025000	2	0	30	0.005148	0.020568
0.025000	1	0	30	0.005725	0.021129
0.025000	1	0	30	0.003956	0.020514
0.025000	1	0	30	0.005102	0.020391
0.025000	3	0	30	0.004902	0.020729
0.025000	2	0	30	0.005621	0.020437
0.025000	1	0	30	0.005295	0.020729
0.025000	2	0	30	0.006148	0.020398
0.025000	2	0	30	0.005487	0.021052
0.025000	3	0	30	0.004882	0.019860
0.025000	1	0	30	0.006879	0.020029
0.025000	2	0	30	0.005164	0.021045
0.025000	2	0	30	0.005725	0.020583
0.025000	2	0	30	0.007612	0.021183
0.025000	2	0	30	0.006387	0.020867
0.025000	1	0	30	0.005736	0.020783
0.025000	2	0	30	0.005818	0.019544
0.025000	3	0	30	0.009287	0.022167
0.025000	2	0	30	0.006133	0.020337
0.025000	2	0	30	0.005727	0.019983
0.025000	2	0	30	0.004533	0.020406
0.025000	1	0	30	0.007787	0.019714
0.025000	4	0	30	0.006487	0.019881
0.025000	2	0	30	0.006472	0.020245
0.025000	1	0	30	0.007587	0.019752
0.025000	2	0	30	0.006174	0.019744
0.025000	2	0	30	0.005595	0.020522
0.025000	2	0	30	0.004910	0.021014
0.025000	3	0	30	0.005227	0.020291
0.025000	4	0	30	0.006587	0.021344
0.025000	2	0	30	0.006572	0.021067
0.025000	2	0	30	0.006087	0.020291
0.025000	2	0	30	0.005228	0.019598
0.025000	1	0	30	0.004936	0.020175
0.025000	1	0	30	0.004604	0.020106
0.025000	1	0	30	0.006356	0.020252
0.025000	3	0	30	0.006995	0.020468
0.025000	4	0	30	0.005728	0.020198
0.025000	1	0	30	0.006364	0.020891
0.025000	2	0	30	0.005279	0.020306
0.025000	2	0	30	0.004489	0.020219
0.025000	1	0	30	0.005536	0.020067
0.025000	1	0	30	0.003922	0.018898
0.025000	2	0	30	0.005333	0.021267
0.025000	1	0	30	0.005272	0.019622
0.025000	2	0	30	0.006010	0.019437
0.025000	1	0	30	0.004895	0.020091
0.025000	1	0	30	0.005756	0.019968
0.025000	1	0	30	0.007956	0.021275
0.025000	1	0	30	0.004756	0.020191
0.025000	1	0	30	0.006287	0.020544
0.025000	1	0	30	0.005556	0.018821
0.025000	1	0	30	0.005779	0.020183
0.025000	1	0	30	0.004889	0.019760
0.025000	2	0	30	0.007056	0.019460
0.025000	2	0	30	0.007441	0.019921
0.025000	2	0	30	0.004404	0.019014
0.025000	2	0	30	0.004879	0.019652
0.025000	2	0	30	0.004518	0.020329
0.025000	2	0	30	0.004106	0.019783
0.025000	2	0	30	0.004833	0.021134
0.025000	2	0	30	0.003720	0.018991
0.025000	1	0	30	0.006502	0.019314
0.025000	2	0	30	0.004041	0.019198
0.025000	2	0	30	0.004579	0.019260
0.025000	2	0	30	0.006702	0.021160
0.025000	2	0	30	0.005018	0.019237
0.025000	1	0	30	0.005464	0.019429
0.025000	2	0	30	0.004579	0.019452
0.025000	1	0	30	0.005756	0.019298
0.025000	2	0	30	0.004925	0.019429
0.025000	1	0	30	0.005010	0.019306
0.025000	1	0	30	0.004095	0.019014
0.025000	1	0	30	0.006456	0.019098
0.025000	2	0	30	0.004848	0.018875
0.025000	1	0	30	0.004302	0.020098
0.025000	2	0	30	0.006602	0.019214
0.025000	1	0	30	0.005087	0.019028
0.025000	2	0	30	0.007064	0.018798
0.025000	1	0	30	0.005658	0.019506
0.025000	3	0	30	0.004495	0.018275
0.025000	1	0	30	0.007887	0.019829
0.025000	1	0	30	0.004933	0.018437
0.025000	1	0	30	0.005687	0.019521
0.025000	1	0	30	0.006418	0.019383
0.025000	3	0	30	0.005187	0.019691
0.025000	2	0	30	0.005133	0.019360
0.025000	1	0	30	0.005248	0.020791
0.025000	2	0	30	0.004956	0.020142
0.025000	1	0	30	0.005282	0.019329
0.025000	2	0	30	0.004912	0.018937
0.025000	2	0	30	0.005372	0.019259
0.025000	1	0	30	0.004772	0.019083
0.025000	2	0	30	0.005833	0.018675
0.025000	2	0	30	0.004082	0.019367
0.025000	2	0	30	0.005733	0.018860
0.025000	1	0	30	0.005695	0.019975
0.025000	2	0	30	0.005772	0.019144
0.025000	1	0	30	0.004382	0.018267
0.025000	1	0	30	0.003664	0.018629
0.025000	2	0	30	0.006410	0.019198
0.025000	1	0	30	0.005435	0.018860
0.025000	2	0	30	0.004056	0.019175
0.025000	2	0	30	0.004056	0.018098
0.025000	1	0	30	0.004618	0.018606
0.025000	2	0	30	0.003518	0.020296
0.025000	3	0	30	0.004687	0.019106
0.025000	1	0	30	0.007733	0.019383
0.025000	1	0	30	0.005036	0.018914
0.025000	1	0	30	0.003649	0.019045
0.025000	2	0	30	0.004779	0.018514
0.025000	1	0	30	0.005348	0.019173
0.025000	2	0	30	0.004091	0.018337
0.025000	2	0	30	0.003597	0.018014
0.025000	2	0	30	0.006279	0.019660
0.025000	3	0	30	0.006156	0.019698
0.025000	1	0	30	0.004920	0.018550
0.025000	3	0	30	0.003279	0.018175
0.025000	2	0	30	0.004556	0.019891
0.025000	2	0	30	0.003895	0.018798
0.025000	1	0	30	0.003650	0.018636
0.025000	2	0	30	0.005818	0.018460
0.025000	1	0	30	0.005387	0.019629
0.025000	1	0	30	0.005689	0.019021
0.025000	2	0	30	0.006518	0.018283
0.025000	3	0	30	0.004164	0.018383
0.025000	2	0	30	0.006033	0.017814
0.025000	2	0	30	0.004410	0.018529
0.025000	2	0	30	0.005641	0.017798
0.025000	1	0	30	0.003387	0.018714
0.025000	2	0	30	0.004779	0.020742
0.025000	3	0	30	0.003548	0.018004
0.025000	2	0	30	0.006056	0.018437
0.025000	1	0	30	0.005264	0.018644
0.025000	1	0	30	0.005195	0.018637
0.025000	2	0	30	0.005326	0.019796
0.025000	1	0	30	0.003610	0.018010
0.025000	2	0	30	0.004002	0.018491
0.025000	1	0	30	0.005364	0.017598
0.025000	2	0	30	0.003679	0.018451
0.025000	1	0	30	0.004312	0.018121
0.025000	2	0	30	0.005479	0.018575
0.025000	1	0	30	0.005048	0.018068
0.025000	2	0	30	0.006295	0.018567
0.025000	2	0	30	0.003964	0.018560
0.025000	2	0	30	0.005625	0.018313
0.025000	1	0	30	0.004756	0.017683
0.025000	2	0	30	0.004310	0.020711
0.025000	1	0	30	0.005348	0.018327
0.025000	1	0	30	0.004672	0.017567
0.025000	1	0	30	0.004049	0.017460
0.025000	2	0	30	0.004533	0.018458
0.025000	1	0	30	0.004779	0.018160
0.025000	1	0	30	0.003956	0.018727
0.025000	1	0	30	0.006087	0.017983
0.025000	2	0	30	0.004595	0.019058
0.025000	2	0	30	0.005572	0.019237
0.025000	1	0	30	0.005495	0.019465
0.025000	0	0	30	0.003258	0.018474
0.025000	1	0	30	0.005125	0.018022
0.025000	3	0	30	0.005756	0.018283
0.025000	2	0	30	0.005156	0.018319
0.025000	1	0	30	0.004543	0.018819
0.025000	2	0	30	0.005487	0.018867
0.025000	2	0	30	0.004072	0.018142
0.025000	2	0	30	0.006725	0.017898
0.025000	1	0	30	0.004102	0.018314
0.025000	1	0	30	0.003687	0.018474
0.025000	1	0	30	0.004995	0.018134
0.025000	2	0	30	0.003941	0.017933
0.025000	1	0	30	0.007018	0.018752
0.025000	3	0	30	0.005279	0.017897
0.025000	1	0	30	0.004025	0.018158
0.025000	2	0	30	0.004049	0.019619
0.025000	1	0	30	0.006025	0.017811
0.025000	1	0	30	0.004533	0.018334
0.025000	0	0	30	0.004518	0.018473
0.025000	1	0	30	0.005010	0.017550
0.025000	0	0	30	0.003318	0.018667
0.025000	1	0	30	0.005972	0.017965
0.025000	2	0	30	0.005572	0.021011
0.025000	1	0	30	0.003895	0.018588
0.025000	1	0	30	0.004072	0.019487
0.025000	2	0	30	0.003810	0.018388
0.025000	0	0	30	0.003741	0.017745
0.025000	0	0	0	0.003195	0.018280
0.025000	0	0	0	0.003195	0.018280
0.020000	1	0	30	0.004687	0.018919
0.020000	2	0	30	0.004979	0.019096
0.020000	1	0	30	0.004687	0.019165
0.020000	1	0	30	0.003772	0.017728
0.020000	2	0	30	0.006233	0.017367
0.020000	1	0	30	0.003737	0.017951
0.020000	1	0	30	0.004841	0.019581
0.020000	0	0	30	0.004595	0.019304
0.020000	0	2	32	0.003802	0.020273
0.020000	2	2	30	0.004395	0.017505
0.020000	0	0	30	0.003964	0.017619
0.020000	2	0	30	0.005995	0.017367
0.020000	0	0	30	0.004510	0.018297
0.020000	1	0	30	0.005179	0.018302
0.020000	1	0	30	0.005041	0.019381
0.020000	0	0	30	0.003972	0.018479
0.020000	1	0	30	0.004502	0.017911
0.020000	1	0	30	0.004595	0.018321
0.020000	1	0	30	0.004202	0.017650
0.020000	0	0	30	0.004287	0.018358
0.020000	1	0	30	0.003479	0.017237
0.020000	2	0	30	0.005325	0.017921
0.020000	1	0	30	0.004575	0.019196
0.020000	1	0	30	0.004695	0.018465
0.020000	1	2	32	0.003879	0.020417
0.020000	1	2	30	0.003564	0.019096
0.020000	1	0	30	0.004187	0.017950
0.020000	2	0	30	0.006487	0.018136
0.020000	1	0	30	0.004625	0.017350
0.020000	1	0	30	0.003713	0.018902
0.020000	2	0	30	0.004641	0.017773
0.020000	1	0	30	0.003741	0.018204
0.020000	1	0	30	0.004410	0.018311
0.020000	1	0	30	0.006464	0.018627
0.020000	0	0	30	0.003895	0.019057
0.020000	1	0	30	0.003558	0.019581
0.020000	0	0	30	0.004077	0.018240
0.020000	0	0	0	0.003997	0.019565
0.020000	0	0	0	0.003997	0.019565
0.015000	1	12	42	0.005379	0.020925
0.015000	2	12	42	0.005210	0.017688
0.015000	2	12	42	0.006195	0.018274
0.015000	0	12	42	0.003414	0.017882
0.015000	2	12	42	0.005525	0.016513
0.015000	1	12	42	0.004795	0.017598
0.015000	2	12	42	0.006403	0.017882
0.015000	2	12	42	0.006410	0.017697
0.015000	1	12	42	0.006033	0.016513
0.015000	3	12	42	0.007776	0.017359
0.015000	0	12	42	0.003623	0.016590
0.015000	1	12	42	0.005318	0.016213
0.015000	0	12	42	0.005530	0.016867
0.015000	2	12	42	0.006857	0.017544
0.015000	2	12	42	0.006968	0.016490
0.015000	0	12	42	0.004708	0.015551
0.015000	0	12	42	0.005723	0.016190
0.015000	3	12	42	0.008422	0.015544
0.015000	2	12	42	0.006484	0.016605
0.015000	2	12	42	0.007360	0.015705
0.015000	1	12	42	0.005553	0.015551
0.015000	0	12	42	0.006734	0.015805
0.015000	2	12	42	0.007496	0.016390
0.015000	1	12	42	0.006565	0.015528
0.015000	3	12	42	0.008630	0.016151
0.015000	2	12	42	0.006468	0.015513
0.015000	0	12	42	0.006092	0.015674
0.015000	2	12	42	0.006602	0.015159
0.015000	0	12	42	0.005103	0.015828
0.015000	2	12	42	0.007392	0.015582
0.015000	2	12	42	0.006165	0.015559
0.015000	0	12	42	0.005619	0.015797
0.015000	3	12	42	0.007415	0.015782
0.015000	2	12	42	0.007537	0.015159
0.015000	1	12	42	0.006888	0.014736
0.015000	0	12	42	0.006138	0.014974
0.015000	1	12	42	0.006456	0.014674
0.015000	2	12	42	0.008234	0.015005
0.015000	0	14	44	0.007590	0.016260
0.015000	2	14	42	0.006802	0.014936
0.015000	1	12	42	0.004983	0.014790
0.015000	1	12	42	0.006519	0.015482
0.015000	4	10	42	0.007600	0.015090
0.015000	2	12	42	0.006953	0.014505
0.015000	2	12	42	0.006692	0.014313
0.015000	1	12	42	0.007231	0.013859
0.015000	1	12	42	0.007454	0.014451
0.015000	2	12	42	0.006818	0.014728
0.015000	1	12	42	0.006492	0.014005
0.015000	1	12	42	0.006262	0.014452
0.015000	2	12	42	0.006662	0.014490
0.015000	1	12	42	0.006519	0.013151
0.015000	3	12	42	0.007100	0.014751
0.015000	0	12	42	0.006423	0.013897
0.015000	1	12	42	0.007100	0.013605
0.015000	0	12	42	0.007885	0.014259
0.015000	0	12	42	0.004518	0.012767
0.015000	1	12	42	0.006554	0.013628
0.015000	2	12	42	0.008422	0.013367
0.015000	1	12	42	0.006123	0.012828
0.015000	1	12	42	0.006623	0.013582
0.015000	1	12	42	0.006092	0.012920
0.015000	1	8	42	0.006915	0.013860
0.015000	2	8	42	0.007154	0.013590
0.015000	1	12	42	0.006062	0.012997
0.015000	0	12	42	0.005631	0.013345
0.015000	2	12	42	0.006315	0.013775
0.015000	2	10	42	0.005762	0.013130
0.015000	1	10	42	0.005885	0.013647
0.015000	1	8	42	0.007342	0.013714
0.015000	1	6	42	0.008008	0.013406
0.015000	2	10	42	0.006008	0.014168
0.015000	1	8	42	0.006031	0.012507
0.015000	0	14	44	0.006069	0.016052
0.015000	2	8	44	0.006977	0.014514
0.015000	1	8	44	0.007862	0.012894
0.015000	1	12	44	0.005969	0.013568
0.015000	1	10	44	0.007315	0.013930
0.015000	1	8	44	0.006131	0.013770
0.015000	2	8	44	0.007177	0.013390
0.015000	2	6	44	0.007476	0.013132
0.015000	0	10	44	0.005385	0.012628
0.015000	1	6	44	0.006308	0.012968
0.015000	1	8	44	0.006473	0.012821
0.015000	3	8	44	0.007264	0.013093
0.015000	0	6	44	0.006246	0.012753
0.015000	1	4	44	0.007062	0.012322
0.015000	1	4	44	0.007669	0.012156
0.015000	1	6	46	0.006085	0.015591
0.015000	3	4	44	0.006962	0.012167
0.015000	1	4	44	0.005918	0.013045
0.015000	1	2	44	0.006385	0.012691
0.015000	0	2	44	0.005738	0.012297
0.015000	1	4	44	0.007733	0.013047
0.015000	1	2	44	0.006492	0.012078
0.015000	1	2	44	0.006084	0.012906
0.015000	1	2	44	0.005454	0.012561
0.015000	2	2	44	0.006315	0.014199
0.015000	1	2	44	0.006569	0.013476
0.015000	2	2	44	0.007423	0.014545
0.015000	1	2	44	0.006785	0.013899
0.015000	1	2	44	0.006269	0.013853
0.015000	1	2	44	0.006846	0.011959
0.015000	2	2	44	0.006362	0.012633
0.015000	1	2	44	0.005910	0.012499
0.015000	1	2	44	0.005779	0.013622
0.015000	2	2	44	0.006331	0.011928
0.015000	1	4	44	0.005156	0.013061
0.015000	1	2	44	0.005962	0.013373
0.015000	1	2	44	0.005392	0.012845
0.015000	1	2	44	0.007592	0.012617
0.015000	0	2	44	0.006034	0.013576
0.015000	2	2	44	0.006746	0.012607
0.015000	0	2	44	0.005502	0.012053
0.015000	1	2	44	0.006538	0.012684
0.015000	1	2	44	0.005585	0.012861
0.015000	1	2	44	0.005131	0.011961
0.015000	1	2	44	0.005303	0.012722
0.015000	1	4	46	0.006664	0.015453
0.015000	1	4	44	0.006326	0.012097
0.015000	2	2	44	0.006615	0.013645
0.015000	1	4	46	0.005764	0.015637
0.015000	2	4	44	0.006015	0.012768
0.015000	1	0	44	0.006700	0.014799
0.015000	2	2	44	0.006823	0.014340
0.015000	1	2	44	0.004754	0.012179
0.015000	0	2	44	0.005133	0.013684
0.015000	3	2	44	0.006662	0.012361
0.015000	1	2	44	0.005808	0.012612
0.015000	1	2	44	0.005115	0.014653
0.015000	1	2	44	0.006064	0.012191
0.015000	1	2	44	0.007500	0.013501
0.015000	0	2	44	0.006154	0.014114
0.015000	1	2	44	0.006569	0.012471
0.015000	1	2	44	0.005941	0.013376
0.015000	1	2	44	0.006562	0.012200
0.015000	2	2	44	0.006185	0.012730
0.015000	1	2	44	0.007537	0.013591
0.015000	2	0	44	0.006542	0.013437
0.015000	1	0	44	0.005910	0.012745
0.015000	0	2	44	0.005049	0.012576
0.015000	0	2	44	0.005046	0.013407
0.015000	2	2	44	0.004918	0.012445
0.015000	1	2	46	0.007141	0.015253
0.015000	1	4	44	0.005569	0.013461
0.015000	2	0	44	0.005810	0.012807
0.015000	1	2	44	0.007777	0.012073
0.015000	1	2	44	0.006038	0.012968
0.015000	1	0	44	0.007664	0.014561
0.015000	2	2	44	0.004869	0.011758
0.015000	3	2	44	0.004585	0.012414
0.015000	0	2	44	0.004111	0.011889
0.015000	2	2	44	0.008176	0.011458
0.015000	1	2	44	0.004334	0.012504
0.015000	2	2	44	0.004626	0.013707
0.015000	1	0	44	0.005810	0.013607
0.015000	0	2	44	0.005692	0.012876
0.015000	2	2	44	0.005592	0.013484
0.015000	0	0	44	0.006179	0.013114
0.015000	1	0	44	0.006687	0.011787
0.015000	2	2	44	0.005900	0.013070
0.015000	1	0	44	0.005018	0.012653
0.015000	2	0	44	0.007472	0.013584
0.015000	1	0	44	0.006162	0.013968
0.015000	2	0	44	0.004679	0.014237
0.015000	1	2	44	0.005577	0.011814
0.015000	1	0	44	0.006514	0.012958
0.015000	1	0	44	0.006002	0.012496
0.015000	2	0	44	0.006402	0.013937
0.015000	3	0	44	0.006495	0.012176
0.015000	1	0	44	0.006152	0.012914
0.015000	1	0	44	0.004846	0.013076
0.015000	1	0	44	0.006018	0.012813
0.015000	1	0	44	0.004942	0.013353
0.015000	2	0	44	0.005010	0.014814
0.015000	1	0	44	0.005457	0.014691
0.015000	1	0	44	0.005941	0.013068
0.015000	1	0	44	0.005254	0.014499
0.015000	1	0	44	0.006225	0.013991
0.015000	2	0	44	0.005156	0.014291
0.015000	2	0	44	0.005577	0.012987
0.015000	1	0	44	0.005285	0.013316
0.015000	1	0	44	0.006691	0.012130
0.015000	2	0	44	0.005918	0.013361
0.015000	1	0	44	0.004964	0.012437
0.015000	2	0	44	0.004485	0.014768
0.015000	1	0	44	0.005368	0.012430
0.015000	1	0	44	0.004090	0.012730
0.015000	1	0	44	0.004779	0.012199
0.015000	1	0	44	0.004148	0.013484
0.015000	2	0	44	0.004700	0.013368
0.015000	2	0	44	0.005469	0.013053
0.015000	1	0	44	0.005615	0.011981
0.015000	2	0	44	0.005625	0.012984
0.015000	1	0	44	0.004485	0.012384
0.015000	3	0	44	0.006425	0.013476
0.015000	2	0	44	0.004602	0.013353
0.015000	1	0	44	0.003846	0.013461
0.015000	1	2	46	0.007896	0.015218
0.015000	2	2	44	0.006456	0.014422
0.015000	2	0	44	0.006115	0.012584
0.015000	1	0	44	0.004718	0.012468
0.015000	1	0	44	0.005498	0.013261
0.015000	1	0	44	0.005972	0.012147
0.015000	1	0	44	0.005395	0.013884
0.015000	1	0	44	0.005013	0.012564
0.015000	2	2	46	0.006156	0.015084
0.015000	2	2	44	0.004762	0.012441
0.015000	1	0	44	0.004908	0.014102
0.015000	1	0	44	0.004795	0.012919
0.015000	1	0	44	0.008937	0.013486
0.015000	1	0	44	0.004008	0.013653
0.015000	1	0	44	0.006172	0.012337
0.015000	1	0	44	0.004856	0.012914
0.015000	1	0	44	0.006092	0.012630
0.015000	2	2	46	0.004118	0.015268
0.015000	1	2	44	0.004452	0.012302
0.015000	2	0	44	0.007445	0.014799
0.015000	2	0	44	0.004379	0.014007
0.015000	2	0	44	0.005902	0.014007
0.015000	1	0	44	0.004331	0.012441
0.015000	1	0	44	0.005002	0.012484
0.015000	1	0	44	0.005387	0.013112
0.015000	2	0	44	0.005454	0.014476
0.015000	1	0	44	0.005831	0.013368
0.015000	1	0	44	0.005677	0.012614
0.015000	2	0	44	0.004833	0.013122
0.015000	1	0	44	0.005038	0.011853
0.015000	1	0	44	0.004402	0.012799
0.015000	1	0	44	0.003849	0.014461
0.015000	2	2	46	0.004279	0.015191
0.015000	1	2	44	0.006252	0.013507
0.015000	2	0	44	0.004764	0.014853
0.015000	1	0	44	0.004156	0.014033
0.015000	1	0	44	0.005769	0.014156
0.015000	2	0	44	0.004925	0.014050
0.015000	2	0	44	0.004238	0.013545
0.015000	1	0	44	0.006333	0.013976
0.015000	1	0	44	0.004287	0.013791
0.015000	2	0	44	0.004849	0.013499
0.015000	1	0	44	0.004921	0.013630
0.015000	2	0	44	0.002700	0.014284
0.015000	2	0	44	0.005079	0.012041
0.015000	1	0	44	0.006396	0.012679
0.015000	1	2	46	0.005618	0.015468
0.015000	1	2	46	0.005438	0.014561
0.015000	2	2	46	0.004377	0.012350
0.015000	1	2	46	0.005036	0.012904
0.015000	1	2	46	0.005277	0.012753
0.015000	2	2	46	0.004800	0.011855
0.015000	1	2	46	0.003875	0.013410
0.015000	2	2	46	0.006776	0.012624
0.015000	1	2	46	0.006364	0.013702
0.015000	3	2	46	0.004487	0.012918
0.015000	1	2	46	0.005433	0.013148
0.015000	1	2	46	0.005564	0.012864
0.015000	1	2	46	0.004510	0.013127
0.015000	1	2	46	0.003751	0.013127
0.015000	1	2	46	0.004441	0.012727
0.015000	1	2	46	0.004277	0.012618
0.015000	2	2	46	0.004569	0.011864
0.015000	2	2	46	0.005948	0.013410
0.015000	1	2	46	0.003836	0.013371
0.015000	2	2	46	0.004108	0.012619
0.015000	1	2	46	0.007091	0.013042
0.015000	1	2	46	0.004395	0.013664
0.015000	1	2	46	0.004122	0.012871
0.015000	1	2	46	0.004118	0.013102
0.015000	1	2	46	0.005097	0.013571
0.015000	1	2	46	0.004596	0.013879
0.015000	1	2	46	0.006933	0.012733
0.015000	1	2	46	0.005210	0.013747
0.015000	2	2	46	0.005354	0.013227
0.015000	2	2	46	0.006266	0.012719
0.015000	2	2	46	0.004979	0.012704
0.015000	2	2	46	0.004574	0.013356
0.015000	2	2	46	0.004836	0.012341
0.015000	2	2	46	0.004592	0.012404
0.015000	3	2	46	0.003202	0.012789
0.015000	2	2	46	0.005569	0.013525
0.015000	1	2	46	0.004851	0.012481
0.015000	2	2	46	0.005359	0.012673
0.015000	2	2	46	0.003937	0.013102
0.015000	2	2	46	0.004808	0.013048
0.015000	2	2	46	0.004833	0.014733
0.015000	1	2	46	0.003769	0.013133
0.015000	1	2	46	0.005741	0.012625
0.015000	1	2	46	0.005136	0.014187
0.015000	1	2	46	0.004872	0.013166
0.015000	2	2	46	0.005082	0.013166
0.015000	1	4	48	0.004319	0.015425
0.015000	2	4	46	0.004072	0.013127
0.015000	2	2	46	0.003736	0.012481
0.015000	2	2	46	0.004874	0.013518
0.015000	1	2	46	0.005102	0.012819
0.015000	2	2	46	0.004426	0.012742
0.015000	2	2	46	0.004959	0.012995
0.015000	1	2	46	0.004341	0.012964
0.015000	1	2	46	0.003856	0.014456
0.015000	1	2	46	0.004787	0.012542
0.015000	1	2	46	0.006028	0.014925
0.015000	1	2	46	0.005430	0.012619
0.015000	1	2	46	0.004738	0.012596
0.015000	1	2	46	0.005125	0.012925
0.015000	1	4	48	0.005148	0.015195
0.015000	1	4	46	0.005659	0.012941
0.015000	1	2	46	0.004679	0.012850
0.015000	2	2	46	0.003469	0.012619
0.015000	2	2	46	0.003814	0.012789
0.015000	1	2	46	0.004464	0.011742
0.015000	1	2	46	0.004864	0.012350
0.015000	2	0	46	0.005290	0.012286
0.015000	1	2	46	0.003819	0.013533
0.015000	2	2	46	0.004295	0.013779
0.015000	1	2	46	0.003377	0.012796
0.015000	1	0	46	0.004525	0.013050
0.015000	1	0	46	0.005464	0.013381
0.015000	1	0	46	0.004905	0.012641
0.015000	2	0	46	0.004185	0.013289
0.015000	3	0	46	0.004195	0.013704
0.015000	1	0	46	0.005441	0.014064
0.015000	2	0	46	0.005005	0.014395
0.015000	2	0	46	0.004479	0.013102
0.015000	2	2	46	0.004868	0.012435
0.015000	1	0	46	0.005997	0.012373
0.015000	2	0	46	0.005788	0.013850
0.015000	1	2	46	0.004608	0.012812
0.015000	2	0	46	0.005187	0.013558
0.015000	1	0	46	0.004366	0.012550
0.015000	1	2	46	0.004261	0.014902
0.015000	2	0	46	0.007089	0.014141
0.015000	1	0	46	0.005121	0.013312
0.015000	1	0	46	0.004673	0.013964
0.015000	2	0	46	0.005436	0.013166
0.015000	1	0	46	0.004866	0.012158
0.015000	2	0	46	0.003842	0.014510
0.015000	1	0	46	0.003843	0.013958
0.015000	2	0	46	0.005051	0.012102
0.015000	1	0	46	0.004146	0.012219
0.015000	1	0	46	0.004564	0.012247
0.015000	1	0	46	0.003666	0.014025
0.015000	2	0	46	0.004397	0.013289
0.015000	3	0	46	0.005187	0.013056
0.015000	2	0	46	0.004314	0.013941
0.015000	1	0	46	0.003895	0.013348
0.015000	1	0	46	0.003948	0.013542
0.015000	1	0	46	0.004789	0.013141
0.015000	2	0	46	0.003872	0.012496
0.015000	1	0	46	0.004018	0.012681
0.015000	1	0	46	0.004508	0.012241
0.015000	2	0	46	0.004306	0.012366
0.015000	2	0	46	0.005937	0.013650
0.015000	1	0	46	0.004220	0.014033
0.015000	1	0	46	0.004699	0.013066
0.015000	2	0	46	0.004359	0.013170
0.015000	1	0	46	0.003097	0.012718
0.015000	2	0	46	0.003018	0.012119
0.015000	1	0	46	0.004849	0.014118
0.015000	2	0	46	0.003844	0.013527
0.015000	2	0	46	0.003749	0.013656
0.015000	1	0	46	0.004554	0.013819
0.015000	1	0	46	0.003177	0.014071
0.015000	1	0	46	0.003962	0.013512
0.015000	1	0	46	0.004552	0.013441
0.015000	1	0	46	0.004925	0.014202
0.015000	1	0	46	0.002618	0.012289
0.015000	1	0	46	0.006184	0.013812
0.015000	1	0	46	0.004998	0.011819
0.015000	2	0	46	0.003285	0.014010
0.015000	2	0	46	0.004184	0.014748
0.015000	1	0	46	0.005172	0.013450
0.015000	2	0	46	0.003456	0.013664
0.015000	1	0	46	0.005095	0.012542
0.015000	1	0	46	0.004420	0.013248
0.015000	1	0	46	0.004345	0.013396
0.015000	1	0	46	0.003518	0.013741
0.015000	3	0	46	0.005022	0.012104
0.015000	2	0	46	0.004336	0.012248
0.015000	1	0	46	0.003891	0.012856
0.015000	2	0	46	0.004995	0.013550
0.015000	2	0	46	0.005987	0.012909
0.015000	0	0	46	0.002943	0.013825
0.015000	1	0	46	0.003823	0.012973
0.015000	2	0	46	0.004389	0.013555
0.015000	1	2	48	0.005774	0.015010
0.015000	1	2	46	0.003242	0.012681
0.015000	0	0	46	0.004987	0.013481
0.015000	1	0	46	0.003182	0.013410
0.015000	2	0	46	0.004046	0.012396
0.015000	2	0	46	0.003491	0.012696
0.015000	3	0	46	0.004057	0.013648
0.015000	2	0	46	0.004477	0.012933
0.015000	1	0	46	0.004436	0.012279
0.015000	1	0	46	0.003744	0.013679
0.015000	2	0	46	0.006198	0.012641
0.015000	2	0	46	0.002898	0.013127
0.015000	1	0	46	0.003851	0.012412
0.015000	0	0	46	0.003887	0.013827
0.015000	1	0	46	0.004731	0.013764
0.015000	0	0	46	0.003512	0.014895
0.015000	2	0	46	0.003287	0.012696
0.015000	1	0	46	0.004192	0.012956
0.015000	2	0	46	0.004725	0.011820
0.015000	2	0	46	0.004018	0.012858
0.015000	0	0	46	0.004126	0.012825
0.015000	0	0	0	0.004895	0.013371
0.015000	0	0	0	0.004895	0.013371
0.010000	1	10	56	0.003806	0.012342
0.010000	0	14	58	0.003385	0.015956
0.010000	0	18	64	0.003782	0.013233
0.010000	0	18	62	0.004456	0.012342
0.010000	1	18	64	0.004199	0.012427
0.010000	2	18	64	0.002933	0.011989
0.010000	1	18	64	0.004910	0.012209
0.010000	1	20	66	0.005022	0.011481
0.010000	1	22	66	0.003785	0.012404
0.010000	2	20	66	0.005623	0.011866
0.010000	1	22	68	0.004374	0.011671
0.010000	2	24	68	0.006103	0.010781
0.010000	2	24	68	0.004869	0.011266
0.010000	1	22	66	0.005356	0.012035
0.010000	2	22	68	0.002923	0.012489
0.010000	3	22	66	0.003472	0.011327
0.010000	2	20	66	0.003692	0.010881
0.010000	1	20	66	0.005762	0.011220
0.010000	1	20	66	0.004554	0.011801
0.010000	1	20	66	0.003956	0.010197
0.010000	1	20	66	0.004000	0.010712
0.010000	1	20	66	0.004513	0.010058
0.010000	1	20	66	0.004768	0.010040
0.010000	3	22	68	0.004041	0.010113
0.010000	1	22	66	0.002908	0.010904
0.010000	1	22	68	0.004995	0.010263
0.010000	0	22	66	0.002515	0.009935
0.010000	1	20	66	0.004295	0.010058
0.010000	1	20	66	0.002713	0.010871
0.010000	1	20	66	0.005246	0.009628
0.010000	1	20	66	0.005569	0.010135
0.010000	2	20	66	0.005799	0.009858
0.010000	1	22	68	0.004153	0.010140
0.010000	1	24	68	0.004710	0.010104
0.010000	2	22	66	0.003662	0.009212
0.010000	1	20	66	0.003837	0.009912
0.010000	1	20	66	0.003571	0.009763
0.010000	1	20	66	0.004291	0.009412
0.010000	0	20	66	0.002574	0.009048
0.010000	1	20	66	0.003592	0.009920
0.010000	1	20	66	0.004614	0.009884
0.010000	2	20	66	0.004163	0.009966
0.010000	2	20	66	0.004324	0.009597
0.010000	1	20	66	0.004076	0.009884
0.010000	2	20	66	0.003272	0.008897
0.010000	1	20	66	0.005787	0.009475
0.010000	1	20	68	0.004387	0.010001
0.010000	0	20	66	0.003120	0.009468
0.010000	2	20	66	0.004415	0.009374
0.010000	1	22	68	0.005376	0.010543
0.010000	1	22	66	0.004247	0.009851
0.010000	0	18	66	0.003305	0.009124
0.010000	0	20	66	0.004215	0.009674
0.010000	1	20	66	0.004153	0.009220
0.010000	2	22	68	0.004998	0.010614
0.010000	1	22	66	0.004706	0.009040
0.010000	0	20	66	0.004500	0.008816
0.010000	1	22	68	0.005087	0.010240
0.010000	1	22	68	0.003712	0.010252
0.010000	2	22	66	0.004862	0.009798
0.010000	1	20	66	0.003943	0.009660
0.010000	2	18	66	0.003660	0.009239
0.010000	2	20	66	0.003779	0.009008
0.010000	1	20	66	0.004599	0.009316
0.010000	0	20	68	0.004243	0.010206
0.010000	1	18	68	0.004614	0.010244
0.010000	2	14	68	0.005060	0.009209
0.010000	2	22	68	0.004249	0.009030
0.010000	1	20	68	0.004015	0.008674
0.010000	2	18	68	0.004446	0.008860
0.010000	1	16	68	0.004146	0.009158
0.010000	0	16	68	0.003692	0.009768
0.010000	2	16	68	0.004491	0.009371
0.010000	1	12	68	0.003588	0.008540
0.010000	0	14	68	0.004532	0.008690
0.010000	0	22	68	0.003215	0.008232
0.010000	0	10	68	0.003679	0.008907
0.010000	1	10	68	0.004516	0.008981
0.010000	2	16	70	0.004325	0.010363
0.010000	1	14	68	0.005279	0.008880
0.010000	3	14	68	0.004818	0.009040
0.010000	1	16	68	0.005174	0.008985
0.010000	1	8	68	0.003692	0.008539
0.010000	1	8	68	0.003610	0.008558
0.010000	1	4	70	0.004433	0.010101
0.010000	1	10	70	0.004490	0.009924
0.010000	1	6	70	0.003090	0.008631
0.010000	1	8	70	0.004356	0.008970
0.010000	1	4	70	0.003440	0.008753
0.010000	1	8	70	0.004709	0.008529
0.010000	0	4	70	0.003864	0.008568
0.010000	1	4	70	0.003056	0.008245
0.010000	1	6	70	0.003915	0.008414
0.010000	1	6	70	0.004676	0.008370
0.010000	1	6	70	0.003731	0.009050
0.010000	0	8	70	0.004595	0.008780
0.010000	0	4	70	0.004375	0.009876
0.010000	2	4	70	0.005484	0.008831
0.010000	2	6	70	0.003508	0.008431
0.010000	1	4	70	0.004613	0.009807
0.010000	2	6	70	0.004258	0.007924
0.010000	2	4	70	0.004301	0.008660
0.010000	1	4	70	0.004075	0.008919
0.010000	2	4	70	0.003692	0.008524
0.010000	1	4	70	0.003349	0.008970
0.010000	1	4	70	0.003876	0.008132
0.010000	0	2	70	0.004506	0.008877
0.010000	0	4	70	0.002387	0.008301
0.010000	3	4	70	0.004602	0.009489
0.010000	0	4	70	0.004479	0.008331
0.010000	0	4	70	0.002985	0.008568
0.010000	3	4	72	0.005467	0.010169
0.010000	1	4	70	0.003760	0.008016
0.010000	2	4	70	0.003885	0.009347
0.010000	1	4	70	0.003305	0.008431
0.010000	1	4	70	0.004610	0.007757
0.010000	0	4	70	0.004078	0.008953
0.010000	1	6	72	0.003663	0.010863
0.010000	2	6	70	0.003523	0.008140
0.010000	0	4	70	0.005108	0.007725
0.010000	2	4	70	0.003546	0.008885
0.010000	1	4	70	0.004317	0.008635
0.010000	1	4	70	0.004262	0.008455
0.010000	1	6	70	0.003441	0.008522
0.010000	1	4	70	0.004214	0.007986
0.010000	2	4	70	0.003479	0.008548
0.010000	0	4	70	0.003177	0.008799
0.010000	0	4	70	0.003440	0.008601
0.010000	2	4	70	0.003914	0.008716
0.010000	1	4	70	0.005845	0.008785
0.010000	0	4	70	0.004256	0.009414
0.010000	2	2	70	0.003540	0.009770
0.010000	3	4	70	0.004309	0.008124
0.010000	1	4	70	0.003583	0.008286
0.010000	0	2	70	0.003771	0.008401
0.010000	1	2	70	0.004762	0.008193
0.010000	2	2	70	0.003122	0.008689
0.010000	2	2	70	0.005036	0.008443
0.010000	0	2	70	0.004713	0.008893
0.010000	2	2	70	0.004591	0.008578
0.010000	0	2	70	0.002659	0.009078
0.010000	2	2	70	0.004622	0.008401
0.010000	3	2	70	0.005260	0.008507
0.010000	0	2	70	0.004856	0.008427
0.010000	0	2	70	0.002256	0.007931
0.010000	1	4	70	0.003532	0.008409
0.010000	1	2	70	0.003499	0.009470
0.010000	1	2	70	0.003426	0.009104
0.010000	1	4	70	0.003585	0.008589
0.010000	1	0	70	0.005213	0.007970
0.010000	3	0	70	0.004732	0.008115
0.010000	1	2	70	0.005591	0.008170
0.010000	1	4	70	0.003273	0.008273
0.010000	1	2	70	0.002389	0.008093
0.010000	0	2	70	0.006226	0.009950
0.010000	1	4	70	0.003668	0.008101
0.010000	2	2	70	0.005745	0.008739
0.010000	1	2	70	0.003564	0.007594
0.010000	1	2	70	0.002725	0.008670
0.010000	2	0	70	0.005699	0.008031
0.010000	0	2	70	0.003344	0.009132
0.010000	1	2	70	0.003223	0.008716
0.010000	1	2	70	0.003275	0.007968
0.010000	1	2	70	0.003617	0.008940
0.010000	1	2	70	0.004134	0.007609
0.010000	1	0	70	0.004579	0.008273
0.010000	1	0	70	0.003787	0.008540
0.010000	2	2	70	0.003240	0.008655
0.010000	1	2	70	0.003292	0.007993
0.010000	1	2	70	0.003502	0.008414
0.010000	1	0	70	0.004767	0.007999
0.010000	1	0	70	0.002897	0.008547
0.010000	0	2	70	0.003408	0.008901
0.010000	2	2	70	0.004069	0.008804
0.010000	2	2	70	0.003696	0.008692
0.010000	2	0	70	0.004721	0.008578
0.010000	1	2	70	0.005162	0.008701
0.010000	1	0	70	0.004302	0.007932
0.010000	2	2	70	0.004888	0.009093
0.010000	1	0	70	0.003386	0.007502
0.010000	0	2	70	0.002687	0.007639
0.010000	0	2	70	0.003872	0.007627
0.010000	1	2	70	0.002926	0.007974
0.010000	1	0	70	0.003879	0.008089
0.010000	2	2	72	0.005799	0.010932
0.010000	2	2	70	0.004176	0.008986
0.010000	2	0	70	0.003587	0.008345
0.010000	0	0	70	0.003495	0.007663
0.010000	0	0	0	0.003568	0.007843
0.010000	0	0	0	0.003568	0.007843
