0	0	0	0	0.204714	0.0385545	0.0405364	0.0470591	0.0388091	0.0111591	0.252032	0.0288636	0.000609091	0.000231818	0.329423	0.0006	0.000381818	0.0173318	0.000554545	0.312595	0.187432	0.01535	0.112155	0.0159273	0.216673	0.0298591	0.0417864	0.0425455	0.0341455	0.0229318	0.244732	0.0290545	0.0601591	0.0530227	0.0656909	0.151991	
0	0	0	0	0.216068	0.0407864	0.04275	0.04965	0.0403909	0.0120045	0.266927	0.0299318	0.000609091	0.000295455	0.347736	0.000613636	0.000445455	0.0188045	0.000604545	0.3294	0.198682	0.0161545	0.118341	0.0160773	0.228905	0.0308955	0.0442909	0.0451636	0.0345636	0.0243364	0.259209	0.0311455	0.0636545	0.05595	0.0688727	0.160777	
0	0	0	0	0.117127	0.0224045	0.0230773	0.0268591	0.0222682	0.00653182	0.14395	0.0167182	0.000381818	0.000122727	0.188677	0.000286364	0.000231818	0.00974545	0.000272727	0.179218	0.107905	0.00857727	0.0641091	0.00887727	0.123805	0.0173636	0.0239773	0.0243227	0.0189864	0.0139045	0.139905	0.0166727	0.0349273	0.0303364	0.03715	0.0870545	
0	0	0	0	0.0799773	0.0156227	0.0161909	0.0186227	0.0149455	0.00492273	0.09865	0.0118955	0.000281818	0.000127273	0.129727	0.000277273	0.000131818	0.00712273	0.000231818	0.122927	0.0740227	0.00610909	0.0444318	0.00585	0.0860091	0.0116955	0.0161318	0.0165773	0.0130955	0.00897273	0.0967864	0.0115591	0.0235045	0.0210545	0.0257	0.0601545	
0.204714	0.216068	0.117127	0.0799773	0	0	0	0	0.0610364	0.01825	0.4927	0.0459	0.00115455	0.000504545	0.615127	0.0011	0.000736364	0.0322682	0.00105	0.583832	0.350564	0.0287136	0.209845	0.0287636	0.404277	0.0556682	0.0779636	0.0799773	0.0624864	0.0434955	0.457318	0.0545864	0.11355	0.0998227	0.122555	0.281959	
0.0385545	0.0407864	0.0224045	0.0156227	0	0	0	0	0.0167409	0.00503636	0.0826136	0.0129773	0.000240909	5.90909e-05	0.116836	0.000231818	0.000172727	0.00626818	0.000168182	0.110759	0.0669	0.00530455	0.0393591	0.00580455	0.0774591	0.0104455	0.0145864	0.0148773	0.0117909	0.00824091	0.0867773	0.0105591	0.0205273	0.0193727	0.0226682	0.0548	
0.0405364	0.04275	0.0230773	0.0161909	0	0	0	0	0.0177364	0.00538182	0.0863409	0.0130955	0.000227273	0.000109091	0.121995	0.000222727	0.000122727	0.00692273	0.0002	0.115309	0.0696136	0.00560455	0.0417091	0.00562727	0.0808636	0.0108682	0.0152455	0.0155773	0.0121818	0.00856818	0.0913	0.0105045	0.02215	0.0190091	0.0244182	0.0569773	
0.0470591	0.04965	0.0268591	0.0186227	0	0	0	0	0.0209	0.00595	0.0999045	0.0154364	0.000259091	0.000104545	0.141605	0.000222727	0.000159091	0.00754545	0.000245455	0.134241	0.0809636	0.00656818	0.0481227	0.00653636	0.0927909	0.0128318	0.0183909	0.0181773	0.0143318	0.00984091	0.105236	0.0127818	0.0260182	0.0221591	0.0277727	0.0662409	
0.0388091	0.0403909	0.0222682	0.0149455	0.0610364	0.0167409	0.0177364	0.0209	0	0	0	0	0.0002	9.54545e-05	0.115868	0.00025	0.000109091	0.00664091	0.000168182	0.109495	0.0665136	0.00523636	0.0392455	0.00541818	0.0765773	0.0103364	0.0143773	0.0151227	0.0118682	0.00814545	0.0860727	0.0103273	0.0182773	0.0157182	0.0198045	0.0626136	
0.0111591	0.0120045	0.00653182	0.00492273	0.01825	0.00503636	0.00538182	0.00595	0	0	0	0	8.18182e-05	2.27273e-05	0.0344273	8.63636e-05	4.09091e-05	0.00194545	7.72727e-05	0.0325545	0.0193636	0.00161818	0.0119636	0.00167273	0.0227364	0.00311818	0.0042	0.00456364	0.00356364	0.00228636	0.0257955	0.00297273	0.00514545	0.00474091	0.00597273	0.0187591	
0.252032	0.266927	0.14395	0.09865	0.4927	0.0826136	0.0863409	0.0999045	0	0	0	0	0.00147727	0.000618182	0.758177	0.00128636	0.000936364	0.0398455	0.00128182	0.719495	0.432736	0.0351	0.258177	0.0355455	0.498382	0.0686636	0.0966227	0.0978909	0.0766727	0.0536455	0.563891	0.06735	0.144941	0.127955	0.156691	0.331973	
0.0288636	0.0299318	0.0167182	0.0118955	0.0459	0.0129773	0.0130955	0.0154364	0	0	0	0	0.000122727	4.09091e-05	0.0870909	0.000154545	0.000104545	0.00457273	0.000136364	0.0825955	0.0494273	0.00423636	0.02965	0.00409545	0.0576955	0.00769545	0.0109864	0.0110318	0.00868636	0.00606818	0.0648727	0.00778182	0.0138818	0.01195	0.0149455	0.0466318	
0.000609091	0.000609091	0.000381818	0.000281818	0.00115455	0.000240909	0.000227273	0.000259091	0.0002	8.18182e-05	0.00147727	0.000122727	0	0	0	0	0	8.63636e-05	4.54545e-06	0.00179091	0.00115909	8.63636e-05	0.000590909	4.54545e-05	0.00125909	0.000181818	0.000195455	0.000245455	0.000181818	0.000159091	0.00138636	0.000154545	0.000345455	0.000286364	0.000386364	0.000863636	
0.000231818	0.000295455	0.000122727	0.000127273	0.000504545	5.90909e-05	0.000109091	0.000104545	9.54545e-05	2.27273e-05	0.000618182	4.09091e-05	0	0	0	0	0	1.81818e-05	0	0.000759091	0.000413636	4.09091e-05	0.000268182	5.45455e-05	0.000472727	6.81818e-05	9.54545e-05	0.000140909	0.000104545	5.45455e-05	0.000545455	7.27273e-05	0.000145455	0.000140909	0.000127273	0.000363636	
0.329423	0.347736	0.188677	0.129727	0.615127	0.116836	0.121995	0.141605	0.115868	0.0344273	0.758177	0.0870909	0	0	0	0	0.00119091	0.0527909	0.00165909	0.939923	0.565536	0.0459455	0.337536	0.0465455	0.6526	0.0894227	0.125636	0.127905	0.100336	0.0697955	0.737382	0.08805	0.181445	0.159664	0.196523	0.457932	
0.0006	0.000613636	0.000286364	0.000277273	0.0011	0.000231818	0.000222727	0.000222727	0.00025	8.63636e-05	0.00128636	0.000154545	0	0	0	0	0	0.000109091	0	0.00166818	0.000931818	0.000118182	0.000640909	8.63636e-05	0.00105909	0.000140909	0.000259091	0.000318182	0.000168182	0.000136364	0.00131818	0.000154545	0.000309091	0.000272727	0.000377273	0.000818182	
0.000381818	0.000445455	0.000231818	0.000131818	0.000736364	0.000172727	0.000122727	0.000159091	0.000109091	4.09091e-05	0.000936364	0.000104545	0	0	0.00119091	0	0	0	0	0	0.000672727	5.90909e-05	0.000413636	4.54545e-05	0.000772727	0.0001	0.000140909	0.000177273	0.000131818	5.90909e-05	0.000886364	0.000113636	0.000209091	0.000190909	0.00025	0.000540909	
0.0173318	0.0188045	0.00974545	0.00712273	0.0322682	0.00626818	0.00692273	0.00754545	0.00664091	0.00194545	0.0398455	0.00457273	8.63636e-05	1.81818e-05	0.0527909	0.000109091	0	0	0	0	0.0302227	0.00251818	0.0177955	0.00246818	0.0347636	0.00471818	0.00669545	0.00682727	0.00525909	0.00392727	0.0388636	0.00495455	0.00977273	0.00870909	0.0106909	0.0238318	
0.000554545	0.000604545	0.000272727	0.000231818	0.00105	0.000168182	0.0002	0.000245455	0.000168182	7.72727e-05	0.00128182	0.000136364	4.54545e-06	0	0.00165909	0	0	0	0	0	0.000931818	3.63636e-05	0.000568182	0.000127273	0.00116818	9.09091e-05	0.000204545	0.0002	0.000154545	0.000118182	0.00128636	0.000104545	0.000318182	0.000268182	0.00035	0.000727273	
0.312595	0.3294	0.179218	0.122927	0.583832	0.110759	0.115309	0.134241	0.109495	0.0325545	0.719495	0.0825955	0.00179091	0.000759091	0.939923	0.00166818	0	0	0	0	0.536214	0.0435773	0.320259	0.0440909	0.618686	0.0849045	0.119145	0.121405	0.0952455	0.0660409	0.699595	0.0832591	0.171945	0.151195	0.186123	0.434877	
0.187432	0.198682	0.107905	0.0740227	0.350564	0.0669	0.0696136	0.0809636	0.0665136	0.0193636	0.432736	0.0494273	0.00115909	0.000413636	0.565536	0.000931818	0.000672727	0.0302227	0.000931818	0.536214	0	0	0	0	0.373409	0.0505909	0.0715318	0.0725091	0.0673182	0.0467273	0.394027	0.0599682	0.104055	0.0916864	0.112914	0.259386	
0.01535	0.0161545	0.00857727	0.00610909	0.0287136	0.00530455	0.00560455	0.00656818	0.00523636	0.00161818	0.0351	0.00423636	8.63636e-05	4.09091e-05	0.0459455	0.000118182	5.90909e-05	0.00251818	3.63636e-05	0.0435773	0	0	0	0	0.0299773	0.00419091	0.00589091	0.00613182	0.00555	0.00391364	0.0319182	0.00480909	0.00850455	0.00726818	0.00931364	0.0211045	
0.112155	0.118341	0.0641091	0.0444318	0.209845	0.0393591	0.0417091	0.0481227	0.0392455	0.0119636	0.258177	0.02965	0.000590909	0.000268182	0.337536	0.000640909	0.000413636	0.0177955	0.000568182	0.320259	0	0	0	0	0.221473	0.0308091	0.0427773	0.0439773	0.0224955	0.0155	0.282209	0.0188318	0.0608	0.0538455	0.0661955	0.158195	
0.0159273	0.0160773	0.00887727	0.00585	0.0287636	0.00580455	0.00562727	0.00653636	0.00541818	0.00167273	0.0355455	0.00409545	4.54545e-05	5.45455e-05	0.0465455	8.63636e-05	4.54545e-05	0.00246818	0.000127273	0.0440909	0	0	0	0	0.0305318	0.00422273	0.00598636	0.00599091	0.00542727	0.00400455	0.0324773	0.00482273	0.00888636	0.00756364	0.00899091	0.0212909	
0.216673	0.228905	0.123805	0.0860091	0.404277	0.0774591	0.0808636	0.0927909	0.0765773	0.0227364	0.498382	0.0576955	0.00125909	0.000472727	0.6526	0.00105909	0.000772727	0.0347636	0.00116818	0.618686	0.373409	0.0299773	0.221473	0.0305318	0	0	0	0	0.0663455	0.0458682	0.484886	0.0582909	0.119518	0.1058	0.128595	0.301477	
0.0298591	0.0308955	0.0173636	0.0116955	0.0556682	0.0104455	0.0108682	0.0128318	0.0103364	0.00311818	0.0686636	0.00769545	0.000181818	6.81818e-05	0.0894227	0.000140909	0.0001	0.00471818	9.09091e-05	0.0849045	0.0505909	0.00419091	0.0308091	0.00422273	0	0	0	0	0.00897273	0.00632727	0.0666773	0.00783636	0.0164227	0.0141864	0.0176545	0.04155	
0.0417864	0.0442909	0.0239773	0.0161318	0.0779636	0.0145864	0.0152455	0.0183909	0.0143773	0.0042	0.0966227	0.0109864	0.000195455	9.54545e-05	0.125636	0.000259091	0.000140909	0.00669545	0.000204545	0.119145	0.0715318	0.00589091	0.0427773	0.00598636	0	0	0	0	0.0125227	0.00882273	0.0936091	0.0112318	0.0231636	0.0201545	0.0251591	0.0577091	
0.0425455	0.0451636	0.0243227	0.0165773	0.0799773	0.0148773	0.0155773	0.0181773	0.0151227	0.00456364	0.0978909	0.0110318	0.000245455	0.000140909	0.127905	0.000318182	0.000177273	0.00682727	0.0002	0.121405	0.0725091	0.00613182	0.0439773	0.00599091	0	0	0	0	0.01295	0.00912727	0.0954591	0.0110727	0.0231409	0.0202227	0.0260045	0.0592409	
0.0341455	0.0345636	0.0189864	0.0130955	0.0624864	0.0117909	0.0121818	0.0143318	0.0118682	0.00356364	0.0766727	0.00868636	0.000181818	0.000104545	0.100336	0.000168182	0.000131818	0.00525909	0.000154545	0.0952455	0.0673182	0.00555	0.0224955	0.00542727	0.0663455	0.00897273	0.0125227	0.01295	0	0	0	0	0.0199182	0.0170182	0.0213864	0.0424682	
0.0229318	0.0243364	0.0139045	0.00897273	0.0434955	0.00824091	0.00856818	0.00984091	0.00814545	0.00228636	0.0536455	0.00606818	0.000159091	5.45455e-05	0.0697955	0.000136364	5.90909e-05	0.00392727	0.000118182	0.0660409	0.0467273	0.00391364	0.0155	0.00400455	0.0458682	0.00632727	0.00882273	0.00912727	0	0	0	0	0.0138636	0.0123273	0.0149727	0.0289818	
0.244732	0.259209	0.139905	0.0967864	0.457318	0.0867773	0.0913	0.105236	0.0860727	0.0257955	0.563891	0.0648727	0.00138636	0.000545455	0.737382	0.00131818	0.000886364	0.0388636	0.00128636	0.699595	0.394027	0.0319182	0.282209	0.0324773	0.484886	0.0666773	0.0936091	0.0954591	0	0	0	0	0.131	0.115582	0.142855	0.351195	
0.0290545	0.0311455	0.0166727	0.0115591	0.0545864	0.0105591	0.0105045	0.0127818	0.0103273	0.00297273	0.06735	0.00778182	0.000154545	7.27273e-05	0.08805	0.000154545	0.000113636	0.00495455	0.000104545	0.0832591	0.0599682	0.00480909	0.0188318	0.00482273	0.0582909	0.00783636	0.0112318	0.0110727	0	0	0	0	0.0174636	0.0154364	0.0182	0.0373318	
0.0601591	0.0636545	0.0349273	0.0235045	0.11355	0.0205273	0.02215	0.0260182	0.0182773	0.00514545	0.144941	0.0138818	0.000345455	0.000145455	0.181445	0.000309091	0.000209091	0.00977273	0.000318182	0.171945	0.104055	0.00850455	0.0608	0.00888636	0.119518	0.0164227	0.0231636	0.0231409	0.0199182	0.0138636	0.131	0.0174636	0	0	0	0	
0.0530227	0.05595	0.0303364	0.0210545	0.0998227	0.0193727	0.0190091	0.0221591	0.0157182	0.00474091	0.127955	0.01195	0.000286364	0.000140909	0.159664	0.000272727	0.000190909	0.00870909	0.000268182	0.151195	0.0916864	0.00726818	0.0538455	0.00756364	0.1058	0.0141864	0.0201545	0.0202227	0.0170182	0.0123273	0.115582	0.0154364	0	0	0	0	
0.0656909	0.0688727	0.03715	0.0257	0.122555	0.0226682	0.0244182	0.0277727	0.0198045	0.00597273	0.156691	0.0149455	0.000386364	0.000127273	0.196523	0.000377273	0.00025	0.0106909	0.00035	0.186123	0.112914	0.00931364	0.0661955	0.00899091	0.128595	0.0176545	0.0251591	0.0260045	0.0213864	0.0149727	0.142855	0.0182	0	0	0	0	
0.151991	0.160777	0.0870545	0.0601545	0.281959	0.0548	0.0569773	0.0662409	0.0626136	0.0187591	0.331973	0.0466318	0.000863636	0.000363636	0.457932	0.000818182	0.000540909	0.0238318	0.000727273	0.434877	0.259386	0.0211045	0.158195	0.0212909	0.301477	0.04155	0.0577091	0.0592409	0.0424682	0.0289818	0.351195	0.0373318	0	0	0	0	
