0	0	0	0	0.201264	0.03915	0.0413045	0.0474364	0.0375773	0.0112955	0.251714	0.0285682	0.000568182	0.000322727	0.327609	0.000654545	0.000463636	0.0181182	0.000486364	0.310086	0.185755	0.0148864	0.113232	0.0152818	0.215859	0.0294227	0.0416818	0.0421909	0.0333227	0.0236636	0.242432	0.0297364	0.0607773	0.0523591	0.0651864	0.150832	
0	0	0	0	0.215705	0.0410773	0.0432955	0.0508727	0.0402864	0.0121818	0.268945	0.0295364	0.000631818	0.000318182	0.34935	0.00065	0.000418182	0.01835	0.000513636	0.331668	0.199177	0.0162545	0.119695	0.0158227	0.229995	0.0318545	0.0446409	0.0444591	0.0360318	0.0252864	0.258059	0.0315727	0.0637	0.0558227	0.0689227	0.162505	
0	0	0	0	0.115382	0.02195	0.0230409	0.0267318	0.0212	0.00646364	0.143059	0.0163818	0.000327273	0.000127273	0.186227	0.000422727	0.000268182	0.00974091	0.000286364	0.176809	0.106036	0.00846364	0.0640955	0.00850909	0.122995	0.0167318	0.0231455	0.0242318	0.0190636	0.0130273	0.138023	0.0169909	0.0339591	0.0301273	0.0373591	0.0856591	
0	0	0	0	0.0815273	0.0161091	0.0163409	0.0188136	0.0149364	0.00415455	0.102336	0.0113636	0.000231818	0.000109091	0.1322	0.00025	0.0002	0.00719545	0.000231818	0.125164	0.0751455	0.00608636	0.0455136	0.00604545	0.0872727	0.0118909	0.0166182	0.0170091	0.0139045	0.00965	0.0977045	0.0115318	0.0243409	0.0213773	0.0265	0.0605727	
0.201264	0.215705	0.115382	0.0815273	0	0	0	0	0.0694682	0.0205455	0.471355	0.0525091	0.00106818	0.000577273	0.611045	0.00118636	0.000868182	0.0331636	0.000963636	0.578882	0.347991	0.0276091	0.210414	0.0278636	0.401791	0.0552091	0.0775682	0.0793091	0.0625318	0.0439773	0.452145	0.0552227	0.112209	0.0971545	0.121773	0.282741	
0.03915	0.0410773	0.02195	0.0161091	0	0	0	0	0.0138727	0.00393182	0.0902591	0.0102227	0.000245455	5.90909e-05	0.11775	0.000231818	0.000140909	0.00626364	0.00015	0.111732	0.0667864	0.00554091	0.0404591	0.0055	0.0784773	0.0105045	0.0147091	0.0145955	0.0119682	0.00846818	0.0872545	0.0105955	0.0215227	0.0194273	0.02355	0.0537864	
0.0413045	0.0432955	0.0230409	0.0163409	0	0	0	0	0.0144318	0.00462273	0.0943727	0.0105545	0.000218182	0.000113636	0.123418	0.000231818	0.000163636	0.00669545	0.000172727	0.11695	0.0704	0.00576818	0.04215	0.00566364	0.0813045	0.0111682	0.0156182	0.0158909	0.0128318	0.00895	0.09115	0.01105	0.0231955	0.0200364	0.0245136	0.0562364	
0.0474364	0.0508727	0.0267318	0.0188136	0	0	0	0	0.0162273	0.00499545	0.110068	0.0125636	0.000227273	0.000127273	0.143173	0.000327273	0.000177273	0.00728182	0.000231818	0.136164	0.0809364	0.00677273	0.0495136	0.00663182	0.09455	0.0130182	0.0181909	0.0180955	0.0149909	0.0102318	0.105668	0.0129636	0.02585	0.0230682	0.0281318	0.0668045	
0.0375773	0.0402864	0.0212	0.0149364	0.0694682	0.0138727	0.0144318	0.0162273	0	0	0	0	0.0002	8.63636e-05	0.113468	0.000245455	0.000181818	0.00592273	0.000195455	0.1077	0.0635955	0.00527273	0.0397864	0.00534545	0.0743864	0.0102364	0.0145591	0.0148182	0.0115409	0.00824545	0.0839727	0.0102409	0.0210818	0.0180045	0.0222045	0.0527091	
0.0112955	0.0121818	0.00646364	0.00415455	0.0205455	0.00393182	0.00462273	0.00499545	0	0	0	0	9.09091e-05	2.27273e-05	0.0339227	5.90909e-05	6.36364e-05	0.00189091	4.54545e-05	0.0320955	0.0194	0.00155909	0.0116273	0.00150909	0.0226227	0.00294545	0.00429545	0.00423182	0.00335455	0.00234091	0.0252818	0.00311818	0.00618182	0.00557273	0.00664545	0.0156955	
0.251714	0.268945	0.143059	0.102336	0.471355	0.0902591	0.0943727	0.110068	0	0	0	0	0.00136364	0.0007	0.762423	0.00156818	0.00100455	0.041	0.00113182	0.722918	0.434182	0.0350227	0.261991	0.0348591	0.502377	0.0688955	0.0967227	0.0980591	0.0784136	0.0546136	0.564286	0.0687409	0.139709	0.122445	0.151923	0.351977	
0.0285682	0.0295364	0.0163818	0.0113636	0.0525091	0.0102227	0.0105545	0.0125636	0	0	0	0	0.000104545	6.81818e-05	0.0855727	0.000104545	0.0001	0.00459091	0.000145455	0.0810136	0.0489364	0.00383636	0.0291318	0.00394545	0.0567364	0.00782273	0.0105091	0.0107818	0.00901364	0.00642727	0.0626773	0.00773182	0.0158045	0.0136636	0.0171955	0.0391864	
0.000568182	0.000631818	0.000327273	0.000231818	0.00106818	0.000245455	0.000218182	0.000227273	0.0002	9.09091e-05	0.00136364	0.000104545	0	0	0	0	4.54545e-06	8.63636e-05	0	0.00166818	0.000990909	5.90909e-05	0.000622727	8.63636e-05	0.00118636	0.000172727	0.000222727	0.000177273	0.000168182	0.000122727	0.00131818	0.00015	0.000295455	0.000336364	0.000254545	0.000872727	
0.000322727	0.000318182	0.000127273	0.000109091	0.000577273	5.90909e-05	0.000113636	0.000127273	8.63636e-05	2.27273e-05	0.0007	6.81818e-05	0	0	0	0	0	5.90909e-05	9.09091e-06	0.000809091	0.000509091	3.63636e-05	0.000295455	3.63636e-05	0.00055	9.09091e-05	0.000113636	0.000122727	8.18182e-05	8.63636e-05	0.000636364	7.27273e-05	0.00015	0.00015	0.000186364	0.000390909	
0.327609	0.34935	0.186227	0.1322	0.611045	0.11775	0.123418	0.143173	0.113468	0.0339227	0.762423	0.0855727	0	0	0	0	0.00134545	0.0531864	0.00150455	0.93935	0.563486	0.0455045	0.34095	0.0454455	0.653105	0.0894727	0.125509	0.1273	0.101864	0.0712682	0.732814	0.0894409	0.182	0.158814	0.197195	0.457377	
0.000654545	0.00065	0.000422727	0.00025	0.00118636	0.000231818	0.000231818	0.000327273	0.000245455	5.90909e-05	0.00156818	0.000104545	0	0	0	0	0	7.27273e-05	4.54545e-06	0.0019	0.00112727	9.09091e-05	0.000668182	9.09091e-05	0.00128182	0.000163636	0.000240909	0.000290909	0.000209091	0.00015	0.00145	0.000168182	0.000331818	0.000386364	0.000331818	0.000927273	
0.000463636	0.000418182	0.000268182	0.0002	0.000868182	0.000140909	0.000163636	0.000177273	0.000181818	6.36364e-05	0.00100455	0.0001	4.54545e-06	0	0.00134545	0	0	0	0	0	0.000736364	5.90909e-05	0.000459091	9.54545e-05	0.000877273	0.000122727	0.000140909	0.000209091	0.000131818	0.000113636	0.000986364	0.000118182	0.000254545	0.000218182	0.000222727	0.000654545	
0.0181182	0.01835	0.00974091	0.00719545	0.0331636	0.00626364	0.00669545	0.00728182	0.00592273	0.00189091	0.041	0.00459091	8.63636e-05	5.90909e-05	0.0531864	7.27273e-05	0	0	0	0	0.0306682	0.00229545	0.0181136	0.00232727	0.0350727	0.00510455	0.00638636	0.00684091	0.00567273	0.00384545	0.0390864	0.0048	0.0100545	0.00830455	0.0106182	0.0244273	
0.000486364	0.000513636	0.000286364	0.000231818	0.000963636	0.00015	0.000172727	0.000231818	0.000195455	4.54545e-05	0.00113182	0.000145455	0	9.09091e-06	0.00150455	4.54545e-06	0	0	0	0	0.000759091	9.54545e-05	0.000618182	4.54545e-05	0.00095	0.000145455	0.000240909	0.000181818	0.000181818	0.000109091	0.00110455	0.000122727	0.000277273	0.000227273	0.000263636	0.00075	
0.310086	0.331668	0.176809	0.125164	0.578882	0.111732	0.11695	0.136164	0.1077	0.0320955	0.722918	0.0810136	0.00166818	0.000809091	0.93935	0.0019	0	0	0	0	0.53395	0.0432409	0.323345	0.0431909	0.619223	0.0845273	0.119318	0.120659	0.0963364	0.0675591	0.695041	0.0847909	0.172191	0.150936	0.186864	0.433736	
0.185755	0.199177	0.106036	0.0751455	0.347991	0.0667864	0.0704	0.0809364	0.0635955	0.0194	0.434182	0.0489364	0.000990909	0.000509091	0.563486	0.00112727	0.000736364	0.0306682	0.000759091	0.53395	0	0	0	0	0.371041	0.0512227	0.0716091	0.0722409	0.0645773	0.0455455	0.399636	0.0563545	0.103395	0.0906864	0.111682	0.26035	
0.0148864	0.0162545	0.00846364	0.00608636	0.0276091	0.00554091	0.00576818	0.00677273	0.00527273	0.00155909	0.0350227	0.00383636	5.90909e-05	3.63636e-05	0.0455045	9.09091e-05	5.90909e-05	0.00229545	9.54545e-05	0.0432409	0	0	0	0	0.0304636	0.004	0.00535455	0.00587273	0.00516818	0.00366364	0.0323227	0.00453636	0.0083	0.00733636	0.00865909	0.0213955	
0.113232	0.119695	0.0640955	0.0455136	0.210414	0.0404591	0.04215	0.0495136	0.0397864	0.0116273	0.261991	0.0291318	0.000622727	0.000295455	0.34095	0.000668182	0.000459091	0.0181136	0.000618182	0.323345	0	0	0	0	0.224855	0.0303545	0.0433409	0.0439864	0.0275273	0.0188591	0.271691	0.0244591	0.0627273	0.0540545	0.0685636	0.157191	
0.0152818	0.0158227	0.00850909	0.00604545	0.0278636	0.0055	0.00566364	0.00663182	0.00534545	0.00150909	0.0348591	0.00394545	8.63636e-05	3.63636e-05	0.0454455	9.09091e-05	9.54545e-05	0.00232727	4.54545e-05	0.0431909	0	0	0	0	0.0297636	0.00432273	0.00578182	0.00579091	0.00505	0.00355909	0.0325682	0.00448182	0.00835455	0.00760909	0.00906364	0.0206318	
0.215859	0.229995	0.122995	0.0872727	0.401791	0.0784773	0.0813045	0.09455	0.0743864	0.0226227	0.502377	0.0567364	0.00118636	0.00055	0.653105	0.00128182	0.000877273	0.0350727	0.00095	0.619223	0.371041	0.0304636	0.224855	0.0297636	0	0	0	0	0.0668409	0.0464773	0.483659	0.0591455	0.119768	0.104973	0.129286	0.302095	
0.0294227	0.0318545	0.0167318	0.0118909	0.0552091	0.0105045	0.0111682	0.0130182	0.0102364	0.00294545	0.0688955	0.00782273	0.000172727	9.09091e-05	0.0894727	0.000163636	0.000122727	0.00510455	0.000145455	0.0845273	0.0512227	0.004	0.0303545	0.00432273	0	0	0	0	0.00914545	0.00645	0.0660318	0.00827273	0.0165818	0.0140182	0.0180045	0.0412955	
0.0416818	0.0446409	0.0231455	0.0166182	0.0775682	0.0147091	0.0156182	0.0181909	0.0145591	0.00429545	0.0967227	0.0105091	0.000222727	0.000113636	0.125509	0.000240909	0.000140909	0.00638636	0.000240909	0.119318	0.0716091	0.00535455	0.0433409	0.00578182	0	0	0	0	0.0128091	0.00931818	0.0927727	0.0111864	0.0232318	0.0201136	0.0252955	0.0574455	
0.0421909	0.0444591	0.0242318	0.0170091	0.0793091	0.0145955	0.0158909	0.0180955	0.0148182	0.00423182	0.0980591	0.0107818	0.000177273	0.000122727	0.1273	0.000290909	0.000209091	0.00684091	0.000181818	0.120659	0.0722409	0.00587273	0.0439864	0.00579091	0	0	0	0	0.0135273	0.00938182	0.0937545	0.0112273	0.0231955	0.0205818	0.0253818	0.0587318	
0.0333227	0.0360318	0.0190636	0.0139045	0.0625318	0.0119682	0.0128318	0.0149909	0.0115409	0.00335455	0.0784136	0.00901364	0.000168182	8.18182e-05	0.101864	0.000209091	0.000131818	0.00567273	0.000181818	0.0963364	0.0645773	0.00516818	0.0275273	0.00505	0.0668409	0.00914545	0.0128091	0.0135273	0	0	0	0	0.0188682	0.0164409	0.0201955	0.0468182	
0.0236636	0.0252864	0.0130273	0.00965	0.0439773	0.00846818	0.00895	0.0102318	0.00824545	0.00234091	0.0546136	0.00642727	0.000122727	8.63636e-05	0.0712682	0.00015	0.000113636	0.00384545	0.000109091	0.0675591	0.0455455	0.00366364	0.0188591	0.00355909	0.0464773	0.00645	0.00931818	0.00938182	0	0	0	0	0.0131	0.0114318	0.0140773	0.0330182	
0.242432	0.258059	0.138023	0.0977045	0.452145	0.0872545	0.09115	0.105668	0.0839727	0.0252818	0.564286	0.0626773	0.00131818	0.000636364	0.732814	0.00145	0.000986364	0.0390864	0.00110455	0.695041	0.399636	0.0323227	0.271691	0.0325682	0.483659	0.0660318	0.0927727	0.0937545	0	0	0	0	0.134718	0.116936	0.145805	0.338759	
0.0297364	0.0315727	0.0169909	0.0115318	0.0552227	0.0105955	0.01105	0.0129636	0.0102409	0.00311818	0.0687409	0.00773182	0.00015	7.27273e-05	0.0894409	0.000168182	0.000118182	0.0048	0.000122727	0.0847909	0.0563545	0.00453636	0.0244591	0.00448182	0.0591455	0.00827273	0.0111864	0.0112273	0	0	0	0	0.0160909	0.0148773	0.0178909	0.0409727	
0.0607773	0.0637	0.0339591	0.0243409	0.112209	0.0215227	0.0231955	0.02585	0.0210818	0.00618182	0.139709	0.0158045	0.000295455	0.00015	0.182	0.000331818	0.000254545	0.0100545	0.000277273	0.172191	0.103395	0.0083	0.0627273	0.00835455	0.119768	0.0165818	0.0232318	0.0231955	0.0188682	0.0131	0.134718	0.0160909	0	0	0	0	
0.0523591	0.0558227	0.0301273	0.0213773	0.0971545	0.0194273	0.0200364	0.0230682	0.0180045	0.00557273	0.122445	0.0136636	0.000336364	0.00015	0.158814	0.000386364	0.000218182	0.00830455	0.000227273	0.150936	0.0906864	0.00733636	0.0540545	0.00760909	0.104973	0.0140182	0.0201136	0.0205818	0.0164409	0.0114318	0.116936	0.0148773	0	0	0	0	
0.0651864	0.0689227	0.0373591	0.0265	0.121773	0.02355	0.0245136	0.0281318	0.0222045	0.00664545	0.151923	0.0171955	0.000254545	0.000186364	0.197195	0.000331818	0.000222727	0.0106182	0.000263636	0.186864	0.111682	0.00865909	0.0685636	0.00906364	0.129286	0.0180045	0.0252955	0.0253818	0.0201955	0.0140773	0.145805	0.0178909	0	0	0	0	
0.150832	0.162505	0.0856591	0.0605727	0.282741	0.0537864	0.0562364	0.0668045	0.0527091	0.0156955	0.351977	0.0391864	0.000872727	0.000390909	0.457377	0.000927273	0.000654545	0.0244273	0.00075	0.433736	0.26035	0.0213955	0.157191	0.0206318	0.302095	0.0412955	0.0574455	0.0587318	0.0468182	0.0330182	0.338759	0.0409727	0	0	0	0	
