0	0	0	0	0.223762	0.0452462	0.0397846	0.0486923	0.0414077	0.0124385	0.271354	0.0322846	0.00155385	0.000815385	0.353923	0.00119231	0.00107692	0.00673077	0.000776923	0.3489	0.200638	0.0246846	0.107846	0.0243154	0.238877	0.0377385	0.0247538	0.0561154	0.0616154	0.0208692	0.239915	0.0350846	0.0955462	0.0508154	0.046	0.165123	
0	0	0	0	0.215008	0.0428077	0.0384769	0.0472	0.0404154	0.0116308	0.260131	0.0313154	0.00147692	0.000807692	0.340108	0.0011	0.000976923	0.00668462	0.000669231	0.335162	0.191531	0.0244692	0.104254	0.0232385	0.2289	0.036	0.0234846	0.0551077	0.0588231	0.0203	0.230715	0.0336538	0.0910692	0.0478846	0.0447692	0.159769	
0	0	0	0	0.113738	0.0226692	0.0198615	0.0248077	0.0211538	0.00573846	0.137385	0.0168	0.000776923	0.000423077	0.179246	0.000630769	0.000507692	0.00318462	0.000346154	0.177038	0.101931	0.0130385	0.0538923	0.0122154	0.120615	0.0190231	0.0122538	0.0291846	0.0304154	0.0104923	0.122862	0.0173077	0.0487308	0.0252846	0.0232769	0.0837846	
0	0	0	0	0.0732846	0.0147538	0.0130846	0.0168231	0.0139769	0.00399231	0.0893154	0.0106615	0.000638462	0.000246154	0.116692	0.000369231	0.000369231	0.00213846	0.000153846	0.115285	0.0661615	0.00810769	0.0354231	0.00825385	0.0785077	0.0125154	0.00787692	0.0190462	0.0204154	0.00676923	0.0793615	0.0114	0.0307692	0.0167462	0.0153154	0.0551154	
0.223762	0.215008	0.113738	0.0732846	0	0	0	0	0.0569615	0.0165308	0.508485	0.0438154	0.00276923	0.00140769	0.619615	0.002	0.00189231	0.0119	0.00113077	0.610869	0.359562	0.0424077	0.182438	0.0413846	0.410815	0.0679615	0.0441923	0.102823	0.128354	0.0435769	0.380515	0.0733462	0.174615	0.0923538	0.0841077	0.274715	
0.0452462	0.0428077	0.0226692	0.0147538	0	0	0	0	0.0206077	0.00576154	0.0832692	0.0158385	0.000638462	0.000284615	0.124177	0.000376923	0.000292308	0.00221538	0.000238462	0.122731	0.0674615	0.00946154	0.0395615	0.00899231	0.0857308	0.0124538	0.00823846	0.0190538	0.0144385	0.00483846	0.0984	0.0078	0.0310538	0.0158308	0.0150769	0.0635154	
0.0397846	0.0384769	0.0198615	0.0130846	0	0	0	0	0.0175538	0.00507692	0.0743077	0.0142692	0.000430769	0.000315385	0.110054	0.000407692	0.000330769	0.00219231	0.000269231	0.108415	0.0595462	0.00854615	0.0349154	0.0082	0.0763308	0.0112231	0.00694615	0.0167077	0.0127231	0.00455385	0.0864462	0.00748462	0.027	0.0144385	0.0137154	0.0560538	
0.0486923	0.0472	0.0248077	0.0168231	0	0	0	0	0.0218308	0.00643077	0.0921231	0.0171385	0.000607692	0.000284615	0.136123	0.000507692	0.000415385	0.00243077	0.000307692	0.134369	0.0736923	0.00988462	0.0445	0.00944615	0.0940231	0.0136385	0.00899231	0.0208692	0.0157538	0.00546154	0.107492	0.00881538	0.0334462	0.0181077	0.0164615	0.0695077	
0.0414077	0.0404154	0.0211538	0.0139769	0.0569615	0.0206077	0.0175538	0.0218308	0	0	0	0	0.000492308	0.000261538	0.1158	0.0004	0.000346154	0.00221538	0.000253846	0.114138	0.0645538	0.00845385	0.0360077	0.00793846	0.0789462	0.0121538	0.0075	0.0183538	0.0164462	0.00556923	0.0851385	0.0098	0.0213462	0.0114846	0.0104692	0.0736538	
0.0124385	0.0116308	0.00573846	0.00399231	0.0165308	0.00576154	0.00507692	0.00643077	0	0	0	0	0.000130769	0.000107692	0.0334769	8.46154e-05	9.23077e-05	0.000615385	7.69231e-05	0.0330154	0.0184769	0.00242308	0.0107308	0.00216923	0.0225923	0.00334615	0.00229231	0.00556923	0.00488462	0.00157692	0.0245846	0.00275385	0.00586154	0.00331538	0.00303846	0.0215846	
0.271354	0.260131	0.137385	0.0893154	0.508485	0.0832692	0.0743077	0.0921231	0	0	0	0	0.00340769	0.00176154	0.750485	0.00253077	0.00223077	0.0140923	0.00143077	0.740431	0.427323	0.0530923	0.2262	0.0515692	0.503154	0.0802538	0.0525923	0.122185	0.136846	0.0465923	0.497146	0.0776	0.222108	0.117331	0.107977	0.310769	
0.0322846	0.0313154	0.0168	0.0106615	0.0438154	0.0158385	0.0142692	0.0171385	0	0	0	0	0.000415385	0.000161538	0.0902077	0.000276923	0.000261538	0.00181538	0.000184615	0.0888	0.0499077	0.00633077	0.0284769	0.00634615	0.0622077	0.00952308	0.00598462	0.0133462	0.0130923	0.00469231	0.0659846	0.00729231	0.0168	0.0086	0.00787692	0.0577846	
0.00155385	0.00147692	0.000776923	0.000638462	0.00276923	0.000638462	0.000430769	0.000607692	0.000492308	0.000130769	0.00340769	0.000415385	0	0	0	0	1.53846e-05	0.000123077	0	0.00430769	0.00256923	0.000346154	0.00127692	0.000253846	0.00286154	0.000546154	0.0003	0.000738462	0.000846154	0.000292308	0.00286154	0.000446154	0.00137692	0.000561538	0.0005	0.00200769	
0.000815385	0.000807692	0.000423077	0.000246154	0.00140769	0.000284615	0.000315385	0.000284615	0.000261538	0.000107692	0.00176154	0.000161538	0	0	0	0	1.53846e-05	1.53846e-05	0	0.00226154	0.00136923	0.000138462	0.000646154	0.000138462	0.00143846	0.000269231	0.000184615	0.0004	0.000346154	0.0001	0.00159231	0.000253846	0.000515385	0.000307692	0.000346154	0.00112308	
0.353923	0.340108	0.179246	0.116692	0.619615	0.124177	0.110054	0.136123	0.1158	0.0334769	0.750485	0.0902077	0	0	0	0	0.00287692	0.0185231	0.00194615	0.966623	0.554554	0.0695538	0.298577	0.0672846	0.660354	0.104162	0.0675769	0.157877	0.169554	0.0578846	0.666069	0.0964615	0.263392	0.139408	0.128077	0.459092	
0.00119231	0.0011	0.000630769	0.000369231	0.002	0.000376923	0.000407692	0.000507692	0.0004	8.46154e-05	0.00253077	0.000276923	0	0	0	0	2.30769e-05	7.69231e-05	0	0.00319231	0.00176923	0.000261538	0.000915385	0.000346154	0.00224615	0.0003	0.000307692	0.000438462	0.000523077	0.000153846	0.00233077	0.000284615	0.000830769	0.000453846	0.000438462	0.00156923	
0.00107692	0.000976923	0.000507692	0.000369231	0.00189231	0.000292308	0.000330769	0.000415385	0.000346154	9.23077e-05	0.00223077	0.000261538	1.53846e-05	1.53846e-05	0.00287692	2.30769e-05	0	0	0	0	0.00156923	0.000192308	0.001	0.000169231	0.00194615	0.000292308	0.000223077	0.000469231	0.000561538	0.000123077	0.00192308	0.000323077	0.000838462	0.000476923	0.000369231	0.00124615	
0.00673077	0.00668462	0.00318462	0.00213846	0.0119	0.00221538	0.00219231	0.00243077	0.00221538	0.000615385	0.0140923	0.00181538	0.000123077	1.53846e-05	0.0185231	7.69231e-05	0	0	0	0	0.0102846	0.00122308	0.00584615	0.00138462	0.0123231	0.00200769	0.00134615	0.00306154	0.00332308	0.00119231	0.0123077	0.00191538	0.00496154	0.00273077	0.00266923	0.00837692	
0.000776923	0.000669231	0.000346154	0.000153846	0.00113077	0.000238462	0.000269231	0.000307692	0.000253846	7.69231e-05	0.00143077	0.000184615	0	0	0.00194615	0	0	0	0	0	0.00112308	0.000107692	0.0006	0.000115385	0.00113077	0.000215385	0.000223077	0.000376923	0.000276923	0.000107692	0.00139231	0.000169231	0.000553846	0.000261538	0.000246154	0.000884615	
0.3489	0.335162	0.177038	0.115285	0.610869	0.122731	0.108415	0.134369	0.114138	0.0330154	0.740431	0.0888	0.00430769	0.00226154	0.966623	0.00319231	0	0	0	0	0.547285	0.0687769	0.293969	0.0663538	0.6515	0.102762	0.0665769	0.155546	0.167108	0.0570077	0.657231	0.0950385	0.259762	0.137262	0.126077	0.453285	
0.200638	0.191531	0.101931	0.0661615	0.359562	0.0674615	0.0595462	0.0736923	0.0645538	0.0184769	0.427323	0.0499077	0.00256923	0.00136923	0.554554	0.00176923	0.00156923	0.0102846	0.00112308	0.547285	0	0	0	0	0.368054	0.0603615	0.0393615	0.0924846	0.119077	0.0409154	0.332046	0.0682231	0.153308	0.0823	0.0750923	0.249562	
0.0246846	0.0244692	0.0130385	0.00810769	0.0424077	0.00946154	0.00854615	0.00988462	0.00845385	0.00242308	0.0530923	0.00633077	0.000346154	0.000138462	0.0695538	0.000261538	0.000192308	0.00122308	0.000107692	0.0687769	0	0	0	0	0.0475154	0.00739231	0.00465385	0.0107385	0.00836923	0.00289231	0.0540538	0.00498462	0.0179	0.00941538	0.00872308	0.0342615	
0.107846	0.104254	0.0538923	0.0354231	0.182438	0.0395615	0.0349154	0.0445	0.0360077	0.0107308	0.2262	0.0284769	0.00127692	0.000646154	0.298577	0.000915385	0.001	0.00584615	0.0006	0.293969	0	0	0	0	0.205415	0.0305462	0.0197692	0.0456846	0.0356615	0.0119615	0.233977	0.0198154	0.0775846	0.0396538	0.0370462	0.147131	
0.0243154	0.0232385	0.0122154	0.00825385	0.0413846	0.00899231	0.0082	0.00944615	0.00793846	0.00216923	0.0515692	0.00634615	0.000253846	0.000138462	0.0672846	0.000346154	0.000169231	0.00138462	0.000115385	0.0663538	0	0	0	0	0.0459154	0.00697692	0.00458462	0.0105462	0.00816154	0.00266154	0.0527769	0.00442308	0.0173231	0.00936154	0.0085	0.0328385	
0.238877	0.2289	0.120615	0.0785077	0.410815	0.0857308	0.0763308	0.0940231	0.0789462	0.0225923	0.503154	0.0622077	0.00286154	0.00143846	0.660354	0.00224615	0.00194615	0.0123231	0.00113077	0.6515	0.368054	0.0475154	0.205415	0.0459154	0	0	0	0	0.0993154	0.0339231	0.478292	0.0553692	0.174015	0.0922231	0.0850615	0.3156	
0.0377385	0.036	0.0190231	0.0125154	0.0679615	0.0124538	0.0112231	0.0136385	0.0121538	0.00334615	0.0802538	0.00952308	0.000546154	0.000269231	0.104162	0.0003	0.000292308	0.00200769	0.000215385	0.102762	0.0603615	0.00739231	0.0305462	0.00697692	0	0	0	0	0.0223846	0.00782308	0.0621077	0.0129615	0.0285923	0.0156692	0.0138462	0.0471692	
0.0247538	0.0234846	0.0122538	0.00787692	0.0441923	0.00823846	0.00694615	0.00899231	0.0075	0.00229231	0.0525923	0.00598462	0.0003	0.000184615	0.0675769	0.000307692	0.000223077	0.00134615	0.000223077	0.0665769	0.0393615	0.00465385	0.0197692	0.00458462	0	0	0	0	0.0148692	0.00489231	0.0397231	0.00888462	0.0192923	0.0103385	0.00872308	0.0300154	
0.0561154	0.0551077	0.0291846	0.0190462	0.102823	0.0190538	0.0167077	0.0208692	0.0183538	0.00556923	0.122185	0.0133462	0.000738462	0.0004	0.157877	0.000438462	0.000469231	0.00306154	0.000376923	0.155546	0.0924846	0.0107385	0.0456846	0.0105462	0	0	0	0	0.0347	0.0117923	0.0927308	0.0202308	0.0442154	0.0225	0.0217308	0.0710077	
0.0616154	0.0588231	0.0304154	0.0204154	0.128354	0.0144385	0.0127231	0.0157538	0.0164462	0.00488462	0.136846	0.0130923	0.000846154	0.000346154	0.169554	0.000523077	0.000561538	0.00332308	0.000276923	0.167108	0.119077	0.00836923	0.0356615	0.00816154	0.0993154	0.0223846	0.0148692	0.0347	0	0	0	0	0.0573385	0.0305154	0.0289769	0.0544385	
0.0208692	0.0203	0.0104923	0.00676923	0.0435769	0.00483846	0.00455385	0.00546154	0.00556923	0.00157692	0.0465923	0.00469231	0.000292308	0.0001	0.0578846	0.000153846	0.000123077	0.00119231	0.000107692	0.0570077	0.0409154	0.00289231	0.0119615	0.00266154	0.0339231	0.00782308	0.00489231	0.0117923	0	0	0	0	0.0200769	0.0104692	0.00988462	0.018	
0.239915	0.230715	0.122862	0.0793615	0.380515	0.0984	0.0864462	0.107492	0.0851385	0.0245846	0.497146	0.0659846	0.00286154	0.00159231	0.666069	0.00233077	0.00192308	0.0123077	0.00139231	0.657231	0.332046	0.0540538	0.233977	0.0527769	0.478292	0.0621077	0.0397231	0.0927308	0	0	0	0	0.155646	0.0826154	0.0745692	0.360023	
0.0350846	0.0336538	0.0173077	0.0114	0.0733462	0.0078	0.00748462	0.00881538	0.0098	0.00275385	0.0776	0.00729231	0.000446154	0.000253846	0.0964615	0.000284615	0.000323077	0.00191538	0.000169231	0.0950385	0.0682231	0.00498462	0.0198154	0.00442308	0.0553692	0.0129615	0.00888462	0.0202308	0	0	0	0	0.0330538	0.0171308	0.0159308	0.0313308	
0.0955462	0.0910692	0.0487308	0.0307692	0.174615	0.0310538	0.027	0.0334462	0.0213462	0.00586154	0.222108	0.0168	0.00137692	0.000515385	0.263392	0.000830769	0.000838462	0.00496154	0.000553846	0.259762	0.153308	0.0179	0.0775846	0.0173231	0.174015	0.0285923	0.0192923	0.0442154	0.0573385	0.0200769	0.155646	0.0330538	0	0	0	0	
0.0508154	0.0478846	0.0252846	0.0167462	0.0923538	0.0158308	0.0144385	0.0181077	0.0114846	0.00331538	0.117331	0.0086	0.000561538	0.000307692	0.139408	0.000453846	0.000476923	0.00273077	0.000261538	0.137262	0.0823	0.00941538	0.0396538	0.00936154	0.0922231	0.0156692	0.0103385	0.0225	0.0305154	0.0104692	0.0826154	0.0171308	0	0	0	0	
0.046	0.0447692	0.0232769	0.0153154	0.0841077	0.0150769	0.0137154	0.0164615	0.0104692	0.00303846	0.107977	0.00787692	0.0005	0.000346154	0.128077	0.000438462	0.000369231	0.00266923	0.000246154	0.126077	0.0750923	0.00872308	0.0370462	0.0085	0.0850615	0.0138462	0.00872308	0.0217308	0.0289769	0.00988462	0.0745692	0.0159308	0	0	0	0	
0.165123	0.159769	0.0837846	0.0551154	0.274715	0.0635154	0.0560538	0.0695077	0.0736538	0.0215846	0.310769	0.0577846	0.00200769	0.00112308	0.459092	0.00156923	0.00124615	0.00837692	0.000884615	0.453285	0.249562	0.0342615	0.147131	0.0328385	0.3156	0.0471692	0.0300154	0.0710077	0.0544385	0.018	0.360023	0.0313308	0	0	0	0	
