0	0	0	0	0.226869	0.0456308	0.0398385	0.0497615	0.0425385	0.0123846	0.2748	0.0323769	0.00171538	0.000938462	0.358377	0.00106923	0.00118462	0.00668462	0.0006	0.353631	0.204477	0.0243077	0.109162	0.0241538	0.240231	0.0388	0.0253769	0.0576923	0.0616462	0.0215231	0.243954	0.0349769	0.0960308	0.0509923	0.0464692	0.168608	
0	0	0	0	0.211877	0.0415077	0.0370077	0.0479077	0.0397846	0.0114538	0.256208	0.0308538	0.00145385	0.000869231	0.334885	0.00109231	0.00106923	0.00645385	0.000569231	0.330208	0.191138	0.0239538	0.100208	0.023	0.225385	0.0359923	0.0239923	0.0529308	0.0575154	0.0195308	0.227938	0.0333154	0.0894385	0.0470923	0.0432385	0.158531	
0	0	0	0	0.113	0.0230846	0.0195	0.0258615	0.0209769	0.00611538	0.137662	0.0166923	0.000923077	0.000415385	0.179615	0.000492308	0.000584615	0.0033	0.000338462	0.177223	0.1022	0.0126385	0.0551077	0.0115	0.120738	0.0190615	0.0128	0.0288462	0.0305692	0.0106462	0.122508	0.0177231	0.0485769	0.0256308	0.0237154	0.0835231	
0	0	0	0	0.0741846	0.0146154	0.0130077	0.0163462	0.0136769	0.00421538	0.0891769	0.0110846	0.000553846	0.000315385	0.116938	0.000346154	0.000438462	0.0023	0.000176923	0.115238	0.0671077	0.008	0.0353	0.00774615	0.0787385	0.0123154	0.00835385	0.0187462	0.0204769	0.00669231	0.0792923	0.0116923	0.0314846	0.0161538	0.0151769	0.0553385	
0.226869	0.211877	0.113	0.0741846	0	0	0	0	0.0544077	0.0157154	0.514046	0.0417615	0.00300769	0.00155385	0.619577	0.00179231	0.00199231	0.0117154	0.00109231	0.611131	0.3644	0.0417462	0.180069	0.0397154	0.408915	0.0687077	0.0459692	0.102338	0.131023	0.045	0.375115	0.0747923	0.176592	0.0930308	0.0845385	0.271769	
0.0456308	0.0415077	0.0230846	0.0146154	0	0	0	0	0.0205231	0.00607692	0.0818	0.0164385	0.0006	0.000415385	0.123508	0.000315385	0.000369231	0.00236923	0.000153846	0.121946	0.0675769	0.00887692	0.0394615	0.00892308	0.0852385	0.0124077	0.00843077	0.0187615	0.0122923	0.00461538	0.100515	0.00741538	0.0299846	0.0155308	0.0147923	0.0645308	
0.0398385	0.0370077	0.0195	0.0130077	0	0	0	0	0.0180154	0.00531538	0.0715462	0.0144769	0.0005	0.000238462	0.108346	0.000269231	0.000384615	0.00205385	0.000238462	0.106677	0.0582308	0.00804615	0.0353615	0.00771538	0.0751077	0.0110615	0.00711538	0.0160692	0.0117231	0.0039	0.0872	0.00653077	0.0258385	0.0140923	0.0130538	0.0563692	
0.0497615	0.0479077	0.0258615	0.0163462	0	0	0	0	0.0240308	0.00706154	0.0904538	0.0183308	0.000538462	0.000330769	0.138385	0.000623077	0.000530769	0.0026	0.0002	0.136546	0.0747154	0.0102308	0.0448846	0.0100462	0.0958308	0.0139923	0.00900769	0.0210462	0.0151692	0.00487692	0.110862	0.00896923	0.0331154	0.0172154	0.0162154	0.0733308	
0.0425385	0.0397846	0.0209769	0.0136769	0.0544077	0.0205231	0.0180154	0.0240308	0	0	0	0	0.0005	0.0003	0.115869	0.000307692	0.000376923	0.00217692	0.000169231	0.114254	0.0643385	0.00844615	0.0362308	0.00796154	0.0791308	0.0118308	0.00795385	0.0180615	0.0154692	0.00542308	0.087	0.00908462	0.02	0.0101462	0.00931538	0.0775154	
0.0123846	0.0114538	0.00611538	0.00421538	0.0157154	0.00607692	0.00531538	0.00706154	0	0	0	0	0.000107692	8.46154e-05	0.0338923	8.46154e-05	9.23077e-05	0.000592308	6.15385e-05	0.0334231	0.0182462	0.00244615	0.0111923	0.00228462	0.0227615	0.00383077	0.0021	0.00547692	0.00474615	0.00155385	0.0254	0.00246923	0.00602308	0.00320769	0.00263846	0.0223	
0.2748	0.256208	0.137662	0.0891769	0.514046	0.0818	0.0715462	0.0904538	0	0	0	0	0.00357692	0.00186154	0.750054	0.00235385	0.00256154	0.0143923	0.00132308	0.739569	0.431885	0.0516462	0.2244	0.0499154	0.501746	0.0814462	0.0542692	0.120385	0.137323	0.0473692	0.4943	0.0788538	0.224069	0.118154	0.1091	0.306523	
0.0323769	0.0308538	0.0166923	0.0110846	0.0417615	0.0164385	0.0144769	0.0183308	0	0	0	0	0.000461538	0.000292308	0.09	0.000253846	0.000246154	0.00157692	0.000130769	0.0890538	0.0504538	0.00636154	0.0279538	0.00623846	0.0614538	0.00906154	0.0062	0.0142923	0.0126692	0.00404615	0.0669923	0.0073	0.0154385	0.00836154	0.00754615	0.0596615	
0.00171538	0.00145385	0.000923077	0.000553846	0.00300769	0.0006	0.0005	0.000538462	0.0005	0.000107692	0.00357692	0.000461538	0	0	0	0	1.53846e-05	0.0001	2.30769e-05	0.00450769	0.00249231	0.0003	0.00153077	0.000323077	0.00314615	0.000484615	0.000284615	0.000730769	0.000738462	0.000261538	0.00313077	0.000515385	0.00126154	0.000653846	0.000638462	0.00209231	
0.000938462	0.000869231	0.000415385	0.000315385	0.00155385	0.000415385	0.000238462	0.000330769	0.0003	8.46154e-05	0.00186154	0.000292308	0	0	0	0	1.53846e-05	6.15385e-05	1.53846e-05	0.00244615	0.00151538	0.0002	0.000661538	0.000161538	0.00161538	0.000330769	0.000146154	0.000446154	0.000469231	0.0001	0.00166923	0.0003	0.000569231	0.000253846	0.000407692	0.00130769	
0.358377	0.334885	0.179615	0.116938	0.619577	0.123508	0.108346	0.138385	0.115869	0.0338923	0.750054	0.09	0	0	0	0	0.00324615	0.0185462	0.00164615	0.966377	0.559346	0.0682	0.296592	0.0656769	0.658408	0.104977	0.0698923	0.156538	0.168485	0.0578538	0.666838	0.0966385	0.262931	0.138654	0.127123	0.461108	
0.00106923	0.00109231	0.000492308	0.000346154	0.00179231	0.000315385	0.000269231	0.000623077	0.000307692	8.46154e-05	0.00235385	0.000253846	0	0	0	0	0	3.07692e-05	0	0.00296923	0.00156923	0.0002	0.000992308	0.000238462	0.00192308	0.000376923	0.0002	0.0005	0.000515385	0.000176923	0.00205385	0.000253846	0.000769231	0.000307692	0.000430769	0.00149231	
0.00118462	0.00106923	0.000584615	0.000438462	0.00199231	0.000369231	0.000384615	0.000530769	0.000376923	9.23077e-05	0.00256154	0.000246154	1.53846e-05	1.53846e-05	0.00324615	0	0	0	0	0	0.00182308	0.000230769	0.00104615	0.000176923	0.00212308	0.000369231	0.000238462	0.000546154	0.000569231	0.000146154	0.00223077	0.000330769	0.000846154	0.000415385	0.000253846	0.00176154	
0.00668462	0.00645385	0.0033	0.0023	0.0117154	0.00236923	0.00205385	0.0026	0.00217692	0.000592308	0.0143923	0.00157692	0.0001	6.15385e-05	0.0185462	3.07692e-05	0	0	0	0	0.0105846	0.00133077	0.00556154	0.00126154	0.0122538	0.0021	0.00125385	0.00313077	0.00317692	0.00105385	0.0127154	0.00179231	0.00483846	0.00246923	0.00252308	0.00890769	
0.0006	0.000569231	0.000338462	0.000176923	0.00109231	0.000153846	0.000238462	0.0002	0.000169231	6.15385e-05	0.00132308	0.000130769	2.30769e-05	1.53846e-05	0.00164615	0	0	0	0	0	0.000961538	0.000138462	0.000523077	6.15385e-05	0.00120769	0.000138462	0.0001	0.000238462	0.000361538	8.46154e-05	0.00113846	0.0001	0.000461538	0.000230769	0.000169231	0.000823077	
0.353631	0.330208	0.177223	0.115238	0.611131	0.121946	0.106677	0.136546	0.114254	0.0334231	0.739569	0.0890538	0.00450769	0.00244615	0.966377	0.00296923	0	0	0	0	0.551554	0.0672	0.292646	0.0649	0.649508	0.103562	0.0689308	0.1543	0.1661	0.0571077	0.657608	0.0954846	0.259385	0.136754	0.125654	0.454508	
0.204477	0.191138	0.1022	0.0671077	0.3644	0.0675769	0.0582308	0.0747154	0.0643385	0.0182462	0.431885	0.0504538	0.00249231	0.00151538	0.559346	0.00156923	0.00182308	0.0105846	0.000961538	0.551554	0	0	0	0	0.366892	0.0630769	0.0421308	0.0928231	0.124046	0.0426385	0.3274	0.0708385	0.155292	0.0831846	0.0762692	0.250177	
0.0243077	0.0239538	0.0126385	0.008	0.0417462	0.00887692	0.00804615	0.0102308	0.00844615	0.00244615	0.0516462	0.00636154	0.0003	0.0002	0.0682	0.0002	0.000230769	0.00133077	0.000138462	0.0672	0	0	0	0	0.0464692	0.00675385	0.00477692	0.0109	0.00716923	0.0024	0.0552385	0.00409231	0.0173692	0.00883077	0.00802308	0.0346769	
0.109162	0.100208	0.0551077	0.0353	0.180069	0.0394615	0.0353615	0.0448846	0.0362308	0.0111923	0.2244	0.0279538	0.00153077	0.000661538	0.296592	0.000992308	0.00104615	0.00556154	0.000523077	0.292646	0	0	0	0	0.206015	0.0295769	0.0192385	0.0449462	0.0318077	0.0105615	0.238862	0.0185462	0.0760769	0.0391846	0.0365692	0.147946	
0.0241538	0.023	0.0115	0.00774615	0.0397154	0.00892308	0.00771538	0.0100462	0.00796154	0.00228462	0.0499154	0.00623846	0.000323077	0.000161538	0.0656769	0.000238462	0.000176923	0.00126154	6.15385e-05	0.0649	0	0	0	0	0.0457154	0.00676154	0.00437692	0.00954615	0.00718462	0.00279231	0.0521923	0.00423077	0.0167923	0.00866923	0.00773846	0.0332	
0.240231	0.225385	0.120738	0.0787385	0.408915	0.0852385	0.0751077	0.0958308	0.0791308	0.0227615	0.501746	0.0614538	0.00314615	0.00161538	0.658408	0.00192308	0.00212308	0.0122538	0.00120769	0.649508	0.366892	0.0464692	0.206015	0.0457154	0	0	0	0	0.0937231	0.0325	0.484708	0.0541615	0.171831	0.0906231	0.0833538	0.319285	
0.0388	0.0359923	0.0190615	0.0123154	0.0687077	0.0124077	0.0110615	0.0139923	0.0118308	0.00383077	0.0814462	0.00906154	0.000484615	0.000330769	0.104977	0.000376923	0.000369231	0.0021	0.000138462	0.103562	0.0630769	0.00675385	0.0295769	0.00676154	0	0	0	0	0.0245462	0.00871538	0.0591923	0.0137154	0.0294769	0.0156769	0.0146308	0.0463846	
0.0253769	0.0239923	0.0128	0.00835385	0.0459692	0.00843077	0.00711538	0.00900769	0.00795385	0.0021	0.0542692	0.0062	0.000284615	0.000146154	0.0698923	0.0002	0.000238462	0.00125385	0.0001	0.0689308	0.0421308	0.00477692	0.0192385	0.00437692	0	0	0	0	0.0161	0.00534615	0.0399846	0.00909231	0.0200385	0.0103154	0.00935385	0.0308154	
0.0576923	0.0529308	0.0288462	0.0187462	0.102338	0.0187615	0.0160692	0.0210462	0.0180615	0.00547692	0.120385	0.0142923	0.000730769	0.000446154	0.156538	0.0005	0.000546154	0.00313077	0.000238462	0.1543	0.0928231	0.0109	0.0449462	0.00954615	0	0	0	0	0.0358385	0.0118308	0.0898077	0.0207385	0.0441846	0.0232538	0.0212615	0.0695154	
0.0616462	0.0575154	0.0305692	0.0204769	0.131023	0.0122923	0.0117231	0.0151692	0.0154692	0.00474615	0.137323	0.0126692	0.000738462	0.000469231	0.168485	0.000515385	0.000569231	0.00317692	0.000361538	0.1661	0.124046	0.00716923	0.0318077	0.00718462	0.0937231	0.0245462	0.0161	0.0358385	0	0	0	0	0.0589154	0.0306769	0.0284231	0.0521923	
0.0215231	0.0195308	0.0106462	0.00669231	0.045	0.00461538	0.0039	0.00487692	0.00542308	0.00155385	0.0473692	0.00404615	0.000261538	0.0001	0.0578538	0.000176923	0.000146154	0.00105385	8.46154e-05	0.0571077	0.0426385	0.0024	0.0105615	0.00279231	0.0325	0.00871538	0.00534615	0.0118308	0	0	0	0	0.0201385	0.0109308	0.00987692	0.0174462	
0.243954	0.227938	0.122508	0.0792923	0.375115	0.100515	0.0872	0.110862	0.087	0.0254	0.4943	0.0669923	0.00313077	0.00166923	0.666838	0.00205385	0.00223077	0.0127154	0.00113846	0.657608	0.3274	0.0552385	0.238862	0.0521923	0.484708	0.0591923	0.0399846	0.0898077	0	0	0	0	0.153092	0.0801692	0.0736538	0.366777	
0.0349769	0.0333154	0.0177231	0.0116923	0.0747923	0.00741538	0.00653077	0.00896923	0.00908462	0.00246923	0.0788538	0.0073	0.000515385	0.0003	0.0966385	0.000253846	0.000330769	0.00179231	0.0001	0.0954846	0.0708385	0.00409231	0.0185462	0.00423077	0.0541615	0.0137154	0.00909231	0.0207385	0	0	0	0	0.0333846	0.0180923	0.0166462	0.0295846	
0.0960308	0.0894385	0.0485769	0.0314846	0.176592	0.0299846	0.0258385	0.0331154	0.02	0.00602308	0.224069	0.0154385	0.00126154	0.000569231	0.262931	0.000769231	0.000846154	0.00483846	0.000461538	0.259385	0.155292	0.0173692	0.0760769	0.0167923	0.171831	0.0294769	0.0200385	0.0441846	0.0589154	0.0201385	0.153092	0.0333846	0	0	0	0	
0.0509923	0.0470923	0.0256308	0.0161538	0.0930308	0.0155308	0.0140923	0.0172154	0.0101462	0.00320769	0.118154	0.00836154	0.000653846	0.000253846	0.138654	0.000307692	0.000415385	0.00246923	0.000230769	0.136754	0.0831846	0.00883077	0.0391846	0.00866923	0.0906231	0.0156769	0.0103154	0.0232538	0.0306769	0.0109308	0.0801692	0.0180923	0	0	0	0	
0.0464692	0.0432385	0.0237154	0.0151769	0.0845385	0.0147923	0.0130538	0.0162154	0.00931538	0.00263846	0.1091	0.00754615	0.000638462	0.000407692	0.127123	0.000430769	0.000253846	0.00252308	0.000169231	0.125654	0.0762692	0.00802308	0.0365692	0.00773846	0.0833538	0.0146308	0.00935385	0.0212615	0.0284231	0.00987692	0.0736538	0.0166462	0	0	0	0	
0.168608	0.158531	0.0835231	0.0553385	0.271769	0.0645308	0.0563692	0.0733308	0.0775154	0.0223	0.306523	0.0596615	0.00209231	0.00130769	0.461108	0.00149231	0.00176154	0.00890769	0.000823077	0.454508	0.250177	0.0346769	0.147946	0.0332	0.319285	0.0463846	0.0308154	0.0695154	0.0521923	0.0174462	0.366777	0.0295846	0	0	0	0	
