0	0	0	0	0.223577	0.0459615	0.0385692	0.0496538	0.0427538	0.0116462	0.271292	0.0320692	0.00177692	0.000961538	0.353792	0.00123077	0.00107692	0.00676923	0.000707692	0.349208	0.204592	0.0241769	0.105731	0.0232615	0.237954	0.0375923	0.0256154	0.0566	0.0606538	0.0218538	0.240323	0.0349308	0.096	0.0494385	0.0465154	0.165808	
0	0	0	0	0.215169	0.0435923	0.0383538	0.0476385	0.0408308	0.0119077	0.261069	0.0309462	0.00146154	0.000723077	0.341608	0.000961538	0.00100769	0.00622308	0.000630769	0.336892	0.194346	0.0239538	0.103	0.0234538	0.229623	0.0356308	0.0243231	0.0551769	0.0583	0.0201462	0.2335	0.0328077	0.0911769	0.0488769	0.0443154	0.160385	
0	0	0	0	0.110969	0.0225385	0.0199769	0.0250692	0.0209769	0.00641538	0.1352	0.0159615	0.000869231	0.000461538	0.176662	0.000561538	0.000576923	0.00313846	0.000384615	0.174454	0.101192	0.0120308	0.0529231	0.0124077	0.118762	0.0191077	0.0124769	0.0282077	0.0307846	0.0103692	0.119738	0.0176615	0.0466462	0.0248692	0.0231692	0.0838692	
0	0	0	0	0.0743615	0.0151385	0.0130231	0.0164077	0.0138077	0.00400769	0.0905	0.0106154	0.000546154	0.000253846	0.117762	0.000369231	0.000338462	0.002	0.000130769	0.116462	0.0677538	0.00835385	0.0353	0.00752308	0.0784077	0.0127077	0.00835385	0.0194615	0.0201385	0.00679231	0.0801615	0.0118385	0.0311769	0.0164538	0.0148231	0.0564769	
0.223577	0.215169	0.110969	0.0743615	0	0	0	0	0.0543231	0.0157538	0.513077	0.0409231	0.00305385	0.00147692	0.617746	0.0018	0.00184615	0.0113692	0.00108462	0.609777	0.365754	0.0417077	0.176246	0.0403692	0.408585	0.0674769	0.0459	0.102115	0.130362	0.0450923	0.3747	0.0739231	0.175169	0.0921077	0.0855	0.2713	
0.0459615	0.0435923	0.0225385	0.0151385	0	0	0	0	0.0214231	0.00606923	0.0831308	0.0166077	0.000538462	0.000330769	0.125885	0.000476923	0.0004	0.00220769	0.0002	0.124423	0.0683462	0.00902308	0.0411231	0.00873846	0.0869615	0.0129538	0.00823846	0.0190769	0.0136077	0.00486154	0.100908	0.00785385	0.0307846	0.0166077	0.0141462	0.0656923	
0.0385692	0.0383538	0.0199769	0.0130231	0	0	0	0	0.0191769	0.00516154	0.0717846	0.0138	0.000461538	0.000253846	0.108877	0.000330769	0.000407692	0.0021	0.0002	0.107215	0.0591385	0.00791538	0.0347923	0.00807692	0.0746462	0.0105923	0.00757692	0.0171077	0.0118385	0.004	0.0873385	0.00674615	0.0261923	0.0136077	0.0126769	0.0574462	
0.0496538	0.0476385	0.0250692	0.0164077	0	0	0	0	0.0234462	0.00699231	0.0900692	0.0182615	0.0006	0.000338462	0.137315	0.000515385	0.000346154	0.00245385	0.000369231	0.1356	0.0746462	0.00986923	0.0447923	0.00946154	0.0945538	0.0140154	0.00905385	0.0211462	0.0140692	0.00520769	0.110777	0.00871538	0.0328538	0.0173154	0.0165	0.0721	
0.0427538	0.0408308	0.0209769	0.0138077	0.0543231	0.0214231	0.0191769	0.0234462	0	0	0	0	0.000484615	0.000184615	0.1173	0.0004	0.000284615	0.00202308	0.000261538	0.1158	0.0657769	0.00844615	0.0358923	0.00825385	0.0798231	0.0126538	0.00804615	0.0178462	0.0155308	0.00538462	0.0884385	0.00901538	0.0195385	0.0101462	0.00956154	0.0791231	
0.0116462	0.0119077	0.00641538	0.00400769	0.0157538	0.00606923	0.00516154	0.00699231	0	0	0	0	0.000130769	8.46154e-05	0.0336308	0.000130769	6.92308e-05	0.000523077	6.15385e-05	0.0333231	0.0194692	0.00229231	0.0101	0.00211538	0.0225308	0.00363846	0.00253846	0.00526923	0.00471538	0.00160769	0.0248308	0.00282308	0.00548462	0.0032	0.00282308	0.0224692	
0.271292	0.261069	0.1352	0.0905	0.513077	0.0831308	0.0717846	0.0900692	0	0	0	0	0.00356923	0.0019	0.750323	0.00226923	0.00237692	0.0140692	0.00137692	0.740238	0.433515	0.0514846	0.223131	0.0499308	0.501685	0.0801231	0.0540615	0.122192	0.137985	0.0477923	0.494215	0.0780692	0.224915	0.118362	0.109385	0.3054	
0.0320692	0.0309462	0.0159615	0.0106154	0.0409231	0.0166077	0.0138	0.0182615	0	0	0	0	0.000469231	0.000230769	0.0885692	0.000323077	0.000269231	0.00151538	0.000153846	0.0876538	0.0491231	0.00629231	0.0278308	0.00634615	0.0607077	0.00862308	0.00612308	0.0141385	0.0116462	0.00437692	0.0662385	0.00733077	0.0150615	0.00793077	0.00705385	0.0595462	
0.00177692	0.00146154	0.000869231	0.000546154	0.00305385	0.000538462	0.000461538	0.0006	0.000484615	0.000130769	0.00356923	0.000469231	0	0	0	0	7.69231e-06	0.000115385	0	0.00453077	0.00258462	0.000338462	0.00136923	0.000361538	0.00314615	0.000538462	0.000307692	0.000661538	0.000761538	0.000276923	0.00315385	0.000461538	0.00123846	0.000561538	0.000576923	0.00227692	
0.000961538	0.000723077	0.000461538	0.000253846	0.00147692	0.000330769	0.000253846	0.000338462	0.000184615	8.46154e-05	0.0019	0.000230769	0	0	0	0	1.53846e-05	6.92308e-05	1.53846e-05	0.0023	0.00133846	0.000184615	0.000692308	0.000184615	0.00170769	0.000230769	0.000130769	0.000330769	0.000392308	0.000115385	0.00166154	0.000230769	0.000546154	0.000369231	0.000376923	0.00110769	
0.353792	0.341608	0.176662	0.117762	0.617746	0.125885	0.108877	0.137315	0.1173	0.0336308	0.750323	0.0885692	0	0	0	0	0.00297692	0.0178769	0.00183846	0.967131	0.562123	0.0677923	0.294023	0.0658846	0.657623	0.104046	0.0701769	0.157977	0.168223	0.0586	0.666708	0.0962923	0.262431	0.138208	0.127431	0.461754	
0.00123077	0.000961538	0.000561538	0.000369231	0.0018	0.000476923	0.000330769	0.000515385	0.0004	0.000130769	0.00226923	0.000323077	0	0	0	0	0	6.92308e-05	0	0.00305385	0.00183846	0.0002	0.000869231	0.000215385	0.00226923	0.000223077	0.000153846	0.000476923	0.0005	0.000169231	0.0022	0.000253846	0.000784615	0.0005	0.000438462	0.0014	
0.00107692	0.00100769	0.000576923	0.000338462	0.00184615	0.0004	0.000407692	0.000346154	0.000284615	6.92308e-05	0.00237692	0.000269231	7.69231e-06	1.53846e-05	0.00297692	0	0	0	0	0	0.00183846	0.000223077	0.000784615	0.000153846	0.00191538	0.000376923	0.000238462	0.000469231	0.000584615	0.000176923	0.00190769	0.000330769	0.000792308	0.000461538	0.000376923	0.00136923	
0.00676923	0.00622308	0.00313846	0.002	0.0113692	0.00220769	0.0021	0.00245385	0.00202308	0.000523077	0.0140692	0.00151538	0.000115385	6.92308e-05	0.0178769	6.92308e-05	0	0	0	0	0.0103231	0.00126923	0.00531538	0.00122308	0.0123385	0.00179231	0.00127692	0.00272308	0.00300769	0.000915385	0.0124	0.00180769	0.00483077	0.00278462	0.00232308	0.00819231	
0.000707692	0.000630769	0.000384615	0.000130769	0.00108462	0.0002	0.0002	0.000369231	0.000261538	6.15385e-05	0.00137692	0.000153846	0	1.53846e-05	0.00183846	0	0	0	0	0	0.00106154	0.000161538	0.000484615	0.000146154	0.00116923	0.000230769	0.000146154	0.000307692	0.000392308	9.23077e-05	0.00124615	0.000123077	0.000469231	0.000276923	0.000238462	0.000869231	
0.349208	0.336892	0.174454	0.116462	0.609777	0.124423	0.107215	0.1356	0.1158	0.0333231	0.740238	0.0876538	0.00453077	0.0023	0.967131	0.00305385	0	0	0	0	0.554662	0.0668615	0.290369	0.0651231	0.649323	0.102638	0.0691077	0.155946	0.165892	0.0579769	0.658169	0.0949769	0.258908	0.136115	0.125885	0.456108	
0.204592	0.194346	0.101192	0.0677538	0.365754	0.0683462	0.0591385	0.0746462	0.0657769	0.0194692	0.433515	0.0491231	0.00258462	0.00133846	0.562123	0.00183846	0.00183846	0.0103231	0.00106154	0.554662	0	0	0	0	0.369277	0.0620615	0.0422692	0.0942769	0.124438	0.0431538	0.329262	0.0710308	0.157115	0.0830154	0.0763077	0.251446	
0.0241769	0.0239538	0.0120308	0.00835385	0.0417077	0.00902308	0.00791538	0.00986923	0.00844615	0.00229231	0.0514846	0.00629231	0.000338462	0.000184615	0.0677923	0.0002	0.000223077	0.00126923	0.000161538	0.0668615	0	0	0	0	0.0470692	0.00674615	0.00444615	0.0102538	0.00699231	0.00226923	0.0551462	0.00410769	0.0171154	0.00842308	0.00835385	0.0346231	
0.105731	0.103	0.0529231	0.0353	0.176246	0.0411231	0.0347923	0.0447923	0.0358923	0.0101	0.223131	0.0278308	0.00136923	0.000692308	0.294023	0.000869231	0.000784615	0.00531538	0.000484615	0.290369	0	0	0	0	0.2032	0.0294462	0.0192923	0.0450154	0.0313385	0.0111231	0.236446	0.0180462	0.0736692	0.0392462	0.0360538	0.147985	
0.0232615	0.0234538	0.0124077	0.00752308	0.0403692	0.00873846	0.00807692	0.00946154	0.00825385	0.00211538	0.0499308	0.00634615	0.000361538	0.000184615	0.0658846	0.000215385	0.000153846	0.00122308	0.000146154	0.0651231	0	0	0	0	0.0452	0.00678462	0.00476154	0.0099	0.00710769	0.00261538	0.0528692	0.00405385	0.0171	0.00895385	0.00810769	0.0324846	
0.237954	0.229623	0.118762	0.0784077	0.408585	0.0869615	0.0746462	0.0945538	0.0798231	0.0225308	0.501685	0.0607077	0.00314615	0.00170769	0.657623	0.00226923	0.00191538	0.0123385	0.00116923	0.649323	0.369277	0.0470692	0.2032	0.0452	0	0	0	0	0.0935	0.0322077	0.485554	0.0534846	0.1704	0.0906385	0.0841615	0.319546	
0.0375923	0.0356308	0.0191077	0.0127077	0.0674769	0.0129538	0.0105923	0.0140154	0.0126538	0.00363846	0.0801231	0.00862308	0.000538462	0.000230769	0.104046	0.000223077	0.000376923	0.00179231	0.000230769	0.102638	0.0620615	0.00674615	0.0294462	0.00678462	0	0	0	0	0.0239538	0.00857692	0.0589154	0.0135923	0.0296769	0.0150077	0.0142077	0.0461462	
0.0256154	0.0243231	0.0124769	0.00835385	0.0459	0.00823846	0.00757692	0.00905385	0.00804615	0.00253846	0.0540615	0.00612308	0.000307692	0.000130769	0.0701769	0.000153846	0.000238462	0.00127692	0.000146154	0.0691077	0.0422692	0.00444615	0.0192923	0.00476154	0	0	0	0	0.0162462	0.00550769	0.0395538	0.00946154	0.0197692	0.0107231	0.00937692	0.0309	
0.0566	0.0551769	0.0282077	0.0194615	0.102115	0.0190769	0.0171077	0.0211462	0.0178462	0.00526923	0.122192	0.0141385	0.000661538	0.000330769	0.157977	0.000476923	0.000469231	0.00272308	0.000307692	0.155946	0.0942769	0.0102538	0.0450154	0.0099	0	0	0	0	0.0361769	0.0128692	0.0897	0.0207	0.0451538	0.0232692	0.0210769	0.0699462	
0.0606538	0.0583	0.0307846	0.0201385	0.130362	0.0136077	0.0118385	0.0140692	0.0155308	0.00471538	0.137985	0.0116462	0.000761538	0.000392308	0.168223	0.0005	0.000584615	0.00300769	0.000392308	0.165892	0.124438	0.00699231	0.0313385	0.00710769	0.0935	0.0239538	0.0162462	0.0361769	0	0	0	0	0.0593538	0.0308692	0.0285692	0.0510846	
0.0218538	0.0201462	0.0103692	0.00679231	0.0450923	0.00486154	0.004	0.00520769	0.00538462	0.00160769	0.0477923	0.00437692	0.000276923	0.000115385	0.0586	0.000169231	0.000176923	0.000915385	9.23077e-05	0.0579769	0.0431538	0.00226923	0.0111231	0.00261538	0.0322077	0.00857692	0.00550769	0.0128692	0	0	0	0	0.0204385	0.0109769	0.0100231	0.0177231	
0.240323	0.2335	0.119738	0.0801615	0.3747	0.100908	0.0873385	0.110777	0.0884385	0.0248308	0.494215	0.0662385	0.00315385	0.00166154	0.666708	0.0022	0.00190769	0.0124	0.00124615	0.658169	0.329262	0.0551462	0.236446	0.0528692	0.485554	0.0589154	0.0395538	0.0897	0	0	0	0	0.151569	0.0800769	0.0737923	0.368285	
0.0349308	0.0328077	0.0176615	0.0118385	0.0739231	0.00785385	0.00674615	0.00871538	0.00901538	0.00282308	0.0780692	0.00733077	0.000461538	0.000230769	0.0962923	0.000253846	0.000330769	0.00180769	0.000123077	0.0949769	0.0710308	0.00410769	0.0180462	0.00405385	0.0534846	0.0135923	0.00946154	0.0207	0	0	0	0	0.0336385	0.0177154	0.0164385	0.0294462	
0.096	0.0911769	0.0466462	0.0311769	0.175169	0.0307846	0.0261923	0.0328538	0.0195385	0.00548462	0.224915	0.0150615	0.00123846	0.000546154	0.262431	0.000784615	0.000792308	0.00483077	0.000469231	0.258908	0.157115	0.0171154	0.0736692	0.0171	0.1704	0.0296769	0.0197692	0.0451538	0.0593538	0.0204385	0.151569	0.0336385	0	0	0	0	
0.0494385	0.0488769	0.0248692	0.0164538	0.0921077	0.0166077	0.0136077	0.0173154	0.0101462	0.0032	0.118362	0.00793077	0.000561538	0.000369231	0.138208	0.0005	0.000461538	0.00278462	0.000276923	0.136115	0.0830154	0.00842308	0.0392462	0.00895385	0.0906385	0.0150077	0.0107231	0.0232692	0.0308692	0.0109769	0.0800769	0.0177154	0	0	0	0	
0.0465154	0.0443154	0.0231692	0.0148231	0.0855	0.0141462	0.0126769	0.0165	0.00956154	0.00282308	0.109385	0.00705385	0.000576923	0.000376923	0.127431	0.000438462	0.000376923	0.00232308	0.000238462	0.125885	0.0763077	0.00835385	0.0360538	0.00810769	0.0841615	0.0142077	0.00937692	0.0210769	0.0285692	0.0100231	0.0737923	0.0164385	0	0	0	0	
0.165808	0.160385	0.0838692	0.0564769	0.2713	0.0656923	0.0574462	0.0721	0.0791231	0.0224692	0.3054	0.0595462	0.00227692	0.00110769	0.461754	0.0014	0.00136923	0.00819231	0.000869231	0.456108	0.251446	0.0346231	0.147985	0.0324846	0.319546	0.0461462	0.0309	0.0699462	0.0510846	0.0177231	0.368285	0.0294462	0	0	0	0	
