0	0	0	0	0.22627	0.0419	0.02736	0.05333	0.03229	0.01677	0.26334	0.03646	0.00269	0.00548	0.33926	0.00143	0.00313	0.00375	0.00291	0.33907	0.21131	0.02512	0.06698	0.04545	0.16718	0.06241	0.03182	0.08745	0.06486	0.03554	0.18169	0.06677	0.07131	0.07613	0.04648	0.15494	
0	0	0	0	0.21747	0.04012	0.02701	0.04981	0.03097	0.01561	0.25212	0.03571	0.00227	0.00515	0.32557	0.00142	0.00278	0.00351	0.00255	0.32557	0.20309	0.02457	0.06279	0.04396	0.16099	0.05993	0.02941	0.08408	0.06198	0.03649	0.17166	0.06428	0.07039	0.07286	0.04472	0.14644	
0	0	0	0	0.12473	0.02364	0.016	0.0287	0.01842	0.00938	0.14473	0.02054	0.0013	0.00297	0.18802	0.00078	0.00182	0.0019	0.00164	0.18771	0.11603	0.01417	0.03723	0.02564	0.0918	0.03552	0.01722	0.04853	0.03523	0.02107	0.10044	0.03633	0.04006	0.0423	0.02576	0.08495	
0	0	0	0	0.03525	0.03085	0.01989	0.03767	0.01545	0.00799	0.08298	0.01724	0.00091	0.00195	0.12042	0.00038	0.001	0.00137	0.00097	0.12032	0.07709	0.00843	0.0235	0.01464	0.06342	0.02013	0.01096	0.02915	0.02006	0.01144	0.07151	0.02065	0.02487	0.02703	0.01584	0.05592	
0.22627	0.21747	0.12473	0.03525	0	0	0	0	0.03992	0.02015	0.49935	0.0443	0.00426	0.00877	0.58836	0.00233	0.00515	0.00644	0.0048	0.58733	0.35507	0.04552	0.11636	0.08677	0.27134	0.11589	0.05561	0.16088	0.12622	0.07137	0.27546	0.13067	0.1284	0.13101	0.08247	0.26184	
0.0419	0.04012	0.02364	0.03085	0	0	0	0	0.02384	0.01198	0.07349	0.0272	0.00101	0.00247	0.13246	0.00057	0.00119	0.00136	0.00117	0.13279	0.08685	0.00934	0.02542	0.0149	0.0746	0.02061	0.01171	0.02959	0.01885	0.0113	0.08726	0.0191	0.02681	0.03044	0.01687	0.06239	
0.02736	0.02701	0.016	0.01989	0	0	0	0	0.01537	0.00805	0.04865	0.01819	0.00077	0.00157	0.08751	0.00041	0.00075	0.00086	0.00075	0.0879	0.05703	0.00637	0.01715	0.00971	0.04934	0.01361	0.00737	0.01994	0.01194	0.00744	0.05826	0.01262	0.01774	0.01964	0.01197	0.04091	
0.05333	0.04981	0.0287	0.03767	0	0	0	0	0.018	0.00957	0.12168	0.02026	0.00113	0.00274	0.16494	0.0007	0.00164	0.00187	0.00135	0.16465	0.10857	0.01106	0.03157	0.01831	0.08811	0.02788	0.01472	0.0388	0.02512	0.01443	0.10432	0.02564	0.03368	0.03723	0.02149	0.07711	
0.03229	0.03097	0.01842	0.01545	0.03992	0.02384	0.01537	0.018	0	0	0	0	0.00087	0.00209	0.09363	0.00054	0.00073	0.00116	0.00078	0.09446	0.05894	0.00696	0.01955	0.01168	0.05734	0.01308	0.00702	0.01969	0.01205	0.00712	0.06536	0.0126	0.01872	0.02195	0.01212	0.04434	
0.01677	0.01561	0.00938	0.00799	0.02015	0.01198	0.00805	0.00957	0	0	0	0	0.00043	0.00111	0.04798	0.00023	0.00038	0.00052	0.00048	0.04837	0.03024	0.00359	0.00948	0.00644	0.02891	0.00656	0.00352	0.01076	0.00653	0.0038	0.03311	0.00631	0.00985	0.01081	0.0063	0.02279	
0.26334	0.25212	0.14473	0.08298	0.49935	0.07349	0.04865	0.12168	0	0	0	0	0.00499	0.01025	0.72527	0.00266	0.00672	0.00754	0.00607	0.72284	0.45182	0.05359	0.13956	0.0982	0.33254	0.14368	0.0702	0.19675	0.14906	0.0855	0.3543	0.15431	0.15641	0.16078	0.10098	0.325	
0.03646	0.03571	0.02054	0.01724	0.0443	0.0272	0.01819	0.02026	0	0	0	0	0.00088	0.0021	0.10639	0.00058	0.0009	0.00131	0.00074	0.107	0.06652	0.00815	0.02191	0.01337	0.0646	0.01467	0.00867	0.02201	0.01449	0.00812	0.07253	0.01481	0.02165	0.02478	0.0134	0.05012	
0.00269	0.00227	0.0013	0.00091	0.00426	0.00101	0.00077	0.00113	0.00087	0.00043	0.00499	0.00088	0	0	0	0	0.00013	9e-05	0.00015	0.0068	0.00432	0.00052	0.00143	0.0009	0.00352	0.0013	0.00069	0.00166	0.00113	0.00071	0.00407	0.00126	0.00151	0.00154	0.00089	0.00323	
0.00548	0.00515	0.00297	0.00195	0.00877	0.00247	0.00157	0.00274	0.00209	0.00111	0.01025	0.0021	0	0	0	0	0.00027	0.00027	0.00012	0.01489	0.0096	0.00101	0.00286	0.00208	0.00771	0.0025	0.00132	0.00402	0.00248	0.0017	0.0087	0.00267	0.0032	0.00326	0.00209	0.007	
0.33926	0.32557	0.18802	0.12042	0.58836	0.13246	0.08751	0.16494	0.09363	0.04798	0.72527	0.10639	0	0	0	0	0.00826	0.01007	0.00775	0.94719	0.5912	0.0704	0.18546	0.12621	0.46997	0.17361	0.08706	0.24263	0.17792	0.10167	0.51041	0.18327	0.20111	0.2126	0.1294	0.43016	
0.00143	0.00142	0.00078	0.00038	0.00233	0.00057	0.00041	0.0007	0.00054	0.00023	0.00266	0.00058	0	0	0	0	7e-05	0.0001	5e-05	0.00379	0.0024	0.00036	0.00075	0.0005	0.00219	0.00058	0.00034	0.0009	0.0006	0.00046	0.00212	0.00083	0.00081	0.00092	0.00042	0.00186	
0.00313	0.00278	0.00182	0.001	0.00515	0.00119	0.00075	0.00164	0.00073	0.00038	0.00672	0.0009	0.00013	0.00027	0.00826	7e-05	0	0	0	0	0.00539	0.00059	0.00152	0.00123	0.00396	0.00174	0.00075	0.00228	0.00177	0.00114	0.00413	0.00169	0.00208	0.0016	0.00111	0.00394	
0.00375	0.00351	0.0019	0.00137	0.00644	0.00136	0.00086	0.00187	0.00116	0.00052	0.00754	0.00131	9e-05	0.00027	0.01007	0.0001	0	0	0	0	0.00641	0.00099	0.00179	0.00134	0.00523	0.00196	0.00097	0.00237	0.0017	0.00108	0.00576	0.00199	0.0019	0.00257	0.00138	0.00468	
0.00291	0.00255	0.00164	0.00097	0.0048	0.00117	0.00075	0.00135	0.00078	0.00048	0.00607	0.00074	0.00015	0.00012	0.00775	5e-05	0	0	0	0	0.00491	0.00062	0.00158	0.00096	0.0039	0.00142	0.00063	0.00212	0.00139	0.00072	0.00426	0.0017	0.00173	0.00165	0.00105	0.00364	
0.33907	0.32557	0.18771	0.12032	0.58733	0.13279	0.0879	0.16465	0.09446	0.04837	0.72284	0.107	0.0068	0.01489	0.94719	0.00379	0	0	0	0	0.59081	0.07009	0.18561	0.12616	0.4703	0.17287	0.08706	0.24244	0.17727	0.1016	0.51115	0.18265	0.20092	0.2125	0.12926	0.42999	
0.21131	0.20309	0.11603	0.07709	0.35507	0.08685	0.05703	0.10857	0.05894	0.03024	0.45182	0.06652	0.00432	0.0096	0.5912	0.0024	0.00539	0.00641	0.00491	0.59081	0	0	0	0	0.28435	0.10481	0.05014	0.16822	0.11912	0.06863	0.29665	0.12312	0.12624	0.13218	0.08226	0.26684	
0.02512	0.02457	0.01417	0.00843	0.04552	0.00934	0.00637	0.01106	0.00696	0.00359	0.05359	0.00815	0.00052	0.00101	0.0704	0.00036	0.00059	0.00099	0.00062	0.07009	0	0	0	0	0.03349	0.01238	0.00598	0.02044	0.01166	0.00685	0.04226	0.01152	0.01508	0.01584	0.00932	0.03205	
0.06698	0.06279	0.03723	0.0235	0.11636	0.02542	0.01715	0.03157	0.01955	0.00948	0.13956	0.02191	0.00143	0.00286	0.18546	0.00075	0.00152	0.00179	0.00158	0.18561	0	0	0	0	0.11263	0.03861	0.02093	0.01833	0.03008	0.01755	0.11119	0.03168	0.03847	0.0422	0.02484	0.08499	
0.04545	0.04396	0.02564	0.01464	0.08677	0.0149	0.00971	0.01831	0.01168	0.00644	0.0982	0.01337	0.0009	0.00208	0.12621	0.0005	0.00123	0.00134	0.00096	0.12616	0	0	0	0	0.05292	0.02219	0.01236	0.04222	0.02127	0.01151	0.0752	0.02171	0.02684	0.0281	0.01638	0.05837	
0.16718	0.16099	0.0918	0.06342	0.27134	0.0746	0.04934	0.08811	0.05734	0.02891	0.33254	0.0646	0.00352	0.00771	0.46997	0.00219	0.00396	0.00523	0.0039	0.4703	0.28435	0.03349	0.11263	0.05292	0	0	0	0	0.07859	0.04541	0.27866	0.08073	0.09812	0.10644	0.06314	0.21569	
0.06241	0.05993	0.03552	0.02013	0.11589	0.02061	0.01361	0.02788	0.01308	0.00656	0.14368	0.01467	0.0013	0.0025	0.17361	0.00058	0.00174	0.00196	0.00142	0.17287	0.10481	0.01238	0.03861	0.02219	0	0	0	0	0.04438	0.02485	0.06285	0.04591	0.03937	0.0379	0.0252	0.07552	
0.03182	0.02941	0.01722	0.01096	0.05561	0.01171	0.00737	0.01472	0.00702	0.00352	0.0702	0.00867	0.00069	0.00132	0.08706	0.00034	0.00075	0.00097	0.00063	0.08706	0.05014	0.00598	0.02093	0.01236	0	0	0	0	0.01502	0.00869	0.04996	0.01574	0.01807	0.01985	0.01191	0.03958	
0.08745	0.08408	0.04853	0.02915	0.16088	0.02959	0.01994	0.0388	0.01969	0.01076	0.19675	0.02201	0.00166	0.00402	0.24263	0.0009	0.00228	0.00237	0.00212	0.24244	0.16822	0.02044	0.01833	0.04222	0	0	0	0	0.04414	0.02559	0.13383	0.04565	0.05107	0.05413	0.03255	0.11146	
0.06486	0.06198	0.03523	0.02006	0.12622	0.01885	0.01194	0.02512	0.01205	0.00653	0.14906	0.01449	0.00113	0.00248	0.17792	0.0006	0.00177	0.0017	0.00139	0.17727	0.11912	0.01166	0.03008	0.02127	0.07859	0.04438	0.01502	0.04414	0	0	0	0	0.04612	0.03742	0.03005	0.06854	
0.03554	0.03649	0.02107	0.01144	0.07137	0.0113	0.00744	0.01443	0.00712	0.0038	0.0855	0.00812	0.00071	0.0017	0.10167	0.00046	0.00114	0.00108	0.00072	0.1016	0.06863	0.00685	0.01755	0.01151	0.04541	0.02485	0.00869	0.02559	0	0	0	0	0.0271	0.02171	0.01721	0.03852	
0.18169	0.17166	0.10044	0.07151	0.27546	0.08726	0.05826	0.10432	0.06536	0.03311	0.3543	0.07253	0.00407	0.0087	0.51041	0.00212	0.00413	0.00576	0.00426	0.51115	0.29665	0.04226	0.11119	0.0752	0.27866	0.06285	0.04996	0.13383	0	0	0	0	0.08517	0.12073	0.05493	0.26447	
0.06677	0.06428	0.03633	0.02065	0.13067	0.0191	0.01262	0.02564	0.0126	0.00631	0.15431	0.01481	0.00126	0.00267	0.18327	0.00083	0.00169	0.00199	0.0017	0.18265	0.12312	0.01152	0.03168	0.02171	0.08073	0.04591	0.01574	0.04565	0	0	0	0	0.04824	0.03846	0.03061	0.07072	
0.07131	0.07039	0.04006	0.02487	0.1284	0.02681	0.01774	0.03368	0.01872	0.00985	0.15641	0.02165	0.00151	0.0032	0.20111	0.00081	0.00208	0.0019	0.00173	0.20092	0.12624	0.01508	0.03847	0.02684	0.09812	0.03937	0.01807	0.05107	0.04612	0.0271	0.08517	0.04824	0	0	0	0	
0.07613	0.07286	0.0423	0.02703	0.13101	0.03044	0.01964	0.03723	0.02195	0.01081	0.16078	0.02478	0.00154	0.00326	0.2126	0.00092	0.0016	0.00257	0.00165	0.2125	0.13218	0.01584	0.0422	0.0281	0.10644	0.0379	0.01985	0.05413	0.03742	0.02171	0.12073	0.03846	0	0	0	0	
0.04648	0.04472	0.02576	0.01584	0.08247	0.01687	0.01197	0.02149	0.01212	0.0063	0.10098	0.0134	0.00089	0.00209	0.1294	0.00042	0.00111	0.00138	0.00105	0.12926	0.08226	0.00932	0.02484	0.01638	0.06314	0.0252	0.01191	0.03255	0.03005	0.01721	0.05493	0.03061	0	0	0	0	
0.15494	0.14644	0.08495	0.05592	0.26184	0.06239	0.04091	0.07711	0.04434	0.02279	0.325	0.05012	0.00323	0.007	0.43016	0.00186	0.00394	0.00468	0.00364	0.42999	0.26684	0.03205	0.08499	0.05837	0.21569	0.07552	0.03958	0.11146	0.06854	0.03852	0.26447	0.07072	0	0	0	0	
