0	0	0	0	0	0	0	0	0	0	0	0	0	0	0	0	0	0	0	0	0.0264531	0	0	0	0	0	0	0	0	0	0	0	0	0	0	0	
0	0	0	0	0.239582	0	-0.541117	0	0	0	0.0767946	0	0	0	0	0	0	0	0	0	-0.0449951	0	0	0	0	0	0	0	0	0	0	0	0	0	0	-0.0526998	
0	0	0	0	0	0	0	0	0	0	0	0	0	0	0	0	0	0	0	0	0	0	0	0	0	0	0	0	0	0	0	0	0	0	0	0	
0	0	0	0	-1.5597	0	0	0	0	0	0	0	0	0	0	0	0	0	0	0	0	0	0	0	0	0	0	0	0	0	0	0	0	0	0	0	
0	0.239582	0	-1.5597	0	0	0	0	0	0	0.826856	0	0	0	0	0	0	0	0	0.0705651	0.0568524	0	0	0	-0.384589	0	0	0	0	0	-0.592194	0	0	0	0	-0.230296	
0	0	0	0	0	0	0	0	0	0	-0.923652	0	0	0	0	0	0	0	0	0	-0.0705837	0	0	0	0	0	0	0	0	0	0	0	0	0	0	0	
0	-0.541117	0	0	0	0	0	0	0	0	0	0	0	0	0	0	0	0	0	0	0	0	0	0	0	0	0	0	0	0	0	0	0	0	0	0	
0	0	0	0	0	0	0	0	-0.306485	0	0.0873649	0	0	0	0	0	0	0	0	0	0	0	0	0	0	0	0	0	0	0	0	0	0	0	0	0	
0	0	0	0	0	0	0	-0.306485	0	0	0	0	0	0	0	0	0	0	0	0	0	0	-0.0309753	0	0	0	0	0	0	0	0	0	0	0	0	0	
0	0	0	0	0	0	0	0	0	0	0	0	0	0	0	0	0	0	0	0	0	0	0	0	0	0	0	0	0	0	0	0	0	0	0	0	
0	0.0767946	0	0	0.826856	-0.923652	0	0.0873649	0	0	0	0	0	0	0	0	0	-0.0659648	0	0.523236	0	0	0	0	-0.0719606	0	0	0	0	0	0	0	0	0	0	-0.943449	
0	0	0	0	0	0	0	0	0	0	0	0	0	0	0	0	0	0	0	0	0	0	0	0	0	0	0	0	0	0	0	0	0	0	0	0	
0	0	0	0	0	0	0	0	0	0	0	0	0	0	0	0	0	0	0	0	0	0	0	0	0	0	0	0	0	0	0	0	0	0	0	0	
0	0	0	0	0	0	0	0	0	0	0	0	0	0	0	0	0	0	0	0	0	0	0	0	0	0	0	0	0	0	0	0	0	0	0	0	
0	0	0	0	0	0	0	0	0	0	0	0	0	0	0	0	0	0	0	0	0	0	0	0	0	0	0	0	0	0	0	0	0	0	0	0	
0	0	0	0	0	0	0	0	0	0	0	0	0	0	0	0	0	0	0	0	0	0	0	0	0	0	0	0	0	0	0	0	0	0	0	0	
0	0	0	0	0	0	0	0	0	0	0	0	0	0	0	0	0	0	0	0	0	0	0	0	0	0	0	0	0	0	0	0	0	0	0	0	
0	0	0	0	0	0	0	0	0	0	-0.0659648	0	0	0	0	0	0	0	0	0	0	0.125099	0	0.107982	-0.104732	0	0	0	0	0	-0.0731522	0	0	0	0	0	
0	0	0	0	0	0	0	0	0	0	0	0	0	0	0	0	0	0	0	0	0	0	0	0	0	0	0	0	0	0	0	0	0	0	0	0	
0	0	0	0	0.0705651	0	0	0	0	0	0.523236	0	0	0	0	0	0	0	0	0	0	-0.100581	0.0516727	0	0.0805305	0	-0.0846171	0	0	0	0.545628	0	0	0	0	0	
0.0264531	-0.0449951	0	0	0.0568524	-0.0705837	0	0	0	0	0	0	0	0	0	0	0	0	0	0	0	0	0	0	0.231458	0	0	0	0	0	0	0	0.182095	-0.0838957	0	0	
0	0	0	0	0	0	0	0	0	0	0	0	0	0	0	0	0	0.125099	0	-0.100581	0	0	0	0	0	0	0	0	0	0	0	0	0	0	0	0	
0	0	0	0	0	0	0	0	-0.0309753	0	0	0	0	0	0	0	0	0	0	0.0516727	0	0	0	0	0.694417	0	0	-0.315929	0	0	1.22235	0	-0.243056	0	0	0	
0	0	0	0	0	0	0	0	0	0	0	0	0	0	0	0	0	0.107982	0	0	0	0	0	0	-0.293025	0	0	0	0	0	0	0	0	0	0	0	
0	0	0	0	-0.384589	0	0	0	0	0	-0.0719606	0	0	0	0	0	0	-0.104732	0	0.0805305	0.231458	0	0.694417	-0.293025	0	0	0	0	0	0	0.590439	0	0	0	0	0	
0	0	0	0	0	0	0	0	0	0	0	0	0	0	0	0	0	0	0	0	0	0	0	0	0	0	0	0	0	0	-1.01472	0	0	0	0	0	
0	0	0	0	0	0	0	0	0	0	0	0	0	0	0	0	0	0	0	-0.0846171	0	0	0	0	0	0	0	0	0	0	0.237668	0	0	0	0	0	
0	0	0	0	0	0	0	0	0	0	0	0	0	0	0	0	0	0	0	0	0	0	-0.315929	0	0	0	0	0	0	0	0	0	0	0	0	0	
0	0	0	0	0	0	0	0	0	0	0	0	0	0	0	0	0	0	0	0	0	0	0	0	0	0	0	0	0	0	0	0	0	0	0	0	
0	0	0	0	0	0	0	0	0	0	0	0	0	0	0	0	0	0	0	0	0	0	0	0	0	0	0	0	0	0	0	0	0	0	-0.0866865	0	
0	0	0	0	-0.592194	0	0	0	0	0	0	0	0	0	0	0	0	-0.0731522	0	0.545628	0	0	1.22235	0	0.590439	-1.01472	0.237668	0	0	0	0	0	0	0	0	0.789099	
0	0	0	0	0	0	0	0	0	0	0	0	0	0	0	0	0	0	0	0	0	0	0	0	0	0	0	0	0	0	0	0	0	0	0	0	
0	0	0	0	0	0	0	0	0	0	0	0	0	0	0	0	0	0	0	0	0.182095	0	-0.243056	0	0	0	0	0	0	0	0	0	0	0	0	0	
0	0	0	0	0	0	0	0	0	0	0	0	0	0	0	0	0	0	0	0	-0.0838957	0	0	0	0	0	0	0	0	0	0	0	0	0	0	0	
0	0	0	0	0	0	0	0	0	0	0	0	0	0	0	0	0	0	0	0	0	0	0	0	0	0	0	0	0	-0.0866865	0	0	0	0	0	0	
0	-0.0526998	0	0	-0.230296	0	0	0	0	0	-0.943449	0	0	0	0	0	0	0	0	0	0	0	0	0	0	0	0	0	0	0	0.789099	0	0	0	0	0	
