0	0	0	0	0.205473	0.03545	0.0438227	0.0441727	0.0368955	0.0105955	0.252955	0.0284727	0.000590909	0.000313636	0.327377	0.000636364	0.000331818	0.0145	0.000354545	0.313732	0.190209	0.0151273	0.108609	0.0149727	0.215777	0.0288182	0.0430773	0.0412455	0.0339818	0.0242909	0.240773	0.0298727	0.061	0.0519636	0.0658955	0.150059	
0	0	0	0	0.249759	0.0333773	0.0246682	0.0422409	0.0363727	0.0105	0.275791	0.0273818	0.000513636	0.000290909	0.348509	0.000731818	0.000336364	0.0153	0.000340909	0.334068	0.203186	0.0165591	0.114518	0.0157818	0.226923	0.0317545	0.0461136	0.0452545	0.0384364	0.0270091	0.250359	0.0342409	0.0658864	0.0570591	0.0725136	0.154586	
0	0	0	0	0.118714	0.0199591	0.0243318	0.0259682	0.0209682	0.00605	0.145832	0.0161227	0.000345455	0.000122727	0.188145	0.000359091	0.000168182	0.0085	0.000209091	0.180095	0.108773	0.00898636	0.0627591	0.00845455	0.123955	0.0168409	0.0242273	0.02395	0.0194773	0.0140864	0.137982	0.0174273	0.0350864	0.03	0.0376909	0.0861955	
0	0	0	0	0.0342864	0.0278273	0.0341273	0.0358227	0.0196318	0.00573636	0.0917364	0.0149591	0.000254545	0.000159091	0.131418	0.000231818	9.54545e-05	0.00606364	0.000131818	0.125773	0.0738364	0.00596818	0.0464773	0.00578182	0.0922727	0.00974091	0.0151318	0.0149182	0.0109545	0.00779545	0.1038	0.00951364	0.0222182	0.0190682	0.0247273	0.06605	
0.205473	0.249759	0.118714	0.0342864	0	0	0	0	0.0455364	0.0127182	0.516027	0.03395	0.00104545	0.000463636	0.605541	0.00118182	0.00055	0.0263318	0.000668182	0.580682	0.362241	0.0288909	0.188795	0.0283045	0.374441	0.06175	0.0867955	0.0852455	0.0751045	0.0536773	0.412823	0.0666273	0.1228	0.104864	0.132468	0.2481	
0.03545	0.0333773	0.0199591	0.0278273	0	0	0	0	0.0310364	0.00804545	0.0552773	0.0222545	0.000236364	0.000140909	0.115973	0.000263636	0.000118182	0.00584545	7.27273e-05	0.110577	0.0630364	0.00546364	0.0429636	0.00515	0.0852545	0.00736818	0.0122773	0.0117136	0.00800909	0.00555	0.0960182	0.00703636	0.0172909	0.0145864	0.0184545	0.0662818	
0.0438227	0.0246682	0.0243318	0.0341273	0	0	0	0	0.0193773	0.00564091	0.0876273	0.0143045	0.000204545	0.000136364	0.126405	0.000204545	0.000131818	0.00570455	0.000122727	0.120991	0.0696364	0.00563182	0.0464409	0.00524091	0.0920955	0.00817727	0.0135	0.0131773	0.00913182	0.00627727	0.103527	0.00801364	0.0202318	0.0175636	0.0227	0.0664545	
0.0441727	0.0422409	0.0259682	0.0358227	0	0	0	0	0.0179182	0.00647727	0.107382	0.0164273	0.000218182	0.000145455	0.147532	0.000309091	0.000131818	0.00648182	0.000172727	0.141418	0.0810909	0.00665455	0.0541636	0.00629545	0.107136	0.00985909	0.0159773	0.0152318	0.0106045	0.00767727	0.120545	0.00937727	0.0238682	0.0210773	0.0272045	0.0760545	
0.0368955	0.0363727	0.0209682	0.0196318	0.0455364	0.0310364	0.0193773	0.0179182	0	0	0	0	0.000218182	8.63636e-05	0.113323	0.000240909	0.000177273	0.00704091	0.000177273	0.106473	0.0634591	0.00492727	0.0402545	0.00522727	0.0787818	0.00835909	0.0135955	0.0131318	0.00928182	0.00662727	0.0895545	0.00840455	0.0133409	0.01145	0.0144409	0.0746364	
0.0105955	0.0105	0.00605	0.00573636	0.0127182	0.00804545	0.00564091	0.00647727	0	0	0	0	5.45455e-05	5.45455e-05	0.0327091	6.36364e-05	2.72727e-05	0.00198182	5e-05	0.0308227	0.0181955	0.00149545	0.0117773	0.00141364	0.0231273	0.00245909	0.00370909	0.00358636	0.00250909	0.00194545	0.0260273	0.0024	0.00400909	0.00326364	0.00423182	0.0213773	
0.252955	0.275791	0.145832	0.0917364	0.516027	0.0552773	0.0876273	0.107382	0	0	0	0	0.00128636	0.000686364	0.762886	0.00145455	0.000618182	0.0298455	0.000704545	0.735145	0.445777	0.0360682	0.249891	0.0345773	0.496968	0.0697591	0.100877	0.0987091	0.0836409	0.0595409	0.549155	0.0739773	0.156541	0.134595	0.170718	0.304459	
0.0284727	0.0273818	0.0161227	0.0149591	0.03395	0.0222545	0.0143045	0.0164273	0	0	0	0	0.000145455	5.90909e-05	0.0865318	0.0002	0.000109091	0.00549545	0.000104545	0.0812273	0.0485727	0.00415	0.0304409	0.00377273	0.06005	0.00657727	0.0103682	0.00994091	0.00741818	0.00506818	0.0681773	0.00627273	0.0103	0.00878182	0.0114364	0.0564182	
0.000590909	0.000513636	0.000345455	0.000254545	0.00104545	0.000236364	0.000204545	0.000218182	0.000218182	5.45455e-05	0.00128636	0.000145455	0	0	0	0	4.54545e-06	9.54545e-05	0	0.00160455	0.000963636	7.72727e-05	0.000581818	8.18182e-05	0.00112273	0.000127273	0.000195455	0.000259091	0.000131818	0.000113636	0.00127727	0.000181818	0.000290909	0.000172727	0.000377273	0.000863636	
0.000313636	0.000290909	0.000122727	0.000159091	0.000463636	0.000140909	0.000136364	0.000145455	8.63636e-05	5.45455e-05	0.000686364	5.90909e-05	0	0	0	0	4.54545e-06	6.36364e-05	0	0.000818182	0.000495455	7.27273e-05	0.000277273	4.09091e-05	0.000581818	5.90909e-05	0.000131818	0.000113636	7.72727e-05	7.72727e-05	0.000672727	5.90909e-05	0.000140909	0.000136364	0.000181818	0.000427273	
0.327377	0.348509	0.188145	0.131418	0.605541	0.115973	0.126405	0.147532	0.113323	0.0327091	0.762886	0.0865318	0	0	0	0	0.000913636	0.0441409	0.00103636	0.949359	0.573405	0.0463818	0.330864	0.0448	0.655973	0.0867864	0.127927	0.124764	0.102432	0.0728182	0.729555	0.0906455	0.183423	0.157459	0.19985	0.454718	
0.000636364	0.000731818	0.000359091	0.000231818	0.00118182	0.000263636	0.000204545	0.000309091	0.000240909	6.36364e-05	0.00145455	0.0002	0	0	0	0	9.09091e-06	6.36364e-05	0	0.00188636	0.00114091	0.000109091	0.000640909	6.81818e-05	0.00125	0.000181818	0.000295455	0.000231818	0.000209091	0.000172727	0.00140909	0.000168182	0.000336364	0.000322727	0.000418182	0.000881818	
0.000331818	0.000336364	0.000168182	9.54545e-05	0.00055	0.000118182	0.000131818	0.000131818	0.000177273	2.72727e-05	0.000618182	0.000109091	4.54545e-06	4.54545e-06	0.000913636	9.09091e-06	0	0	0	0	0.000613636	3.63636e-05	0.000236364	4.54545e-05	0.000595455	0.000122727	9.09091e-05	0.000122727	0.000145455	7.72727e-05	0.000554545	0.000154545	0.000140909	0.000109091	0.000259091	0.000422727	
0.0145	0.0153	0.0085	0.00606364	0.0263318	0.00584545	0.00570455	0.00648182	0.00704091	0.00198182	0.0298455	0.00549545	9.54545e-05	6.36364e-05	0.0441409	6.36364e-05	0	0	0	0	0.0261773	0.0024	0.0134273	0.00235909	0.0269864	0.00471364	0.00633636	0.00632727	0.00635455	0.00460909	0.0279545	0.00544545	0.00798182	0.00696364	0.00888182	0.0205364	
0.000354545	0.000340909	0.000209091	0.000131818	0.000668182	7.27273e-05	0.000122727	0.000172727	0.000177273	5e-05	0.000704545	0.000104545	0	0	0.00103636	0	0	0	0	0	0.000663636	5.90909e-05	0.000277273	3.63636e-05	0.000595455	0.000140909	0.000154545	0.000145455	0.000154545	0.000118182	0.0006	0.000163636	0.000177273	0.000145455	0.000227273	0.000486364	
0.313732	0.334068	0.180095	0.125773	0.580682	0.110577	0.120991	0.141418	0.106473	0.0308227	0.735145	0.0812273	0.00160455	0.000818182	0.949359	0.00188636	0	0	0	0	0.54855	0.0441455	0.318423	0.04255	0.63075	0.0821773	0.121968	0.118773	0.0961955	0.0683773	0.703805	0.0852909	0.175891	0.150873	0.191459	0.435445	
0.190209	0.203186	0.108773	0.0738364	0.362241	0.0630364	0.0696364	0.0810909	0.0634591	0.0181955	0.445777	0.0485727	0.000963636	0.000495455	0.573405	0.00114091	0.000613636	0.0261773	0.000663636	0.54855	0	0	0	0	0.352127	0.0588136	0.0807682	0.0842955	0.07515	0.0536773	0.379786	0.0673909	0.121255	0.0899091	0.116014	0.248827	
0.0151273	0.0165591	0.00898636	0.00596818	0.0288909	0.00546364	0.00563182	0.00665455	0.00492727	0.00149545	0.0360682	0.00415	7.72727e-05	7.27273e-05	0.0463818	0.000109091	3.63636e-05	0.0024	5.90909e-05	0.0441455	0	0	0	0	0.0263091	0.00540455	0.00722273	0.00770455	0.00649091	0.00448636	0.0304	0.00526364	0.00851364	0.00769545	0.0100273	0.0204045	
0.108609	0.114518	0.0627591	0.0464773	0.188795	0.0429636	0.0464409	0.0541636	0.0402545	0.0117773	0.249891	0.0304409	0.000581818	0.000277273	0.330864	0.000640909	0.000236364	0.0134273	0.000277273	0.318423	0	0	0	0	0.257814	0.0172136	0.0322864	0.02505	0.0151227	0.0106136	0.293841	0.0127864	0.0457273	0.0528409	0.0658273	0.167968	
0.0149727	0.0157818	0.00845455	0.00578182	0.0283045	0.00515	0.00524091	0.00629545	0.00522727	0.00141364	0.0345773	0.00377273	8.18182e-05	4.09091e-05	0.0448	6.81818e-05	4.54545e-05	0.00235909	3.63636e-05	0.04255	0	0	0	0	0.0226773	0.00572273	0.00827273	0.00831818	0.00608636	0.00440455	0.0288864	0.00561364	0.00869545	0.00764545	0.00895909	0.0196909	
0.215777	0.226923	0.123955	0.0922727	0.374441	0.0852545	0.0920955	0.107136	0.0787818	0.0231273	0.496968	0.06005	0.00112273	0.000581818	0.655973	0.00125	0.000595455	0.0269864	0.000595455	0.63075	0.352127	0.0263091	0.257814	0.0226773	0	0	0	0	0.0500364	0.0358682	0.528923	0.0441	0.116205	0.101445	0.127977	0.3133	
0.0288182	0.0317545	0.0168409	0.00974091	0.06175	0.00736818	0.00817727	0.00985909	0.00835909	0.00245909	0.0697591	0.00657727	0.000127273	5.90909e-05	0.0867864	0.000181818	0.000122727	0.00471364	0.000140909	0.0821773	0.0588136	0.00540455	0.0172136	0.00572273	0	0	0	0	0.0197318	0.0142182	0.0354227	0.0177818	0.0183318	0.0153409	0.0203682	0.0331136	
0.0430773	0.0461136	0.0242273	0.0151318	0.0867955	0.0122773	0.0135	0.0159773	0.0135955	0.00370909	0.100877	0.0103682	0.000195455	0.000131818	0.127927	0.000295455	9.09091e-05	0.00633636	0.000154545	0.121968	0.0807682	0.00722273	0.0322864	0.00827273	0	0	0	0	0.0154818	0.0106545	0.0888818	0.0135318	0.0249909	0.0207091	0.0263318	0.0565182	
0.0412455	0.0452545	0.02395	0.0149182	0.0852455	0.0117136	0.0131773	0.0152318	0.0131318	0.00358636	0.0987091	0.00994091	0.000259091	0.000113636	0.124764	0.000231818	0.000122727	0.00632727	0.000145455	0.118773	0.0842955	0.00770455	0.02505	0.00831818	0	0	0	0	0.0176	0.0124409	0.0796864	0.0156409	0.0246636	0.0205955	0.02615	0.0539591	
0.0339818	0.0384364	0.0194773	0.0109545	0.0751045	0.00800909	0.00913182	0.0106045	0.00928182	0.00250909	0.0836409	0.00741818	0.000131818	7.72727e-05	0.102432	0.000209091	0.000145455	0.00635455	0.000154545	0.0961955	0.07515	0.00649091	0.0151227	0.00608636	0.0500364	0.0197318	0.0154818	0.0176	0	0	0	0	0.0250545	0.0204136	0.0260773	0.0313045	
0.0242909	0.0270091	0.0140864	0.00779545	0.0536773	0.00555	0.00627727	0.00767727	0.00662727	0.00194545	0.0595409	0.00506818	0.000113636	7.72727e-05	0.0728182	0.000172727	7.72727e-05	0.00460909	0.000118182	0.0683773	0.0536773	0.00448636	0.0106136	0.00440455	0.0358682	0.0142182	0.0106545	0.0124409	0	0	0	0	0.0182227	0.0145864	0.0178955	0.0224773	
0.240773	0.250359	0.137982	0.1038	0.412823	0.0960182	0.103527	0.120545	0.0895545	0.0260273	0.549155	0.0681773	0.00127727	0.000672727	0.729555	0.00140909	0.000554545	0.0279545	0.0006	0.703805	0.379786	0.0304	0.293841	0.0288864	0.528923	0.0354227	0.0888818	0.0796864	0	0	0	0	0.118509	0.105227	0.133759	0.375418	
0.0298727	0.0342409	0.0174273	0.00951364	0.0666273	0.00703636	0.00801364	0.00937727	0.00840455	0.0024	0.0739773	0.00627273	0.000181818	5.90909e-05	0.0906455	0.000168182	0.000154545	0.00544545	0.000163636	0.0852909	0.0673909	0.00526364	0.0127864	0.00561364	0.0441	0.0177818	0.0135318	0.0156409	0	0	0	0	0.0224045	0.0178636	0.0230955	0.0276909	
0.061	0.0658864	0.0350864	0.0222182	0.1228	0.0172909	0.0202318	0.0238682	0.0133409	0.00400909	0.156541	0.0103	0.000290909	0.000140909	0.183423	0.000336364	0.000140909	0.00798182	0.000177273	0.175891	0.121255	0.00851364	0.0457273	0.00869545	0.116205	0.0183318	0.0249909	0.0246636	0.0250545	0.0182227	0.118509	0.0224045	0	0	0	0	
0.0519636	0.0570591	0.03	0.0190682	0.104864	0.0145864	0.0175636	0.0210773	0.01145	0.00326364	0.134595	0.00878182	0.000172727	0.000136364	0.157459	0.000322727	0.000109091	0.00696364	0.000145455	0.150873	0.0899091	0.00769545	0.0528409	0.00764545	0.101445	0.0153409	0.0207091	0.0205955	0.0204136	0.0145864	0.105227	0.0178636	0	0	0	0	
0.0658955	0.0725136	0.0376909	0.0247273	0.132468	0.0184545	0.0227	0.0272045	0.0144409	0.00423182	0.170718	0.0114364	0.000377273	0.000181818	0.19985	0.000418182	0.000259091	0.00888182	0.000227273	0.191459	0.116014	0.0100273	0.0658273	0.00895909	0.127977	0.0203682	0.0263318	0.02615	0.0260773	0.0178955	0.133759	0.0230955	0	0	0	0	
0.150059	0.154586	0.0861955	0.06605	0.2481	0.0662818	0.0664545	0.0760545	0.0746364	0.0213773	0.304459	0.0564182	0.000863636	0.000427273	0.454718	0.000881818	0.000422727	0.0205364	0.000486364	0.435445	0.248827	0.0204045	0.167968	0.0196909	0.3133	0.0331136	0.0565182	0.0539591	0.0313045	0.0224773	0.375418	0.0276909	0	0	0	0	
