0	0	0	0	0.206209	0.0350955	0.0434045	0.0447273	0.0375955	0.0114136	0.251518	0.0289091	0.000577273	0.000336364	0.327914	0.000609091	0.000268182	0.0140682	0.000386364	0.314714	0.193695	0.0148045	0.105923	0.0150136	0.215914	0.0290182	0.0425773	0.0419273	0.0347227	0.0240182	0.240095	0.0306	0.0599318	0.0514636	0.0661591	0.151882	
0	0	0	0	0.252877	0.0326182	0.0232227	0.0427773	0.0345	0.0105545	0.280055	0.0263864	0.000695455	0.000313636	0.349686	0.0008	0.000268182	0.0149273	0.000340909	0.335959	0.200364	0.0163091	0.117977	0.0168455	0.228145	0.0318591	0.0461955	0.0452955	0.0384	0.0275909	0.251718	0.0337864	0.0685364	0.0575591	0.0736455	0.151755	
0	0	0	0	0.117541	0.0202636	0.0251955	0.0256545	0.0217227	0.00652273	0.143814	0.0165955	0.000318182	0.000213636	0.187782	0.000340909	0.000186364	0.00789545	0.000259091	0.180314	0.108932	0.00838636	0.0629682	0.00836818	0.124759	0.0166591	0.0237091	0.0235273	0.0195091	0.0135909	0.137973	0.0175818	0.0349182	0.0295227	0.0367682	0.0874455	
0	0	0	0	0.0343045	0.0269545	0.0337773	0.0353773	0.0190773	0.00596364	0.0899182	0.0154545	0.000272727	9.54545e-05	0.129768	0.000277273	0.000109091	0.00565455	8.63636e-05	0.124564	0.0725591	0.00589545	0.0462455	0.00571364	0.0917909	0.00915909	0.0147318	0.0147318	0.01095	0.00757273	0.10225	0.00964091	0.0217273	0.0188818	0.0237182	0.0660864	
0.206209	0.252877	0.117541	0.0343045	0	0	0	0	0.0468727	0.0132636	0.516641	0.0341545	0.00115455	0.000572727	0.607995	0.00120909	0.000481818	0.0255	0.000659091	0.584291	0.365364	0.0282955	0.188423	0.02885	0.37625	0.0622682	0.0861682	0.0862455	0.0757864	0.0539773	0.413927	0.0672409	0.12445	0.104809	0.133759	0.247914	
0.0350955	0.0326182	0.0202636	0.0269545	0	0	0	0	0.0303	0.00904545	0.0535	0.0220864	0.000163636	7.72727e-05	0.114418	0.000272727	0.000109091	0.00554091	0.000145455	0.109136	0.06025	0.00534545	0.0440773	0.00525909	0.0850045	0.00673636	0.0117273	0.0114636	0.00799545	0.00539545	0.0945045	0.00703636	0.0164591	0.0141727	0.0180682	0.0662318	
0.0434045	0.0232227	0.0251955	0.0337773	0	0	0	0	0.0196455	0.00581818	0.08565	0.0144864	0.000290909	0.000122727	0.124932	0.000254545	7.72727e-05	0.00534091	0.000122727	0.120059	0.0689545	0.00545	0.0457409	0.00545455	0.0916364	0.00800455	0.0132136	0.0127455	0.00883636	0.00624545	0.102486	0.00803182	0.0197455	0.0173409	0.0219136	0.0666	
0.0447273	0.0427773	0.0256545	0.0353773	0	0	0	0	0.0160773	0.00632727	0.109514	0.0166182	0.000254545	0.000186364	0.147805	0.000290909	0.000163636	0.00616364	0.000145455	0.142064	0.0809818	0.00630455	0.0548727	0.00637727	0.107718	0.00968636	0.0161045	0.0150273	0.0109636	0.00715455	0.121118	0.0093	0.0244591	0.0211045	0.02655	0.0764227	
0.0375955	0.0345	0.0217227	0.0190773	0.0468727	0.0303	0.0196455	0.0160773	0	0	0	0	0.000227273	8.18182e-05	0.112355	0.000231818	0.000145455	0.00707273	0.000236364	0.105441	0.0637955	0.00506364	0.0388	0.00523636	0.0787455	0.00837727	0.0131	0.0126727	0.00952273	0.00678182	0.0883955	0.00819545	0.01395	0.0114818	0.0145045	0.0729591	
0.0114136	0.0105545	0.00652273	0.00596364	0.0132636	0.00904545	0.00581818	0.00632727	0	0	0	0	3.63636e-05	4.54545e-05	0.0342727	0.0001	3.63636e-05	0.00229545	5e-05	0.0320727	0.0188318	0.00161364	0.0124955	0.00151364	0.0241455	0.00247727	0.00393636	0.00389545	0.00295909	0.00188182	0.0269636	0.00265	0.00409091	0.00346364	0.00467727	0.0222227	
0.251518	0.280055	0.143814	0.0899182	0.516641	0.0535	0.08565	0.109514	0	0	0	0	0.00143182	0.00075	0.761595	0.00152727	0.00055	0.0277409	0.000686364	0.736327	0.444082	0.0349955	0.251009	0.0352182	0.495773	0.0698227	0.100223	0.0994864	0.0838364	0.0590773	0.548023	0.0743682	0.156568	0.133827	0.169823	0.305086	
0.0289091	0.0263864	0.0165955	0.0154545	0.0341545	0.0220864	0.0144864	0.0166182	0	0	0	0	0.000168182	8.18182e-05	0.0869273	0.000168182	0.0001	0.00543636	0.0001	0.0817091	0.0488409	0.00372273	0.0308091	0.00397273	0.0619455	0.00601818	0.00995455	0.00942727	0.00726364	0.00503182	0.0686545	0.00639545	0.0105045	0.00865455	0.0112864	0.0569	
0.000577273	0.000695455	0.000318182	0.000272727	0.00115455	0.000163636	0.000290909	0.000254545	0.000227273	3.63636e-05	0.00143182	0.000168182	0	0	0	0	0	7.72727e-05	0	0.00178636	0.00105455	6.81818e-05	0.000645455	9.54545e-05	0.00118636	0.000190909	0.000231818	0.000254545	0.000190909	0.000195455	0.00128636	0.000190909	0.000354545	0.000295455	0.000377273	0.000836364	
0.000336364	0.000313636	0.000213636	9.54545e-05	0.000572727	7.72727e-05	0.000122727	0.000186364	8.18182e-05	4.54545e-05	0.00075	8.18182e-05	0	0	0	0	0	3.63636e-05	0	0.000922727	0.00055	6.36364e-05	0.0003	4.54545e-05	0.000631818	8.63636e-05	0.000136364	0.000104545	0.0001	4.54545e-05	0.000722727	9.09091e-05	0.000222727	0.000140909	0.000172727	0.000422727	
0.327914	0.349686	0.187782	0.129768	0.607995	0.114418	0.124932	0.147805	0.112355	0.0342727	0.761595	0.0869273	0	0	0	0	0.000822727	0.0423273	0.00107273	0.950927	0.572786	0.0452	0.331445	0.0457182	0.6575	0.0862273	0.126532	0.124891	0.103045	0.0723773	0.728559	0.0911682	0.184159	0.156668	0.19935	0.454973	
0.000609091	0.0008	0.000340909	0.000277273	0.00120909	0.000272727	0.000254545	0.000290909	0.000231818	0.0001	0.00152727	0.000168182	0	0	0	0	9.09091e-06	0.000104545	0	0.00191364	0.00115909	6.36364e-05	0.000722727	8.18182e-05	0.00129091	0.000190909	0.000313636	0.000231818	0.000245455	0.000154545	0.00146818	0.000159091	0.000377273	0.000322727	0.000390909	0.000936364	
0.000268182	0.000268182	0.000186364	0.000109091	0.000481818	0.000109091	7.72727e-05	0.000163636	0.000145455	3.63636e-05	0.00055	0.0001	0	0	0.000822727	9.09091e-06	0	0	0	0	0.000459091	5e-05	0.000277273	4.54545e-05	0.000468182	7.27273e-05	0.000172727	0.000118182	8.18182e-05	6.81818e-05	0.000581818	0.0001	0.000140909	0.000109091	0.000118182	0.000463636	
0.0140682	0.0149273	0.00789545	0.00565455	0.0255	0.00554091	0.00534091	0.00616364	0.00707273	0.00229545	0.0277409	0.00543636	7.72727e-05	3.63636e-05	0.0423273	0.000104545	0	0	0	0	0.0258318	0.00265455	0.0116773	0.00238182	0.0243045	0.00513636	0.00684545	0.00625909	0.00680909	0.00477727	0.0248818	0.00607727	0.00791364	0.00657727	0.00843182	0.0196227	
0.000386364	0.000340909	0.000259091	8.63636e-05	0.000659091	0.000145455	0.000122727	0.000145455	0.000236364	5e-05	0.000686364	0.0001	0	0	0.00107273	0	0	0	0	0	0.000695455	5.90909e-05	0.000272727	4.54545e-05	0.000618182	0.000159091	0.000168182	0.000127273	0.000195455	0.000131818	0.000586364	0.000159091	0.0002	0.000190909	0.000190909	0.000490909	
0.314714	0.335959	0.180314	0.124564	0.584291	0.109136	0.120059	0.142064	0.105441	0.0320727	0.736327	0.0817091	0.00178636	0.000922727	0.950927	0.00191364	0	0	0	0	0.548564	0.0426318	0.320886	0.0434682	0.635218	0.0813273	0.120027	0.118977	0.0964955	0.0677955	0.705986	0.0852727	0.176859	0.15055	0.19155	0.436591	
0.193695	0.200364	0.108932	0.0725591	0.365364	0.06025	0.0689545	0.0809818	0.0637955	0.0188318	0.444082	0.0488409	0.00105455	0.00055	0.572786	0.00115909	0.000459091	0.0258318	0.000695455	0.548564	0	0	0	0	0.354991	0.0577136	0.0783773	0.0844682	0.0755591	0.0533591	0.379214	0.0674182	0.124373	0.0876091	0.115168	0.2484	
0.0148045	0.0163091	0.00838636	0.00589545	0.0282955	0.00534545	0.00545	0.00630455	0.00506364	0.00161364	0.0349955	0.00372273	6.81818e-05	6.36364e-05	0.0452	6.36364e-05	5e-05	0.00265455	5.90909e-05	0.0426318	0	0	0	0	0.0257045	0.00504545	0.00707273	0.00757273	0.00600455	0.00419545	0.0299045	0.00529091	0.00841818	0.00775	0.00917273	0.0200545	
0.105923	0.117977	0.0629682	0.0462455	0.188423	0.0440773	0.0457409	0.0548727	0.0388	0.0124955	0.251009	0.0308091	0.000645455	0.0003	0.331445	0.000722727	0.000277273	0.0116773	0.000272727	0.320886	0	0	0	0	0.257991	0.0175409	0.0335091	0.0240727	0.0152545	0.0108682	0.293791	0.0132	0.0439545	0.0541409	0.0664091	0.168609	
0.0150136	0.0168455	0.00836818	0.00571364	0.02885	0.00525909	0.00545455	0.00637727	0.00523636	0.00151364	0.0352182	0.00397273	9.54545e-05	4.54545e-05	0.0457182	8.18182e-05	4.54545e-05	0.00238182	4.54545e-05	0.0434682	0	0	0	0	0.0219227	0.00639545	0.00825455	0.00936818	0.00676364	0.00435	0.0291273	0.0057	0.00836818	0.00792727	0.00954091	0.0201045	
0.215914	0.228145	0.124759	0.0917909	0.37625	0.0850045	0.0916364	0.107718	0.0787455	0.0241455	0.495773	0.0619455	0.00118636	0.000631818	0.6575	0.00129091	0.000468182	0.0243045	0.000618182	0.635218	0.354991	0.0257045	0.257991	0.0219227	0	0	0	0	0.0510727	0.0361636	0.527509	0.0458636	0.115955	0.101559	0.128964	0.314132	
0.0290182	0.0318591	0.0166591	0.00915909	0.0622682	0.00673636	0.00800455	0.00968636	0.00837727	0.00247727	0.0698227	0.00601818	0.000190909	8.63636e-05	0.0862273	0.000190909	7.27273e-05	0.00513636	0.000159091	0.0813273	0.0577136	0.00504545	0.0175409	0.00639545	0	0	0	0	0.0202045	0.0146682	0.0343045	0.0175182	0.0189636	0.0153227	0.0193364	0.0330727	
0.0425773	0.0461955	0.0237091	0.0147318	0.0861682	0.0117273	0.0132136	0.0161045	0.0131	0.00393636	0.100223	0.00995455	0.000231818	0.000136364	0.126532	0.000313636	0.000172727	0.00684545	0.000168182	0.120027	0.0783773	0.00707273	0.0335091	0.00825455	0	0	0	0	0.0143818	0.0100955	0.0900136	0.0127227	0.0244227	0.0203409	0.0257955	0.0566545	
0.0419273	0.0452955	0.0235273	0.0147318	0.0862455	0.0114636	0.0127455	0.0150273	0.0126727	0.00389545	0.0994864	0.00942727	0.000254545	0.000104545	0.124891	0.000231818	0.000118182	0.00625909	0.000127273	0.118977	0.0844682	0.00757273	0.0240727	0.00936818	0	0	0	0	0.0179227	0.0118455	0.0802091	0.0155045	0.0257727	0.0202045	0.0261955	0.0533091	
0.0347227	0.0384	0.0195091	0.01095	0.0757864	0.00799545	0.00883636	0.0109636	0.00952273	0.00295909	0.0838364	0.00726364	0.000190909	0.0001	0.103045	0.000245455	8.18182e-05	0.00680909	0.000195455	0.0964955	0.0755591	0.00600455	0.0152545	0.00676364	0.0510727	0.0202045	0.0143818	0.0179227	0	0	0	0	0.0255364	0.0203409	0.0261	0.0316045	
0.0240182	0.0275909	0.0135909	0.00757273	0.0539773	0.00539545	0.00624545	0.00715455	0.00678182	0.00188182	0.0590773	0.00503182	0.000195455	4.54545e-05	0.0723773	0.000154545	6.81818e-05	0.00477727	0.000131818	0.0677955	0.0533591	0.00419545	0.0108682	0.00435	0.0361636	0.0146682	0.0100955	0.0118455	0	0	0	0	0.0183455	0.0146636	0.0169864	0.0227773	
0.240095	0.251718	0.137973	0.10225	0.413927	0.0945045	0.102486	0.121118	0.0883955	0.0269636	0.548023	0.0686545	0.00128636	0.000722727	0.728559	0.00146818	0.000581818	0.0248818	0.000586364	0.705986	0.379214	0.0299045	0.293791	0.0291273	0.527509	0.0343045	0.0900136	0.0802091	0	0	0	0	0.118514	0.105173	0.133705	0.374645	
0.0306	0.0337864	0.0175818	0.00964091	0.0672409	0.00703636	0.00803182	0.0093	0.00819545	0.00265	0.0743682	0.00639545	0.000190909	9.09091e-05	0.0911682	0.000159091	0.0001	0.00607727	0.000159091	0.0852727	0.0674182	0.00529091	0.0132	0.0057	0.0458636	0.0175182	0.0127227	0.0155045	0	0	0	0	0.0227182	0.01725	0.0235	0.0281409	
0.0599318	0.0685364	0.0349182	0.0217273	0.12445	0.0164591	0.0197455	0.0244591	0.01395	0.00409091	0.156568	0.0105045	0.000354545	0.000222727	0.184159	0.000377273	0.000140909	0.00791364	0.0002	0.176859	0.124373	0.00841818	0.0439545	0.00836818	0.115955	0.0189636	0.0244227	0.0257727	0.0255364	0.0183455	0.118514	0.0227182	0	0	0	0	
0.0514636	0.0575591	0.0295227	0.0188818	0.104809	0.0141727	0.0173409	0.0211045	0.0114818	0.00346364	0.133827	0.00865455	0.000295455	0.000140909	0.156668	0.000322727	0.000109091	0.00657727	0.000190909	0.15055	0.0876091	0.00775	0.0541409	0.00792727	0.101559	0.0153227	0.0203409	0.0202045	0.0203409	0.0146636	0.105173	0.01725	0	0	0	0	
0.0661591	0.0736455	0.0367682	0.0237182	0.133759	0.0180682	0.0219136	0.02655	0.0145045	0.00467727	0.169823	0.0112864	0.000377273	0.000172727	0.19935	0.000390909	0.000118182	0.00843182	0.000190909	0.19155	0.115168	0.00917273	0.0664091	0.00954091	0.128964	0.0193364	0.0257955	0.0261955	0.0261	0.0169864	0.133705	0.0235	0	0	0	0	
0.151882	0.151755	0.0874455	0.0660864	0.247914	0.0662318	0.0666	0.0764227	0.0729591	0.0222227	0.305086	0.0569	0.000836364	0.000422727	0.454973	0.000936364	0.000463636	0.0196227	0.000490909	0.436591	0.2484	0.0200545	0.168609	0.0201045	0.314132	0.0330727	0.0566545	0.0533091	0.0316045	0.0227773	0.374645	0.0281409	0	0	0	0	
