0	0	0	0	0.235292	0.0503462	0.0406231	0.0691923	0.0758923	0.0271	0.230123	0.0623385	0.00205385	0.00129231	0.389946	0.00216154	0.00203077	0.00396923	0.0018	0.387654	0.225454	0.0081	0.0984154	0.0634846	0.258469	0.0301692	0.0411615	0.0656538	0.0438846	0.0161462	0.287323	0.0481	0.0754462	0.0400692	0.0345692	0.245369	
0	0	0	0	0.133908	0.0288385	0.0226923	0.0391	0.0427231	0.0159462	0.130054	0.0358154	0.00135385	0.000761538	0.221231	0.00119231	0.00131538	0.00211538	0.00106923	0.220038	0.127669	0.00453077	0.0554385	0.0369	0.146192	0.0171154	0.0235385	0.0376923	0.0249231	0.00914615	0.163138	0.0273308	0.0444385	0.0231769	0.0194923	0.137431	
0	0	0	0	0.112562	0.0239231	0.0195462	0.0333846	0.0353077	0.0136231	0.110123	0.0303615	0.000961538	0.000553846	0.186954	0.000946154	0.00103077	0.00163846	0.000976923	0.185769	0.105654	0.0039	0.0480077	0.0318538	0.124431	0.0149923	0.0190769	0.0309154	0.0211615	0.00717692	0.137831	0.0232462	0.0365692	0.0196385	0.0166077	0.1166	
0	0	0	0	0.0447385	0.0455615	0.0366769	0.0636154	0.0368769	0.0131538	0.110531	0.0300308	0.000915385	0.000584615	0.187977	0.00111538	0.000969231	0.00169231	0.00105385	0.186877	0.107362	0.00393846	0.0472615	0.0320308	0.123977	0.0150538	0.0195231	0.0320385	0.0200308	0.00759231	0.140985	0.0219846	0.0375923	0.0191615	0.0164231	0.117415	
0.235292	0.133908	0.112562	0.0447385	0	0	0	0	0.0996615	0.0363538	0.307754	0.0827308	0.00285385	0.00173846	0.518969	0.00293846	0.00280769	0.0051	0.00243846	0.516154	0.298815	0.0108462	0.130208	0.0866308	0.344308	0.0407231	0.0544077	0.0870615	0.0607	0.0216	0.377962	0.0662385	0.102846	0.0543615	0.046	0.323292	
0.0503462	0.0288385	0.0239231	0.0455615	0	0	0	0	0.0284385	0.0104769	0.0864846	0.0232692	0.0007	0.000553846	0.146623	0.000792308	0.0008	0.00149231	0.000692308	0.145685	0.0836462	0.00300769	0.0373231	0.0246923	0.0971077	0.0114077	0.0151846	0.0249692	0.0153231	0.00586923	0.110377	0.0171	0.0286538	0.0153462	0.0129154	0.0917538	
0.0406231	0.0226923	0.0195462	0.0366769	0	0	0	0	0.0229538	0.00862308	0.0684308	0.0195308	0.000623077	0.000269231	0.118054	0.000592308	0.000592308	0.00106923	0.000623077	0.117254	0.0678231	0.00223846	0.0300769	0.0194	0.0782077	0.00924615	0.0124769	0.0196077	0.0122769	0.00453077	0.0890385	0.0136923	0.0226615	0.0119385	0.0103769	0.0745615	
0.0691923	0.0391	0.0333846	0.0636154	0	0	0	0	0.0397462	0.0143692	0.118162	0.0330154	0.00110769	0.000630769	0.202462	0.00109231	0.00114615	0.00175385	0.00114615	0.201246	0.115854	0.00437692	0.0515154	0.0335462	0.133446	0.0159538	0.0212308	0.0346615	0.0217	0.00806154	0.1519	0.0236308	0.0398846	0.0204	0.0178	0.127208	
0.0758923	0.0427231	0.0353077	0.0368769	0.0996615	0.0284385	0.0229538	0.0397462	0	0	0	0	0.00103077	0.000592308	0.188062	0.00111538	0.00120769	0.00178462	0.000823077	0.186985	0.102115	0.00405385	0.0534231	0.0312077	0.147223	0.00993846	0.0122923	0.0213462	0.0106538	0.00375385	0.164377	0.0120154	0.0293	0.0158	0.0127462	0.132954	
0.0271	0.0159462	0.0136231	0.0131538	0.0363538	0.0104769	0.00862308	0.0143692	0	0	0	0	0.000315385	0.000246154	0.0688846	0.000376923	0.000338462	0.000738462	0.000361538	0.0683846	0.0368	0.00141538	0.0199	0.0117077	0.0536692	0.00358462	0.00476923	0.0078	0.00379231	0.00126154	0.0605538	0.00421538	0.0103154	0.00539231	0.00519231	0.0489231	
0.230123	0.130054	0.110123	0.110531	0.307754	0.0864846	0.0684308	0.118162	0	0	0	0	0.00307692	0.00192308	0.572677	0.00315385	0.00294615	0.00543846	0.00303077	0.569415	0.342069	0.0118769	0.131023	0.0958615	0.330292	0.0556538	0.0749615	0.119923	0.0868462	0.0317692	0.366777	0.0954385	0.130362	0.0682538	0.0578385	0.324377	
0.0623385	0.0358154	0.0303615	0.0300308	0.0827308	0.0232692	0.0195308	0.0330154	0	0	0	0	0.000861538	0.000430769	0.156485	0.000769231	0.000853846	0.00145385	0.000684615	0.155554	0.0851538	0.00312308	0.0447769	0.0254923	0.121885	0.00815385	0.0112769	0.0172308	0.00870769	0.00327692	0.137569	0.00899231	0.0240692	0.0126	0.0113154	0.110562	
0.00205385	0.00135385	0.000961538	0.000915385	0.00285385	0.0007	0.000623077	0.00110769	0.00103077	0.000315385	0.00307692	0.000861538	0	0	0	0	1.53846e-05	2.30769e-05	3.84615e-05	0.00520769	0.00299231	6.92308e-05	0.00134615	0.000876923	0.00351538	0.000392308	0.000446154	0.000930769	0.000546154	0.000169231	0.00379231	0.000776923	0.00102308	0.000538462	0.000361538	0.00336154	
0.00129231	0.000761538	0.000553846	0.000584615	0.00173846	0.000553846	0.000269231	0.000630769	0.000592308	0.000246154	0.00192308	0.000430769	0	0	0	0	7.69231e-06	1.53846e-05	7.69231e-06	0.00316154	0.00180769	8.46154e-05	0.000715385	0.000584615	0.00206923	0.000284615	0.000338462	0.0005	0.000361538	0.000115385	0.00238462	0.000330769	0.000669231	0.000338462	0.000369231	0.00181538	
0.389946	0.221231	0.186954	0.187977	0.518969	0.146623	0.118054	0.202462	0.188062	0.0688846	0.572677	0.156485	0	0	0	0	0.00526923	0.00934615	0.00485385	0.966638	0.558277	0.0202308	0.245677	0.161923	0.644092	0.0762231	0.101854	0.163938	0.108515	0.0395231	0.719231	0.118838	0.191215	0.100577	0.0858231	0.608492	
0.00216154	0.00119231	0.000946154	0.00111538	0.00293846	0.000792308	0.000592308	0.00109231	0.00111538	0.000376923	0.00315385	0.000769231	0	0	0	0	5.38462e-05	3.07692e-05	0	0.00533077	0.00306154	8.46154e-05	0.00138462	0.000884615	0.00339231	0.000430769	0.000661538	0.000930769	0.000576923	0.000253846	0.00386923	0.000715385	0.00113846	0.000592308	0.000538462	0.00314615	
0.00203077	0.00131538	0.00103077	0.000969231	0.00280769	0.0008	0.000592308	0.00114615	0.00120769	0.000338462	0.00294615	0.000853846	1.53846e-05	7.69231e-06	0.00526923	5.38462e-05	0	0	0	0	0.00302308	0.000115385	0.00136923	0.000838462	0.00340769	0.000492308	0.000546154	0.0009	0.000553846	0.000246154	0.00387692	0.000669231	0.000830769	0.000592308	0.0005	0.00342308	
0.00396923	0.00211538	0.00163846	0.00169231	0.0051	0.00149231	0.00106923	0.00175385	0.00178462	0.000738462	0.00543846	0.00145385	2.30769e-05	1.53846e-05	0.00934615	3.07692e-05	0	0	0	0	0.0052	0.000153846	0.00242308	0.00163846	0.00639231	0.000669231	0.000938462	0.00141538	0.00104615	0.000292308	0.00695385	0.00112308	0.00196154	0.00107692	0.000784615	0.00559231	
0.0018	0.00106923	0.000976923	0.00105385	0.00243846	0.000692308	0.000623077	0.00114615	0.000823077	0.000361538	0.00303077	0.000684615	3.84615e-05	7.69231e-06	0.00485385	0	0	0	0	0	0.00271538	0.000107692	0.00120769	0.000869231	0.00312308	0.000407692	0.000569231	0.0008	0.000638462	0.000246154	0.00352308	0.000492308	0.000961538	0.000476923	0.000423077	0.00303846	
0.387654	0.220038	0.185769	0.186877	0.516154	0.145685	0.117254	0.201246	0.186985	0.0683846	0.569415	0.155554	0.00520769	0.00316154	0.966638	0.00533077	0	0	0	0	0.5552	0.0200923	0.244123	0.160923	0.640146	0.0757615	0.101246	0.163185	0.107762	0.0392769	0.714923	0.118377	0.190292	0.0999	0.0853846	0.604762	
0.225454	0.127669	0.105654	0.107362	0.298815	0.0836462	0.0678231	0.115854	0.102115	0.0368	0.342069	0.0851538	0.00299231	0.00180769	0.558277	0.00306154	0.00302308	0.0052	0.00271538	0.5552	0	0	0	0	0.332908	0.0516615	0.0696692	0.1119	0.0715385	0.0261846	0.389923	0.0784923	0.111623	0.0584385	0.0504308	0.345646	
0.0081	0.00453077	0.0039	0.00393846	0.0108462	0.00300769	0.00223846	0.00437692	0.00405385	0.00141538	0.0118769	0.00312308	6.92308e-05	8.46154e-05	0.0202308	8.46154e-05	0.000115385	0.000153846	0.000107692	0.0200923	0	0	0	0	0.0121692	0.00176154	0.00252308	0.00401538	0.00188462	0.000738462	0.0158846	0.00196154	0.00401538	0.00223846	0.00152308	0.0126923	
0.0984154	0.0554385	0.0480077	0.0472615	0.130208	0.0373231	0.0300769	0.0515154	0.0534231	0.0199	0.131023	0.0447769	0.00134615	0.000715385	0.245677	0.00138462	0.00136923	0.00242308	0.00120769	0.244123	0	0	0	0	0.209915	0.00881538	0.0116	0.0187923	0.0219923	0.00785385	0.1962	0.0230769	0.0469615	0.0246692	0.0211154	0.156377	
0.0634846	0.0369	0.0318538	0.0320308	0.0866308	0.0246923	0.0194	0.0335462	0.0312077	0.0117077	0.0958615	0.0254923	0.000876923	0.000584615	0.161923	0.000884615	0.000838462	0.00163846	0.000869231	0.160923	0	0	0	0	0.0980769	0.0150923	0.0195077	0.0315923	0.0145846	0.00528462	0.127269	0.0171308	0.0314462	0.0167	0.0140231	0.1021	
0.258469	0.146192	0.124431	0.123977	0.344308	0.0971077	0.0782077	0.133446	0.147223	0.0536692	0.330292	0.121885	0.00351538	0.00206923	0.644092	0.00339231	0.00340769	0.00639231	0.00312308	0.640146	0.332908	0.0121692	0.209915	0.0980769	0	0	0	0	0.0661846	0.0238077	0.490631	0.0724462	0.1233	0.0645538	0.0549769	0.410238	
0.0301692	0.0171154	0.0149923	0.0150538	0.0407231	0.0114077	0.00924615	0.0159538	0.00993846	0.00358462	0.0556538	0.00815385	0.000392308	0.000284615	0.0762231	0.000430769	0.000492308	0.000669231	0.000407692	0.0757615	0.0516615	0.00176154	0.00881538	0.0150923	0	0	0	0	0.00981538	0.004	0.0528	0.0107154	0.0154538	0.00830769	0.0074	0.0461692	
0.0411615	0.0235385	0.0190769	0.0195231	0.0544077	0.0151846	0.0124769	0.0212308	0.0122923	0.00476923	0.0749615	0.0112769	0.000446154	0.000338462	0.101854	0.000661538	0.000546154	0.000938462	0.000569231	0.101246	0.0696692	0.00252308	0.0116	0.0195077	0	0	0	0	0.0130615	0.00473846	0.0709308	0.0145692	0.0209308	0.0115231	0.00926923	0.0615769	
0.0656538	0.0376923	0.0309154	0.0320385	0.0870615	0.0249692	0.0196077	0.0346615	0.0213462	0.0078	0.119923	0.0172308	0.000930769	0.0005	0.163938	0.000930769	0.0009	0.00141538	0.0008	0.163185	0.1119	0.00401538	0.0187923	0.0315923	0	0	0	0	0.0209385	0.00751538	0.114915	0.0229308	0.0343615	0.0176615	0.0154462	0.0988308	
0.0438846	0.0249231	0.0211615	0.0200308	0.0607	0.0153231	0.0122769	0.0217	0.0106538	0.00379231	0.0868462	0.00870769	0.000546154	0.000361538	0.108515	0.000576923	0.000553846	0.00104615	0.000638462	0.107762	0.0715385	0.00188462	0.0219923	0.0145846	0.0661846	0.00981538	0.0130615	0.0209385	0	0	0	0	0.0261923	0.0140692	0.0123	0.0574385	
0.0161462	0.00914615	0.00717692	0.00759231	0.0216	0.00586923	0.00453077	0.00806154	0.00375385	0.00126154	0.0317692	0.00327692	0.000169231	0.000115385	0.0395231	0.000253846	0.000246154	0.000292308	0.000246154	0.0392769	0.0261846	0.000738462	0.00785385	0.00528462	0.0238077	0.004	0.00473846	0.00751538	0	0	0	0	0.00954615	0.00506923	0.00415385	0.0212923	
0.287323	0.163138	0.137831	0.140985	0.377962	0.110377	0.0890385	0.1519	0.164377	0.0605538	0.366777	0.137569	0.00379231	0.00238462	0.719231	0.00386923	0.00387692	0.00695385	0.00352308	0.714923	0.389923	0.0158846	0.1962	0.127269	0.490631	0.0528	0.0709308	0.114915	0	0	0	0	0.129062	0.0675538	0.0574538	0.475208	
0.0481	0.0273308	0.0232462	0.0219846	0.0662385	0.0171	0.0136923	0.0236308	0.0120154	0.00421538	0.0954385	0.00899231	0.000776923	0.000330769	0.118838	0.000715385	0.000669231	0.00112308	0.000492308	0.118377	0.0784923	0.00196154	0.0230769	0.0171308	0.0724462	0.0107154	0.0145692	0.0229308	0	0	0	0	0.0292462	0.0153538	0.0131846	0.0628769	
0.0754462	0.0444385	0.0365692	0.0375923	0.102846	0.0286538	0.0226615	0.0398846	0.0293	0.0103154	0.130362	0.0240692	0.00102308	0.000669231	0.191215	0.00113846	0.000830769	0.00196154	0.000961538	0.190292	0.111623	0.00401538	0.0469615	0.0314462	0.1233	0.0154538	0.0209308	0.0343615	0.0261923	0.00954615	0.129062	0.0292462	0	0	0	0	
0.0400692	0.0231769	0.0196385	0.0191615	0.0543615	0.0153462	0.0119385	0.0204	0.0158	0.00539231	0.0682538	0.0126	0.000538462	0.000338462	0.100577	0.000592308	0.000592308	0.00107692	0.000476923	0.0999	0.0584385	0.00223846	0.0246692	0.0167	0.0645538	0.00830769	0.0115231	0.0176615	0.0140692	0.00506923	0.0675538	0.0153538	0	0	0	0	
0.0345692	0.0194923	0.0166077	0.0164231	0.046	0.0129154	0.0103769	0.0178	0.0127462	0.00519231	0.0578385	0.0113154	0.000361538	0.000369231	0.0858231	0.000538462	0.0005	0.000784615	0.000423077	0.0853846	0.0504308	0.00152308	0.0211154	0.0140231	0.0549769	0.0074	0.00926923	0.0154462	0.0123	0.00415385	0.0574538	0.0131846	0	0	0	0	
0.245369	0.137431	0.1166	0.117415	0.323292	0.0917538	0.0745615	0.127208	0.132954	0.0489231	0.324377	0.110562	0.00336154	0.00181538	0.608492	0.00314615	0.00342308	0.00559231	0.00303846	0.604762	0.345646	0.0126923	0.156377	0.1021	0.410238	0.0461692	0.0615769	0.0988308	0.0574385	0.0212923	0.475208	0.0628769	0	0	0	0	
