0	0	0	0	0.238492	0.0484538	0.0407385	0.0699462	0.0763692	0.0259462	0.233815	0.0615	0.00223846	0.00109231	0.392115	0.00218462	0.00212308	0.00393077	0.00191538	0.389662	0.227938	0.00776154	0.0985846	0.0633462	0.259977	0.0306	0.0409615	0.0660923	0.0449077	0.0169	0.287838	0.0479846	0.0792	0.0406308	0.0348923	0.242908	
0	0	0	0	0.133915	0.0279538	0.0220615	0.0395	0.0426	0.0154077	0.130931	0.0344923	0.00116154	0.000653846	0.220615	0.001	0.00112308	0.00231538	0.00115385	0.218838	0.127746	0.00423077	0.0562154	0.0352385	0.146215	0.0170846	0.0230462	0.0370846	0.0253692	0.00910769	0.161308	0.0276462	0.0433692	0.0231231	0.0198923	0.137046	
0	0	0	0	0.113585	0.0240692	0.0190154	0.0330769	0.0357615	0.0125615	0.111092	0.0303308	0.00103077	0.000607692	0.1872	0.000907692	0.00106154	0.00164615	0.000969231	0.186069	0.108762	0.00372308	0.0471923	0.0300692	0.123592	0.0151308	0.0198923	0.0311308	0.0215538	0.00788462	0.137677	0.0226308	0.0371769	0.0193385	0.0172923	0.115938	
0	0	0	0	0.0465462	0.0449769	0.0363154	0.0613538	0.0375538	0.0129077	0.108038	0.0306923	0.000923077	0.000484615	0.186815	0.000969231	0.000984615	0.0016	0.000869231	0.185738	0.106654	0.00402308	0.0475923	0.0309231	0.123715	0.0143	0.0192538	0.0319231	0.0190385	0.00680769	0.143669	0.0196769	0.0368692	0.0197923	0.0165923	0.115938	
0.238492	0.133915	0.113585	0.0465462	0	0	0	0	0.0990231	0.0351154	0.317669	0.0807308	0.00286154	0.00143846	0.525585	0.00265385	0.0028	0.00491538	0.00266154	0.522162	0.308831	0.0102846	0.130185	0.0832385	0.346223	0.0416769	0.0554	0.0892385	0.069	0.0252846	0.364469	0.0737846	0.107631	0.0559231	0.0478077	0.321177	
0.0484538	0.0279538	0.0240692	0.0449769	0	0	0	0	0.0291769	0.0097	0.0831846	0.0233923	0.000815385	0.000438462	0.143385	0.000815385	0.000684615	0.0014	0.000623077	0.142746	0.0823692	0.00295385	0.0365231	0.0236077	0.0955462	0.0105	0.0152769	0.0241308	0.0136923	0.00476154	0.113062	0.0139385	0.0284	0.0144923	0.0126154	0.0899462	
0.0407385	0.0220615	0.0190154	0.0363154	0	0	0	0	0.0237	0.00800769	0.0668	0.0196231	0.000623077	0.000353846	0.116454	0.0007	0.000661538	0.00123077	0.000638462	0.1156	0.0654846	0.00260769	0.0308538	0.0191846	0.0776	0.00887692	0.0122231	0.0194308	0.0102077	0.00389231	0.0926923	0.0113385	0.0222615	0.0121538	0.0102538	0.0734615	
0.0699462	0.0395	0.0330769	0.0613538	0	0	0	0	0.0403846	0.014	0.116223	0.0332692	0.00105385	0.000607692	0.201323	0.000892308	0.00114615	0.00194615	0.000984615	0.1998	0.114415	0.00389231	0.0520231	0.0335462	0.134131	0.0160615	0.0202538	0.0334308	0.0179692	0.00676154	0.160269	0.0188769	0.0383231	0.0203154	0.0179923	0.127246	
0.0763692	0.0426	0.0357615	0.0375538	0.0990231	0.0291769	0.0237	0.0403846	0	0	0	0	0.000992308	0.000553846	0.189754	0.000984615	0.00108462	0.00196923	0.000976923	0.188254	0.103615	0.00381538	0.0540154	0.0308385	0.1484	0.00966923	0.0134615	0.0207538	0.0102846	0.00383846	0.166477	0.0116846	0.0275615	0.0150077	0.0123769	0.137338	
0.0259462	0.0154077	0.0125615	0.0129077	0.0351154	0.0097	0.00800769	0.014	0	0	0	0	0.000369231	0.000130769	0.0659308	0.000392308	0.000392308	0.000684615	0.000376923	0.0653692	0.0356615	0.00130769	0.0189385	0.0109154	0.0516	0.00325385	0.00466923	0.0073	0.00371538	0.00152308	0.0574692	0.00411538	0.00939231	0.00473077	0.00460769	0.0480923	
0.233815	0.130931	0.111092	0.108038	0.317669	0.0831846	0.0668	0.116223	0	0	0	0	0.00311538	0.00166154	0.576108	0.00299231	0.00290769	0.00526923	0.00282308	0.572877	0.348938	0.0117538	0.131308	0.0918769	0.333015	0.0556154	0.0741538	0.121092	0.0879769	0.0324385	0.370177	0.0932846	0.137631	0.0718385	0.0613538	0.313054	
0.0615	0.0344923	0.0303308	0.0306923	0.0807308	0.0233923	0.0196231	0.0332692	0	0	0	0	0.000876923	0.000492308	0.154954	0.000692308	0.000907692	0.00156923	0.000730769	0.153808	0.0828846	0.00286154	0.0453231	0.0259462	0.120485	0.00857692	0.0108692	0.0170846	0.00889231	0.0029	0.136369	0.00885385	0.0220308	0.0113077	0.0103308	0.113346	
0.00223846	0.00116154	0.00103077	0.000923077	0.00286154	0.000815385	0.000623077	0.00105385	0.000992308	0.000369231	0.00311538	0.000876923	0	0	0	0	5.38462e-05	4.61538e-05	3.07692e-05	0.00522308	0.00317692	0.0001	0.00128462	0.000792308	0.00353846	0.000446154	0.000546154	0.000823077	0.000676923	0.000192308	0.0038	0.000684615	0.00104615	0.000553846	0.000469231	0.00328462	
0.00109231	0.000653846	0.000607692	0.000484615	0.00143846	0.000438462	0.000353846	0.000607692	0.000553846	0.000130769	0.00166154	0.000492308	0	0	0	0	2.30769e-05	2.30769e-05	3.07692e-05	0.00276154	0.00153077	3.07692e-05	0.000769231	0.000507692	0.00176923	0.000207692	0.000346154	0.000515385	0.000292308	7.69231e-05	0.00216923	0.0003	0.0004	0.000315385	0.000276923	0.00184615	
0.392115	0.220615	0.1872	0.186815	0.525585	0.143385	0.116454	0.201323	0.189754	0.0659308	0.576108	0.154954	0	0	0	0	0.00519231	0.00939231	0.00482308	0.967338	0.5635	0.0195538	0.246262	0.157431	0.644846	0.0760769	0.101638	0.164185	0.109385	0.0401692	0.720969	0.116223	0.194285	0.101462	0.0874538	0.603546	
0.00218462	0.001	0.000907692	0.000969231	0.00265385	0.000815385	0.0007	0.000892308	0.000984615	0.000392308	0.00299231	0.000692308	0	0	0	0	2.30769e-05	3.07692e-05	2.30769e-05	0.00498462	0.00289231	5.38462e-05	0.00126923	0.000846154	0.00334615	0.000384615	0.000623077	0.000707692	0.000515385	0.000261538	0.00355385	0.000730769	0.000884615	0.000553846	0.000469231	0.00315385	
0.00212308	0.00112308	0.00106154	0.000984615	0.0028	0.000684615	0.000661538	0.00114615	0.00108462	0.000392308	0.00290769	0.000907692	5.38462e-05	2.30769e-05	0.00519231	2.30769e-05	0	0	0	0	0.00295385	0.000107692	0.00140769	0.000823077	0.00341538	0.000338462	0.0006	0.000938462	0.000538462	0.000223077	0.00400769	0.000523077	0.000976923	0.000523077	0.000430769	0.00336154	
0.00393077	0.00231538	0.00164615	0.0016	0.00491538	0.0014	0.00123077	0.00194615	0.00196923	0.000684615	0.00526923	0.00156923	4.61538e-05	2.30769e-05	0.00939231	3.07692e-05	0	0	0	0	0.00546154	0.000246154	0.00224615	0.00153846	0.00624615	0.000815385	0.000915385	0.00151538	0.000953846	0.000261538	0.00717692	0.0011	0.0018	0.000976923	0.000853846	0.00586154	
0.00191538	0.00115385	0.000969231	0.000869231	0.00266154	0.000623077	0.000638462	0.000984615	0.000976923	0.000376923	0.00282308	0.000730769	3.07692e-05	3.07692e-05	0.00482308	2.30769e-05	0	0	0	0	0.00281538	6.15385e-05	0.00123077	0.0008	0.00324615	0.000384615	0.000469231	0.000807692	0.000484615	0.000138462	0.00369231	0.000592308	0.00100769	0.000446154	0.000430769	0.00302308	
0.389662	0.218838	0.186069	0.185738	0.522162	0.142746	0.1156	0.1998	0.188254	0.0653692	0.572877	0.153808	0.00522308	0.00276154	0.967338	0.00498462	0	0	0	0	0.559869	0.0193231	0.2447	0.156415	0.640592	0.0755769	0.101169	0.162969	0.108892	0.0400769	0.715615	0.115723	0.192831	0.100938	0.0869538	0.599585	
0.227938	0.127746	0.108762	0.106654	0.308831	0.0823692	0.0654846	0.114415	0.103615	0.0356615	0.348938	0.0828846	0.00317692	0.00153077	0.5635	0.00289231	0.00295385	0.00546154	0.00281538	0.559869	0	0	0	0	0.335938	0.0525	0.0703231	0.112338	0.0761769	0.0280846	0.384823	0.0820154	0.116269	0.0603154	0.0520308	0.342485	
0.00776154	0.00423077	0.00372308	0.00402308	0.0102846	0.00295385	0.00260769	0.00389231	0.00381538	0.00130769	0.0117538	0.00286154	0.0001	3.07692e-05	0.0195538	5.38462e-05	0.000107692	0.000246154	6.15385e-05	0.0193231	0	0	0	0	0.0117077	0.00191538	0.00213846	0.00397692	0.00167692	0.000569231	0.0158308	0.00166154	0.00371538	0.00193077	0.00177692	0.0123154	
0.0985846	0.0562154	0.0471923	0.0475923	0.130185	0.0365231	0.0308538	0.0520231	0.0540154	0.0189385	0.131308	0.0453231	0.00128462	0.000769231	0.246262	0.00126923	0.00140769	0.00224615	0.00123077	0.2447	0	0	0	0	0.2109	0.00853077	0.0113923	0.0187615	0.0201923	0.00729231	0.201523	0.0205769	0.0463385	0.0248846	0.0212462	0.157115	
0.0633462	0.0352385	0.0300692	0.0309231	0.0832385	0.0236077	0.0191846	0.0335462	0.0308385	0.0109154	0.0918769	0.0259462	0.000792308	0.000507692	0.157431	0.000846154	0.000823077	0.00153846	0.0008	0.156415	0	0	0	0	0.0949538	0.0141692	0.0193	0.0311538	0.0128231	0.00475385	0.128315	0.0136846	0.0302923	0.0157538	0.0136154	0.0999154	
0.259977	0.146215	0.123592	0.123715	0.346223	0.0955462	0.0776	0.134131	0.1484	0.0516	0.333015	0.120485	0.00353846	0.00176923	0.644846	0.00334615	0.00341538	0.00624615	0.00324615	0.640592	0.335938	0.0117077	0.2109	0.0949538	0	0	0	0	0.0662385	0.0241769	0.492662	0.0704231	0.122962	0.0654154	0.0559846	0.409138	
0.0306	0.0170846	0.0151308	0.0143	0.0416769	0.0105	0.00887692	0.0160615	0.00966923	0.00325385	0.0556154	0.00857692	0.000446154	0.000207692	0.0760769	0.000384615	0.000338462	0.000815385	0.000384615	0.0755769	0.0525	0.00191538	0.00853077	0.0141692	0	0	0	0	0.0102231	0.00342308	0.0527	0.0107692	0.0165154	0.00831538	0.00699231	0.0452923	
0.0409615	0.0230462	0.0198923	0.0192538	0.0554	0.0152769	0.0122231	0.0202538	0.0134615	0.00466923	0.0741538	0.0108692	0.000546154	0.000346154	0.101638	0.000623077	0.0006	0.000915385	0.000469231	0.101169	0.0703231	0.00213846	0.0113923	0.0193	0	0	0	0	0.0127692	0.00505385	0.0713385	0.0139923	0.0215692	0.0112077	0.0103077	0.0600692	
0.0660923	0.0370846	0.0311308	0.0319231	0.0892385	0.0241308	0.0194308	0.0334308	0.0207538	0.0073	0.121092	0.0170846	0.000823077	0.000515385	0.164185	0.000707692	0.000938462	0.00151538	0.000807692	0.162969	0.112338	0.00397692	0.0187615	0.0311538	0	0	0	0	0.0216385	0.00804615	0.113792	0.0227538	0.0355692	0.0179462	0.0153846	0.0973308	
0.0449077	0.0253692	0.0215538	0.0190385	0.069	0.0136923	0.0102077	0.0179692	0.0102846	0.00371538	0.0879769	0.00889231	0.000676923	0.000292308	0.109385	0.000515385	0.000538462	0.000953846	0.000484615	0.108892	0.0761769	0.00167692	0.0201923	0.0128231	0.0662385	0.0102231	0.0127692	0.0216385	0	0	0	0	0.0292077	0.0152615	0.0135	0.0529	
0.0169	0.00910769	0.00788462	0.00680769	0.0252846	0.00476154	0.00389231	0.00676154	0.00383846	0.00152308	0.0324385	0.0029	0.000192308	7.69231e-05	0.0401692	0.000261538	0.000223077	0.000261538	0.000138462	0.0400769	0.0280846	0.000569231	0.00729231	0.00475385	0.0241769	0.00342308	0.00505385	0.00804615	0	0	0	0	0.0113385	0.00539231	0.00490769	0.0190615	
0.287838	0.161308	0.137677	0.143669	0.364469	0.113062	0.0926923	0.160269	0.166477	0.0574692	0.370177	0.136369	0.0038	0.00216923	0.720969	0.00355385	0.00400769	0.00717692	0.00369231	0.715615	0.384823	0.0158308	0.201523	0.128315	0.492662	0.0527	0.0713385	0.113792	0	0	0	0	0.125315	0.0660308	0.0562615	0.482885	
0.0479846	0.0276462	0.0226308	0.0196769	0.0737846	0.0139385	0.0113385	0.0188769	0.0116846	0.00411538	0.0932846	0.00885385	0.000684615	0.0003	0.116223	0.000730769	0.000523077	0.0011	0.000592308	0.115723	0.0820154	0.00166154	0.0205769	0.0136846	0.0704231	0.0107692	0.0139923	0.0227538	0	0	0	0	0.0307538	0.0162	0.014	0.0569846	
0.0792	0.0433692	0.0371769	0.0368692	0.107631	0.0284	0.0222615	0.0383231	0.0275615	0.00939231	0.137631	0.0220308	0.00104615	0.0004	0.194285	0.000884615	0.000976923	0.0018	0.00100769	0.192831	0.116269	0.00371538	0.0463385	0.0302923	0.122962	0.0165154	0.0215692	0.0355692	0.0292077	0.0113385	0.125315	0.0307538	0	0	0	0	
0.0406308	0.0231231	0.0193385	0.0197923	0.0559231	0.0144923	0.0121538	0.0203154	0.0150077	0.00473077	0.0718385	0.0113077	0.000553846	0.000315385	0.101462	0.000553846	0.000523077	0.000976923	0.000446154	0.100938	0.0603154	0.00193077	0.0248846	0.0157538	0.0654154	0.00831538	0.0112077	0.0179462	0.0152615	0.00539231	0.0660308	0.0162	0	0	0	0	
0.0348923	0.0198923	0.0172923	0.0165923	0.0478077	0.0126154	0.0102538	0.0179923	0.0123769	0.00460769	0.0613538	0.0103308	0.000469231	0.000276923	0.0874538	0.000469231	0.000430769	0.000853846	0.000430769	0.0869538	0.0520308	0.00177692	0.0212462	0.0136154	0.0559846	0.00699231	0.0103077	0.0153846	0.0135	0.00490769	0.0562615	0.014	0	0	0	0	
0.242908	0.137046	0.115938	0.115938	0.321177	0.0899462	0.0734615	0.127246	0.137338	0.0480923	0.313054	0.113346	0.00328462	0.00184615	0.603546	0.00315385	0.00336154	0.00586154	0.00302308	0.599585	0.342485	0.0123154	0.157115	0.0999154	0.409138	0.0452923	0.0600692	0.0973308	0.0529	0.0190615	0.482885	0.0569846	0	0	0	0	
