0	0	0	0	0.2044	0.03575	0.03921	0.04472	0.03073	0.01006	0.26002	0.02327	0.00115	0.00082	0.32132	0.00079	0.00099	0.00559	0.00085	0.31665	0.1853	0.01219	0.11439	0.0122	0.21871	0.02691	0.04091	0.03755	0.02971	0.02064	0.24646	0.02727	0.05514	0.05286	0.06541	0.15067	
0	0	0	0	0.2275	0.03983	0.04406	0.05093	0.03524	0.01131	0.28992	0.02585	0.00155	0.00065	0.35917	0.00095	0.00109	0.00589	0.00114	0.3542	0.2049	0.0133	0.12989	0.01423	0.24469	0.03006	0.04627	0.0413	0.03264	0.02293	0.27699	0.02976	0.06327	0.05795	0.07151	0.16959	
0	0	0	0	0.11738	0.02179	0.02306	0.02719	0.01924	0.00559	0.15177	0.01282	0.0008	0.00038	0.18774	0.0005	0.00045	0.00311	0.00043	0.18543	0.10673	0.00713	0.06828	0.00728	0.12694	0.0153	0.02475	0.02243	0.01717	0.01227	0.14496	0.01502	0.03273	0.02979	0.03705	0.08985	
0	0	0	0	0.07791	0.01369	0.0154	0.01718	0.01196	0.00382	0.09983	0.00857	0.0005	0.00023	0.12309	0.00036	0.00035	0.002	0.00038	0.12145	0.07004	0.00453	0.04478	0.00483	0.08362	0.01039	0.01605	0.01412	0.01141	0.00782	0.09473	0.01022	0.0203	0.01992	0.02395	0.06001	
0.2044	0.2275	0.11738	0.07791	0	0	0	0	0.06125	0.01949	0.50254	0.04391	0.00244	0.00123	0.6219	0.00162	0.00185	0.01014	0.00176	0.61344	0.35354	0.02342	0.22606	0.02417	0.42355	0.05116	0.08108	0.0714	0.05634	0.04043	0.47817	0.05225	0.10758	0.1014	0.12408	0.29413	
0.03575	0.03983	0.02179	0.01369	0	0	0	0	0.0105	0.00338	0.08928	0.0079	0.0005	0.00028	0.10999	0.00029	0.00038	0.00185	0.0003	0.10853	0.06362	0.0041	0.03908	0.00426	0.07486	0.00938	0.0137	0.01312	0.01028	0.007	0.08483	0.00895	0.01899	0.01774	0.02175	0.05258	
0.03921	0.04406	0.02306	0.0154	0	0	0	0	0.0116	0.00351	0.0979	0.00872	0.00054	0.00027	0.12058	0.00034	0.00031	0.00229	0.00031	0.11882	0.06924	0.00471	0.04305	0.00473	0.08205	0.01008	0.01533	0.01427	0.01117	0.00728	0.09347	0.00981	0.02029	0.0192	0.0241	0.05814	
0.04472	0.05093	0.02719	0.01718	0	0	0	0	0.01382	0.0044	0.11182	0.00998	0.00052	0.0003	0.13885	0.00035	0.00034	0.00231	0.00043	0.13694	0.08057	0.00492	0.04915	0.00538	0.0935	0.01204	0.01787	0.01661	0.01314	0.00895	0.10667	0.01126	0.02458	0.02218	0.02799	0.06527	
0.03073	0.03524	0.01924	0.01196	0.06125	0.0105	0.0116	0.01382	0	0	0	0	0.00035	0.00022	0.09631	0.00029	0.00023	0.00151	0.0003	0.09513	0.05516	0.00371	0.03465	0.00365	0.06549	0.0081	0.01235	0.01123	0.00803	0.0058	0.07603	0.00731	0.01155	0.01002	0.01263	0.06297	
0.01006	0.01131	0.00559	0.00382	0.01949	0.00338	0.00351	0.0044	0	0	0	0	0.00015	2e-05	0.03054	7e-05	0.00013	0.00046	6e-05	0.03013	0.01744	0.00109	0.01109	0.00116	0.02082	0.00263	0.00379	0.00354	0.00285	0.00156	0.02403	0.00234	0.00348	0.00356	0.00395	0.01979	
0.26002	0.28992	0.15177	0.09983	0.50254	0.08928	0.0979	0.11182	0	0	0	0	0.00329	0.00167	0.79453	0.00205	0.00234	0.0133	0.00225	0.78365	0.4542	0.02988	0.28638	0.03108	0.53981	0.06629	0.10275	0.09269	0.07419	0.05216	0.60798	0.06721	0.14826	0.13962	0.17215	0.34151	
0.02327	0.02585	0.01282	0.00857	0.04391	0.0079	0.00872	0.00998	0	0	0	0	0.00021	0.00017	0.06994	0.00019	0.00018	0.00132	0.00019	0.06882	0.04017	0.00247	0.02522	0.00265	0.04784	0.00564	0.00909	0.00794	0.00586	0.00414	0.0551	0.00541	0.00815	0.00732	0.00919	0.04585	
0.00115	0.00155	0.0008	0.0005	0.00244	0.0005	0.00054	0.00052	0.00035	0.00015	0.00329	0.00021	0	0	0	0	2e-05	8e-05	0	0.0039	0.00239	0.00014	0.00131	0.00016	0.00268	0.00041	0.0005	0.00041	0.00036	0.00025	0.00304	0.00035	0.0007	0.00066	0.00075	0.00189	
0.00082	0.00065	0.00038	0.00023	0.00123	0.00028	0.00027	0.0003	0.00022	2e-05	0.00167	0.00017	0	0	0	0	0	5e-05	2e-05	0.00201	0.00114	7e-05	0.00081	6e-05	0.00147	0.0002	0.0002	0.00021	0.00022	7e-05	0.00152	0.00027	0.00028	0.00035	0.00051	0.00094	
0.32132	0.35917	0.18774	0.12309	0.6219	0.10999	0.12058	0.13885	0.09631	0.03054	0.79453	0.06994	0	0	0	0	0.00285	0.01645	0.00277	0.96925	0.56205	0.03688	0.35419	0.0382	0.66793	0.08189	0.12702	0.11448	0.0901	0.06322	0.75652	0.08148	0.17002	0.15907	0.19612	0.46611	
0.00079	0.00095	0.0005	0.00036	0.00162	0.00029	0.00034	0.00035	0.00029	7e-05	0.00205	0.00019	0	0	0	0	1e-05	1e-05	1e-05	0.00257	0.00139	6e-05	0.00103	0.00012	0.00188	0.00016	0.00026	0.0003	0.00025	0.00012	0.00206	0.00017	0.00044	0.00044	0.00054	0.00118	
0.00099	0.00109	0.00045	0.00035	0.00185	0.00038	0.00031	0.00034	0.00023	0.00013	0.00234	0.00018	2e-05	0	0.00285	1e-05	0	0	0	0	0.00182	0.00014	0.00081	0.00011	0.00185	0.00018	0.00046	0.00039	0.00042	0.00023	0.00197	0.00026	0.00052	0.00053	0.00054	0.00129	
0.00559	0.00589	0.00311	0.002	0.01014	0.00185	0.00229	0.00231	0.00151	0.00046	0.0133	0.00132	8e-05	5e-05	0.01645	1e-05	0	0	0	0	0.00978	0.00059	0.00558	0.00064	0.011	0.00135	0.00224	0.002	0.00151	0.00108	0.01268	0.00132	0.00274	0.00258	0.00322	0.00805	
0.00085	0.00114	0.00043	0.00038	0.00176	0.0003	0.00031	0.00043	0.0003	6e-05	0.00225	0.00019	0	2e-05	0.00277	1e-05	0	0	0	0	0.00152	6e-05	0.00106	0.00016	0.00185	0.00029	0.00038	0.00028	0.00026	0.00012	0.00221	0.00021	0.00043	0.00039	0.00074	0.00124	
0.31665	0.3542	0.18543	0.12145	0.61344	0.10853	0.11882	0.13694	0.09513	0.03013	0.78365	0.06882	0.0039	0.00201	0.96925	0.00257	0	0	0	0	0.55385	0.03636	0.34989	0.03763	0.65926	0.08084	0.1249	0.11273	0.08874	0.06223	0.74628	0.08048	0.16775	0.15702	0.19342	0.45954	
0.1853	0.2049	0.10673	0.07004	0.35354	0.06362	0.06924	0.08057	0.05516	0.01744	0.4542	0.04017	0.00239	0.00114	0.56205	0.00139	0.00182	0.00978	0.00152	0.55385	0	0	0	0	0.382	0.04681	0.07281	0.06535	0.06402	0.04546	0.39982	0.05767	0.09886	0.09433	0.1134	0.26038	
0.01219	0.0133	0.00713	0.00453	0.02342	0.0041	0.00471	0.00492	0.00371	0.00109	0.02988	0.00247	0.00014	7e-05	0.03688	6e-05	0.00014	0.00059	6e-05	0.03636	0	0	0	0	0.0251	0.00304	0.00472	0.00429	0.00237	0.00163	0.03118	0.00197	0.00608	0.00561	0.0075	0.01796	
0.11439	0.12989	0.06828	0.04478	0.22606	0.03908	0.04305	0.04915	0.03465	0.01109	0.28638	0.02522	0.00131	0.00081	0.35419	0.00103	0.00081	0.00558	0.00106	0.34989	0	0	0	0	0.24099	0.02961	0.04548	0.04126	0.02223	0.01496	0.29947	0.02068	0.05988	0.05469	0.06982	0.17295	
0.0122	0.01423	0.00728	0.00483	0.02417	0.00426	0.00473	0.00538	0.00365	0.00116	0.03108	0.00265	0.00016	6e-05	0.0382	0.00012	0.00011	0.00064	0.00016	0.03763	0	0	0	0	0.02587	0.0032	0.00497	0.0045	0.00231	0.00161	0.03267	0.00195	0.00662	0.00589	0.0072	0.01883	
0.21871	0.24469	0.12694	0.08362	0.42355	0.07486	0.08205	0.0935	0.06549	0.02082	0.53981	0.04784	0.00268	0.00147	0.66793	0.00188	0.00185	0.011	0.00185	0.65926	0.382	0.0251	0.24099	0.02587	0	0	0	0	0.06147	0.04278	0.51387	0.05584	0.11678	0.10846	0.13354	0.31518	
0.02691	0.03006	0.0153	0.01039	0.05116	0.00938	0.01008	0.01204	0.0081	0.00263	0.06629	0.00564	0.00041	0.0002	0.08189	0.00016	0.00018	0.00135	0.00029	0.08084	0.04681	0.00304	0.02961	0.0032	0	0	0	0	0.00721	0.00518	0.06342	0.00685	0.01405	0.01337	0.01607	0.03917	
0.04091	0.04627	0.02475	0.01605	0.08108	0.0137	0.01533	0.01787	0.01235	0.00379	0.10275	0.00909	0.0005	0.0002	0.12702	0.00026	0.00046	0.00224	0.00038	0.1249	0.07281	0.00472	0.04548	0.00497	0	0	0	0	0.01134	0.0082	0.09846	0.00998	0.02165	0.01982	0.02544	0.06107	
0.03755	0.0413	0.02243	0.01412	0.0714	0.01312	0.01427	0.01661	0.01123	0.00354	0.09269	0.00794	0.00041	0.00021	0.11448	0.0003	0.00039	0.002	0.00028	0.11273	0.06535	0.00429	0.04126	0.0045	0	0	0	0	0.01091	0.0075	0.08739	0.0096	0.01896	0.01887	0.02287	0.0547	
0.02971	0.03264	0.01717	0.01141	0.05634	0.01028	0.01117	0.01314	0.00803	0.00285	0.07419	0.00586	0.00036	0.00022	0.0901	0.00025	0.00042	0.00151	0.00026	0.08874	0.06402	0.00237	0.02223	0.00231	0.06147	0.00721	0.01134	0.01091	0	0	0	0	0.01996	0.0177	0.0219	0.03137	
0.02064	0.02293	0.01227	0.00782	0.04043	0.007	0.00728	0.00895	0.0058	0.00156	0.05216	0.00414	0.00025	7e-05	0.06322	0.00012	0.00023	0.00108	0.00012	0.06223	0.04546	0.00163	0.01496	0.00161	0.04278	0.00518	0.0082	0.0075	0	0	0	0	0.01345	0.01284	0.0154	0.02197	
0.24646	0.27699	0.14496	0.09473	0.47817	0.08483	0.09347	0.10667	0.07603	0.02403	0.60798	0.0551	0.00304	0.00152	0.75652	0.00206	0.00197	0.01268	0.00221	0.74628	0.39982	0.03118	0.29947	0.03267	0.51387	0.06342	0.09846	0.08739	0	0	0	0	0.12066	0.11373	0.14098	0.38777	
0.02727	0.02976	0.01502	0.01022	0.05225	0.00895	0.00981	0.01126	0.00731	0.00234	0.06721	0.00541	0.00035	0.00027	0.08148	0.00017	0.00026	0.00132	0.00021	0.08048	0.05767	0.00197	0.02068	0.00195	0.05584	0.00685	0.00998	0.0096	0	0	0	0	0.01737	0.01625	0.01964	0.02901	
0.05514	0.06327	0.03273	0.0203	0.10758	0.01899	0.02029	0.02458	0.01155	0.00348	0.14826	0.00815	0.0007	0.00028	0.17002	0.00044	0.00052	0.00274	0.00043	0.16775	0.09886	0.00608	0.05988	0.00662	0.11678	0.01405	0.02165	0.01896	0.01996	0.01345	0.12066	0.01737	0	0	0	0	
0.05286	0.05795	0.02979	0.01992	0.1014	0.01774	0.0192	0.02218	0.01002	0.00356	0.13962	0.00732	0.00066	0.00035	0.15907	0.00044	0.00053	0.00258	0.00039	0.15702	0.09433	0.00561	0.05469	0.00589	0.10846	0.01337	0.01982	0.01887	0.0177	0.01284	0.11373	0.01625	0	0	0	0	
0.06541	0.07151	0.03705	0.02395	0.12408	0.02175	0.0241	0.02799	0.01263	0.00395	0.17215	0.00919	0.00075	0.00051	0.19612	0.00054	0.00054	0.00322	0.00074	0.19342	0.1134	0.0075	0.06982	0.0072	0.13354	0.01607	0.02544	0.02287	0.0219	0.0154	0.14098	0.01964	0	0	0	0	
0.15067	0.16959	0.08985	0.06001	0.29413	0.05258	0.05814	0.06527	0.06297	0.01979	0.34151	0.04585	0.00189	0.00094	0.46611	0.00118	0.00129	0.00805	0.00124	0.45954	0.26038	0.01796	0.17295	0.01883	0.31518	0.03917	0.06107	0.0547	0.03137	0.02197	0.38777	0.02901	0	0	0	0	
