0	0	0	0	0.20322	0.0345	0.03968	0.04488	0.03112	0.0104	0.25709	0.02367	0.00113	0.00068	0.31954	0.00093	0.00089	0.00596	0.00116	0.31427	0.18399	0.01162	0.11436	0.01231	0.21703	0.02693	0.04167	0.03665	0.02817	0.01998	0.2479	0.02623	0.05679	0.05068	0.06356	0.15125	
0	0	0	0	0.2309	0.03926	0.0441	0.05022	0.03425	0.01099	0.29301	0.02623	0.0014	0.001	0.36128	0.0008	0.00115	0.00623	0.00082	0.35628	0.20808	0.01324	0.12944	0.01372	0.24582	0.03075	0.04724	0.04067	0.03261	0.02307	0.27959	0.02921	0.06476	0.05802	0.07176	0.16994	
0	0	0	0	0.12038	0.02086	0.02305	0.02631	0.01791	0.00565	0.15325	0.01379	0.00079	0.00047	0.18882	0.00052	0.00052	0.00335	0.0006	0.18613	0.10769	0.00754	0.06838	0.00699	0.12903	0.01604	0.02378	0.02175	0.01742	0.01227	0.14573	0.01518	0.03334	0.02936	0.03769	0.09021	
0	0	0	0	0.07843	0.01302	0.01464	0.01655	0.01146	0.00386	0.09837	0.00895	0.00043	0.0003	0.12157	0.00034	0.00045	0.0021	0.00037	0.11972	0.06887	0.0046	0.04451	0.00466	0.08286	0.00981	0.01567	0.0143	0.01125	0.00795	0.0935	0.00994	0.02165	0.01944	0.02401	0.05754	
0.20322	0.2309	0.12038	0.07843	0	0	0	0	0.06004	0.02005	0.5061	0.04674	0.00241	0.00143	0.62744	0.00165	0.00191	0.01102	0.00186	0.61814	0.36016	0.02351	0.22502	0.02424	0.42717	0.05298	0.08121	0.07157	0.05572	0.03958	0.48649	0.05114	0.11122	0.0992	0.12487	0.29764	
0.0345	0.03926	0.02086	0.01302	0	0	0	0	0.01003	0.00328	0.08655	0.00778	0.00035	0.0003	0.10671	0.00028	0.0003	0.00182	0.00033	0.10519	0.06012	0.00404	0.03936	0.00412	0.0728	0.00897	0.01365	0.01222	0.01	0.00687	0.08247	0.0083	0.01914	0.01732	0.02102	0.05016	
0.03968	0.0441	0.02305	0.01464	0	0	0	0	0.01122	0.00363	0.09828	0.00834	0.00052	0.00035	0.12023	0.00037	0.00043	0.00241	0.00035	0.11828	0.07006	0.00451	0.04244	0.00446	0.08193	0.00993	0.01565	0.01396	0.01098	0.00799	0.09291	0.00959	0.02204	0.01957	0.0239	0.05596	
0.04488	0.05022	0.02631	0.01655	0	0	0	0	0.01345	0.00394	0.11079	0.00978	0.00047	0.00037	0.13683	0.00029	0.00037	0.00239	0.00041	0.13479	0.07829	0.00494	0.04987	0.00486	0.09284	0.01165	0.01785	0.01562	0.01275	0.00883	0.10485	0.01153	0.02414	0.02141	0.02723	0.06518	
0.03112	0.03425	0.01791	0.01146	0.06004	0.01003	0.01122	0.01345	0	0	0	0	0.00044	0.00014	0.09385	0.00031	0.00017	0.00182	0.00024	0.09251	0.05322	0.00343	0.03412	0.00397	0.06307	0.00817	0.01224	0.01126	0.00761	0.00527	0.0746	0.00726	0.01069	0.00944	0.01154	0.06307	
0.0104	0.01099	0.00565	0.00386	0.02005	0.00328	0.00363	0.00394	0	0	0	0	0.00013	6e-05	0.03067	4e-05	0.00011	0.00044	0.00014	0.03021	0.01769	0.00102	0.01109	0.0011	0.02043	0.00277	0.00407	0.00363	0.00263	0.00183	0.02423	0.00221	0.00352	0.00305	0.00381	0.02052	
0.25709	0.29301	0.15325	0.09837	0.5061	0.08655	0.09828	0.11079	0	0	0	0	0.00293	0.00208	0.79465	0.00206	0.00257	0.01407	0.00234	0.78274	0.45666	0.02999	0.28547	0.0296	0.54163	0.0668	0.1031	0.09019	0.07317	0.05181	0.61075	0.06599	0.15382	0.138	0.17265	0.33725	
0.02367	0.02623	0.01379	0.00895	0.04674	0.00778	0.00834	0.00978	0	0	0	0	0.00025	0.00017	0.07204	0.00018	0.00016	0.00131	0.00023	0.07094	0.04106	0.00256	0.02601	0.00301	0.04961	0.00579	0.00895	0.00829	0.00604	0.00436	0.05714	0.0051	0.00851	0.00701	0.00902	0.0481	
0.00113	0.0014	0.00079	0.00043	0.00241	0.00035	0.00052	0.00047	0.00044	0.00013	0.00293	0.00025	0	0	0	0	0	5e-05	0	0.0037	0.00206	0.00012	0.00145	0.00012	0.00244	0.00032	0.00049	0.0005	0.00033	0.00021	0.00288	0.00033	0.00065	0.00063	0.00075	0.00172	
0.00068	0.001	0.00047	0.0003	0.00143	0.0003	0.00035	0.00037	0.00014	6e-05	0.00208	0.00017	0	0	0	0	0	6e-05	0	0.00239	0.00152	0.00012	0.0007	0.00011	0.0016	0.00014	0.0004	0.00031	0.0002	0.00014	0.00189	0.00022	0.00039	0.00038	0.00051	0.00117	
0.31954	0.36128	0.18882	0.12157	0.62744	0.10671	0.12023	0.13683	0.09385	0.03067	0.79465	0.07204	0	0	0	0	0.00299	0.0175	0.00295	0.96777	0.56349	0.03664	0.35376	0.03732	0.66904	0.08291	0.12712	0.11214	0.08874	0.06273	0.75992	0.07982	0.17508	0.15608	0.19526	0.46479	
0.00093	0.0008	0.00052	0.00034	0.00165	0.00028	0.00037	0.00029	0.00031	4e-05	0.00206	0.00018	0	0	0	0	2e-05	3e-05	0	0.00254	0.00156	0.00012	0.00078	0.00013	0.00166	0.00016	0.00035	0.00042	0.00018	0.00019	0.00203	0.00019	0.00042	0.00041	0.0005	0.00126	
0.00089	0.00115	0.00052	0.00045	0.00191	0.0003	0.00043	0.00037	0.00017	0.00011	0.00257	0.00016	0	0	0.00299	2e-05	0	0	0	0	0.00168	0.0001	0.00108	0.00015	0.00206	0.00024	0.00037	0.00034	0.00027	0.00016	0.00232	0.00026	0.00052	0.00057	0.00066	0.00126	
0.00596	0.00623	0.00335	0.0021	0.01102	0.00182	0.00241	0.00239	0.00182	0.00044	0.01407	0.00131	5e-05	6e-05	0.0175	3e-05	0	0	0	0	0.01024	0.0006	0.00621	0.00059	0.01173	0.00146	0.00218	0.00227	0.00154	0.00127	0.01337	0.00146	0.00305	0.00295	0.00368	0.00796	
0.00116	0.00082	0.0006	0.00037	0.00186	0.00033	0.00035	0.00041	0.00024	0.00014	0.00234	0.00023	0	0	0.00295	0	0	0	0	0	0.0017	0.00015	0.001	0.0001	0.00186	0.00027	0.0005	0.00032	0.00022	0.00015	0.00233	0.00025	0.00066	0.00051	0.0006	0.00118	
0.31427	0.35628	0.18613	0.11972	0.61814	0.10519	0.11828	0.13479	0.09251	0.03021	0.78274	0.07094	0.0037	0.00239	0.96777	0.00254	0	0	0	0	0.55501	0.03615	0.3484	0.03684	0.65909	0.08156	0.12531	0.11044	0.08742	0.06169	0.7487	0.07859	0.17231	0.15347	0.19208	0.45854	
0.18399	0.20808	0.10769	0.06887	0.36016	0.06012	0.07006	0.07829	0.05322	0.01769	0.45666	0.04106	0.00206	0.00152	0.56349	0.00156	0.00168	0.01024	0.0017	0.55501	0	0	0	0	0.38389	0.04747	0.07292	0.06435	0.06435	0.04529	0.40148	0.05751	0.1027	0.0909	0.11484	0.26019	
0.01162	0.01324	0.00754	0.0046	0.02351	0.00404	0.00451	0.00494	0.00343	0.00102	0.02999	0.00256	0.00012	0.00012	0.03664	0.00012	0.0001	0.0006	0.00015	0.03615	0	0	0	0	0.0247	0.00314	0.0049	0.00426	0.00193	0.00167	0.03153	0.00187	0.00641	0.0055	0.00718	0.01791	
0.11436	0.12944	0.06838	0.04451	0.22502	0.03936	0.04244	0.04987	0.03412	0.01109	0.28547	0.02601	0.00145	0.0007	0.35376	0.00078	0.00108	0.00621	0.001	0.3484	0	0	0	0	0.24064	0.02972	0.04546	0.04087	0.02116	0.01465	0.30171	0.01917	0.06108	0.05534	0.06808	0.17219	
0.01231	0.01372	0.00699	0.00466	0.02424	0.00412	0.00446	0.00486	0.00397	0.0011	0.0296	0.00301	0.00012	0.00011	0.03732	0.00013	0.00015	0.00059	0.0001	0.03684	0	0	0	0	0.02551	0.0032	0.00508	0.00389	0.00201	0.00166	0.032	0.00201	0.00635	0.00576	0.00692	0.01865	
0.21703	0.24582	0.12903	0.08286	0.42717	0.0728	0.08193	0.09284	0.06307	0.02043	0.54163	0.04961	0.00244	0.0016	0.66904	0.00166	0.00206	0.01173	0.00186	0.65909	0.38389	0.0247	0.24064	0.02551	0	0	0	0	0.06079	0.04256	0.517	0.05439	0.11912	0.10716	0.13171	0.31675	
0.02693	0.03075	0.01604	0.00981	0.05298	0.00897	0.00993	0.01165	0.00817	0.00277	0.0668	0.00579	0.00032	0.00014	0.08291	0.00016	0.00024	0.00146	0.00027	0.08156	0.04747	0.00314	0.02972	0.0032	0	0	0	0	0.00783	0.00518	0.06397	0.00655	0.0148	0.01219	0.01709	0.03945	
0.04167	0.04724	0.02378	0.01567	0.08121	0.01365	0.01565	0.01785	0.01224	0.00407	0.1031	0.00895	0.00049	0.0004	0.12712	0.00035	0.00037	0.00218	0.0005	0.12531	0.07292	0.0049	0.04546	0.00508	0	0	0	0	0.01067	0.00869	0.09829	0.01071	0.02284	0.02016	0.02591	0.05945	
0.03665	0.04067	0.02175	0.0143	0.07157	0.01222	0.01396	0.01562	0.01126	0.00363	0.09019	0.00829	0.0005	0.00031	0.11214	0.00042	0.00034	0.00227	0.00032	0.11044	0.06435	0.00426	0.04087	0.00389	0	0	0	0	0.01016	0.00684	0.08746	0.00891	0.01978	0.01799	0.02231	0.05329	
0.02817	0.03261	0.01742	0.01125	0.05572	0.01	0.01098	0.01275	0.00761	0.00263	0.07317	0.00604	0.00033	0.0002	0.08874	0.00018	0.00027	0.00154	0.00022	0.08742	0.06435	0.00193	0.02116	0.00201	0.06079	0.00783	0.01067	0.01016	0	0	0	0	0.02	0.01669	0.02251	0.03025	
0.01998	0.02307	0.01227	0.00795	0.03958	0.00687	0.00799	0.00883	0.00527	0.00183	0.05181	0.00436	0.00021	0.00014	0.06273	0.00019	0.00016	0.00127	0.00015	0.06169	0.04529	0.00167	0.01465	0.00166	0.04256	0.00518	0.00869	0.00684	0	0	0	0	0.01413	0.01226	0.01528	0.0216	
0.2479	0.27959	0.14573	0.0935	0.48649	0.08247	0.09291	0.10485	0.0746	0.02423	0.61075	0.05714	0.00288	0.00189	0.75992	0.00203	0.00232	0.01337	0.00233	0.7487	0.40148	0.03153	0.30171	0.032	0.517	0.06397	0.09829	0.08746	0	0	0	0	0.12516	0.11263	0.13916	0.38977	
0.02623	0.02921	0.01518	0.00994	0.05114	0.0083	0.00959	0.01153	0.00726	0.00221	0.06599	0.0051	0.00033	0.00022	0.07982	0.00019	0.00026	0.00146	0.00025	0.07859	0.05751	0.00187	0.01917	0.00201	0.05439	0.00655	0.01071	0.00891	0	0	0	0	0.01725	0.01592	0.02007	0.02732	
0.05679	0.06476	0.03334	0.02165	0.11122	0.01914	0.02204	0.02414	0.01069	0.00352	0.15382	0.00851	0.00065	0.00039	0.17508	0.00042	0.00052	0.00305	0.00066	0.17231	0.1027	0.00641	0.06108	0.00635	0.11912	0.0148	0.02284	0.01978	0.02	0.01413	0.12516	0.01725	0	0	0	0	
0.05068	0.05802	0.02936	0.01944	0.0992	0.01732	0.01957	0.02141	0.00944	0.00305	0.138	0.00701	0.00063	0.00038	0.15608	0.00041	0.00057	0.00295	0.00051	0.15347	0.0909	0.0055	0.05534	0.00576	0.10716	0.01219	0.02016	0.01799	0.01669	0.01226	0.11263	0.01592	0	0	0	0	
0.06356	0.07176	0.03769	0.02401	0.12487	0.02102	0.0239	0.02723	0.01154	0.00381	0.17265	0.00902	0.00075	0.00051	0.19526	0.0005	0.00066	0.00368	0.0006	0.19208	0.11484	0.00718	0.06808	0.00692	0.13171	0.01709	0.02591	0.02231	0.02251	0.01528	0.13916	0.02007	0	0	0	0	
0.15125	0.16994	0.09021	0.05754	0.29764	0.05016	0.05596	0.06518	0.06307	0.02052	0.33725	0.0481	0.00172	0.00117	0.46479	0.00126	0.00126	0.00796	0.00118	0.45854	0.26019	0.01791	0.17219	0.01865	0.31675	0.03945	0.05945	0.05329	0.03025	0.0216	0.38977	0.02732	0	0	0	0	
