0	0	0	0	0.20103	0.03672	0.03871	0.04478	0.03041	0.00991	0.25918	0.02174	0.00118	0.00066	0.3185	0.0009	0.00105	0.00549	0.00089	0.31381	0.18489	0.01101	0.11361	0.01173	0.21618	0.0267	0.04102	0.03734	0.02887	0.02064	0.24592	0.02581	0.05525	0.05104	0.0643	0.15065	
0	0	0	0	0.22918	0.04036	0.04336	0.05018	0.03446	0.01046	0.29281	0.02535	0.00144	0.00089	0.35992	0.00083	0.00107	0.00597	0.00103	0.35501	0.20788	0.01289	0.12937	0.01294	0.24665	0.02969	0.04598	0.04076	0.03309	0.02375	0.27713	0.02911	0.06334	0.05793	0.07082	0.17099	
0	0	0	0	0.12186	0.02184	0.02244	0.02669	0.01917	0.00546	0.1547	0.0135	0.00072	0.00042	0.19106	0.00063	0.00039	0.00317	0.00053	0.18874	0.11058	0.00692	0.06835	0.00698	0.12954	0.01577	0.02554	0.02198	0.01711	0.01266	0.14771	0.01535	0.0328	0.03092	0.03737	0.09174	
0	0	0	0	0.0782	0.0131	0.01475	0.0168	0.01176	0.00349	0.09867	0.00893	0.00049	0.00028	0.12176	0.00032	0.00041	0.00191	0.00035	0.12018	0.07102	0.00425	0.04388	0.0037	0.08322	0.01	0.0157	0.01393	0.01141	0.00807	0.09357	0.0098	0.02105	0.01993	0.02364	0.05823	
0.20103	0.22918	0.12186	0.0782	0	0	0	0	0.05933	0.01857	0.50886	0.04351	0.00238	0.00146	0.62477	0.00166	0.00184	0.01026	0.00174	0.61643	0.36272	0.02234	0.22315	0.02206	0.42445	0.05215	0.08136	0.07231	0.05637	0.04155	0.48162	0.05073	0.10877	0.10013	0.12388	0.29749	
0.03672	0.04036	0.02184	0.0131	0	0	0	0	0.01168	0.00332	0.08888	0.00814	0.00042	0.00027	0.11103	0.0003	0.00039	0.00197	0.00027	0.10939	0.06436	0.00407	0.03988	0.00371	0.07584	0.00888	0.0148	0.0125	0.0101	0.00709	0.08558	0.00925	0.01894	0.01813	0.02212	0.05283	
0.03871	0.04336	0.02244	0.01475	0	0	0	0	0.0115	0.00327	0.09653	0.00796	0.00046	0.00025	0.11822	0.00033	0.00026	0.002	0.00043	0.11657	0.06898	0.00404	0.04188	0.00436	0.08074	0.00998	0.01528	0.01326	0.01091	0.00777	0.09124	0.00934	0.02065	0.01911	0.02316	0.05634	
0.04478	0.05018	0.02669	0.0168	0	0	0	0	0.01329	0.00416	0.11109	0.00991	0.00057	0.00027	0.13722	0.00039	0.00043	0.00231	0.00036	0.13535	0.07831	0.00462	0.0503	0.00522	0.09456	0.01115	0.0168	0.01594	0.0131	0.00871	0.10589	0.01075	0.02408	0.02245	0.02697	0.06495	
0.03041	0.03446	0.01917	0.01176	0.05933	0.01168	0.0115	0.01329	0	0	0	0	0.00037	0.00026	0.09492	0.00025	0.00027	0.00162	0.00024	0.09367	0.05371	0.00347	0.03518	0.00344	0.06514	0.00755	0.0123	0.01081	0.00681	0.00577	0.07672	0.0065	0.00894	0.00812	0.01036	0.06838	
0.00991	0.01046	0.00546	0.00349	0.01857	0.00332	0.00327	0.00416	0	0	0	0	0.00015	5e-05	0.02904	8e-05	0.00012	0.00054	7e-05	0.02859	0.01611	0.001	0.01127	0.00094	0.01983	0.00225	0.0037	0.00354	0.00224	0.00141	0.0238	0.00187	0.0028	0.00249	0.00287	0.02116	
0.25918	0.29281	0.1547	0.09867	0.50886	0.08888	0.09653	0.11109	0	0	0	0	0.00299	0.00178	0.79841	0.00218	0.00234	0.01329	0.00234	0.78739	0.46574	0.02821	0.28306	0.02835	0.5439	0.06652	0.10336	0.09158	0.07585	0.05427	0.60835	0.06689	0.15454	0.14245	0.17558	0.33279	
0.02174	0.02535	0.0135	0.00893	0.04351	0.00814	0.00796	0.00991	0	0	0	0	0.00032	0.00016	0.06887	0.00017	0.00019	0.00109	0.00015	0.06809	0.03881	0.00239	0.0257	0.00262	0.04672	0.00584	0.00888	0.00808	0.00558	0.00367	0.05546	0.00481	0.00616	0.00676	0.00732	0.04928	
0.00118	0.00144	0.00072	0.00049	0.00238	0.00042	0.00046	0.00057	0.00037	0.00015	0.00299	0.00032	0	0	0	0	1e-05	5e-05	2e-05	0.00375	0.00221	0.00014	0.00138	0.0001	0.00257	0.00022	0.00059	0.00045	0.0003	0.0003	0.00291	0.00032	0.00057	0.00064	0.0008	0.00182	
0.00066	0.00089	0.00042	0.00028	0.00146	0.00027	0.00025	0.00027	0.00026	5e-05	0.00178	0.00016	0	0	0	0	1e-05	2e-05	2e-05	0.0022	0.00134	8e-05	0.00072	0.00011	0.0015	0.00019	0.00029	0.00027	0.00025	0.00011	0.00175	0.00014	0.00031	0.00032	0.00049	0.00113	
0.3185	0.35992	0.19106	0.12176	0.62477	0.11103	0.11822	0.13722	0.09492	0.02904	0.79841	0.06887	0	0	0	0	0.00289	0.01638	0.00276	0.96921	0.56916	0.03474	0.35229	0.03505	0.66977	0.08146	0.12703	0.11298	0.08969	0.06454	0.75757	0.07944	0.17114	0.15838	0.19436	0.46736	
0.0009	0.00083	0.00063	0.00032	0.00166	0.0003	0.00033	0.00039	0.00025	8e-05	0.00218	0.00017	0	0	0	0	1e-05	9e-05	0	0.00258	0.00166	0.00011	0.00082	9e-05	0.00175	0.00029	0.00033	0.00031	0.00024	0.00017	0.0021	0.00017	0.00042	0.00048	0.00048	0.0013	
0.00105	0.00107	0.00039	0.00041	0.00184	0.00039	0.00026	0.00043	0.00027	0.00012	0.00234	0.00019	1e-05	1e-05	0.00289	1e-05	0	0	0	0	0.00167	0.00012	0.00105	8e-05	0.00198	0.00029	0.00034	0.00031	0.00022	0.00025	0.00224	0.00021	0.00037	0.00055	0.00051	0.00149	
0.00549	0.00597	0.00317	0.00191	0.01026	0.00197	0.002	0.00231	0.00162	0.00054	0.01329	0.00109	5e-05	2e-05	0.01638	9e-05	0	0	0	0	0.00959	0.00053	0.00575	0.00067	0.01145	0.00122	0.00203	0.00184	0.00151	0.00098	0.0128	0.00125	0.00301	0.00261	0.00322	0.0077	
0.00089	0.00103	0.00053	0.00035	0.00174	0.00027	0.00043	0.00036	0.00024	7e-05	0.00234	0.00015	2e-05	2e-05	0.00276	0	0	0	0	0	0.00153	0.00013	0.00104	0.0001	0.00182	0.00025	0.00047	0.00026	0.00023	0.00018	0.00208	0.00031	0.00049	0.00051	0.00049	0.00131	
0.31381	0.35501	0.18874	0.12018	0.61643	0.10939	0.11657	0.13535	0.09367	0.02859	0.78739	0.06809	0.00375	0.0022	0.96921	0.00258	0	0	0	0	0.56158	0.03429	0.34737	0.0345	0.66034	0.0804	0.1254	0.1116	0.08852	0.06371	0.74721	0.0783	0.16857	0.15615	0.19191	0.46111	
0.18489	0.20788	0.11058	0.07102	0.36272	0.06436	0.06898	0.07831	0.05371	0.01611	0.46574	0.03881	0.00221	0.00134	0.56916	0.00166	0.00167	0.00959	0.00153	0.56158	0	0	0	0	0.38902	0.04617	0.07375	0.06543	0.06931	0.05062	0.39282	0.06162	0.10223	0.09473	0.11746	0.25995	
0.01101	0.01289	0.00692	0.00425	0.02234	0.00407	0.00404	0.00462	0.00347	0.001	0.02821	0.00239	0.00014	8e-05	0.03474	0.00011	0.00012	0.00053	0.00013	0.03429	0	0	0	0	0.02313	0.0028	0.0049	0.00424	0.00158	0.00128	0.03075	0.00146	0.00618	0.00528	0.00639	0.01722	
0.11361	0.12937	0.06835	0.04388	0.22315	0.03988	0.04188	0.0503	0.03518	0.01127	0.28306	0.0257	0.00138	0.00072	0.35229	0.00082	0.00105	0.00575	0.00104	0.34737	0	0	0	0	0.23987	0.03031	0.04479	0.04024	0.01766	0.01177	0.31032	0.01546	0.05837	0.05462	0.06547	0.17675	
0.01173	0.01294	0.00698	0.0037	0.02206	0.00371	0.00436	0.00522	0.00344	0.00094	0.02835	0.00262	0.0001	0.00011	0.03505	9e-05	8e-05	0.00067	0.0001	0.0345	0	0	0	0	0.02357	0.00288	0.0048	0.0041	0.00193	0.00145	0.03044	0.00153	0.00566	0.00519	0.00681	0.01769	
0.21618	0.24665	0.12954	0.08322	0.42445	0.07584	0.08074	0.09456	0.06514	0.01983	0.5439	0.04672	0.00257	0.0015	0.66977	0.00175	0.00198	0.01145	0.00182	0.66034	0.38902	0.02313	0.23987	0.02357	0	0	0	0	0.06132	0.044	0.51622	0.05405	0.11631	0.109	0.13277	0.31751	
0.0267	0.02969	0.01577	0.01	0.05215	0.00888	0.00998	0.01115	0.00755	0.00225	0.06652	0.00584	0.00022	0.00019	0.08146	0.00029	0.00029	0.00122	0.00025	0.0804	0.04617	0.0028	0.03031	0.00288	0	0	0	0	0.00755	0.0054	0.06275	0.00646	0.0141	0.01294	0.01589	0.03923	
0.04102	0.04598	0.02554	0.0157	0.08136	0.0148	0.01528	0.0168	0.0123	0.0037	0.10336	0.00888	0.00059	0.00029	0.12703	0.00033	0.00034	0.00203	0.00047	0.1254	0.07375	0.0049	0.04479	0.0048	0	0	0	0	0.01133	0.00828	0.09813	0.0105	0.02256	0.01977	0.02535	0.06056	
0.03734	0.04076	0.02198	0.01393	0.07231	0.0125	0.01326	0.01594	0.01081	0.00354	0.09158	0.00808	0.00045	0.00027	0.11298	0.00031	0.00031	0.00184	0.00026	0.1116	0.06543	0.00424	0.04024	0.0041	0	0	0	0	0.01028	0.00744	0.08723	0.00906	0.01947	0.01811	0.02212	0.05431	
0.02887	0.03309	0.01711	0.01141	0.05637	0.0101	0.01091	0.0131	0.00681	0.00224	0.07585	0.00558	0.0003	0.00025	0.08969	0.00024	0.00022	0.00151	0.00023	0.08852	0.06931	0.00158	0.01766	0.00193	0.06132	0.00755	0.01133	0.01028	0	0	0	0	0.02032	0.01884	0.02246	0.02886	
0.02064	0.02375	0.01266	0.00807	0.04155	0.00709	0.00777	0.00871	0.00577	0.00141	0.05427	0.00367	0.0003	0.00011	0.06454	0.00017	0.00025	0.00098	0.00018	0.06371	0.05062	0.00128	0.01177	0.00145	0.044	0.0054	0.00828	0.00744	0	0	0	0	0.01435	0.01405	0.01599	0.02073	
0.24592	0.27713	0.14771	0.09357	0.48162	0.08558	0.09124	0.10589	0.07672	0.0238	0.60835	0.05546	0.00291	0.00175	0.75757	0.0021	0.00224	0.0128	0.00208	0.74721	0.39282	0.03075	0.31032	0.03044	0.51622	0.06275	0.09813	0.08723	0	0	0	0	0.12031	0.11076	0.13704	0.39622	
0.02581	0.02911	0.01535	0.0098	0.05073	0.00925	0.00934	0.01075	0.0065	0.00187	0.06689	0.00481	0.00032	0.00014	0.07944	0.00017	0.00021	0.00125	0.00031	0.0783	0.06162	0.00146	0.01546	0.00153	0.05405	0.00646	0.0105	0.00906	0	0	0	0	0.01746	0.01617	0.02064	0.0258	
0.05525	0.06334	0.0328	0.02105	0.10877	0.01894	0.02065	0.02408	0.00894	0.0028	0.15454	0.00616	0.00057	0.00031	0.17114	0.00042	0.00037	0.00301	0.00049	0.16857	0.10223	0.00618	0.05837	0.00566	0.11631	0.0141	0.02256	0.01947	0.02032	0.01435	0.12031	0.01746	0	0	0	0	
0.05104	0.05793	0.03092	0.01993	0.10013	0.01813	0.01911	0.02245	0.00812	0.00249	0.14245	0.00676	0.00064	0.00032	0.15838	0.00048	0.00055	0.00261	0.00051	0.15615	0.09473	0.00528	0.05462	0.00519	0.109	0.01294	0.01977	0.01811	0.01884	0.01405	0.11076	0.01617	0	0	0	0	
0.0643	0.07082	0.03737	0.02364	0.12388	0.02212	0.02316	0.02697	0.01036	0.00287	0.17558	0.00732	0.0008	0.00049	0.19436	0.00048	0.00051	0.00322	0.00049	0.19191	0.11746	0.00639	0.06547	0.00681	0.13277	0.01589	0.02535	0.02212	0.02246	0.01599	0.13704	0.02064	0	0	0	0	
0.15065	0.17099	0.09174	0.05823	0.29749	0.05283	0.05634	0.06495	0.06838	0.02116	0.33279	0.04928	0.00182	0.00113	0.46736	0.0013	0.00149	0.0077	0.00131	0.46111	0.25995	0.01722	0.17675	0.01769	0.31751	0.03923	0.06056	0.05431	0.02886	0.02073	0.39622	0.0258	0	0	0	0	
