0	0	0	0	0.203215	0.0359846	0.0390154	0.0455846	0.0308385	0.00931538	0.260838	0.0228077	0.00116154	0.000623077	0.321108	0.000907692	0.0008	0.0058	0.000915385	0.316285	0.185662	0.0113615	0.115308	0.0114692	0.217808	0.0270846	0.0421231	0.0367846	0.0289692	0.0200308	0.249277	0.0255231	0.0563077	0.0519538	0.0635538	0.151985	
0	0	0	0	0.227792	0.0396385	0.0430615	0.0502846	0.0338923	0.0101231	0.291638	0.0251231	0.00153077	0.000869231	0.357438	0.000938462	0.00103846	0.00642308	0.000984615	0.352331	0.206992	0.0125846	0.128423	0.0127769	0.2442	0.0293846	0.0463308	0.0408615	0.0319154	0.0226231	0.277938	0.0283	0.0633538	0.0571462	0.0705077	0.169769	
0	0	0	0	0.120008	0.0208154	0.0233	0.0262154	0.0186077	0.00575385	0.152246	0.0137308	0.000753846	0.000369231	0.188685	0.000530769	0.000523077	0.00338462	0.000530769	0.1859	0.109185	0.00645385	0.0677385	0.00696154	0.128792	0.0153462	0.0241231	0.0220769	0.0170154	0.0121231	0.146446	0.0147538	0.0332692	0.0295231	0.0375462	0.09	
0	0	0	0	0.0780077	0.0139154	0.0154231	0.0177385	0.0116231	0.00380769	0.100823	0.00883077	0.0005	0.000276923	0.124046	0.000261538	0.000369231	0.00196923	0.000430769	0.122315	0.0713769	0.00421538	0.0450846	0.00440769	0.0847	0.0103615	0.0163462	0.0136769	0.0108769	0.00792308	0.0964769	0.00980769	0.0220923	0.0207308	0.0242615	0.058	
0.203215	0.227792	0.120008	0.0780077	0	0	0	0	0.0591	0.0185462	0.506892	0.0444846	0.00255385	0.00148462	0.623346	0.00163846	0.00173846	0.0112846	0.00180769	0.614192	0.360746	0.0214	0.2248	0.0220769	0.424462	0.0514154	0.0813077	0.0718385	0.0565385	0.0399308	0.483377	0.0491769	0.1093	0.100754	0.122754	0.296215	
0.0359846	0.0396385	0.0208154	0.0139154	0	0	0	0	0.0105692	0.0032	0.0888385	0.00774615	0.000376923	0.000223077	0.109462	0.000292308	0.000292308	0.00200769	0.000384615	0.107669	0.0630154	0.00393846	0.0394077	0.00399231	0.0746923	0.00905385	0.0141462	0.0124615	0.00985385	0.00664615	0.0849769	0.00887692	0.0190231	0.0174538	0.0220692	0.0518077	
0.0390154	0.0430615	0.0233	0.0154231	0	0	0	0	0.0118615	0.00328462	0.0970077	0.00864615	0.000507692	0.000192308	0.119792	0.000307692	0.000253846	0.00186154	0.000284615	0.1184	0.0686923	0.00429231	0.0432846	0.00453077	0.0809154	0.0105154	0.0156923	0.0136769	0.0102769	0.00748462	0.0937077	0.00933077	0.0210385	0.0191846	0.0229615	0.0576154	
0.0455846	0.0502846	0.0262154	0.0177385	0	0	0	0	0.0134308	0.00396923	0.112808	0.00961538	0.000507692	0.000238462	0.138677	0.0004	0.000446154	0.00242308	0.000384615	0.136569	0.0807615	0.00498462	0.0490615	0.00501538	0.0954308	0.0111923	0.0177769	0.0154231	0.0121077	0.00863846	0.108077	0.011	0.0256615	0.0219615	0.0280846	0.0641154	
0.0308385	0.0338923	0.0186077	0.0116231	0.0591	0.0105692	0.0118615	0.0134308	0	0	0	0	0.0004	0.000184615	0.0942154	0.000161538	0.000269231	0.00173077	0.000246154	0.0927154	0.0531	0.0034	0.0345	0.00396154	0.0638	0.00774615	0.0126538	0.0107615	0.00703846	0.00475385	0.0772692	0.0059	0.00878462	0.00812308	0.00974615	0.0683077	
0.00931538	0.0101231	0.00575385	0.00380769	0.0185462	0.0032	0.00328462	0.00396923	0	0	0	0	0.000146154	7.69231e-05	0.0286538	0.000123077	5.38462e-05	0.000515385	7.69231e-05	0.0283538	0.0164615	0.000938462	0.0105308	0.00106923	0.0196923	0.00228462	0.00376923	0.00325385	0.00202308	0.00163846	0.0232308	0.00210769	0.00276154	0.00240769	0.00303846	0.0207923	
0.260838	0.291638	0.152246	0.100823	0.506892	0.0888385	0.0970077	0.112808	0	0	0	0	0.00315385	0.00173077	0.7985	0.00216154	0.00215385	0.0141615	0.00233846	0.786892	0.463562	0.0277308	0.285985	0.0282692	0.544654	0.0663308	0.103323	0.0912385	0.0743308	0.0521846	0.613054	0.0659769	0.156908	0.143377	0.175331	0.329931	
0.0228077	0.0251231	0.0137308	0.00883077	0.0444846	0.00774615	0.00864615	0.00961538	0	0	0	0	0.000246154	0.000146154	0.0699077	0.000192308	0.000253846	0.00116923	0.0002	0.0688692	0.0400923	0.00254615	0.0255385	0.00231538	0.0473538	0.00581538	0.00917692	0.00814615	0.00538462	0.00412308	0.0565846	0.0044	0.00656923	0.00544615	0.00775385	0.0507231	
0.00116154	0.00153077	0.000753846	0.0005	0.00255385	0.000376923	0.000507692	0.000507692	0.0004	0.000146154	0.00315385	0.000246154	0	0	0	0	0	5.38462e-05	7.69231e-06	0.00388462	0.00216923	0.000153846	0.00147692	0.000146154	0.00284615	0.000261538	0.000507692	0.000330769	0.000292308	0.000269231	0.00312308	0.000261538	0.000630769	0.000638462	0.000861538	0.00181538	
0.000623077	0.000869231	0.000369231	0.000276923	0.00148462	0.000223077	0.000192308	0.000238462	0.000184615	7.69231e-05	0.00173077	0.000146154	0	0	0	0	0	3.07692e-05	7.69231e-06	0.0021	0.0013	5.38462e-05	0.000730769	5.38462e-05	0.00163077	0.000138462	0.000230769	0.000138462	0.000192308	0.000176923	0.00153846	0.000230769	0.000415385	0.000361538	0.000446154	0.000915385	
0.321108	0.357438	0.188685	0.124046	0.623346	0.109462	0.119792	0.138677	0.0942154	0.0286538	0.7985	0.0699077	0	0	0	0	0.00272308	0.0174462	0.00284615	0.968262	0.568223	0.0343231	0.353423	0.0353077	0.6693	0.0815077	0.127915	0.112554	0.0880769	0.0620846	0.763438	0.0776769	0.173477	0.157892	0.194038	0.465869	
0.000907692	0.000938462	0.000530769	0.000261538	0.00163846	0.000292308	0.000307692	0.0004	0.000161538	0.000123077	0.00216154	0.000192308	0	0	0	0	7.69231e-06	4.61538e-05	0	0.00258462	0.00152308	8.46154e-05	0.000923077	0.000107692	0.00172308	0.000269231	0.000269231	0.000376923	0.000215385	0.000169231	0.00203846	0.000215385	0.0005	0.000461538	0.000523077	0.00115385	
0.0008	0.00103846	0.000523077	0.000369231	0.00173846	0.000292308	0.000253846	0.000446154	0.000269231	5.38462e-05	0.00215385	0.000253846	0	0	0.00272308	7.69231e-06	0	0	0	0	0.00162308	6.15385e-05	0.000946154	0.0001	0.00172308	0.000346154	0.000353846	0.000307692	0.000176923	0.000169231	0.00214615	0.000238462	0.000523077	0.000453846	0.000538462	0.00121538	
0.0058	0.00642308	0.00338462	0.00196923	0.0112846	0.00200769	0.00186154	0.00242308	0.00173077	0.000515385	0.0141615	0.00116923	5.38462e-05	3.07692e-05	0.0174462	4.61538e-05	0	0	0	0	0.0100923	0.000646154	0.00620769	0.000630769	0.0119154	0.00155385	0.00222308	0.00188462	0.00146923	0.00105385	0.0136308	0.00142308	0.00329231	0.0026	0.00341538	0.00826923	
0.000915385	0.000984615	0.000530769	0.000430769	0.00180769	0.000384615	0.000284615	0.000384615	0.000246154	7.69231e-05	0.00233846	0.0002	7.69231e-06	7.69231e-06	0.00284615	0	0	0	0	0	0.00154615	0.000115385	0.00108462	0.000115385	0.00196923	0.000215385	0.000438462	0.000238462	0.000269231	0.000176923	0.0022	0.000215385	0.000507692	0.000392308	0.000569231	0.00139231	
0.316285	0.352331	0.1859	0.122315	0.614192	0.107669	0.1184	0.136569	0.0927154	0.0283538	0.786892	0.0688692	0.00388462	0.0021	0.968262	0.00258462	0	0	0	0	0.559954	0.0337923	0.348315	0.0347692	0.659892	0.0800615	0.125908	0.110969	0.0868615	0.0613	0.752162	0.0765077	0.1707	0.155908	0.191346	0.458877	
0.185662	0.206992	0.109185	0.0713769	0.360746	0.0630154	0.0686923	0.0807615	0.0531	0.0164615	0.463562	0.0400923	0.00216923	0.0013	0.568223	0.00152308	0.00162308	0.0100923	0.00154615	0.559954	0	0	0	0	0.386946	0.0474308	0.0737692	0.0650692	0.0684385	0.0484615	0.396031	0.0602846	0.104038	0.0945462	0.114315	0.260315	
0.0113615	0.0125846	0.00645385	0.00421538	0.0214	0.00393846	0.00429231	0.00498462	0.0034	0.000938462	0.0277308	0.00254615	0.000153846	5.38462e-05	0.0343231	8.46154e-05	6.15385e-05	0.000646154	0.000115385	0.0337923	0	0	0	0	0.0237077	0.0026	0.0043	0.00400769	0.00163846	0.00116154	0.0302615	0.00155385	0.00557692	0.00552308	0.00673077	0.0167846	
0.115308	0.128423	0.0677385	0.0450846	0.2248	0.0394077	0.0432846	0.0490615	0.0345	0.0105308	0.285985	0.0255385	0.00147692	0.000730769	0.353423	0.000923077	0.000946154	0.00620769	0.00108462	0.348315	0	0	0	0	0.240869	0.0289846	0.0460462	0.0406538	0.017	0.0119	0.312631	0.0150231	0.0596385	0.0537385	0.0680846	0.175092	
0.0114692	0.0127769	0.00696154	0.00440769	0.0220769	0.00399231	0.00453077	0.00501538	0.00396154	0.00106923	0.0282692	0.00231538	0.000146154	5.38462e-05	0.0353077	0.000107692	0.0001	0.000630769	0.000115385	0.0347692	0	0	0	0	0.0239769	0.00316154	0.00480769	0.00366923	0.0017	0.00117692	0.0312154	0.00152308	0.00576923	0.00554615	0.00673846	0.0175615	
0.217808	0.2442	0.128792	0.0847	0.424462	0.0746923	0.0809154	0.0954308	0.0638	0.0196923	0.544654	0.0473538	0.00284615	0.00163077	0.6693	0.00172308	0.00172308	0.0119154	0.00196923	0.659892	0.386946	0.0237077	0.240869	0.0239769	0	0	0	0	0.0598385	0.0430769	0.520369	0.0522154	0.118	0.108131	0.132362	0.317008	
0.0270846	0.0293846	0.0153462	0.0103615	0.0514154	0.00905385	0.0105154	0.0111923	0.00774615	0.00228462	0.0663308	0.00581538	0.000261538	0.000138462	0.0815077	0.000269231	0.000346154	0.00155385	0.000215385	0.0800615	0.0474308	0.0026	0.0289846	0.00316154	0	0	0	0	0.00739231	0.00504615	0.0630846	0.00665385	0.0145692	0.0129231	0.0161308	0.0385538	
0.0421231	0.0463308	0.0241231	0.0163462	0.0813077	0.0141462	0.0156923	0.0177769	0.0126538	0.00376923	0.103323	0.00917692	0.000507692	0.000230769	0.127915	0.000269231	0.000353846	0.00222308	0.000438462	0.125908	0.0737692	0.0043	0.0460462	0.00480769	0	0	0	0	0.0115615	0.00781538	0.0994385	0.0101077	0.0229923	0.0201231	0.0246846	0.0611231	
0.0367846	0.0408615	0.0220769	0.0136769	0.0718385	0.0124615	0.0136769	0.0154231	0.0107615	0.00325385	0.0912385	0.00814615	0.000330769	0.000138462	0.112554	0.000376923	0.000307692	0.00188462	0.000238462	0.110969	0.0650692	0.00400769	0.0406538	0.00366923	0	0	0	0	0.00998462	0.00676154	0.0872462	0.00940769	0.0194615	0.0181769	0.0226923	0.0530692	
0.0289692	0.0319154	0.0170154	0.0108769	0.0565385	0.00985385	0.0102769	0.0121077	0.00703846	0.00202308	0.0743308	0.00538462	0.000292308	0.000192308	0.0880769	0.000215385	0.000176923	0.00146923	0.000269231	0.0868615	0.0684385	0.00163846	0.017	0.0017	0.0598385	0.00739231	0.0115615	0.00998462	0	0	0	0	0.0191769	0.0183692	0.0226923	0.0285385	
0.0200308	0.0226231	0.0121231	0.00792308	0.0399308	0.00664615	0.00748462	0.00863846	0.00475385	0.00163846	0.0521846	0.00412308	0.000269231	0.000176923	0.0620846	0.000169231	0.000169231	0.00105385	0.000176923	0.0613	0.0484615	0.00116154	0.0119	0.00117692	0.0430769	0.00504615	0.00781538	0.00676154	0	0	0	0	0.0139231	0.0131615	0.0149923	0.0206231	
0.249277	0.277938	0.146446	0.0964769	0.483377	0.0849769	0.0937077	0.108077	0.0772692	0.0232308	0.613054	0.0565846	0.00312308	0.00153846	0.763438	0.00203846	0.00214615	0.0136308	0.0022	0.752162	0.396031	0.0302615	0.312631	0.0312154	0.520369	0.0630846	0.0994385	0.0872462	0	0	0	0	0.124277	0.111769	0.138108	0.395985	
0.0255231	0.0283	0.0147538	0.00980769	0.0491769	0.00887692	0.00933077	0.011	0.0059	0.00210769	0.0659769	0.0044	0.000261538	0.000230769	0.0776769	0.000215385	0.000238462	0.00142308	0.000215385	0.0765077	0.0602846	0.00155385	0.0150231	0.00152308	0.0522154	0.00665385	0.0101077	0.00940769	0	0	0	0	0.0176462	0.0160538	0.0200769	0.0246077	
0.0563077	0.0633538	0.0332692	0.0220923	0.1093	0.0190231	0.0210385	0.0256615	0.00878462	0.00276154	0.156908	0.00656923	0.000630769	0.000415385	0.173477	0.0005	0.000523077	0.00329231	0.000507692	0.1707	0.104038	0.00557692	0.0596385	0.00576923	0.118	0.0145692	0.0229923	0.0194615	0.0191769	0.0139231	0.124277	0.0176462	0	0	0	0	
0.0519538	0.0571462	0.0295231	0.0207308	0.100754	0.0174538	0.0191846	0.0219615	0.00812308	0.00240769	0.143377	0.00544615	0.000638462	0.000361538	0.157892	0.000461538	0.000453846	0.0026	0.000392308	0.155908	0.0945462	0.00552308	0.0537385	0.00554615	0.108131	0.0129231	0.0201231	0.0181769	0.0183692	0.0131615	0.111769	0.0160538	0	0	0	0	
0.0635538	0.0705077	0.0375462	0.0242615	0.122754	0.0220692	0.0229615	0.0280846	0.00974615	0.00303846	0.175331	0.00775385	0.000861538	0.000446154	0.194038	0.000523077	0.000538462	0.00341538	0.000569231	0.191346	0.114315	0.00673077	0.0680846	0.00673846	0.132362	0.0161308	0.0246846	0.0226923	0.0226923	0.0149923	0.138108	0.0200769	0	0	0	0	
0.151985	0.169769	0.09	0.058	0.296215	0.0518077	0.0576154	0.0641154	0.0683077	0.0207923	0.329931	0.0507231	0.00181538	0.000915385	0.465869	0.00115385	0.00121538	0.00826923	0.00139231	0.458877	0.260315	0.0167846	0.175092	0.0175615	0.317008	0.0385538	0.0611231	0.0530692	0.0285385	0.0206231	0.395985	0.0246077	0	0	0	0	
