0	0	0	0	0.20466	0.03596	0.03925	0.04573	0.03141	0.00925	0.26151	0.02343	0.00117	0.00073	0.32275	0.00095	0.00104	0.00559	0.00106	0.31791	0.18744	0.01151	0.1146	0.01205	0.2202	0.0271	0.04109	0.03721	0.02844	0.02028	0.25032	0.02656	0.05727	0.05149	0.06312	0.15372	
0	0	0	0	0.23018	0.03916	0.04366	0.04953	0.03487	0.01151	0.29097	0.02518	0.00126	0.00067	0.35937	0.00123	0.00106	0.00616	0.00119	0.35412	0.2065	0.01228	0.13069	0.01306	0.24571	0.02916	0.04698	0.04068	0.03285	0.02366	0.27721	0.02881	0.06329	0.05804	0.07114	0.17006	
0	0	0	0	0.11943	0.02134	0.02301	0.02542	0.01802	0.00564	0.15306	0.01248	0.00063	0.00028	0.1878	0.00049	0.0004	0.00271	0.0005	0.18559	0.10673	0.00667	0.06852	0.00728	0.12842	0.01514	0.02421	0.02143	0.01702	0.01251	0.14493	0.01474	0.0338	0.02938	0.03741	0.08861	
0	0	0	0	0.07777	0.01351	0.01498	0.01641	0.01162	0.00349	0.0991	0.00846	0.00042	0.00029	0.12172	0.00024	0.00033	0.00198	0.00031	0.12005	0.07073	0.00403	0.04319	0.00472	0.08248	0.01051	0.01564	0.01404	0.01072	0.00761	0.09434	0.01	0.022	0.01921	0.02431	0.05715	
0.20466	0.23018	0.11943	0.07777	0	0	0	0	0.0613	0.01897	0.50826	0.04351	0.00223	0.00125	0.62673	0.00183	0.00175	0.0101	0.00199	0.6182	0.36034	0.02183	0.22638	0.02349	0.42868	0.05115	0.08065	0.07156	0.05668	0.04096	0.48361	0.05079	0.11164	0.09982	0.12329	0.29729	
0.03596	0.03916	0.02134	0.01351	0	0	0	0	0.01057	0.00351	0.08822	0.00767	0.00033	0.00021	0.10901	0.00042	0.00034	0.00183	0.00041	0.10739	0.06282	0.00387	0.03895	0.00433	0.07392	0.0094	0.01401	0.01264	0.00965	0.00722	0.08457	0.00853	0.01933	0.01748	0.02151	0.05165	
0.03925	0.04366	0.02301	0.01498	0	0	0	0	0.01122	0.00351	0.09763	0.00854	0.00046	0.00024	0.11995	0.00025	0.00036	0.00198	0.00029	0.11827	0.06923	0.00429	0.04294	0.00444	0.08201	0.00968	0.01571	0.0135	0.01058	0.00779	0.09271	0.00982	0.02148	0.0189	0.0246	0.05592	
0.04573	0.04953	0.02542	0.01641	0	0	0	0	0.01283	0.0039	0.11053	0.00983	0.00046	0.00027	0.13595	0.00041	0.00038	0.00253	0.00037	0.13381	0.07901	0.0045	0.04873	0.00485	0.0922	0.01168	0.01755	0.01566	0.01212	0.00809	0.10591	0.01097	0.02391	0.02192	0.02658	0.06468	
0.03141	0.03487	0.01802	0.01162	0.0613	0.01057	0.01122	0.01283	0	0	0	0	0.0004	0.00022	0.09507	0.00023	0.00034	0.00169	0.00023	0.09366	0.05399	0.0038	0.03491	0.00322	0.06498	0.00787	0.01208	0.01099	0.00687	0.00541	0.07688	0.00676	0.00906	0.00814	0.01013	0.06859	
0.00925	0.01151	0.00564	0.00349	0.01897	0.00351	0.00351	0.0039	0	0	0	0	0.00012	9e-05	0.02961	7e-05	8e-05	0.00047	0.0001	0.02924	0.01673	0.00123	0.01096	0.00097	0.01996	0.00275	0.00388	0.0033	0.00194	0.00143	0.02437	0.00215	0.00307	0.00254	0.00307	0.02121	
0.26151	0.29097	0.15306	0.0991	0.50826	0.08822	0.09763	0.11053	0	0	0	0	0.00264	0.0016	0.79796	0.00244	0.00224	0.01315	0.00254	0.78671	0.46162	0.02724	0.28558	0.0302	0.54449	0.06559	0.10305	0.09151	0.07476	0.05348	0.60995	0.06645	0.15758	0.14138	0.17548	0.3302	
0.02343	0.02518	0.01248	0.00846	0.04351	0.00767	0.00854	0.00983	0	0	0	0	0.00032	6e-05	0.069	0.00017	0.00017	0.00113	0.00019	0.06806	0.03906	0.00222	0.02555	0.00272	0.04738	0.0057	0.00891	0.00756	0.00546	0.00374	0.0556	0.00475	0.00665	0.00606	0.0073	0.04954	
0.00117	0.00126	0.00063	0.00042	0.00223	0.00033	0.00046	0.00046	0.0004	0.00012	0.00264	0.00032	0	0	0	0	3e-05	7e-05	0	0.00338	0.00201	0.00012	0.00124	0.00011	0.00246	0.00017	0.00051	0.00034	0.00035	0.00014	0.0027	0.00029	0.00062	0.00054	0.00062	0.0017	
0.00073	0.00067	0.00028	0.00029	0.00125	0.00021	0.00024	0.00027	0.00022	9e-05	0.0016	6e-05	0	0	0	0	0	1e-05	3e-05	0.00193	0.00113	6e-05	0.00071	7e-05	0.00137	0.00014	0.00029	0.00017	0.0002	7e-05	0.00158	0.00012	0.00038	0.00034	0.00034	0.00091	
0.32275	0.35937	0.1878	0.12172	0.62673	0.10901	0.11995	0.13595	0.09507	0.02961	0.79796	0.069	0	0	0	0	0.00278	0.0163	0.00302	0.96954	0.5665	0.03423	0.35409	0.03682	0.67103	0.0813	0.12682	0.11249	0.08824	0.06368	0.76023	0.07949	0.17487	0.15682	0.19444	0.46551	
0.00095	0.00123	0.00049	0.00024	0.00183	0.00042	0.00025	0.00041	0.00023	7e-05	0.00244	0.00017	0	0	0	0	2e-05	6e-05	1e-05	0.00282	0.00176	8e-05	0.00096	0.00011	0.00195	0.0003	0.0003	0.00036	0.00024	0.00017	0.00229	0.00021	0.00049	0.00042	0.00058	0.00142	
0.00104	0.00106	0.0004	0.00033	0.00175	0.00034	0.00036	0.00038	0.00034	8e-05	0.00224	0.00017	3e-05	0	0.00278	2e-05	0	0	0	0	0.00152	9e-05	0.00112	0.0001	0.00212	0.00019	0.00023	0.00029	0.00027	0.00023	0.00214	0.00019	0.00055	0.00034	0.0005	0.00144	
0.00559	0.00616	0.00271	0.00198	0.0101	0.00183	0.00198	0.00253	0.00169	0.00047	0.01315	0.00113	7e-05	1e-05	0.0163	6e-05	0	0	0	0	0.0093	0.00051	0.00597	0.00066	0.0112	0.0014	0.00182	0.00202	0.00133	0.00086	0.01289	0.00136	0.00279	0.00272	0.0032	0.00773	
0.00106	0.00119	0.0005	0.00031	0.00199	0.00041	0.00029	0.00037	0.00023	0.0001	0.00254	0.00019	0	3e-05	0.00302	1e-05	0	0	0	0	0.00187	8e-05	0.00098	0.00013	0.00205	0.00032	0.00035	0.00034	0.00031	0.00027	0.00228	0.0002	0.00062	0.00047	0.00061	0.00136	
0.31791	0.35412	0.18559	0.12005	0.6182	0.10739	0.11827	0.13381	0.09366	0.02924	0.78671	0.06806	0.00338	0.00193	0.96954	0.00282	0	0	0	0	0.55871	0.03381	0.34893	0.03622	0.66144	0.08	0.12552	0.11071	0.08712	0.0627	0.74949	0.07836	0.1724	0.15459	0.19167	0.45901	
0.18744	0.2065	0.10673	0.07073	0.36034	0.06282	0.06923	0.07901	0.05399	0.01673	0.46162	0.03906	0.00201	0.00113	0.5665	0.00176	0.00152	0.0093	0.00187	0.55871	0	0	0	0	0.38684	0.04635	0.07343	0.06478	0.06825	0.0491	0.39247	0.06158	0.10396	0.09317	0.11398	0.26029	
0.01151	0.01228	0.00667	0.00403	0.02183	0.00387	0.00429	0.0045	0.0038	0.00123	0.02724	0.00222	0.00012	6e-05	0.03423	8e-05	9e-05	0.00051	8e-05	0.03381	0	0	0	0	0.02368	0.00266	0.00444	0.00371	0.00166	0.0012	0.03019	0.00144	0.00585	0.00537	0.00648	0.01679	
0.1146	0.13069	0.06852	0.04319	0.22638	0.03895	0.04294	0.04873	0.03491	0.01096	0.28558	0.02555	0.00124	0.00071	0.35409	0.00096	0.00112	0.00597	0.00098	0.34893	0	0	0	0	0.2413	0.02993	0.04509	0.04068	0.01761	0.01247	0.31134	0.01558	0.06016	0.05412	0.06812	0.1746	
0.01205	0.01306	0.00728	0.00472	0.02349	0.00433	0.00444	0.00485	0.00322	0.00097	0.0302	0.00272	0.00011	7e-05	0.03682	0.00011	0.0001	0.00066	0.00013	0.03622	0	0	0	0	0.02499	0.00297	0.00496	0.00419	0.00151	0.00129	0.0328	0.00151	0.00639	0.00546	0.0074	0.01786	
0.2202	0.24571	0.12842	0.08248	0.42868	0.07392	0.08201	0.0922	0.06498	0.01996	0.54449	0.04738	0.00246	0.00137	0.67103	0.00195	0.00212	0.0112	0.00205	0.66144	0.38684	0.02368	0.2413	0.02499	0	0	0	0	0.05943	0.04386	0.51892	0.0546	0.11929	0.10676	0.13249	0.31827	
0.0271	0.02916	0.01514	0.01051	0.05115	0.0094	0.00968	0.01168	0.00787	0.00275	0.06559	0.0057	0.00017	0.00014	0.0813	0.0003	0.00019	0.0014	0.00032	0.08	0.04635	0.00266	0.02993	0.00297	0	0	0	0	0.00742	0.00517	0.06271	0.00661	0.01467	0.01343	0.01594	0.03787	
0.04109	0.04698	0.02421	0.01564	0.08065	0.01401	0.01571	0.01755	0.01208	0.00388	0.10305	0.00891	0.00051	0.00029	0.12682	0.0003	0.00023	0.00182	0.00035	0.12552	0.07343	0.00444	0.04509	0.00496	0	0	0	0	0.0119	0.0084	0.09769	0.00993	0.02208	0.01986	0.02548	0.0605	
0.03721	0.04068	0.02143	0.01404	0.07156	0.01264	0.0135	0.01566	0.01099	0.0033	0.09151	0.00756	0.00034	0.00017	0.11249	0.00036	0.00029	0.00202	0.00034	0.11071	0.06478	0.00371	0.04068	0.00419	0	0	0	0	0.01028	0.00663	0.08748	0.00897	0.02032	0.01807	0.02207	0.0529	
0.02844	0.03285	0.01702	0.01072	0.05668	0.00965	0.01058	0.01212	0.00687	0.00194	0.07476	0.00546	0.00035	0.0002	0.08824	0.00024	0.00027	0.00133	0.00031	0.08712	0.06825	0.00166	0.01761	0.00151	0.05943	0.00742	0.0119	0.01028	0	0	0	0	0.02027	0.01788	0.02296	0.02792	
0.02028	0.02366	0.01251	0.00761	0.04096	0.00722	0.00779	0.00809	0.00541	0.00143	0.05348	0.00374	0.00014	7e-05	0.06368	0.00017	0.00023	0.00086	0.00027	0.0627	0.0491	0.0012	0.01247	0.00129	0.04386	0.00517	0.0084	0.00663	0	0	0	0	0.01482	0.01259	0.01643	0.02022	
0.25032	0.27721	0.14493	0.09434	0.48361	0.08457	0.09271	0.10591	0.07688	0.02437	0.60995	0.0556	0.0027	0.00158	0.76023	0.00229	0.00214	0.01289	0.00228	0.74949	0.39247	0.03019	0.31134	0.0328	0.51892	0.06271	0.09769	0.08748	0	0	0	0	0.12298	0.11138	0.1363	0.39614	
0.02656	0.02881	0.01474	0.01	0.05079	0.00853	0.00982	0.01097	0.00676	0.00215	0.06645	0.00475	0.00029	0.00012	0.07949	0.00021	0.00019	0.00136	0.0002	0.07836	0.06158	0.00144	0.01558	0.00151	0.0546	0.00661	0.00993	0.00897	0	0	0	0	0.01829	0.01627	0.02029	0.02526	
0.05727	0.06329	0.0338	0.022	0.11164	0.01933	0.02148	0.02391	0.00906	0.00307	0.15758	0.00665	0.00062	0.00038	0.17487	0.00049	0.00055	0.00279	0.00062	0.1724	0.10396	0.00585	0.06016	0.00639	0.11929	0.01467	0.02208	0.02032	0.02027	0.01482	0.12298	0.01829	0	0	0	0	
0.05149	0.05804	0.02938	0.01921	0.09982	0.01748	0.0189	0.02192	0.00814	0.00254	0.14138	0.00606	0.00054	0.00034	0.15682	0.00042	0.00034	0.00272	0.00047	0.15459	0.09317	0.00537	0.05412	0.00546	0.10676	0.01343	0.01986	0.01807	0.01788	0.01259	0.11138	0.01627	0	0	0	0	
0.06312	0.07114	0.03741	0.02431	0.12329	0.02151	0.0246	0.02658	0.01013	0.00307	0.17548	0.0073	0.00062	0.00034	0.19444	0.00058	0.0005	0.0032	0.00061	0.19167	0.11398	0.00648	0.06812	0.0074	0.13249	0.01594	0.02548	0.02207	0.02296	0.01643	0.1363	0.02029	0	0	0	0	
0.15372	0.17006	0.08861	0.05715	0.29729	0.05165	0.05592	0.06468	0.06859	0.02121	0.3302	0.04954	0.0017	0.00091	0.46551	0.00142	0.00144	0.00773	0.00136	0.45901	0.26029	0.01679	0.1746	0.01786	0.31827	0.03787	0.0605	0.0529	0.02792	0.02022	0.39614	0.02526	0	0	0	0	
