0.050000	1	0	0	0.003452	0.042318
0.050000	0	0	0	0.002946	0.042218
0.050000	1	0	0	0.001670	0.043687
0.050000	1	0	0	0.001997	0.042926
0.050000	1	0	0	0.001969	0.042857
0.050000	1	0	0	0.002369	0.042695
0.050000	0	0	0	0.002956	0.042295
0.050000	1	0	0	0.002126	0.043364
0.050000	0	0	0	0.002947	0.042610
0.050000	1	0	0	0.002453	0.043633
0.050000	1	0	0	0.004045	0.043071
0.050000	0	0	0	0.002848	0.041764
0.050000	1	0	0	0.001500	0.043495
0.050000	2	0	0	0.002671	0.042056
0.050000	0	0	0	0.003502	0.041741
0.050000	1	0	0	0.004126	0.043472
0.050000	1	0	0	0.003037	0.043241
0.050000	1	0	0	0.002311	0.042780
0.050000	1	0	0	0.001932	0.042618
0.050000	1	0	0	0.002684	0.043257
0.050000	1	0	0	0.002121	0.042787
0.050000	2	0	0	0.001897	0.043556
0.050000	1	0	0	0.003248	0.044880
0.050000	0	0	0	0.002221	0.043548
0.050000	1	0	0	0.001962	0.042849
0.050000	1	0	0	0.003147	0.041925
0.050000	2	0	0	0.003054	0.043180
0.050000	1	0	0	0.002428	0.042425
0.050000	0	0	0	0.001863	0.042887
0.050000	3	0	0	0.002241	0.043633
0.050000	2	0	0	0.002123	0.043441
0.050000	0	0	0	0.003406	0.044110
0.050000	0	0	0	0.003664	0.042826
0.050000	0	0	0	0.003664	0.042826
0.045000	1	0	0	0.001681	0.042087
0.045000	1	0	0	0.001759	0.043464
0.045000	2	0	0	0.002850	0.043041
0.045000	1	0	0	0.002594	0.042787
0.045000	0	0	0	0.002494	0.044264
0.045000	1	0	0	0.002769	0.043618
0.045000	0	0	0	0.002040	0.041949
0.045000	1	0	0	0.002372	0.043918
0.045000	1	0	0	0.001495	0.043818
0.045000	1	0	0	0.002018	0.043957
0.045000	1	0	0	0.001921	0.043518
0.045000	1	0	0	0.002448	0.043333
0.045000	0	0	0	0.003502	0.042671
0.045000	0	0	0	0.002244	0.043464
0.045000	1	0	0	0.003923	0.041941
0.045000	1	0	0	0.002007	0.043618
0.045000	1	0	0	0.002575	0.042372
0.045000	1	0	0	0.002848	0.043171
0.045000	1	0	0	0.003137	0.043018
0.045000	0	0	0	0.002676	0.043718
0.045000	1	0	0	0.002594	0.044287
0.045000	1	0	0	0.002073	0.042533
0.045000	1	0	0	0.002625	0.042810
0.045000	0	0	0	0.002454	0.042510
0.045000	1	0	0	0.002997	0.044241
0.045000	1	0	0	0.001775	0.044264
0.045000	1	0	0	0.003089	0.043548
0.045000	1	0	0	0.002080	0.043118
0.045000	1	0	0	0.003694	0.042141
0.045000	2	0	0	0.002373	0.042679
0.045000	2	0	0	0.002273	0.043879
0.045000	1	0	0	0.002582	0.042395
0.045000	1	0	0	0.001994	0.043880
0.045000	1	0	0	0.002497	0.042264
0.045000	1	0	0	0.004608	0.042448
0.045000	1	0	0	0.002300	0.043457
0.045000	2	0	0	0.002064	0.042902
0.045000	1	0	0	0.002254	0.043349
0.045000	1	0	0	0.001619	0.043171
0.045000	0	0	0	0.001679	0.042371
0.045000	0	0	0	0.002350	0.042703
0.045000	0	0	0	0.002350	0.042703
0.040000	2	4	4	0.003013	0.042702
0.040000	1	6	6	0.003494	0.041257
0.040000	1	6	4	0.002373	0.040471
0.040000	1	4	4	0.001967	0.041956
0.040000	1	4	4	0.002843	0.042033
0.040000	1	4	4	0.005074	0.040241
0.040000	0	4	4	0.005705	0.038256
0.040000	0	4	4	0.005766	0.039579
0.040000	1	4	4	0.007351	0.037795
0.040000	1	4	4	0.008235	0.038148
0.040000	1	4	4	0.004674	0.038595
0.040000	0	4	4	0.009697	0.037502
0.040000	1	4	4	0.008271	0.038148
0.040000	0	4	4	0.008012	0.036741
0.040000	2	4	4	0.007820	0.037364
0.040000	0	4	4	0.010259	0.035771
0.040000	1	4	4	0.008743	0.036618
0.040000	1	4	4	0.010320	0.035148
0.040000	1	4	4	0.007720	0.035279
0.040000	1	4	4	0.009089	0.035510
0.040000	2	4	4	0.010397	0.034464
0.040000	1	4	4	0.009166	0.033748
0.040000	2	4	4	0.008050	0.033087
0.040000	1	4	4	0.008682	0.034156
0.040000	2	4	4	0.011935	0.033925
0.040000	1	4	4	0.012312	0.035301
0.040000	0	4	4	0.011143	0.033510
0.040000	2	4	4	0.010782	0.032685
0.040000	1	4	4	0.008450	0.034239
0.040000	1	4	4	0.010428	0.033493
0.040000	1	4	4	0.008520	0.032978
0.040000	0	4	4	0.009720	0.032947
0.040000	1	4	4	0.009528	0.034439
0.040000	2	4	4	0.009266	0.031585
0.040000	0	4	4	0.010405	0.032009
0.040000	1	4	4	0.010866	0.035647
0.040000	1	4	4	0.010382	0.031816
0.040000	0	4	4	0.010989	0.032462
0.040000	0	4	4	0.011843	0.031262
0.040000	1	4	4	0.009159	0.035670
0.040000	1	4	4	0.010297	0.034393
0.040000	1	4	4	0.008873	0.033355
0.040000	0	4	4	0.008343	0.033062
0.040000	1	4	4	0.009143	0.033001
0.040000	2	4	4	0.009205	0.033255
0.040000	2	4	4	0.009897	0.031770
0.040000	1	4	4	0.008582	0.033816
0.040000	1	4	4	0.006773	0.031547
0.040000	1	4	4	0.010220	0.034124
0.040000	0	4	4	0.010189	0.032424
0.040000	1	4	4	0.007128	0.033678
0.040000	1	4	4	0.008251	0.033532
0.040000	0	4	4	0.009682	0.034816
0.040000	1	4	4	0.009066	0.033993
0.040000	1	4	4	0.007166	0.032932
0.040000	1	4	4	0.006782	0.035409
0.040000	2	4	4	0.008866	0.033901
0.040000	1	4	4	0.008604	0.034039
0.040000	1	4	4	0.010451	0.030947
0.040000	1	4	4	0.011459	0.033855
0.040000	2	4	4	0.009174	0.033993
0.040000	2	4	4	0.008597	0.033039
0.040000	1	4	4	0.010351	0.031739
0.040000	1	4	4	0.009397	0.034455
0.040000	1	4	4	0.008051	0.033685
0.040000	1	4	4	0.010012	0.033509
0.040000	2	2	4	0.009182	0.033285
0.040000	1	4	4	0.009251	0.033416
0.040000	2	4	4	0.006789	0.033239
0.040000	0	4	4	0.008320	0.033885
0.040000	1	4	4	0.006866	0.035024
0.040000	1	2	4	0.008627	0.031839
0.040000	1	4	4	0.005843	0.033316
0.040000	1	2	4	0.009305	0.033578
0.040000	2	4	4	0.006166	0.032478
0.040000	0	0	4	0.007712	0.034670
0.040000	1	0	4	0.009928	0.033924
0.040000	1	2	4	0.008343	0.033370
0.040000	1	0	4	0.009628	0.034362
0.040000	2	0	4	0.007866	0.032655
0.040000	1	0	4	0.008135	0.033978
0.040000	1	0	4	0.005797	0.032609
0.040000	1	0	4	0.009259	0.034224
0.040000	1	0	4	0.006512	0.032324
0.040000	1	0	4	0.006905	0.032501
0.040000	1	0	4	0.007759	0.034685
0.040000	1	0	4	0.010451	0.034362
0.040000	2	0	4	0.007282	0.033447
0.040000	2	0	4	0.010266	0.032562
0.040000	1	0	4	0.008635	0.033085
0.040000	1	0	4	0.007135	0.032678
0.040000	1	0	4	0.008959	0.033332
0.040000	1	0	4	0.008797	0.034662
0.040000	1	0	4	0.007266	0.032601
0.040000	0	0	4	0.007766	0.034632
0.040000	1	0	4	0.009212	0.031839
0.040000	1	0	4	0.005574	0.033385
0.040000	1	0	4	0.007527	0.032224
0.040000	0	0	4	0.007543	0.034885
0.040000	1	0	4	0.007043	0.032547
0.040000	0	0	4	0.008205	0.033847
0.040000	1	0	4	0.008266	0.033193
0.040000	1	0	4	0.008466	0.030962
0.040000	1	0	4	0.009335	0.032493
0.040000	1	0	4	0.006289	0.033993
0.040000	2	0	4	0.008705	0.032016
0.040000	2	0	4	0.006135	0.033932
0.040000	1	0	4	0.007766	0.034593
0.040000	1	0	4	0.007127	0.031724
0.040000	1	0	4	0.007035	0.034032
0.040000	1	0	4	0.006243	0.033147
0.040000	0	0	4	0.007382	0.030301
0.040000	1	0	4	0.006128	0.030724
0.040000	1	0	4	0.008228	0.033824
0.040000	2	0	4	0.006812	0.033232
0.040000	1	0	4	0.007059	0.033962
0.040000	1	0	4	0.005320	0.033539
0.040000	1	0	4	0.007451	0.032147
0.040000	2	0	4	0.006697	0.030709
0.040000	1	0	4	0.007105	0.033193
0.040000	1	0	4	0.006150	0.033509
0.040000	1	0	4	0.008420	0.034516
0.040000	1	0	4	0.006073	0.033924
0.040000	2	0	4	0.005335	0.032824
0.040000	1	0	4	0.003727	0.033924
0.040000	1	0	4	0.005504	0.032678
0.040000	2	0	4	0.006374	0.034870
0.040000	0	0	4	0.008235	0.032732
0.040000	1	0	4	0.004750	0.030485
0.040000	1	0	4	0.006082	0.033216
0.040000	1	0	4	0.008443	0.031947
0.040000	1	0	4	0.004774	0.033016
0.040000	1	0	4	0.005312	0.029932
0.040000	1	0	4	0.004166	0.032116
0.040000	1	0	4	0.004127	0.030824
0.040000	0	0	4	0.008620	0.033462
0.040000	1	0	4	0.004312	0.033032
0.040000	1	0	4	0.006073	0.033009
0.040000	0	0	4	0.006174	0.032739
0.040000	1	0	4	0.004805	0.032585
0.040000	1	0	4	0.005382	0.032585
0.040000	2	0	4	0.004674	0.033701
0.040000	1	0	4	0.005220	0.032893
0.040000	1	0	4	0.004486	0.033532
0.040000	1	0	4	0.005197	0.032709
0.040000	1	0	4	0.003949	0.033278
0.040000	1	0	4	0.006774	0.033347
0.040000	2	0	4	0.005259	0.031001
0.040000	1	0	4	0.005743	0.033001
0.040000	1	0	4	0.005243	0.033247
0.040000	1	0	4	0.009366	0.032016
0.040000	1	0	4	0.004828	0.033301
0.040000	2	0	4	0.003112	0.032947
0.040000	1	0	4	0.004905	0.033355
0.040000	1	0	4	0.006805	0.032593
0.040000	2	0	4	0.004273	0.034524
0.040000	1	0	4	0.007520	0.033339
0.040000	1	0	4	0.004305	0.032462
0.040000	1	0	4	0.005143	0.032424
0.040000	1	0	4	0.004343	0.033316
0.040000	1	0	4	0.003326	0.031593
0.040000	1	0	4	0.006259	0.032432
0.040000	1	0	4	0.006374	0.034109
0.040000	1	0	4	0.005766	0.032301
0.040000	1	0	4	0.008035	0.032501
0.040000	1	0	4	0.006912	0.032293
0.040000	1	0	4	0.006382	0.031562
0.040000	1	0	4	0.006058	0.034578
0.040000	1	0	4	0.005128	0.032855
0.040000	2	0	4	0.003358	0.032024
0.040000	1	0	4	0.006874	0.033193
0.040000	1	0	4	0.006082	0.031970
0.040000	1	0	4	0.003658	0.032016
0.040000	1	0	4	0.004573	0.029939
0.040000	1	0	4	0.006335	0.033693
0.040000	1	0	4	0.004674	0.032062
0.040000	1	0	4	0.004535	0.030893
0.040000	1	0	4	0.005589	0.033078
0.040000	2	0	4	0.005143	0.031870
0.040000	1	0	4	0.003997	0.032193
0.040000	1	0	4	0.003551	0.032185
0.040000	1	0	4	0.007282	0.033062
0.040000	2	0	4	0.006405	0.033309
0.040000	1	0	4	0.003050	0.032355
0.040000	1	0	4	0.004650	0.031732
0.040000	1	0	4	0.003035	0.031062
0.040000	1	0	4	0.005728	0.033147
0.040000	1	0	4	0.005020	0.033509
0.040000	1	0	4	0.005343	0.031455
0.040000	2	0	4	0.006828	0.032839
0.040000	1	0	4	0.004459	0.034755
0.040000	1	0	4	0.003350	0.033485
0.040000	1	0	4	0.003343	0.032039
0.040000	1	0	4	0.002882	0.032993
0.040000	1	0	4	0.004661	0.033824
0.040000	1	0	4	0.006043	0.032132
0.040000	2	0	4	0.003728	0.032547
0.040000	1	0	4	0.003428	0.032716
0.040000	1	0	4	0.005066	0.031378
0.040000	1	0	4	0.005859	0.031624
0.040000	2	0	4	0.004812	0.030739
0.040000	1	0	4	0.002697	0.031439
0.040000	1	0	4	0.003773	0.033032
0.040000	2	0	4	0.004582	0.031516
0.040000	1	0	4	0.004682	0.033162
0.040000	1	0	4	0.003128	0.034224
0.040000	2	0	4	0.003228	0.032209
0.040000	1	0	4	0.005974	0.031293
0.040000	1	0	4	0.004197	0.031470
0.040000	1	0	4	0.004366	0.034470
0.040000	1	0	4	0.004297	0.034547
0.040000	2	0	4	0.004489	0.032624
0.040000	1	0	4	0.003305	0.032324
0.040000	1	0	4	0.003581	0.032539
0.040000	1	0	4	0.002719	0.030201
0.040000	1	0	4	0.002351	0.031162
0.040000	2	0	4	0.006135	0.031616
0.040000	1	0	4	0.005182	0.032932
0.040000	2	0	4	0.004597	0.031824
0.040000	1	0	4	0.003612	0.031839
0.040000	1	0	4	0.004682	0.031055
0.040000	1	0	4	0.003064	0.030816
0.040000	1	0	4	0.003827	0.032301
0.040000	1	0	4	0.003538	0.032462
0.040000	1	0	4	0.004433	0.031332
0.040000	1	0	4	0.004220	0.031532
0.040000	1	0	4	0.003984	0.032532
0.040000	1	0	4	0.003535	0.031824
0.040000	1	0	4	0.004289	0.030478
0.040000	2	0	4	0.002920	0.031978
0.040000	1	0	4	0.005689	0.032916
0.040000	1	0	4	0.004520	0.033262
0.040000	2	0	4	0.002717	0.032762
0.040000	1	0	4	0.002812	0.032578
0.040000	1	0	4	0.003966	0.032655
0.040000	1	0	4	0.004635	0.031985
0.040000	1	0	4	0.003189	0.031993
0.040000	1	0	4	0.004566	0.032939
0.040000	1	0	4	0.003489	0.032547
0.040000	1	0	4	0.005489	0.031785
0.040000	1	0	4	0.004359	0.031793
0.040000	1	0	4	0.002028	0.031178
0.040000	1	0	4	0.003728	0.030224
0.040000	1	0	4	0.003281	0.034447
0.040000	1	0	4	0.002850	0.032501
0.040000	1	0	4	0.002083	0.031678
0.040000	2	0	4	0.003920	0.030270
0.040000	1	0	4	0.004420	0.032432
0.040000	1	0	4	0.003435	0.033247
0.040000	2	0	4	0.002631	0.031347
0.040000	1	0	4	0.003975	0.033924
0.040000	1	0	4	0.002708	0.032062
0.040000	1	0	4	0.002674	0.031509
0.040000	1	0	4	0.002890	0.034316
0.040000	1	0	4	0.003512	0.031355
0.040000	1	0	4	0.005397	0.033024
0.040000	1	0	4	0.003218	0.031401
0.040000	1	0	4	0.002857	0.032139
0.040000	1	0	4	0.003889	0.031555
0.040000	1	0	4	0.004874	0.031785
0.040000	1	0	4	0.002858	0.031785
0.040000	1	0	4	0.003866	0.032178
0.040000	1	0	4	0.002120	0.032232
0.040000	1	0	4	0.004966	0.034432
0.040000	1	0	4	0.004805	0.032716
0.040000	1	0	4	0.002297	0.032447
0.040000	1	0	4	0.003743	0.031885
0.040000	2	0	4	0.003298	0.033170
0.040000	1	0	4	0.002733	0.032024
0.040000	1	0	4	0.003343	0.032416
0.040000	0	0	4	0.003828	0.033693
0.040000	1	0	4	0.002326	0.033501
0.040000	1	0	4	0.003035	0.030247
0.040000	1	0	4	0.004805	0.030716
0.040000	0	0	4	0.003595	0.031716
0.040000	1	0	4	0.002779	0.032247
0.040000	1	0	4	0.002758	0.030732
0.040000	1	0	4	0.006512	0.032855
0.040000	1	0	4	0.002973	0.032032
0.040000	1	0	4	0.002797	0.031993
0.040000	1	0	4	0.004182	0.032232
0.040000	2	0	4	0.004669	0.033255
0.040000	1	0	4	0.002943	0.032093
0.040000	1	0	4	0.001971	0.030362
0.040000	2	0	4	0.004358	0.032455
0.040000	2	0	4	0.002885	0.033709
0.040000	1	0	4	0.003700	0.033632
0.040000	1	0	4	0.003366	0.032493
0.040000	1	0	4	0.002189	0.031224
0.040000	1	0	4	0.004105	0.032539
0.040000	2	0	4	0.002805	0.031778
0.040000	1	0	4	0.002512	0.032009
0.040000	1	0	4	0.002923	0.029993
0.040000	2	0	4	0.004028	0.031701
0.040000	1	0	4	0.004105	0.031262
0.040000	2	0	4	0.003666	0.032824
0.040000	2	0	4	0.002966	0.032347
0.040000	2	0	4	0.002114	0.031255
0.040000	1	0	4	0.003669	0.033785
0.040000	1	0	4	0.003428	0.031824
0.040000	0	0	4	0.002147	0.032524
0.040000	2	0	4	0.002712	0.030962
0.040000	1	0	4	0.003951	0.032324
0.040000	1	0	4	0.002066	0.030924
0.040000	1	0	4	0.002633	0.033055
0.040000	1	0	4	0.002323	0.033309
0.040000	2	0	4	0.002823	0.031501
0.040000	2	0	4	0.002320	0.031778
0.040000	1	0	4	0.001727	0.032285
0.040000	1	0	4	0.004943	0.031870
0.040000	1	0	4	0.002712	0.033301
0.040000	1	0	4	0.004381	0.031685
0.040000	2	0	4	0.002997	0.032039
0.040000	1	0	4	0.002198	0.031009
0.040000	1	0	4	0.001462	0.031916
0.040000	2	0	4	0.004389	0.031747
0.040000	1	0	4	0.003257	0.032493
0.040000	0	0	4	0.002028	0.031024
0.040000	1	0	4	0.001827	0.032255
0.040000	1	0	4	0.002097	0.031024
0.040000	2	0	4	0.005059	0.032809
0.040000	1	0	4	0.003455	0.033370
0.040000	1	0	4	0.003140	0.033793
0.040000	1	0	4	0.004523	0.035462
0.040000	1	0	4	0.002813	0.031093
0.040000	1	0	4	0.002443	0.030316
0.040000	2	0	4	0.002054	0.032309
0.040000	1	0	4	0.003182	0.032301
0.040000	1	0	4	0.004298	0.030301
0.040000	1	0	4	0.001759	0.030901
0.040000	2	0	4	0.003181	0.031332
0.040000	1	0	4	0.003592	0.035401
0.040000	0	0	4	0.002075	0.032824
0.040000	1	0	4	0.002367	0.030632
0.040000	1	0	4	0.003528	0.030962
0.040000	1	0	4	0.002864	0.031339
0.040000	1	0	4	0.002582	0.033262
0.040000	1	0	4	0.003563	0.031578
0.040000	1	0	4	0.002727	0.030124
0.040000	1	0	4	0.003019	0.032932
0.040000	2	0	4	0.002666	0.032609
0.040000	1	0	4	0.004220	0.031462
0.040000	1	0	4	0.002289	0.031762
0.040000	1	0	4	0.002737	0.030801
0.040000	0	0	4	0.003020	0.031301
0.040000	1	0	4	0.002051	0.033255
0.040000	1	0	4	0.002477	0.032901
0.040000	1	0	4	0.001899	0.031401
0.040000	1	0	4	0.002966	0.032347
0.040000	1	0	4	0.002261	0.030755
0.040000	0	0	4	0.003181	0.031985
0.040000	1	0	4	0.002690	0.029493
0.040000	2	0	4	0.003589	0.031416
0.040000	1	0	4	0.002819	0.031901
0.040000	1	0	4	0.002392	0.032824
0.040000	2	0	4	0.001908	0.033470
0.040000	1	0	4	0.002463	0.033132
0.040000	1	0	4	0.002887	0.030239
0.040000	1	0	4	0.003648	0.030885
0.040000	1	0	4	0.003028	0.032462
0.040000	1	0	4	0.003823	0.032678
0.040000	1	0	4	0.003102	0.034555
0.040000	1	0	4	0.002375	0.032232
0.040000	0	0	4	0.002582	0.032293
0.040000	0	0	4	0.002392	0.033647
0.040000	1	0	4	0.001287	0.031516
0.040000	1	0	4	0.005228	0.032170
0.040000	0	0	4	0.002361	0.030532
0.040000	1	0	4	0.002751	0.031693
0.040000	0	0	4	0.004448	0.030447
0.040000	2	0	4	0.002587	0.032585
0.040000	1	0	4	0.002325	0.032578
0.040000	1	0	4	0.002272	0.031485
0.040000	0	0	4	0.001983	0.031462
0.040000	1	0	4	0.002917	0.032078
0.040000	1	0	4	0.001804	0.031078
0.040000	1	0	4	0.002228	0.031162
0.040000	1	0	4	0.003110	0.030885
0.040000	1	0	4	0.002419	0.031962
0.040000	2	0	4	0.002987	0.031470
0.040000	1	0	4	0.001836	0.031847
0.040000	2	0	4	0.002473	0.032270
0.040000	1	0	4	0.001695	0.031778
0.040000	1	0	4	0.002046	0.032339
0.040000	1	0	4	0.003474	0.031209
0.040000	0	0	4	0.001169	0.031470
0.040000	0	0	0	0.001723	0.030493
0.040000	0	0	0	0.001723	0.030493
0.035000	0	0	4	0.002213	0.030047
0.035000	1	0	4	0.003054	0.030978
0.035000	1	0	4	0.002233	0.030224
0.035000	1	0	4	0.002256	0.031362
0.035000	1	0	4	0.002959	0.031085
0.035000	1	0	4	0.003266	0.033170
0.035000	1	0	4	0.002142	0.030578
0.035000	0	0	4	0.002897	0.031485
0.035000	0	0	4	0.002679	0.031309
0.035000	1	0	4	0.002269	0.033462
0.035000	1	0	4	0.002605	0.031724
0.035000	1	2	6	0.003142	0.035509
0.035000	2	2	4	0.003559	0.032816
0.035000	1	0	4	0.002760	0.032516
0.035000	1	0	4	0.002441	0.032170
0.035000	2	0	4	0.003343	0.032170
0.035000	1	0	4	0.003029	0.033978
0.035000	1	0	4	0.001443	0.031539
0.035000	1	0	4	0.001931	0.032185
0.035000	1	0	4	0.002213	0.032078
0.035000	1	0	4	0.001885	0.031455
0.035000	2	0	4	0.003011	0.030855
0.035000	1	0	4	0.001950	0.031878
0.035000	1	0	4	0.002223	0.032524
0.035000	1	0	4	0.002205	0.032924
0.035000	0	0	4	0.002743	0.031801
0.035000	1	0	4	0.002528	0.030578
0.035000	1	0	4	0.003417	0.030078
0.035000	1	0	4	0.002308	0.030655
0.035000	1	0	4	0.002158	0.031662
0.035000	1	0	4	0.002788	0.031101
0.035000	1	0	4	0.002935	0.032062
0.035000	1	0	4	0.001383	0.031762
0.035000	1	0	4	0.003316	0.031424
0.035000	1	0	4	0.002875	0.033601
0.035000	1	0	4	0.002360	0.030939
0.035000	2	0	4	0.003227	0.031678
0.035000	1	0	4	0.002161	0.032378
0.035000	2	0	4	0.003975	0.032962
0.035000	1	0	4	0.002480	0.032232
0.035000	2	0	4	0.002075	0.032524
0.035000	1	0	4	0.002064	0.031409
0.035000	1	0	4	0.002443	0.030493
0.035000	1	0	4	0.002559	0.031185
0.035000	1	0	4	0.002806	0.030709
0.035000	1	0	4	0.003589	0.032862
0.035000	1	0	4	0.003774	0.032678
0.035000	0	0	4	0.001840	0.031239
0.035000	0	0	0	0.001262	0.030824
0.035000	0	0	0	0.001262	0.030824
0.030000	1	2	6	0.002166	0.032370
0.030000	1	2	6	0.002304	0.032493
0.030000	0	2	6	0.002219	0.032324
0.030000	1	2	6	0.002177	0.029670
0.030000	0	2	6	0.003149	0.028962
0.030000	1	2	6	0.002452	0.030101
0.030000	1	2	6	0.003239	0.027978
0.030000	1	2	6	0.006623	0.026155
0.030000	1	2	6	0.004510	0.026793
0.030000	2	2	6	0.004348	0.026470
0.030000	2	2	6	0.004540	0.027632
0.030000	0	2	6	0.004692	0.025639
0.030000	0	2	6	0.005164	0.027009
0.030000	1	4	8	0.005964	0.030070
0.030000	1	4	6	0.003948	0.025724
0.030000	1	2	6	0.004333	0.026401
0.030000	1	2	6	0.005064	0.026839
0.030000	1	2	6	0.007271	0.027178
0.030000	1	2	6	0.007308	0.028447
0.030000	0	2	6	0.005425	0.027947
0.030000	2	2	6	0.006287	0.027939
0.030000	1	2	6	0.005087	0.027347
0.030000	2	2	6	0.006364	0.026862
0.030000	1	2	6	0.005908	0.026055
0.030000	1	2	6	0.008433	0.029086
0.030000	1	2	6	0.006262	0.025670
0.030000	1	2	6	0.004369	0.024955
0.030000	1	2	6	0.005523	0.025547
0.030000	2	2	6	0.007733	0.028370
0.030000	1	2	6	0.004679	0.029093
0.030000	0	2	6	0.006485	0.027486
0.030000	1	2	6	0.007362	0.028132
0.030000	1	2	6	0.007348	0.027862
0.030000	1	2	6	0.006869	0.027462
0.030000	1	2	6	0.006187	0.028332
0.030000	1	2	6	0.005471	0.028493
0.030000	2	2	6	0.006208	0.028632
0.030000	1	2	6	0.005640	0.027862
0.030000	1	2	6	0.008685	0.026301
0.030000	1	2	6	0.006939	0.027278
0.030000	0	2	6	0.006616	0.026224
0.030000	2	2	6	0.007585	0.027124
0.030000	1	2	6	0.005800	0.026693
0.030000	1	2	6	0.005431	0.024732
0.030000	1	2	6	0.004669	0.027262
0.030000	1	2	6	0.006177	0.025509
0.030000	1	2	6	0.005762	0.023978
0.030000	1	2	6	0.004664	0.026247
0.030000	1	2	6	0.005256	0.027755
0.030000	1	2	6	0.006671	0.028424
0.030000	1	2	6	0.007616	0.027078
0.030000	1	2	6	0.004025	0.026055
0.030000	1	2	6	0.005202	0.027893
0.030000	1	2	6	0.006117	0.027670
0.030000	1	2	6	0.006385	0.028562
0.030000	2	2	6	0.005994	0.028293
0.030000	1	2	6	0.005294	0.026493
0.030000	1	2	6	0.005316	0.026501
0.030000	1	2	6	0.006194	0.028839
0.030000	2	2	6	0.004677	0.026393
0.030000	0	2	6	0.006546	0.027093
0.030000	1	2	6	0.006392	0.027701
0.030000	1	2	6	0.003639	0.026124
0.030000	0	0	6	0.007262	0.025839
0.030000	1	2	6	0.004969	0.027901
0.030000	0	2	6	0.007102	0.027809
0.030000	2	0	6	0.004579	0.026647
0.030000	0	2	6	0.004731	0.026370
0.030000	0	0	6	0.006154	0.026632
0.030000	1	0	6	0.004900	0.026732
0.030000	1	0	6	0.006102	0.027255
0.030000	1	2	6	0.003692	0.025762
0.030000	1	0	6	0.005331	0.026516
0.030000	2	0	6	0.006708	0.026755
0.030000	2	0	6	0.003748	0.025301
0.030000	1	0	6	0.005169	0.026962
0.030000	1	0	6	0.005802	0.027370
0.030000	1	0	6	0.005562	0.026970
0.030000	1	0	6	0.002840	0.025178
0.030000	1	0	6	0.005662	0.026262
0.030000	1	0	6	0.004087	0.025147
0.030000	1	0	6	0.003556	0.025609
0.030000	1	0	6	0.004131	0.026278
0.030000	1	0	6	0.006346	0.025147
0.030000	1	0	6	0.005256	0.027162
0.030000	1	0	6	0.003039	0.025262
0.030000	1	0	6	0.003954	0.023808
0.030000	0	0	6	0.004500	0.026255
0.030000	1	0	6	0.003062	0.026355
0.030000	2	0	6	0.005562	0.028770
0.030000	0	0	6	0.005679	0.026539
0.030000	1	0	6	0.005385	0.025586
0.030000	1	0	6	0.005425	0.027132
0.030000	0	0	6	0.002856	0.024801
0.030000	1	0	6	0.005616	0.024867
0.030000	0	0	6	0.003856	0.026578
0.030000	0	0	6	0.006148	0.028439
0.030000	0	0	6	0.005777	0.027232
0.030000	2	0	6	0.004046	0.028124
0.030000	1	0	6	0.002489	0.024747
0.030000	1	0	6	0.005225	0.026947
0.030000	1	0	6	0.005385	0.025001
0.030000	2	0	6	0.001760	0.025401
0.030000	1	0	6	0.004539	0.027409
0.030000	1	0	6	0.004416	0.025809
0.030000	1	0	6	0.006410	0.028632
0.030000	1	0	6	0.005623	0.024962
0.030000	0	0	6	0.003114	0.025078
0.030000	1	0	6	0.004439	0.024775
0.030000	1	0	6	0.005127	0.027539
0.030000	1	0	6	0.004289	0.025493
0.030000	1	0	6	0.002200	0.025644
0.030000	1	0	6	0.002514	0.025039
0.030000	1	0	6	0.003162	0.025544
0.030000	1	0	6	0.002501	0.025401
0.030000	0	0	6	0.004456	0.025747
0.030000	1	0	6	0.003669	0.026170
0.030000	1	0	6	0.005894	0.026516
0.030000	1	0	6	0.003156	0.024632
0.030000	1	0	6	0.004216	0.024729
0.030000	1	0	6	0.003579	0.026932
0.030000	2	0	6	0.002528	0.025844
0.030000	2	0	6	0.003677	0.025175
0.030000	1	0	6	0.003621	0.025309
0.030000	2	0	6	0.005300	0.025629
0.030000	1	0	6	0.003517	0.027262
0.030000	1	0	6	0.003508	0.025009
0.030000	1	0	6	0.003448	0.025723
0.030000	1	0	6	0.003900	0.027601
0.030000	1	0	6	0.002840	0.026478
0.030000	0	0	6	0.003310	0.025555
0.030000	1	0	6	0.003468	0.025070
0.030000	0	0	6	0.003958	0.028493
0.030000	1	0	6	0.004900	0.025275
0.030000	2	0	6	0.003294	0.026255
0.030000	1	0	6	0.002294	0.025524
0.030000	0	0	6	0.004831	0.027193
0.030000	3	0	6	0.003171	0.026075
0.030000	1	0	6	0.003160	0.024083
0.030000	1	0	6	0.002702	0.024370
0.030000	1	0	6	0.002894	0.025562
0.030000	1	0	6	0.004223	0.026555
0.030000	1	0	6	0.001944	0.024729
0.030000	1	0	6	0.003539	0.024486
0.030000	0	0	6	0.002685	0.025978
0.030000	1	0	6	0.003610	0.025683
0.030000	0	0	6	0.003745	0.025167
0.030000	1	0	6	0.004289	0.027116
0.030000	2	0	6	0.002313	0.024847
0.030000	1	0	6	0.002939	0.025462
0.030000	3	0	6	0.002646	0.024744
0.030000	1	0	6	0.004966	0.028339
0.030000	1	0	6	0.002471	0.025647
0.030000	1	0	6	0.002408	0.025460
0.030000	1	0	6	0.002329	0.025139
0.030000	1	0	6	0.003631	0.026390
0.030000	1	0	6	0.002000	0.025975
0.030000	1	0	6	0.002525	0.026032
0.030000	1	0	6	0.004110	0.025160
0.030000	0	0	6	0.003833	0.026555
0.030000	1	0	6	0.001442	0.026483
0.030000	1	0	6	0.002771	0.024683
0.030000	0	0	6	0.001752	0.026546
0.030000	2	0	6	0.002369	0.026001
0.030000	2	0	6	0.001854	0.025275
0.030000	0	0	6	0.003417	0.026732
0.030000	0	0	6	0.002729	0.025521
0.030000	1	0	6	0.005000	0.024990
0.030000	1	0	6	0.001729	0.025729
0.030000	2	0	6	0.003256	0.025409
0.030000	1	0	6	0.003539	0.025070
0.030000	1	0	6	0.004200	0.024813
0.030000	1	0	6	0.001623	0.026221
0.030000	1	0	6	0.002302	0.025183
0.030000	1	0	6	0.003233	0.024970
0.030000	2	0	6	0.002335	0.026246
0.030000	2	0	6	0.004125	0.027670
0.030000	1	0	6	0.004494	0.026229
0.030000	2	0	6	0.002089	0.024960
0.030000	1	0	6	0.002631	0.025083
0.030000	2	0	6	0.003839	0.024921
0.030000	0	0	6	0.003571	0.025844
0.030000	1	0	6	0.003523	0.024783
0.030000	1	0	6	0.002854	0.025090
0.030000	2	0	6	0.003881	0.027039
0.030000	1	0	6	0.003054	0.025352
0.030000	1	0	6	0.002745	0.026367
0.030000	1	0	6	0.001634	0.025483
0.030000	1	0	6	0.003677	0.024921
0.030000	1	0	6	0.002982	0.025962
0.030000	1	0	6	0.001585	0.025760
0.030000	1	0	6	0.002440	0.027239
0.030000	0	0	6	0.002452	0.025216
0.030000	1	0	6	0.002428	0.026060
0.030000	1	0	6	0.001777	0.025416
0.030000	1	0	6	0.002589	0.025637
0.030000	2	0	6	0.002512	0.026106
0.030000	1	0	6	0.001528	0.025447
0.030000	1	0	6	0.001864	0.025875
0.030000	1	0	6	0.003485	0.025201
0.030000	2	0	6	0.003133	0.026629
0.030000	1	0	6	0.002579	0.025547
0.030000	1	0	6	0.003471	0.026293
0.030000	1	0	6	0.003505	0.025737
0.030000	2	0	6	0.001786	0.025913
0.030000	0	0	6	0.002327	0.025309
0.030000	0	0	0	0.002102	0.025913
0.030000	0	0	0	0.002102	0.025913
0.025000	0	2	8	0.003358	0.026644
0.025000	2	2	8	0.001842	0.025798
0.025000	1	4	10	0.003485	0.025924
0.025000	0	4	10	0.004333	0.027293
0.025000	1	4	10	0.001648	0.024429
0.025000	0	4	10	0.002581	0.025321
0.025000	2	4	10	0.002111	0.024306
0.025000	1	4	10	0.003374	0.024998
0.025000	2	4	10	0.003173	0.025444
0.025000	1	4	10	0.003942	0.024352
0.025000	1	4	10	0.003692	0.023037
0.025000	1	4	10	0.004173	0.022613
0.025000	1	4	10	0.003352	0.023713
0.025000	1	4	10	0.003438	0.023467
0.025000	2	4	10	0.004944	0.023700
0.025000	1	4	10	0.005073	0.023721
0.025000	0	4	10	0.004336	0.023621
0.025000	1	4	10	0.002599	0.022837
0.025000	1	4	10	0.004975	0.022344
0.025000	1	4	10	0.004973	0.021167
0.025000	0	4	10	0.005019	0.023667
0.025000	1	4	10	0.003729	0.023290
0.025000	1	4	10	0.003929	0.023021
0.025000	1	4	10	0.006690	0.021077
0.025000	1	4	10	0.004827	0.021329
0.025000	1	4	10	0.004498	0.020977
0.025000	1	4	10	0.004575	0.022600
0.025000	1	4	10	0.005319	0.021383
0.025000	1	4	10	0.006736	0.020806
0.025000	1	4	10	0.004352	0.020929
0.025000	0	4	10	0.005390	0.021183
0.025000	1	4	10	0.002866	0.021454
0.025000	1	4	10	0.004734	0.020606
0.025000	1	4	10	0.005965	0.021298
0.025000	1	4	10	0.006383	0.020567
0.025000	1	4	10	0.004358	0.020852
0.025000	2	4	10	0.007104	0.020844
0.025000	1	4	10	0.007129	0.020406
0.025000	1	4	10	0.003950	0.021262
0.025000	1	4	10	0.005175	0.020062
0.025000	1	4	10	0.005158	0.020657
0.025000	1	4	10	0.005390	0.021992
0.025000	1	4	10	0.006727	0.020280
0.025000	1	4	10	0.004498	0.021762
0.025000	1	4	10	0.005865	0.020496
0.025000	2	4	10	0.005675	0.021134
0.025000	0	4	10	0.005752	0.020339
0.025000	2	4	10	0.004388	0.022262
0.025000	1	4	10	0.004281	0.020546
0.025000	1	4	10	0.004790	0.019853
0.025000	1	4	10	0.004773	0.019893
0.025000	1	4	10	0.005373	0.019301
0.025000	0	4	10	0.004152	0.021246
0.025000	1	4	10	0.004111	0.021169
0.025000	0	4	10	0.006113	0.021563
0.025000	1	4	10	0.004104	0.021215
0.025000	1	4	10	0.004796	0.020988
0.025000	1	4	10	0.004552	0.021284
0.025000	0	4	10	0.004819	0.020623
0.025000	1	4	10	0.003298	0.021877
0.025000	2	4	10	0.003742	0.020700
0.025000	1	4	10	0.003552	0.022562
0.025000	1	4	10	0.003665	0.020354
0.025000	1	2	10	0.006267	0.022992
0.025000	2	4	10	0.005496	0.021569
0.025000	2	4	10	0.004296	0.020527
0.025000	2	4	10	0.003827	0.021415
0.025000	2	2	10	0.005219	0.019711
0.025000	1	2	10	0.005160	0.020457
0.025000	0	4	10	0.004373	0.020315
0.025000	0	4	10	0.002681	0.020708
0.025000	1	4	10	0.005006	0.021408
0.025000	0	4	10	0.004804	0.022000
0.025000	0	2	10	0.004634	0.019880
0.025000	2	4	10	0.005067	0.023185
0.025000	1	4	10	0.003673	0.021523
0.025000	1	2	10	0.003419	0.019500
0.025000	0	2	10	0.002823	0.020092
0.025000	1	2	10	0.004113	0.022354
0.025000	0	2	10	0.003483	0.021354
0.025000	1	2	10	0.003989	0.020623
0.025000	1	2	10	0.003646	0.022392
0.025000	1	0	10	0.004716	0.021708
0.025000	1	0	10	0.003421	0.021800
0.025000	1	0	10	0.004783	0.021073
0.025000	1	0	10	0.003459	0.022939
0.025000	0	0	10	0.004707	0.020311
0.025000	2	0	10	0.003342	0.019539
0.025000	2	0	10	0.003606	0.022292
0.025000	1	0	10	0.006111	0.018661
0.025000	1	0	10	0.002921	0.020923
0.025000	2	0	10	0.005673	0.019211
0.025000	1	0	10	0.005246	0.022885
0.025000	2	0	10	0.003792	0.021992
0.025000	2	0	10	0.005211	0.020785
0.025000	1	0	10	0.004127	0.019761
0.025000	1	0	10	0.002636	0.021462
0.025000	1	0	10	0.003844	0.021553
0.025000	1	0	10	0.006806	0.021315
0.025000	2	0	10	0.002558	0.021131
0.025000	1	0	10	0.003983	0.021362
0.025000	1	0	10	0.003529	0.023923
0.025000	1	0	10	0.003643	0.021511
0.025000	1	0	10	0.003283	0.021662
0.025000	2	0	10	0.003421	0.023223
0.025000	1	0	10	0.003101	0.022654
0.025000	1	0	10	0.004606	0.021392
0.025000	1	0	10	0.003958	0.020977
0.025000	1	0	10	0.003852	0.022162
0.025000	1	0	10	0.003792	0.021977
0.025000	2	0	10	0.003366	0.021315
0.025000	2	0	10	0.003473	0.021662
0.025000	1	0	10	0.004221	0.021908
0.025000	1	0	10	0.003053	0.023162
0.025000	1	0	10	0.003533	0.020071
0.025000	1	0	10	0.002789	0.021031
0.025000	2	0	10	0.002390	0.021892
0.025000	1	0	10	0.002683	0.021808
0.025000	1	0	10	0.004159	0.021646
0.025000	1	0	10	0.004406	0.022608
0.025000	2	0	10	0.002258	0.022139
0.025000	0	0	10	0.004081	0.021431
0.025000	0	0	0	0.004342	0.020500
0.025000	0	0	0	0.004342	0.020500
0.020000	1	2	12	0.003396	0.020415
0.020000	1	2	12	0.003120	0.022677
0.020000	2	2	12	0.005788	0.018493
0.020000	1	2	12	0.003773	0.019865
0.020000	1	4	14	0.004919	0.021319
0.020000	0	4	14	0.005188	0.020196
0.020000	2	4	14	0.003896	0.020127
0.020000	2	6	16	0.004673	0.021917
0.020000	2	6	14	0.006458	0.019747
0.020000	2	4	14	0.007165	0.018479
0.020000	1	4	14	0.007734	0.018324
0.020000	1	4	14	0.009327	0.018459
0.020000	1	4	14	0.006865	0.018101
0.020000	1	4	14	0.005671	0.018490
0.020000	1	4	14	0.007196	0.018267
0.020000	0	4	14	0.008565	0.018340
0.020000	1	4	14	0.006596	0.018486
0.020000	1	4	14	0.008719	0.019509
0.020000	1	4	14	0.007358	0.018032
0.020000	1	4	14	0.006188	0.019516
0.020000	1	6	16	0.006719	0.020225
0.020000	2	6	14	0.005909	0.018840
0.020000	2	4	14	0.006596	0.017525
0.020000	1	4	14	0.010781	0.017509
0.020000	3	4	14	0.006342	0.017832
0.020000	0	4	14	0.006527	0.018832
0.020000	1	4	14	0.008027	0.018179
0.020000	0	6	16	0.011219	0.020309
0.020000	2	6	14	0.007973	0.017902
0.020000	1	4	14	0.007019	0.018755
0.020000	1	4	14	0.007411	0.018686
0.020000	1	4	14	0.005796	0.018644
0.020000	1	4	14	0.007411	0.017917
0.020000	1	4	14	0.007665	0.018070
0.020000	1	4	14	0.007696	0.018025
0.020000	1	4	14	0.008004	0.017840
0.020000	1	4	14	0.007573	0.018825
0.020000	2	6	16	0.007073	0.020279
0.020000	1	6	16	0.010142	0.020294
0.020000	2	6	16	0.007804	0.017947
0.020000	1	6	16	0.006942	0.018294
0.020000	2	6	16	0.009811	0.018786
0.020000	3	6	16	0.008342	0.018909
0.020000	1	6	16	0.006450	0.016863
0.020000	2	6	16	0.006319	0.017970
0.020000	2	6	16	0.006842	0.019270
0.020000	2	6	16	0.006094	0.019747
0.020000	1	6	16	0.005786	0.018901
0.020000	2	6	16	0.006909	0.018609
0.020000	3	6	16	0.008365	0.018009
0.020000	1	6	16	0.005617	0.017732
0.020000	2	6	16	0.006519	0.017252
0.020000	2	6	16	0.009471	0.018247
0.020000	2	6	16	0.007411	0.019724
0.020000	2	6	16	0.006286	0.019309
0.020000	2	6	16	0.007304	0.019024
0.020000	3	6	16	0.007209	0.018640
0.020000	2	6	16	0.009048	0.019570
0.020000	2	6	16	0.008717	0.017770
0.020000	2	4	16	0.010009	0.018516
0.020000	2	4	16	0.009850	0.019401
0.020000	2	4	16	0.007698	0.019324
0.020000	2	4	16	0.009979	0.017755
0.020000	1	6	18	0.008679	0.021409
0.020000	1	6	18	0.008179	0.018732
0.020000	2	8	18	0.006750	0.018224
0.020000	2	8	18	0.006663	0.017255
0.020000	3	8	18	0.005594	0.019286
0.020000	2	8	18	0.007494	0.016970
0.020000	2	4	18	0.008004	0.017363
0.020000	2	6	18	0.007186	0.017144
0.020000	1	6	18	0.008648	0.016516
0.020000	3	6	18	0.007848	0.017713
0.020000	2	6	18	0.008209	0.017152
0.020000	2	6	18	0.006688	0.017321
0.020000	2	6	18	0.008340	0.017252
0.020000	2	8	18	0.004325	0.017475
0.020000	2	6	18	0.006294	0.017513
0.020000	2	8	18	0.005973	0.017719
0.020000	2	4	18	0.007747	0.018290
0.020000	2	6	18	0.009633	0.016759
0.020000	2	4	18	0.006725	0.017513
0.020000	1	6	18	0.006725	0.017836
0.020000	3	4	18	0.008804	0.017567
0.020000	3	4	18	0.006273	0.016683
0.020000	2	4	18	0.007840	0.017452
0.020000	1	4	18	0.007096	0.017067
0.020000	1	4	18	0.006563	0.017678
0.020000	2	6	18	0.006696	0.017906
0.020000	2	4	18	0.008902	0.017267
0.020000	2	4	18	0.006640	0.017136
0.020000	2	4	18	0.008517	0.017529
0.020000	2	4	18	0.006902	0.017706
0.020000	3	4	18	0.006763	0.017413
0.020000	2	4	18	0.006894	0.017967
0.020000	2	4	18	0.008594	0.016875
0.020000	2	4	18	0.006304	0.016424
0.020000	2	4	18	0.007579	0.017729
0.020000	3	4	18	0.007233	0.018244
0.020000	1	4	18	0.007519	0.018059
0.020000	2	4	18	0.006158	0.017367
0.020000	1	4	18	0.006273	0.017790
0.020000	1	4	18	0.005509	0.016929
0.020000	2	4	18	0.006602	0.016506
0.020000	2	4	18	0.008956	0.017329
0.020000	3	4	18	0.006409	0.016683
0.020000	2	4	18	0.006448	0.017067
0.020000	2	2	18	0.005956	0.016775
0.020000	2	4	18	0.008319	0.017944
0.020000	2	4	18	0.007517	0.017490
0.020000	2	2	18	0.005263	0.017013
0.020000	2	2	18	0.005225	0.017321
0.020000	3	4	18	0.004725	0.017552
0.020000	2	4	18	0.008702	0.017590
0.020000	2	4	18	0.005494	0.017952
0.020000	2	2	18	0.008633	0.016698
0.020000	3	4	18	0.007302	0.017583
0.020000	2	2	18	0.006733	0.016667
0.020000	2	2	18	0.008856	0.016898
0.020000	3	4	18	0.007002	0.017713
0.020000	2	4	18	0.005848	0.017544
0.020000	2	2	18	0.007209	0.016829
0.020000	2	2	18	0.008033	0.017867
0.020000	2	2	18	0.008848	0.017467
0.020000	2	2	18	0.006079	0.017406
0.020000	2	2	18	0.006881	0.017175
0.020000	2	2	18	0.007902	0.017629
0.020000	3	2	18	0.004575	0.016383
0.020000	1	0	18	0.007925	0.017070
0.020000	2	2	18	0.007125	0.017390
0.020000	3	0	18	0.006140	0.018013
0.020000	2	2	18	0.006509	0.017306
0.020000	2	0	18	0.006748	0.017767
0.020000	2	0	18	0.006356	0.017906
0.020000	2	2	18	0.006117	0.016998
0.020000	2	0	18	0.006301	0.017321
0.020000	2	0	18	0.005256	0.017452
0.020000	2	0	18	0.006456	0.017167
0.020000	1	0	18	0.006994	0.017509
0.020000	2	0	18	0.007133	0.016913
0.020000	2	0	18	0.007148	0.018106
0.020000	2	0	18	0.005671	0.018659
0.020000	2	0	18	0.006779	0.017252
0.020000	2	0	18	0.005871	0.017621
0.020000	1	0	18	0.007496	0.016567
0.020000	2	0	18	0.006558	0.017059
0.020000	3	0	18	0.005373	0.017698
0.020000	2	0	18	0.006042	0.017350
0.020000	2	0	18	0.005740	0.018698
0.020000	2	0	18	0.006886	0.018052
0.020000	2	0	18	0.005463	0.016236
0.020000	2	0	18	0.005827	0.016675
0.020000	2	0	18	0.007094	0.017275
0.020000	2	0	18	0.006048	0.018313
0.020000	3	0	18	0.005563	0.018083
0.020000	1	0	18	0.006586	0.017629
0.020000	2	0	18	0.006356	0.017090
0.020000	3	0	18	0.003994	0.016844
0.020000	2	0	18	0.005071	0.017813
0.020000	2	0	18	0.007333	0.018329
0.020000	2	0	18	0.004756	0.018206
0.020000	2	0	18	0.006156	0.017698
0.020000	2	0	18	0.005609	0.017375
0.020000	2	0	18	0.005086	0.017381
0.020000	2	0	18	0.006109	0.016613
0.020000	2	0	18	0.005488	0.017667
0.020000	2	0	18	0.004533	0.016698
0.020000	2	0	18	0.005125	0.016852
0.020000	2	0	18	0.007333	0.017544
0.020000	2	0	18	0.006281	0.018029
0.020000	1	0	18	0.005171	0.018075
0.020000	2	0	18	0.005171	0.017790
0.020000	2	0	18	0.007719	0.017836
0.020000	2	0	18	0.005942	0.017936
0.020000	2	0	18	0.007017	0.017583
0.020000	2	0	18	0.006336	0.016936
0.020000	2	0	18	0.004456	0.018906
0.020000	2	0	18	0.005696	0.017013
0.020000	2	0	18	0.005947	0.017852
0.020000	3	0	18	0.005433	0.017667
0.020000	2	0	18	0.004858	0.017859
0.020000	1	0	18	0.005279	0.016406
0.020000	3	0	18	0.006171	0.018259
0.020000	3	0	18	0.006588	0.018665
0.020000	2	0	18	0.004609	0.017429
0.020000	1	0	18	0.005609	0.017490
0.020000	2	0	18	0.008511	0.018406
0.020000	3	0	18	0.006517	0.017875
0.020000	3	0	18	0.004456	0.017565
0.020000	2	0	18	0.005842	0.018136
0.020000	2	0	18	0.004517	0.017690
0.020000	2	0	18	0.006294	0.017875
0.020000	3	0	18	0.003656	0.017067
0.020000	2	0	18	0.006740	0.018106
0.020000	2	0	18	0.005440	0.017536
0.020000	2	0	18	0.005040	0.017927
0.020000	2	0	18	0.005763	0.017675
0.020000	1	0	18	0.004167	0.017829
0.020000	2	0	18	0.003590	0.017421
0.020000	2	0	18	0.003647	0.017767
0.020000	2	0	18	0.005386	0.016959
0.020000	2	0	18	0.006902	0.017136
0.020000	3	0	18	0.005494	0.016921
0.020000	2	0	18	0.004836	0.017621
0.020000	2	0	18	0.004971	0.017644
0.020000	2	0	18	0.005048	0.017944
0.020000	2	0	18	0.005017	0.018521
0.020000	2	0	18	0.005088	0.017621
0.020000	2	0	18	0.005019	0.017421
0.020000	2	0	18	0.005071	0.018236
0.020000	2	0	18	0.005556	0.017636
0.020000	2	0	18	0.005294	0.016906
0.020000	2	0	18	0.003529	0.017981
0.020000	2	0	18	0.004208	0.018758
0.020000	2	0	18	0.005363	0.018652
0.020000	1	0	18	0.004863	0.018706
0.020000	1	0	18	0.004733	0.016813
0.020000	2	0	18	0.003802	0.018335
0.020000	1	0	18	0.005640	0.017175
0.020000	2	0	18	0.004925	0.017106
0.020000	2	0	18	0.003560	0.018329
0.020000	2	0	18	0.004425	0.017344
0.020000	2	0	18	0.004088	0.018575
0.020000	2	0	18	0.003096	0.017283
0.020000	2	0	18	0.006273	0.018281
0.020000	2	0	18	0.004671	0.019681
0.020000	2	0	18	0.005233	0.018052
0.020000	2	0	18	0.004763	0.017844
0.020000	2	0	18	0.003917	0.019081
0.020000	1	0	18	0.005033	0.017190
0.020000	2	0	18	0.005648	0.017036
0.020000	3	0	18	0.007502	0.018183
0.020000	2	0	18	0.003711	0.017483
0.020000	2	0	18	0.004865	0.019167
0.020000	2	0	18	0.006402	0.018504
0.020000	2	0	18	0.006340	0.017683
0.020000	2	0	18	0.003758	0.017852
0.020000	3	0	18	0.004258	0.019013
0.020000	1	0	18	0.005309	0.016952
0.020000	2	0	18	0.006425	0.018436
0.020000	2	0	18	0.004340	0.017744
0.020000	3	0	18	0.004088	0.017827
0.020000	2	0	18	0.006121	0.018498
0.020000	2	0	18	0.004529	0.017512
0.020000	2	0	18	0.003440	0.019465
0.020000	3	0	18	0.004202	0.018713
0.020000	2	0	18	0.004325	0.018573
0.020000	2	0	18	0.004725	0.018244
0.020000	2	0	18	0.004675	0.018067
0.020000	3	0	18	0.004542	0.018881
0.020000	1	0	18	0.004363	0.018352
0.020000	2	0	18	0.006634	0.018490
0.020000	2	0	18	0.003965	0.018271
0.020000	2	0	18	0.005533	0.018427
0.020000	2	0	18	0.004571	0.018336
0.020000	1	0	18	0.003625	0.018873
0.020000	1	0	18	0.004765	0.018429
0.020000	2	0	18	0.004444	0.016913
0.020000	2	0	18	0.004763	0.018398
0.020000	2	0	18	0.004502	0.017936
0.020000	2	0	18	0.004340	0.018759
0.020000	2	0	18	0.005625	0.017236
0.020000	2	0	18	0.004396	0.018819
0.020000	2	0	18	0.004979	0.017663
0.020000	2	0	18	0.002968	0.019465
0.020000	2	0	18	0.005865	0.018698
0.020000	2	0	18	0.004640	0.019342
0.020000	3	0	18	0.005890	0.019135
0.020000	3	0	18	0.004602	0.018244
0.020000	3	0	18	0.005594	0.017383
0.020000	2	0	18	0.004263	0.019519
0.020000	1	0	18	0.003704	0.018050
0.020000	3	0	18	0.004086	0.018556
0.020000	3	0	18	0.004573	0.018013
0.020000	2	0	18	0.006117	0.017875
0.020000	1	0	18	0.003971	0.019227
0.020000	1	0	18	0.004440	0.017752
0.020000	2	0	18	0.004142	0.019465
0.020000	2	0	18	0.005681	0.017759
0.020000	2	0	18	0.006302	0.017952
0.020000	2	0	18	0.005694	0.018867
0.020000	3	0	18	0.003671	0.018342
0.020000	2	0	18	0.004090	0.018681
0.020000	3	2	20	0.004850	0.020304
0.020000	2	2	18	0.003919	0.018690
0.020000	1	0	18	0.002965	0.018321
0.020000	2	0	18	0.003886	0.018952
0.020000	1	0	18	0.003018	0.019696
0.020000	2	0	18	0.005394	0.018498
0.020000	1	0	18	0.004886	0.018013
0.020000	2	0	18	0.003033	0.018536
0.020000	2	0	18	0.004288	0.017367
0.020000	3	2	20	0.003658	0.021235
0.020000	2	2	18	0.004233	0.017913
0.020000	1	0	18	0.004517	0.019542
0.020000	2	0	18	0.003617	0.017181
0.020000	2	0	18	0.002496	0.019442
0.020000	2	0	18	0.004009	0.018090
0.020000	3	0	18	0.005279	0.017652
0.020000	2	0	18	0.003971	0.018081
0.020000	3	2	20	0.004089	0.020019
0.020000	2	2	18	0.005363	0.017829
0.020000	1	0	18	0.003373	0.018042
0.020000	2	2	20	0.004452	0.021219
0.020000	1	2	18	0.005021	0.018712
0.020000	2	0	18	0.003292	0.017850
0.020000	2	0	18	0.003371	0.017752
0.020000	2	0	18	0.004371	0.018527
0.020000	2	0	18	0.003063	0.017936
0.020000	2	0	18	0.003219	0.018229
0.020000	3	0	18	0.004556	0.017006
0.020000	2	2	20	0.003572	0.021319
0.020000	2	2	20	0.005419	0.018735
0.020000	2	2	20	0.004840	0.017459
0.020000	2	2	20	0.006194	0.017490
0.020000	3	2	20	0.004234	0.018913
0.020000	2	2	20	0.004217	0.018729
0.020000	2	2	20	0.004125	0.017890
0.020000	2	2	20	0.004540	0.017829
0.020000	2	2	20	0.005209	0.017825
0.020000	2	2	20	0.007509	0.018352
0.020000	2	2	20	0.004717	0.017959
0.020000	2	2	20	0.005071	0.018652
0.020000	2	2	20	0.005140	0.018175
0.020000	2	2	20	0.005940	0.018329
0.020000	3	2	20	0.005686	0.018779
0.020000	2	2	20	0.006363	0.018575
0.020000	3	2	20	0.003894	0.017821
0.020000	2	2	20	0.006648	0.018083
0.020000	2	2	20	0.007117	0.017644
0.020000	2	2	20	0.006563	0.018329
0.020000	2	2	20	0.004302	0.017340
0.020000	2	2	20	0.007609	0.018790
0.020000	2	2	20	0.004848	0.018290
0.020000	2	2	20	0.006056	0.017663
0.020000	2	2	20	0.004933	0.017540
0.020000	1	2	20	0.006886	0.018479
0.020000	2	2	20	0.006733	0.018583
0.020000	3	2	20	0.004309	0.018321
0.020000	2	2	20	0.008694	0.017352
0.020000	1	2	20	0.006579	0.018144
0.020000	2	2	20	0.006825	0.018144
0.020000	3	2	20	0.007240	0.018729
0.020000	2	2	20	0.004694	0.018152
0.020000	3	2	20	0.008240	0.018490
0.020000	2	2	20	0.004748	0.017898
0.020000	2	2	20	0.006571	0.017890
0.020000	2	2	20	0.005279	0.018190
0.020000	2	2	20	0.006086	0.017952
0.020000	2	2	20	0.006540	0.017790
0.020000	1	2	20	0.004419	0.018706
0.020000	2	2	20	0.003925	0.018152
0.020000	2	2	20	0.005211	0.017459
0.020000	1	2	20	0.006832	0.018859
0.020000	1	2	20	0.005902	0.018675
0.020000	3	2	20	0.006440	0.017586
0.020000	2	2	20	0.006686	0.018790
0.020000	2	2	20	0.007125	0.017813
0.020000	2	2	20	0.006871	0.018440
0.020000	2	2	20	0.005104	0.017790
0.020000	1	2	20	0.005017	0.017683
0.020000	3	0	20	0.010394	0.017821
0.020000	2	2	20	0.003909	0.018898
0.020000	1	2	20	0.007263	0.018129
0.020000	2	2	20	0.006348	0.017759
0.020000	3	2	20	0.005040	0.018567
0.020000	2	2	20	0.006663	0.017983
0.020000	2	2	20	0.004602	0.018398
0.020000	2	2	20	0.006433	0.017844
0.020000	3	2	20	0.005302	0.016490
0.020000	1	2	20	0.006379	0.017898
0.020000	2	2	20	0.006409	0.018129
0.020000	3	0	20	0.007440	0.018186
0.020000	2	2	20	0.004733	0.017983
0.020000	2	2	20	0.006402	0.018036
0.020000	2	2	20	0.006571	0.018336
0.020000	1	2	20	0.004056	0.018121
0.020000	2	2	20	0.004063	0.018252
0.020000	2	0	20	0.005502	0.018590
0.020000	2	2	20	0.005363	0.019021
0.020000	1	2	20	0.004140	0.018406
0.020000	2	0	20	0.006617	0.019306
0.020000	2	2	20	0.007317	0.018936
0.020000	1	2	20	0.003540	0.017352
0.020000	2	0	20	0.005363	0.018444
0.020000	1	2	20	0.006894	0.018759
0.020000	2	2	20	0.004933	0.018670
0.020000	2	0	20	0.004925	0.018332
0.020000	2	2	20	0.004394	0.018967
0.020000	2	2	20	0.004856	0.017906
0.020000	2	0	20	0.006940	0.018675
0.020000	1	0	20	0.006256	0.018629
0.020000	2	2	20	0.006094	0.018536
0.020000	1	0	20	0.004933	0.017971
0.020000	0	0	20	0.005086	0.018229
0.020000	1	0	20	0.006948	0.017836
0.020000	2	0	20	0.007063	0.018175
0.020000	1	0	20	0.006286	0.017836
0.020000	2	0	20	0.006463	0.018098
0.020000	1	0	20	0.005433	0.017806
0.020000	1	0	20	0.005640	0.019121
0.020000	1	2	20	0.005652	0.018336
0.020000	2	0	20	0.005894	0.018501
0.020000	1	0	20	0.007240	0.018544
0.020000	2	0	20	0.005209	0.018390
0.020000	2	0	20	0.005002	0.017767
0.020000	2	0	20	0.005556	0.018298
0.020000	2	0	20	0.006617	0.018383
0.020000	1	2	20	0.004179	0.018136
0.020000	1	0	20	0.005833	0.017621
0.020000	2	0	20	0.005486	0.017998
0.020000	3	0	20	0.004602	0.018206
0.020000	2	0	20	0.006748	0.019398
0.020000	1	0	20	0.007732	0.018490
0.020000	1	0	20	0.006456	0.017683
0.020000	1	0	20	0.003240	0.017998
0.020000	1	0	20	0.005040	0.017936
0.020000	1	0	20	0.006209	0.018209
0.020000	1	0	20	0.003733	0.018567
0.020000	2	0	20	0.005356	0.017767
0.020000	2	0	20	0.003925	0.018390
0.020000	2	0	20	0.006263	0.018467
0.020000	2	0	20	0.005286	0.019413
0.020000	2	0	20	0.006871	0.018229
0.020000	1	0	20	0.003150	0.018152
0.020000	2	0	20	0.005656	0.018313
0.020000	2	0	20	0.005233	0.017667
0.020000	3	0	20	0.007256	0.018225
0.020000	1	0	20	0.004179	0.018048
0.020000	1	0	20	0.005748	0.017921
0.020000	1	0	20	0.006286	0.018229
0.020000	1	0	20	0.005086	0.019106
0.020000	1	0	20	0.004332	0.018590
0.020000	1	0	20	0.005304	0.018544
0.020000	1	0	20	0.004486	0.016813
0.020000	2	0	20	0.006702	0.017409
0.020000	2	0	20	0.004532	0.019183
0.020000	2	0	20	0.005479	0.018390
0.020000	0	0	20	0.005094	0.018375
0.020000	2	0	20	0.006179	0.018613
0.020000	1	0	20	0.005786	0.018006
0.020000	1	0	20	0.003240	0.018629
0.020000	3	0	20	0.005802	0.018709
0.020000	1	0	20	0.004271	0.019129
0.020000	2	0	20	0.004240	0.018621
0.020000	2	0	20	0.005702	0.018129
0.020000	2	0	20	0.005740	0.019383
0.020000	2	0	20	0.005034	0.018790
0.020000	1	0	20	0.002813	0.017924
0.020000	1	0	20	0.005348	0.018198
0.020000	1	0	20	0.005940	0.017152
0.020000	0	0	20	0.003515	0.017929
0.020000	2	0	20	0.006625	0.016929
0.020000	1	0	20	0.006102	0.019136
0.020000	1	0	20	0.005002	0.019106
0.020000	0	0	20	0.004063	0.018155
0.020000	1	0	20	0.005648	0.017806
0.020000	1	0	20	0.004786	0.019167
0.020000	1	0	20	0.003533	0.017736
0.020000	1	0	20	0.006971	0.018044
0.020000	0	0	20	0.003540	0.018217
0.020000	0	0	20	0.003998	0.018083
0.020000	3	0	20	0.006633	0.018275
0.020000	1	0	20	0.005656	0.017352
0.020000	0	0	20	0.004409	0.018806
0.020000	3	0	20	0.005825	0.017806
0.020000	2	0	20	0.004817	0.017783
0.020000	2	0	20	0.004609	0.017894
0.020000	1	0	20	0.005256	0.017144
0.020000	0	0	20	0.004348	0.017663
0.020000	3	0	20	0.007271	0.019102
0.020000	0	0	20	0.006348	0.018678
0.020000	1	0	20	0.004086	0.018321
0.020000	1	0	20	0.004648	0.019259
0.020000	2	0	20	0.005609	0.017559
0.020000	1	0	20	0.004802	0.018621
0.020000	1	0	20	0.002986	0.019329
0.020000	0	0	20	0.003879	0.018713
0.020000	2	0	20	0.003609	0.018644
0.020000	1	0	20	0.002963	0.018652
0.020000	1	0	20	0.003271	0.019052
0.020000	1	0	20	0.004948	0.018359
0.020000	2	0	20	0.005740	0.018001
0.020000	2	0	20	0.006348	0.019629
0.020000	2	0	20	0.006894	0.018875
0.020000	1	0	20	0.004529	0.017906
0.020000	0	0	20	0.005171	0.018029
0.020000	2	0	20	0.003602	0.017529
0.020000	1	0	20	0.003740	0.018421
0.020000	1	0	20	0.002636	0.018459
0.020000	2	0	20	0.004596	0.018267
0.020000	1	0	20	0.005663	0.018890
0.020000	2	0	20	0.004733	0.018552
0.020000	1	0	20	0.004794	0.018629
0.020000	0	0	20	0.004694	0.018824
0.020000	0	0	0	0.004886	0.018144
0.020000	0	0	0	0.004886	0.018144
0.015000	0	8	28	0.004071	0.018459
0.015000	1	10	30	0.003540	0.018567
0.015000	1	10	28	0.005971	0.017452
0.015000	2	10	30	0.004848	0.017824
0.015000	1	12	32	0.003504	0.018067
0.015000	2	12	30	0.004571	0.017713
0.015000	0	10	30	0.005079	0.016990
0.015000	0	10	30	0.004102	0.017775
0.015000	1	10	30	0.003954	0.017106
0.015000	1	12	32	0.005702	0.017344
0.015000	2	12	30	0.005665	0.015913
0.015000	0	10	30	0.003408	0.016829
0.015000	1	10	30	0.004458	0.016667
0.015000	1	12	32	0.004754	0.015167
0.015000	0	12	30	0.005409	0.016206
0.015000	2	10	30	0.005348	0.016113
0.015000	1	10	30	0.005588	0.015752
0.015000	1	10	30	0.005427	0.014721
0.015000	3	10	30	0.006242	0.015036
0.015000	1	10	30	0.004104	0.015998
0.015000	1	12	32	0.005048	0.015690
0.015000	1	12	30	0.006223	0.015813
0.015000	1	10	30	0.004392	0.015283
0.015000	2	10	30	0.006196	0.014490
0.015000	3	10	30	0.006942	0.015313
0.015000	2	10	30	0.005054	0.015244
0.015000	1	10	30	0.004477	0.014767
0.015000	1	10	30	0.005469	0.015021
0.015000	1	10	30	0.005088	0.014836
0.015000	1	12	32	0.005594	0.015875
0.015000	2	12	30	0.006346	0.015336
0.015000	1	10	30	0.007084	0.014928
0.015000	1	10	30	0.004362	0.014021
0.015000	0	10	30	0.004323	0.014575
0.015000	2	10	30	0.006258	0.014430
0.015000	1	10	30	0.005723	0.013906
0.015000	1	10	30	0.004985	0.013867
0.015000	0	10	30	0.005754	0.014290
0.015000	0	10	30	0.004531	0.013690
0.015000	1	10	30	0.004571	0.014359
0.015000	1	10	30	0.006323	0.014674
0.015000	2	10	30	0.007223	0.013759
0.015000	1	10	30	0.005079	0.014899
0.015000	0	10	30	0.006146	0.013406
0.015000	0	10	30	0.003781	0.014121
0.015000	2	10	30	0.005527	0.013820
0.015000	0	10	30	0.006815	0.013691
0.015000	1	10	30	0.006723	0.013651
0.015000	2	10	30	0.005688	0.013075
0.015000	1	10	30	0.003592	0.013398
0.015000	1	10	30	0.005304	0.013341
0.015000	0	10	30	0.003925	0.013945
0.015000	2	10	30	0.004679	0.013476
0.015000	0	10	30	0.004431	0.014282
0.015000	1	10	30	0.003515	0.013453
0.015000	0	10	30	0.007146	0.014336
0.015000	1	10	30	0.005492	0.013490
0.015000	2	8	30	0.006504	0.013270
0.015000	2	10	30	0.005042	0.013882
0.015000	2	12	32	0.004254	0.015961
0.015000	2	10	32	0.006008	0.014522
0.015000	0	12	32	0.004394	0.014107
0.015000	2	12	32	0.006042	0.012805
0.015000	1	12	32	0.005289	0.013892
0.015000	0	12	32	0.004147	0.013174
0.015000	1	10	32	0.005977	0.013589
0.015000	2	10	32	0.006173	0.012989
0.015000	2	10	32	0.004627	0.013336
0.015000	1	10	32	0.005477	0.014766
0.015000	1	10	32	0.006531	0.013089
0.015000	2	12	32	0.003881	0.013423
0.015000	1	12	32	0.003993	0.013182
0.015000	1	6	32	0.006661	0.014720
0.015000	0	10	32	0.004150	0.012362
0.015000	0	10	32	0.006283	0.013243
0.015000	1	10	32	0.003998	0.012330
0.015000	2	10	32	0.005515	0.013489
0.015000	2	6	32	0.007034	0.012692
0.015000	1	10	32	0.005848	0.011938
0.015000	0	2	32	0.006769	0.013028
0.015000	2	6	32	0.005179	0.013428
0.015000	1	2	32	0.005390	0.012982
0.015000	0	2	32	0.004143	0.014074
0.015000	2	6	32	0.005165	0.012792
0.015000	0	2	32	0.005266	0.012412
0.015000	1	2	32	0.004763	0.013174
0.015000	2	4	32	0.005638	0.013412
0.015000	1	2	32	0.006304	0.012512
0.015000	2	4	34	0.004504	0.015677
0.015000	2	8	34	0.004490	0.015023
0.015000	3	4	34	0.004596	0.013451
0.015000	2	4	34	0.005206	0.013428
0.015000	1	4	34	0.007554	0.014351
0.015000	0	4	34	0.005990	0.012612
0.015000	0	4	34	0.006052	0.013436
0.015000	2	4	34	0.005354	0.013059
0.015000	2	4	34	0.007192	0.013551
0.015000	3	6	36	0.005300	0.015605
0.015000	1	6	34	0.006502	0.012997
0.015000	2	4	34	0.006715	0.013005
0.015000	1	4	34	0.005792	0.011757
0.015000	1	4	34	0.006015	0.012751
0.015000	2	4	34	0.006961	0.013974
0.015000	3	4	34	0.008961	0.013997
0.015000	2	4	34	0.006483	0.014051
0.015000	1	4	34	0.005192	0.012888
0.015000	1	4	34	0.006615	0.014436
0.015000	2	6	36	0.007231	0.015605
0.015000	2	6	34	0.007484	0.013436
0.015000	2	4	34	0.007223	0.013805
0.015000	2	4	34	0.005592	0.013397
0.015000	2	4	34	0.005854	0.012682
0.015000	3	4	34	0.008154	0.014051
0.015000	2	4	34	0.006186	0.011909
0.015000	2	4	34	0.004615	0.013443
0.015000	1	4	34	0.005715	0.013136
0.015000	3	4	34	0.008838	0.013982
0.015000	0	4	34	0.008669	0.013243
0.015000	2	4	34	0.005904	0.012093
0.015000	1	4	34	0.008546	0.014966
0.015000	2	4	34	0.005844	0.013928
0.015000	1	4	34	0.005171	0.012997
0.015000	2	4	34	0.006577	0.012574
0.015000	3	4	34	0.008008	0.013062
0.015000	2	4	34	0.009154	0.013659
0.015000	2	4	34	0.006408	0.012982
0.015000	2	2	34	0.007198	0.013551
0.015000	3	4	34	0.005861	0.014743
0.015000	2	4	34	0.005923	0.013366
0.015000	3	4	34	0.005961	0.012497
0.015000	2	4	34	0.006523	0.013266
0.015000	2	2	34	0.006777	0.013059
0.015000	3	4	34	0.006661	0.012400
0.015000	3	2	34	0.005731	0.013320
0.015000	2	4	34	0.005592	0.013689
0.015000	2	4	34	0.006692	0.012982
0.015000	3	4	34	0.007123	0.013282
0.015000	2	4	34	0.007354	0.012339
0.015000	2	2	34	0.006654	0.014474
0.015000	2	2	34	0.008423	0.013589
0.015000	2	2	34	0.008423	0.013989
0.015000	3	4	34	0.004409	0.012166
0.015000	2	4	34	0.005600	0.012989
0.015000	2	4	34	0.005177	0.012666
0.015000	2	4	34	0.006777	0.012766
0.015000	3	4	34	0.004400	0.012659
0.015000	2	2	34	0.007000	0.014008
0.015000	2	0	34	0.008431	0.014343
0.015000	2	2	34	0.006256	0.013559
0.015000	3	2	34	0.006169	0.013174
0.015000	4	2	34	0.006461	0.013989
0.015000	2	4	34	0.005115	0.012424
0.015000	2	2	34	0.006631	0.013943
0.015000	2	2	34	0.006723	0.012212
0.015000	2	2	34	0.006492	0.012739
0.015000	2	2	34	0.006115	0.013912
0.015000	2	2	34	0.007783	0.014459
0.015000	2	2	34	0.005236	0.013174
0.015000	2	2	34	0.005240	0.012197
0.015000	1	0	34	0.006531	0.013728
0.015000	2	0	34	0.008323	0.013936
0.015000	2	4	34	0.005908	0.014566
0.015000	1	0	34	0.007023	0.011474
0.015000	2	2	34	0.005092	0.012536
0.015000	2	2	34	0.005861	0.012170
0.015000	3	2	34	0.003560	0.013159
0.015000	1	2	34	0.005031	0.012482
0.015000	3	2	34	0.006123	0.012893
0.015000	2	2	34	0.005561	0.013866
0.015000	3	0	34	0.006292	0.012651
0.015000	3	0	34	0.007084	0.013266
0.015000	3	0	34	0.007231	0.013343
0.015000	3	0	34	0.005708	0.013589
0.015000	2	0	34	0.004883	0.012812
0.015000	2	0	34	0.006646	0.013124
0.015000	1	0	34	0.009292	0.013220
0.015000	3	0	34	0.005809	0.011966
0.015000	4	0	34	0.005846	0.013797
0.015000	3	0	34	0.005200	0.013743
0.015000	1	2	34	0.003360	0.012162
0.015000	1	2	34	0.006623	0.013012
0.015000	3	2	34	0.007254	0.013859
0.015000	3	0	34	0.006292	0.012739
0.015000	2	0	34	0.005969	0.012474
0.015000	3	0	34	0.004546	0.012131
0.015000	3	0	34	0.005567	0.012282
0.015000	2	0	34	0.006379	0.013305
0.015000	3	2	34	0.003869	0.013159
0.015000	2	0	34	0.006713	0.012836
0.015000	2	0	34	0.005484	0.012851
0.015000	2	0	34	0.007408	0.012824
0.015000	1	0	34	0.006231	0.012012
0.015000	2	0	34	0.004186	0.013062
0.015000	3	0	34	0.004915	0.012339
0.015000	4	0	34	0.005284	0.013720
0.015000	2	0	34	0.006984	0.012912
0.015000	2	0	34	0.007069	0.012982
0.015000	3	0	34	0.004713	0.011831
0.015000	3	0	34	0.006000	0.013143
0.015000	2	0	34	0.005767	0.013259
0.015000	3	0	34	0.005538	0.012547
0.015000	3	0	34	0.007231	0.012608
0.015000	2	0	34	0.004148	0.012600
0.015000	3	0	34	0.006292	0.012574
0.015000	1	0	34	0.007875	0.014470
0.015000	1	0	34	0.005008	0.013105
0.015000	3	2	34	0.004773	0.012585
0.015000	4	0	34	0.006536	0.013505
0.015000	2	0	34	0.007538	0.013212
0.015000	3	0	34	0.005221	0.012685
0.015000	2	0	34	0.006754	0.013374
0.015000	2	0	34	0.006331	0.013277
0.015000	2	0	34	0.006884	0.012697
0.015000	2	0	34	0.004615	0.013047
0.015000	3	0	34	0.006061	0.012112
0.015000	4	0	34	0.006392	0.013859
0.015000	1	0	34	0.010454	0.014166
0.015000	3	0	34	0.006669	0.013582
0.015000	1	0	34	0.003825	0.011751
0.015000	3	0	34	0.004683	0.012301
0.015000	1	0	34	0.004260	0.012854
0.015000	3	0	34	0.004284	0.012093
0.015000	3	0	34	0.005108	0.012489
0.015000	2	0	34	0.005815	0.012131
0.015000	2	0	34	0.005217	0.012785
0.015000	3	0	34	0.006444	0.012536
0.015000	2	0	34	0.006292	0.013020
0.015000	4	0	34	0.005408	0.011678
0.015000	3	0	34	0.005215	0.013308
0.015000	2	0	34	0.004129	0.012897
0.015000	2	0	34	0.006508	0.013874
0.015000	1	0	34	0.005154	0.012228
0.015000	3	0	34	0.005233	0.013100
0.015000	3	0	34	0.006306	0.012185
0.015000	2	0	34	0.004667	0.012828
0.015000	3	0	34	0.004432	0.012212
0.015000	3	0	34	0.007146	0.012639
0.015000	3	0	34	0.004669	0.012236
0.015000	2	0	34	0.003936	0.013370
0.015000	4	0	34	0.006092	0.012051
0.015000	2	0	34	0.005592	0.013166
0.015000	3	0	34	0.008008	0.013066
0.015000	2	0	34	0.003983	0.011843
0.015000	2	0	34	0.003454	0.012312
0.015000	3	0	34	0.005508	0.012282
0.015000	4	0	34	0.005147	0.012385
0.015000	3	0	34	0.006306	0.012278
0.015000	4	0	34	0.004675	0.012670
0.015000	3	0	34	0.004684	0.012670
0.015000	4	0	34	0.007800	0.013336
0.015000	3	0	34	0.004998	0.011674
0.015000	3	0	34	0.004331	0.012378
0.015000	4	0	34	0.005484	0.012374
0.015000	3	0	34	0.007138	0.012024
0.015000	1	0	34	0.003586	0.012439
0.015000	3	0	34	0.005900	0.012839
0.015000	3	0	34	0.004444	0.011620
0.015000	3	0	34	0.008313	0.013654
0.015000	4	0	34	0.004160	0.012093
0.015000	3	0	34	0.006540	0.012593
0.015000	2	0	34	0.004588	0.012005
0.015000	2	0	34	0.004181	0.012797
0.015000	2	0	34	0.006054	0.013039
0.015000	4	0	34	0.003954	0.012270
0.015000	2	0	34	0.007192	0.012024
0.015000	3	0	34	0.006636	0.011951
0.015000	2	0	34	0.002800	0.012285
0.015000	1	0	34	0.005408	0.012820
0.015000	3	0	34	0.006483	0.011870
0.015000	3	0	34	0.004211	0.013131
0.015000	1	0	34	0.005084	0.012454
0.015000	2	0	34	0.004615	0.012359
0.015000	3	0	34	0.005754	0.012539
0.015000	3	0	34	0.006383	0.012359
0.015000	3	0	34	0.005669	0.012712
0.015000	3	0	34	0.005044	0.012624
0.015000	4	0	34	0.004640	0.012754
0.015000	2	0	34	0.006115	0.014889
0.015000	3	0	34	0.005158	0.012351
0.015000	3	0	34	0.003538	0.012070
0.015000	2	0	34	0.004369	0.012189
0.015000	3	0	34	0.005198	0.011777
0.015000	4	0	34	0.004284	0.012793
0.015000	3	0	34	0.005306	0.012205
0.015000	2	0	34	0.004198	0.012385
0.015000	2	0	34	0.004492	0.012812
0.015000	2	0	34	0.003692	0.011859
0.015000	2	0	34	0.005054	0.012754
0.015000	4	0	34	0.004873	0.012547
0.015000	2	0	34	0.006815	0.013428
0.015000	3	0	34	0.006292	0.012474
0.015000	2	0	34	0.007406	0.013236
0.015000	3	0	34	0.005360	0.012193
0.015000	3	0	34	0.004875	0.012593
0.015000	3	0	34	0.004473	0.011616
0.015000	2	0	34	0.006808	0.012659
0.015000	3	0	34	0.003161	0.012078
0.015000	3	0	34	0.003796	0.012624
0.015000	2	0	34	0.003890	0.012036
0.015000	3	0	34	0.003838	0.012754
0.015000	4	0	34	0.006369	0.012400
0.015000	3	0	34	0.006084	0.012874
0.015000	2	0	34	0.006815	0.012874
0.015000	4	0	34	0.004460	0.013289
0.015000	2	0	34	0.004484	0.012816
0.015000	3	0	34	0.003371	0.012647
0.015000	3	0	34	0.007261	0.012566
0.015000	3	0	34	0.003556	0.011754
0.015000	3	0	34	0.004895	0.012482
0.015000	3	0	34	0.004155	0.012070
0.015000	3	0	34	0.004090	0.012285
0.015000	3	0	34	0.003429	0.012820
0.015000	3	0	34	0.008484	0.013720
0.015000	2	0	34	0.005300	0.011793
0.015000	3	0	34	0.004325	0.012216
0.015000	3	0	34	0.004825	0.012177
0.015000	3	0	34	0.003715	0.012662
0.015000	3	0	34	0.004060	0.012208
0.015000	4	0	34	0.004213	0.012543
0.015000	4	0	34	0.004521	0.012993
0.015000	2	0	34	0.004990	0.012654
0.015000	2	0	34	0.003631	0.011969
0.015000	3	0	34	0.003648	0.012385
0.015000	4	0	34	0.006523	0.013682
0.015000	3	0	34	0.003499	0.012178
0.015000	5	0	34	0.005269	0.012393
0.015000	3	0	34	0.005508	0.012508
0.015000	2	0	34	0.004108	0.012270
0.015000	3	0	34	0.004883	0.013154
0.015000	3	0	34	0.003829	0.012077
0.015000	2	0	34	0.007336	0.013093
0.015000	2	0	34	0.004423	0.012336
0.015000	3	0	34	0.004946	0.012705
0.015000	2	0	34	0.003713	0.012216
0.015000	3	0	34	0.004406	0.012489
0.015000	3	0	34	0.005000	0.012793
0.015000	2	0	34	0.004338	0.012493
0.015000	3	0	34	0.003136	0.012531
0.015000	2	0	34	0.004683	0.012916
0.015000	3	0	34	0.005854	0.012551
0.015000	3	0	34	0.004398	0.011816
0.015000	3	0	34	0.004211	0.012047
0.015000	2	0	34	0.005584	0.012600
0.015000	1	0	34	0.004898	0.011379
0.015000	3	0	34	0.004675	0.012070
0.015000	2	0	34	0.004569	0.012677
0.015000	4	0	34	0.002908	0.011616
0.015000	3	0	34	0.003383	0.012539
0.015000	3	0	34	0.005692	0.013528
0.015000	3	0	34	0.004923	0.012377
0.015000	2	0	34	0.006006	0.011816
0.015000	2	0	34	0.005638	0.012936
0.015000	4	0	34	0.003017	0.011701
0.015000	3	0	34	0.006254	0.012885
0.015000	1	0	34	0.005246	0.012262
0.015000	2	0	34	0.003744	0.012477
0.015000	2	0	34	0.004235	0.011828
0.015000	3	0	34	0.004094	0.012416
0.015000	3	0	34	0.005131	0.012424
0.015000	2	0	34	0.004852	0.012408
0.015000	2	0	34	0.007515	0.013805
0.015000	3	0	34	0.003377	0.011693
0.015000	2	0	34	0.004331	0.011785
0.015000	2	0	34	0.003844	0.012324
0.015000	3	0	34	0.004092	0.012259
0.015000	3	0	34	0.004036	0.012454
0.015000	2	0	34	0.003323	0.012116
0.015000	1	0	34	0.003729	0.012016
0.015000	3	0	34	0.002602	0.011831
0.015000	2	0	34	0.004884	0.012039
0.015000	2	0	34	0.003354	0.012424
0.015000	2	0	34	0.004713	0.012393
0.015000	2	0	34	0.004629	0.012562
0.015000	2	0	34	0.003952	0.012762
0.015000	4	0	34	0.004144	0.013385
0.015000	3	0	34	0.003398	0.012216
0.015000	3	0	34	0.004225	0.012724
0.015000	2	0	34	0.004736	0.012562
0.015000	3	0	34	0.005892	0.012647
0.015000	3	0	34	0.003500	0.012300
0.015000	2	0	34	0.005529	0.012608
0.015000	1	0	34	0.003309	0.012324
0.015000	3	0	34	0.005475	0.012624
0.015000	2	0	34	0.002386	0.012370
0.015000	3	0	34	0.004548	0.013228
0.015000	3	0	34	0.004367	0.012493
0.015000	2	0	34	0.005898	0.012047
0.015000	2	0	34	0.003860	0.012347
0.015000	3	0	34	0.007731	0.013185
0.015000	2	0	34	0.004456	0.011820
0.015000	3	0	34	0.005140	0.012731
0.015000	3	0	34	0.003292	0.012431
0.015000	2	0	34	0.003248	0.012293
0.015000	3	0	34	0.003927	0.011720
0.015000	2	0	34	0.004700	0.011520
0.015000	3	0	34	0.004298	0.011998
0.015000	2	0	34	0.005860	0.012385
0.015000	4	0	34	0.006321	0.012262
0.015000	2	0	34	0.002825	0.011716
0.015000	3	0	34	0.004746	0.013401
0.015000	2	0	34	0.003034	0.012162
0.015000	2	0	34	0.002871	0.012200
0.015000	3	0	34	0.005736	0.012777
0.015000	3	0	34	0.002777	0.012631
0.015000	3	0	34	0.006823	0.013116
0.015000	3	0	34	0.004073	0.012347
0.015000	3	0	34	0.004792	0.012200
0.015000	2	0	34	0.005077	0.012285
0.015000	3	0	34	0.003444	0.012485
0.015000	1	0	34	0.003003	0.012247
0.015000	1	0	34	0.004109	0.012877
0.015000	2	0	34	0.005429	0.012308
0.015000	4	0	34	0.004021	0.012955
0.015000	4	0	34	0.003921	0.013708
0.015000	1	0	34	0.003340	0.012616
0.015000	3	0	34	0.005934	0.012877
0.015000	4	0	34	0.006498	0.012993
0.015000	2	0	34	0.006498	0.012951
0.015000	3	0	34	0.004536	0.011566
0.015000	3	0	34	0.003931	0.012508
0.015000	2	0	34	0.004098	0.012908
0.015000	2	0	34	0.004258	0.012170
0.015000	3	0	34	0.003725	0.011985
0.015000	3	0	34	0.003404	0.011985
0.015000	3	0	34	0.004229	0.013331
0.015000	2	0	34	0.003171	0.012147
0.015000	3	0	34	0.005746	0.012224
0.015000	3	0	34	0.002879	0.012431
0.015000	2	0	34	0.003088	0.012016
0.015000	3	0	34	0.004138	0.012247
0.015000	2	0	34	0.003990	0.012139
0.015000	2	0	34	0.004806	0.012208
0.015000	2	0	34	0.003372	0.012824
0.015000	3	0	34	0.005121	0.010647
0.015000	2	0	34	0.006583	0.012124
0.015000	3	0	34	0.004760	0.012577
0.015000	2	0	34	0.003771	0.012739
0.015000	3	0	34	0.005069	0.013516
0.015000	3	0	34	0.004536	0.011616
0.015000	2	0	34	0.004308	0.012436
0.015000	2	0	34	0.003513	0.011985
0.015000	3	0	34	0.005529	0.013216
0.015000	3	0	34	0.004584	0.012024
0.015000	2	0	34	0.002673	0.012170
0.015000	2	0	34	0.003671	0.012300
0.015000	3	0	34	0.005077	0.012354
0.015000	3	0	34	0.004044	0.012547
0.015000	3	0	34	0.002825	0.012193
0.015000	2	0	34	0.003588	0.012008
0.015000	2	0	34	0.004113	0.012374
0.015000	2	0	34	0.004398	0.012670
0.015000	2	0	34	0.003025	0.012454
0.015000	2	0	34	0.002933	0.011531
0.015000	2	0	34	0.004692	0.012424
0.015000	2	0	34	0.003952	0.011866
0.015000	3	0	34	0.004002	0.012578
0.015000	1	0	34	0.004098	0.012200
0.015000	2	0	34	0.002933	0.012105
0.015000	3	0	34	0.005836	0.011947
0.015000	2	0	34	0.002308	0.013200
0.015000	2	0	34	0.005206	0.013070
0.015000	3	0	34	0.004254	0.012789
0.015000	2	0	34	0.003352	0.011839
0.015000	2	0	34	0.006344	0.013224
0.015000	3	0	34	0.005198	0.011908
0.015000	2	0	34	0.005292	0.013182
0.015000	2	0	34	0.002602	0.012262
0.015000	2	0	34	0.002679	0.012670
0.015000	2	0	34	0.006329	0.011936
0.015000	1	0	34	0.004744	0.012524
0.015000	3	0	34	0.003696	0.012231
0.015000	2	0	34	0.004336	0.011606
0.015000	2	0	34	0.004104	0.011947
0.015000	1	0	34	0.006084	0.012378
0.015000	2	0	34	0.004483	0.011893
0.015000	1	0	34	0.003533	0.011939
0.015000	3	0	34	0.005694	0.011408
0.015000	2	0	34	0.005156	0.011862
0.015000	2	0	34	0.003400	0.012324
0.015000	2	0	34	0.003566	0.012078
0.015000	2	0	34	0.005883	0.012293
0.015000	1	0	34	0.004400	0.012993
0.015000	2	0	34	0.003638	0.012293
0.015000	2	0	34	0.004675	0.012024
0.015000	2	0	34	0.004775	0.012277
0.015000	2	0	34	0.002621	0.012193
0.015000	2	0	34	0.004029	0.011862
0.015000	2	0	34	0.002408	0.012047
0.015000	1	0	34	0.004511	0.013477
0.015000	3	0	34	0.004229	0.011578
0.015000	1	0	34	0.002900	0.011731
0.015000	2	0	34	0.003883	0.012755
0.015000	1	0	34	0.004413	0.011847
0.015000	2	0	34	0.003077	0.012585
0.015000	2	0	34	0.003650	0.012147
0.015000	3	0	34	0.003006	0.011816
0.015000	2	0	34	0.003552	0.012255
0.015000	2	0	34	0.003846	0.012055
0.015000	2	0	34	0.004498	0.011985
0.015000	2	0	34	0.005483	0.013054
0.015000	3	0	34	0.004913	0.012877
0.015000	2	0	34	0.002873	0.012670
0.015000	3	0	34	0.003698	0.013508
0.015000	3	0	34	0.005600	0.012216
0.015000	1	0	34	0.004413	0.011816
0.015000	3	0	34	0.002727	0.011762
0.015000	2	0	34	0.005311	0.012701
0.015000	2	0	34	0.004431	0.011739
0.015000	2	0	34	0.002894	0.013293
0.015000	3	0	34	0.003504	0.012185
0.015000	2	0	34	0.004684	0.012569
0.015000	2	0	34	0.004813	0.013224
0.015000	1	0	34	0.003752	0.012300
0.015000	2	0	34	0.004344	0.011724
0.015000	2	0	34	0.003444	0.012085
0.015000	1	0	34	0.002940	0.011878
0.015000	2	0	34	0.002471	0.011316
0.015000	1	0	34	0.004844	0.011639
0.015000	1	0	34	0.003275	0.013539
0.015000	2	0	34	0.002831	0.012346
0.015000	2	0	34	0.005069	0.013077
0.015000	2	0	34	0.003621	0.011954
0.015000	1	0	34	0.005013	0.012077
0.015000	1	0	34	0.003454	0.012443
0.015000	3	0	34	0.003479	0.012124
0.015000	2	0	34	0.004502	0.012985
0.015000	1	0	34	0.004261	0.012493
0.015000	2	0	34	0.004719	0.012585
0.015000	2	0	34	0.002521	0.012400
0.015000	1	0	34	0.006221	0.012177
0.015000	1	0	34	0.003863	0.011935
0.015000	2	0	34	0.003629	0.011854
0.015000	1	0	34	0.002787	0.011570
0.015000	2	0	34	0.003736	0.012631
0.015000	2	0	34	0.004746	0.012370
0.015000	3	0	34	0.004592	0.012082
0.015000	2	0	34	0.003159	0.012054
0.015000	1	0	34	0.003388	0.012608
0.015000	2	0	34	0.006798	0.012116
0.015000	1	0	34	0.003221	0.011754
0.015000	2	0	34	0.006567	0.011747
0.015000	0	0	34	0.002869	0.011877
0.015000	3	0	34	0.005160	0.012316
0.015000	2	0	34	0.005861	0.012308
0.015000	2	0	34	0.004813	0.012331
0.015000	2	0	34	0.004234	0.011724
0.015000	1	0	34	0.002713	0.012400
0.015000	2	0	34	0.003092	0.011528
0.015000	3	0	34	0.003165	0.012331
0.015000	2	0	34	0.003752	0.012254
0.015000	1	0	34	0.002733	0.011639
0.015000	1	0	34	0.003340	0.012424
0.015000	2	0	34	0.002996	0.012308
0.015000	3	0	34	0.005552	0.012708
0.015000	1	0	34	0.003767	0.012585
0.015000	2	0	34	0.002431	0.012370
0.015000	1	0	34	0.002887	0.011408
0.015000	1	0	34	0.002486	0.013216
0.015000	0	0	34	0.002908	0.011855
0.015000	1	0	34	0.006952	0.011593
0.015000	1	0	34	0.004379	0.012800
0.015000	1	0	34	0.004063	0.012501
0.015000	2	0	34	0.004183	0.012636
0.015000	2	0	34	0.004660	0.012200
0.015000	2	0	34	0.003860	0.012162
0.015000	1	0	34	0.004154	0.012247
0.015000	3	0	34	0.003902	0.012231
0.015000	2	0	34	0.002964	0.011112
0.015000	2	0	34	0.003544	0.011424
0.015000	1	0	34	0.003084	0.012093
0.015000	2	0	34	0.003452	0.012500
0.015000	2	0	34	0.003172	0.012670
0.015000	2	0	34	0.002796	0.011720
0.015000	1	0	34	0.003333	0.012462
0.015000	1	0	34	0.002386	0.012224
0.015000	2	0	34	0.004567	0.011916
0.015000	3	0	34	0.004215	0.011339
0.015000	1	0	34	0.005467	0.011724
0.015000	2	0	34	0.003936	0.012831
0.015000	2	0	34	0.002692	0.012316
0.015000	0	0	34	0.003494	0.011931
0.015000	0	0	0	0.004844	0.011520
0.015000	0	0	0	0.004844	0.011520
0.010000	1	10	44	0.003529	0.013208
0.010000	2	14	44	0.004290	0.013331
0.010000	1	12	46	0.003286	0.011189
0.010000	1	16	48	0.003733	0.012362
0.010000	2	16	50	0.003015	0.012139
0.010000	1	16	48	0.004760	0.011505
0.010000	2	16	50	0.004590	0.012185
0.010000	1	18	50	0.002114	0.011978
0.010000	2	16	48	0.003790	0.011331
0.010000	1	14	48	0.005175	0.011308
0.010000	2	14	48	0.003806	0.012124
0.010000	1	16	50	0.002522	0.011124
0.010000	1	16	48	0.003360	0.010616
0.010000	2	16	50	0.004229	0.012427
0.010000	3	16	50	0.003619	0.010639
0.010000	2	16	50	0.004527	0.011038
0.010000	2	16	50	0.005552	0.011500
0.010000	1	16	50	0.004198	0.010570
0.010000	1	20	54	0.005975	0.011171
0.010000	2	20	50	0.003629	0.010924
0.010000	2	16	50	0.003954	0.011000
0.010000	1	16	50	0.002986	0.009901
0.010000	0	16	50	0.003636	0.010154
0.010000	2	16	50	0.003760	0.010505
0.010000	2	16	50	0.005206	0.010393
0.010000	1	16	50	0.004806	0.010116
0.010000	0	16	50	0.003079	0.008962
0.010000	2	16	50	0.004188	0.010854
0.010000	1	16	50	0.004154	0.009631
0.010000	2	16	50	0.005731	0.009985
0.010000	1	16	50	0.004360	0.009747
0.010000	1	16	50	0.003406	0.009216
0.010000	2	16	50	0.005138	0.009777
0.010000	1	16	50	0.002608	0.009839
0.010000	1	16	50	0.003941	0.010092
0.010000	3	16	50	0.004235	0.009493
0.010000	2	16	50	0.004917	0.010347
0.010000	1	16	50	0.005477	0.009547
0.010000	1	16	50	0.003752	0.008869
0.010000	1	16	50	0.005367	0.008716
0.010000	3	16	50	0.005048	0.008919
0.010000	2	18	52	0.004752	0.010911
0.010000	2	18	50	0.004575	0.010048
0.010000	3	16	50	0.003617	0.008477
0.010000	2	16	50	0.002564	0.008512
0.010000	3	18	52	0.003765	0.010923
0.010000	2	18	50	0.003229	0.008710
0.010000	3	16	50	0.004792	0.009480
0.010000	2	16	50	0.004688	0.008680
0.010000	2	16	50	0.004361	0.008657
0.010000	1	16	50	0.003290	0.008764
0.010000	0	16	50	0.002918	0.008856
0.010000	1	16	50	0.003258	0.009255
0.010000	1	16	50	0.004706	0.009507
0.010000	0	16	50	0.003567	0.008602
0.010000	2	16	50	0.002879	0.008479
0.010000	0	18	52	0.004631	0.010519
0.010000	1	18	50	0.003367	0.008778
0.010000	2	16	50	0.005102	0.009041
0.010000	2	16	50	0.005475	0.008993
0.010000	1	16	50	0.003688	0.008758
0.010000	2	16	50	0.003592	0.009415
0.010000	3	16	50	0.003790	0.009242
0.010000	2	14	50	0.003583	0.008541
0.010000	2	16	50	0.005154	0.008494
0.010000	2	16	50	0.004154	0.008880
0.010000	1	16	50	0.003261	0.009331
0.010000	1	14	50	0.003707	0.009757
0.010000	1	10	50	0.003240	0.009043
0.010000	0	10	50	0.004521	0.008302
0.010000	1	12	50	0.005546	0.009065
0.010000	1	14	50	0.004438	0.008448
0.010000	3	12	50	0.003261	0.008570
0.010000	1	8	50	0.004931	0.009761
0.010000	3	8	50	0.004048	0.008580
0.010000	1	6	50	0.002729	0.008138
0.010000	2	6	50	0.003609	0.008384
0.010000	2	8	50	0.002683	0.008849
0.010000	1	8	50	0.003363	0.009803
0.010000	1	6	50	0.002936	0.009372
0.010000	1	6	52	0.003341	0.010700
0.010000	2	10	50	0.006069	0.009726
0.010000	2	6	50	0.002983	0.008888
0.010000	1	2	50	0.002993	0.009334
0.010000	2	2	50	0.002994	0.008671
0.010000	2	2	50	0.003884	0.009257
0.010000	1	4	50	0.003224	0.008348
0.010000	1	4	50	0.003708	0.008456
0.010000	1	2	52	0.004577	0.010611
0.010000	1	4	50	0.003154	0.008694
0.010000	1	2	50	0.005136	0.008419
0.010000	1	2	50	0.003407	0.008961
0.010000	3	2	50	0.003175	0.009161
0.010000	2	0	50	0.004192	0.008556
0.010000	2	2	50	0.003913	0.009692
0.010000	2	2	50	0.003368	0.008331
0.010000	0	2	50	0.003615	0.008792
0.010000	4	0	50	0.005269	0.008091
0.010000	2	0	50	0.003723	0.008087
0.010000	2	2	50	0.002061	0.008579
0.010000	1	0	50	0.003592	0.008679
0.010000	1	2	50	0.002571	0.008866
0.010000	1	2	50	0.004194	0.009079
0.010000	2	0	50	0.004194	0.009074
0.010000	2	0	50	0.004860	0.009257
0.010000	2	0	50	0.003325	0.009215
0.010000	1	0	50	0.003815	0.009665
0.010000	2	0	50	0.003484	0.009046
0.010000	1	2	50	0.002860	0.009672
0.010000	1	2	52	0.005931	0.010057
0.010000	1	2	50	0.004369	0.009842
0.010000	1	0	50	0.004556	0.008551
0.010000	4	2	50	0.003858	0.009283
0.010000	2	2	50	0.003791	0.008456
0.010000	2	0	50	0.004385	0.008052
0.010000	2	0	50	0.003237	0.008869
0.010000	2	0	50	0.003631	0.009265
0.010000	2	0	50	0.003969	0.008544
0.010000	2	0	50	0.005477	0.008394
0.010000	1	2	50	0.004521	0.008164
0.010000	1	2	50	0.003090	0.008832
0.010000	2	2	52	0.004554	0.010208
0.010000	2	4	50	0.002940	0.008867
0.010000	1	0	50	0.002952	0.008383
0.010000	1	2	52	0.005100	0.010415
0.010000	2	2	50	0.004761	0.008920
0.010000	1	0	50	0.002855	0.008880
0.010000	1	0	50	0.003684	0.008760
0.010000	1	2	50	0.003614	0.008380
0.010000	1	4	52	0.002309	0.011603
0.010000	2	2	52	0.003006	0.009742
0.010000	0	2	52	0.002722	0.008869
0.010000	2	2	52	0.003577	0.008802
0.010000	1	2	52	0.003738	0.008287
0.010000	0	2	52	0.003200	0.008656
0.010000	3	2	52	0.005936	0.008210
0.010000	1	2	52	0.003585	0.009240
0.010000	1	2	52	0.002507	0.008560
0.010000	3	2	52	0.003148	0.008371
0.010000	0	2	52	0.003784	0.008118
0.010000	3	2	52	0.003792	0.009375
0.010000	2	2	52	0.004492	0.009752
0.010000	2	2	52	0.004923	0.008684
0.010000	1	4	52	0.003163	0.009097
0.010000	1	2	52	0.004015	0.008593
0.010000	2	2	52	0.004827	0.008756
0.010000	2	2	52	0.003160	0.008567
0.010000	2	2	52	0.003060	0.008821
0.010000	1	2	52	0.004890	0.008664
0.010000	1	2	52	0.003191	0.008594
0.010000	0	2	52	0.004260	0.008638
0.010000	1	2	52	0.005515	0.009546
0.010000	1	2	52	0.003938	0.008494
0.010000	1	2	52	0.002694	0.008531
0.010000	2	2	52	0.003846	0.008560
0.010000	4	4	54	0.004691	0.010152
0.010000	2	4	52	0.003648	0.009121
0.010000	1	2	52	0.002856	0.008620
0.010000	1	2	52	0.005484	0.008706
0.010000	1	2	52	0.003569	0.008602
0.010000	1	2	52	0.005213	0.008631
0.010000	2	2	52	0.003407	0.009698
0.010000	2	2	52	0.003714	0.009729
0.010000	3	4	54	0.003834	0.010267
0.010000	0	4	52	0.004484	0.009992
0.010000	0	2	52	0.004452	0.009340
0.010000	0	2	52	0.004822	0.008213
0.010000	1	2	52	0.003522	0.009783
0.010000	2	2	52	0.003673	0.007967
0.010000	0	2	52	0.004450	0.009583
0.010000	2	2	52	0.004590	0.009346
0.010000	0	2	52	0.005031	0.008325
0.010000	1	2	52	0.004600	0.007994
0.010000	1	2	52	0.002699	0.008356
0.010000	1	2	52	0.003914	0.009006
0.010000	0	2	52	0.004653	0.009883
0.010000	2	2	52	0.005206	0.009336
0.010000	0	0	52	0.003899	0.008023
0.010000	0	0	0	0.003725	0.008929
0.010000	0	0	0	0.003725	0.008929
