0	0	0	0	0.225277	0.0498538	0.0407923	0.0702538	0.0761231	0.0279231	0.221938	0.0601923	0.00238462	0.00733077	0.373777	0.00268462	0.00303846	0.00441538	0.00191538	0.376808	0.198562	0.00892308	0.127108	0.0515846	0.263738	0.0270692	0.0419	0.0534692	0.0451846	0.0167	0.281377	0.0429154	0.0831538	0.0434308	0.0356154	0.223977	
0	0	0	0	0.133923	0.0290231	0.0248923	0.0405231	0.0442231	0.0162615	0.130823	0.0370538	0.00139231	0.0041	0.221508	0.00136154	0.00184615	0.00251538	0.00122308	0.222777	0.118485	0.00508462	0.0742923	0.0305	0.155646	0.0153154	0.0253077	0.0320923	0.0272231	0.0106154	0.165246	0.0252769	0.0494462	0.0253308	0.0217308	0.131854	
0	0	0	0	0.117762	0.0256538	0.0214615	0.0351462	0.0395077	0.0146769	0.113731	0.0321077	0.00124615	0.00360769	0.193885	0.00128462	0.00140769	0.00196923	0.000784615	0.195862	0.102969	0.00484615	0.0658308	0.0263769	0.138038	0.0140615	0.0206923	0.0272308	0.0230923	0.00932308	0.145585	0.0220231	0.0436538	0.0214308	0.019	0.115938	
0	0	0	0	0.0563462	0.0408231	0.0336462	0.0546231	0.0365538	0.0126231	0.106792	0.0294692	0.00110769	0.00336923	0.179769	0.00119231	0.00142308	0.002	0.000907692	0.181108	0.0956769	0.00468462	0.0606231	0.0244538	0.126908	0.0128538	0.0201615	0.0255154	0.0213615	0.00868462	0.134262	0.0211308	0.0401692	0.0203154	0.0181231	0.106831	
0.225277	0.133923	0.117762	0.0563462	0	0	0	0	0.104938	0.0380692	0.305438	0.0848615	0.00337692	0.00966154	0.516962	0.00330769	0.0041	0.00585385	0.00253077	0.520823	0.274408	0.0128077	0.175354	0.0707385	0.365208	0.0373769	0.0575308	0.0731923	0.0618462	0.0237692	0.387754	0.0599385	0.116338	0.0584077	0.0501231	0.308438	
0.0498538	0.0290231	0.0256538	0.0408231	0	0	0	0	0.0281692	0.0101923	0.0837462	0.0232462	0.000892308	0.00284615	0.140592	0.00102308	0.00113846	0.00166154	0.000707692	0.141846	0.0754231	0.00303077	0.0475231	0.0193769	0.0989231	0.00992308	0.0154692	0.0210385	0.0170231	0.00676923	0.105846	0.0157154	0.0309385	0.0162	0.0138692	0.0843462	
0.0407923	0.0248923	0.0214615	0.0336462	0	0	0	0	0.0239692	0.00868462	0.0691308	0.0190077	0.000653846	0.00230769	0.117038	0.000792308	0.000907692	0.00121538	0.000646154	0.118023	0.0625923	0.00282308	0.0393308	0.0160462	0.0824462	0.00830769	0.0131538	0.0168846	0.0141308	0.00573846	0.0875385	0.0133846	0.0258923	0.0135923	0.0114846	0.0698231	
0.0702538	0.0405231	0.0351462	0.0546231	0	0	0	0	0.0393308	0.0145385	0.114969	0.0317077	0.00120769	0.00359231	0.194346	0.0014	0.00156923	0.00216923	0.000946154	0.195862	0.103269	0.00487692	0.0656462	0.0267538	0.137754	0.0136923	0.0219077	0.0271923	0.0238615	0.00904615	0.145331	0.0223077	0.0432538	0.0223077	0.0189923	0.115992	
0.0761231	0.0442231	0.0395077	0.0365538	0.104938	0.0281692	0.0239692	0.0393308	0	0	0	0	0.00114615	0.00360769	0.190392	0.00126154	0.00152308	0.00216923	0.000892308	0.191823	0.0984462	0.00472308	0.0669846	0.0262538	0.134808	0.0138692	0.0211538	0.0265769	0.0158923	0.0061	0.158938	0.0154769	0.0417077	0.0206231	0.0184308	0.115646	
0.0279231	0.0162615	0.0146769	0.0126231	0.0380692	0.0101923	0.00868462	0.0145385	0	0	0	0	0.000407692	0.00138462	0.0692692	0.000423077	0.000576923	0.000746154	0.000346154	0.0698154	0.036	0.00175385	0.0239	0.00983077	0.049	0.005	0.00776923	0.00971538	0.00596923	0.00232308	0.0579385	0.00525385	0.0149077	0.00805385	0.00661538	0.0419077	
0.221938	0.130823	0.113731	0.106792	0.305438	0.0837462	0.0691308	0.114969	0	0	0	0	0.00356154	0.0103846	0.555523	0.00381538	0.00436154	0.00619231	0.00284615	0.559885	0.302069	0.0131077	0.1831	0.0750077	0.392038	0.0393538	0.0620308	0.0798615	0.0816615	0.0314077	0.381969	0.0782462	0.126362	0.0652	0.0552692	0.326454	
0.0601923	0.0370538	0.0321077	0.0294692	0.0848615	0.0232462	0.0190077	0.0317077	0	0	0	0	0.00101538	0.00303077	0.153754	0.00102308	0.00125385	0.00179231	0.000746154	0.155031	0.0791769	0.00395385	0.0538692	0.0218231	0.108485	0.0110769	0.0171077	0.0221538	0.0133385	0.00549231	0.127623	0.0123692	0.0334462	0.0166308	0.0141538	0.0945923	
0.00238462	0.00139231	0.00124615	0.00110769	0.00337692	0.000892308	0.000653846	0.00120769	0.00114615	0.000407692	0.00356154	0.00101538	0	0	0	0	5.38462e-05	6.15385e-05	2.30769e-05	0.00599231	0.00316154	7.69231e-05	0.00193077	0.000961538	0.00407692	0.000461538	0.000653846	0.000938462	0.000715385	0.000361538	0.00438462	0.000669231	0.00135385	0.000692308	0.000561538	0.00352308	
0.00733077	0.0041	0.00360769	0.00336923	0.00966154	0.00284615	0.00230769	0.00359231	0.00360769	0.00138462	0.0103846	0.00303077	0	0	0	0	0.000115385	0.000184615	8.46154e-05	0.0180231	0.00932308	0.000338462	0.00615385	0.00259231	0.0129538	0.00118462	0.00180769	0.00246154	0.00214615	0.000723077	0.0133077	0.00223077	0.00424615	0.00194615	0.00159231	0.0106231	
0.373777	0.221508	0.193885	0.179769	0.516962	0.140592	0.117038	0.194346	0.190392	0.0692692	0.555523	0.153754	0	0	0	0	0.00751538	0.0105385	0.00467692	0.946208	0.499815	0.0229615	0.317646	0.128515	0.662908	0.0671	0.104938	0.133992	0.113215	0.0439231	0.704038	0.107762	0.209323	0.107062	0.0917	0.560854	
0.00268462	0.00136154	0.00128462	0.00119231	0.00330769	0.00102308	0.000792308	0.0014	0.00126154	0.000423077	0.00381538	0.00102308	0	0	0	0	3.07692e-05	0.000115385	4.61538e-05	0.00633077	0.00339231	0.000161538	0.00212308	0.000846154	0.00439231	0.000553846	0.000661538	0.000915385	0.000784615	0.000315385	0.00473846	0.000684615	0.0015	0.000807692	0.000615385	0.0036	
0.00303846	0.00184615	0.00140769	0.00142308	0.0041	0.00113846	0.000907692	0.00156923	0.00152308	0.000576923	0.00436154	0.00125385	5.38462e-05	0.000115385	0.00751538	3.07692e-05	0	0	0	0	0.00396154	0.000192308	0.0025	0.00106154	0.00538462	0.000492308	0.000784615	0.00105385	0.000907692	0.000461538	0.00553846	0.000807692	0.0016	0.000884615	0.000915385	0.00431538	
0.00441538	0.00251538	0.00196923	0.002	0.00585385	0.00166154	0.00121538	0.00216923	0.00216923	0.000746154	0.00619231	0.00179231	6.15385e-05	0.000184615	0.0105385	0.000115385	0	0	0	0	0.00573846	0.000246154	0.00346923	0.00144615	0.00735385	0.000846154	0.00123846	0.00146154	0.0013	0.000484615	0.00776154	0.00135385	0.00237692	0.00117692	0.0011	0.00624615	
0.00191538	0.00122308	0.000784615	0.000907692	0.00253077	0.000707692	0.000646154	0.000946154	0.000892308	0.000346154	0.00284615	0.000746154	2.30769e-05	8.46154e-05	0.00467692	4.61538e-05	0	0	0	0	0.00243846	9.23077e-05	0.00153846	0.000761538	0.00315385	0.000269231	0.000638462	0.000769231	0.000576923	0.000207692	0.00353846	0.000507692	0.000969231	0.000438462	0.0006	0.00282308	
0.376808	0.222777	0.195862	0.181108	0.520823	0.141846	0.118023	0.195862	0.191823	0.0698154	0.559885	0.155031	0.00599231	0.0180231	0.946208	0.00633077	0	0	0	0	0.503554	0.0230077	0.320346	0.129646	0.668438	0.0676923	0.1054	0.135023	0.114077	0.0441692	0.709631	0.108677	0.211477	0.108008	0.0918538	0.565215	
0.198562	0.118485	0.102969	0.0956769	0.274408	0.0754231	0.0625923	0.103269	0.0984462	0.036	0.302069	0.0791769	0.00316154	0.00932308	0.499815	0.00339231	0.00396154	0.00573846	0.00243846	0.503554	0	0	0	0	0.321454	0.0425692	0.0664077	0.0852615	0.0746846	0.0287308	0.341585	0.0706923	0.114485	0.0582692	0.0498846	0.293054	
0.00892308	0.00508462	0.00484615	0.00468462	0.0128077	0.00303077	0.00282308	0.00487692	0.00472308	0.00175385	0.0131077	0.00395385	7.69231e-05	0.000338462	0.0229615	0.000161538	0.000192308	0.000246154	9.23077e-05	0.0230077	0	0	0	0	0.0147154	0.00198462	0.00295385	0.00388462	0.00220769	0.000807692	0.0185538	0.00196923	0.00525385	0.00231538	0.00215385	0.0138154	
0.127108	0.0742923	0.0658308	0.0606231	0.175354	0.0475231	0.0393308	0.0656462	0.0669846	0.0239	0.1831	0.0538692	0.00193077	0.00615385	0.317646	0.00212308	0.0025	0.00346923	0.00153846	0.320346	0	0	0	0	0.264523	0.0138231	0.0220308	0.0274769	0.0281846	0.0114538	0.260508	0.0277077	0.0691077	0.0355615	0.0303538	0.192831	
0.0515846	0.0305	0.0263769	0.0244538	0.0707385	0.0193769	0.0160462	0.0267538	0.0262538	0.00983077	0.0750077	0.0218231	0.000961538	0.00259231	0.128515	0.000846154	0.00106154	0.00144615	0.000761538	0.129646	0	0	0	0	0.0836385	0.0109231	0.0166692	0.0216846	0.0117846	0.00433077	0.105823	0.0109769	0.0275769	0.0143615	0.0120769	0.0789	
0.263738	0.155646	0.138038	0.126908	0.365208	0.0989231	0.0824462	0.137754	0.134808	0.049	0.392038	0.108485	0.00407692	0.0129538	0.662908	0.00439231	0.00538462	0.00735385	0.00315385	0.668438	0.321454	0.0147154	0.264523	0.0836385	0	0	0	0	0.0778462	0.0301231	0.502762	0.0736	0.148792	0.0747538	0.0644538	0.396331	
0.0270692	0.0153154	0.0140615	0.0128538	0.0373769	0.00992308	0.00830769	0.0136923	0.0138692	0.005	0.0393538	0.0110769	0.000461538	0.00118462	0.0671	0.000553846	0.000492308	0.000846154	0.000269231	0.0676923	0.0425692	0.00198462	0.0138231	0.0109231	0	0	0	0	0.0082	0.00325385	0.0494923	0.00835385	0.0146154	0.00803077	0.00678462	0.0398692	
0.0419	0.0253077	0.0206923	0.0201615	0.0575308	0.0154692	0.0131538	0.0219077	0.0211538	0.00776923	0.0620308	0.0171077	0.000653846	0.00180769	0.104938	0.000661538	0.000784615	0.00123846	0.000638462	0.1054	0.0664077	0.00295385	0.0220308	0.0166692	0	0	0	0	0.0134923	0.00493077	0.0767077	0.0129308	0.0233615	0.0122769	0.00996154	0.0624615	
0.0534692	0.0320923	0.0272308	0.0255154	0.0731923	0.0210385	0.0168846	0.0271923	0.0265769	0.00971538	0.0798615	0.0221538	0.000938462	0.00246154	0.133992	0.000915385	0.00105385	0.00146154	0.000769231	0.135023	0.0852615	0.00388462	0.0274769	0.0216846	0	0	0	0	0.0173231	0.00701538	0.0975077	0.0164615	0.0296538	0.0154462	0.0132692	0.0799385	
0.0451846	0.0272231	0.0230923	0.0213615	0.0618462	0.0170231	0.0141308	0.0238615	0.0158923	0.00596923	0.0816615	0.0133385	0.000715385	0.00214615	0.113215	0.000784615	0.000907692	0.0013	0.000576923	0.114077	0.0746846	0.00220769	0.0281846	0.0117846	0.0778462	0.0082	0.0134923	0.0173231	0	0	0	0	0.0327077	0.0167077	0.0141846	0.0532615	
0.0167	0.0106154	0.00932308	0.00868462	0.0237692	0.00676923	0.00573846	0.00904615	0.0061	0.00232308	0.0314077	0.00549231	0.000361538	0.000723077	0.0439231	0.000315385	0.000461538	0.000484615	0.000207692	0.0441692	0.0287308	0.000807692	0.0114538	0.00433077	0.0301231	0.00325385	0.00493077	0.00701538	0	0	0	0	0.0131769	0.00654615	0.00559231	0.0200077	
0.281377	0.165246	0.145585	0.134262	0.387754	0.105846	0.0875385	0.145331	0.158938	0.0579385	0.381969	0.127623	0.00438462	0.0133077	0.704038	0.00473846	0.00553846	0.00776154	0.00353846	0.709631	0.341585	0.0185538	0.260508	0.105823	0.502762	0.0494923	0.0767077	0.0975077	0	0	0	0	0.138708	0.0709923	0.0611	0.455669	
0.0429154	0.0252769	0.0220231	0.0211308	0.0599385	0.0157154	0.0133846	0.0223077	0.0154769	0.00525385	0.0782462	0.0123692	0.000669231	0.00223077	0.107762	0.000684615	0.000807692	0.00135385	0.000507692	0.108677	0.0706923	0.00196923	0.0277077	0.0109769	0.0736	0.00835385	0.0129308	0.0164615	0	0	0	0	0.0318308	0.0162615	0.0135923	0.0496615	
0.0831538	0.0494462	0.0436538	0.0401692	0.116338	0.0309385	0.0258923	0.0432538	0.0417077	0.0149077	0.126362	0.0334462	0.00135385	0.00424615	0.209323	0.0015	0.0016	0.00237692	0.000969231	0.211477	0.114485	0.00525385	0.0691077	0.0275769	0.148792	0.0146154	0.0233615	0.0296538	0.0327077	0.0131769	0.138708	0.0318308	0	0	0	0	
0.0434308	0.0253308	0.0214308	0.0203154	0.0584077	0.0162	0.0135923	0.0223077	0.0206231	0.00805385	0.0652	0.0166308	0.000692308	0.00194615	0.107062	0.000807692	0.000884615	0.00117692	0.000438462	0.108008	0.0582692	0.00231538	0.0355615	0.0143615	0.0747538	0.00803077	0.0122769	0.0154462	0.0167077	0.00654615	0.0709923	0.0162615	0	0	0	0	
0.0356154	0.0217308	0.019	0.0181231	0.0501231	0.0138692	0.0114846	0.0189923	0.0184308	0.00661538	0.0552692	0.0141538	0.000561538	0.00159231	0.0917	0.000615385	0.000915385	0.0011	0.0006	0.0918538	0.0498846	0.00215385	0.0303538	0.0120769	0.0644538	0.00678462	0.00996154	0.0132692	0.0141846	0.00559231	0.0611	0.0135923	0	0	0	0	
0.223977	0.131854	0.115938	0.106831	0.308438	0.0843462	0.0698231	0.115992	0.115646	0.0419077	0.326454	0.0945923	0.00352308	0.0106231	0.560854	0.0036	0.00431538	0.00624615	0.00282308	0.565215	0.293054	0.0138154	0.192831	0.0789	0.396331	0.0398692	0.0624615	0.0799385	0.0532615	0.0200077	0.455669	0.0496615	0	0	0	0	
