0	0	0	0	0.228915	0.0480692	0.0408538	0.0665154	0.0754385	0.0275	0.220692	0.0607231	0.00247692	0.00705385	0.372115	0.00270769	0.00278462	0.00412308	0.00175385	0.375692	0.200846	0.00864615	0.123823	0.0510385	0.263515	0.0270538	0.0400846	0.0537	0.0459154	0.0170231	0.279992	0.0414231	0.0841154	0.0428769	0.0357692	0.221592	
0	0	0	0	0.136823	0.0279923	0.0237615	0.0383154	0.0451154	0.0161308	0.129123	0.0365231	0.00147692	0.00409231	0.219738	0.00158462	0.00159231	0.00243077	0.000976923	0.221892	0.118662	0.00536154	0.0725692	0.0303	0.156092	0.0155308	0.0240077	0.0312615	0.0261385	0.0104077	0.165362	0.0249846	0.0487615	0.0248	0.0212077	0.132123	
0	0	0	0	0.118777	0.0252769	0.0211769	0.0345231	0.0391923	0.0143077	0.114708	0.0315462	0.00132308	0.00415385	0.1929	0.00137692	0.00126923	0.00213846	0.00103846	0.195308	0.104446	0.00460769	0.0637308	0.0269692	0.136038	0.0133462	0.0218154	0.0285538	0.0232231	0.00906154	0.144923	0.0225462	0.0434231	0.0216692	0.0185615	0.1161	
0	0	0	0	0.0501	0.0438231	0.0356692	0.0594077	0.0381154	0.0131231	0.107731	0.0300308	0.00100769	0.0037	0.182885	0.00140769	0.00136154	0.00184615	0.000938462	0.184854	0.0987692	0.00410769	0.0608	0.0253231	0.129246	0.0127308	0.0205231	0.0265	0.0221	0.00856154	0.1372	0.0211385	0.0411231	0.0211385	0.0178692	0.108869	
0.228915	0.136823	0.118777	0.0501	0	0	0	0	0.105738	0.0374769	0.306977	0.0844231	0.00345385	0.0103923	0.5169	0.00386923	0.00353846	0.00582308	0.00253077	0.522723	0.278731	0.0122538	0.171531	0.0721	0.366031	0.0374923	0.0565	0.0745923	0.0627846	0.0239231	0.389015	0.0588923	0.116669	0.0590615	0.0495769	0.309308	
0.0480692	0.0279923	0.0252769	0.0438231	0	0	0	0	0.0297154	0.0106692	0.0820769	0.0227	0.000830769	0.00266923	0.140777	0.000884615	0.00115385	0.00156154	0.000653846	0.141792	0.0759538	0.00324615	0.0467538	0.0192077	0.0995308	0.00968462	0.0156846	0.0202615	0.0170308	0.00683846	0.1054	0.0158923	0.0312077	0.0163462	0.0138154	0.0837923	
0.0408538	0.0237615	0.0211769	0.0356692	0	0	0	0	0.0235846	0.00895385	0.0698538	0.0190692	0.000807692	0.00204615	0.117777	0.000830769	0.000807692	0.0012	0.000584615	0.118869	0.0638846	0.00276923	0.0387077	0.0161	0.0832923	0.00803077	0.0132077	0.0169308	0.0142846	0.00560769	0.0881308	0.0134385	0.0266615	0.0131769	0.0116692	0.0699538	
0.0665154	0.0383154	0.0345231	0.0594077	0	0	0	0	0.0388231	0.0139615	0.113346	0.0326308	0.00119231	0.00389231	0.192185	0.00149231	0.00150769	0.00195385	0.000938462	0.194362	0.104154	0.00445385	0.0639308	0.0262231	0.136038	0.0134538	0.0210385	0.0282308	0.0232769	0.00868462	0.144931	0.0218692	0.0428846	0.0219	0.0183462	0.115631	
0.0754385	0.0451154	0.0391923	0.0381154	0.105738	0.0297154	0.0235846	0.0388231	0	0	0	0	0.00128462	0.00361538	0.191569	0.00139231	0.0012	0.00202308	0.000976923	0.193662	0.0985077	0.00473077	0.0665615	0.0280615	0.135508	0.0136385	0.0208538	0.0278615	0.0150231	0.006	0.163231	0.0136077	0.0406231	0.0209	0.0180923	0.118246	
0.0275	0.0161308	0.0143077	0.0131231	0.0374769	0.0106692	0.00895385	0.0139615	0	0	0	0	0.000407692	0.00129231	0.0688385	0.000523077	0.000592308	0.000715385	0.000361538	0.0693923	0.0354077	0.00168462	0.0238385	0.0101308	0.0489923	0.00483846	0.00790769	0.00932308	0.00521538	0.00183846	0.0589077	0.0051	0.0146538	0.00719231	0.00646154	0.0427538	
0.220692	0.129123	0.114708	0.107731	0.306977	0.0820769	0.0698538	0.113346	0	0	0	0	0.00347692	0.0109	0.553892	0.00398462	0.00403846	0.00610769	0.00258462	0.559523	0.308931	0.0122615	0.177008	0.0740538	0.390477	0.0392385	0.0616846	0.0808538	0.0849692	0.0323077	0.374754	0.0802231	0.129362	0.0654077	0.0543692	0.323115	
0.0607231	0.0365231	0.0315462	0.0300308	0.0844231	0.0227	0.0190692	0.0326308	0	0	0	0	0.00111538	0.00319231	0.153338	0.00117692	0.00117692	0.00169231	0.000784615	0.155169	0.0798769	0.00404615	0.0535154	0.0213846	0.109915	0.0109462	0.0159846	0.0219769	0.0121692	0.00490769	0.130585	0.0111615	0.0327846	0.0169846	0.0144846	0.0945692	
0.00247692	0.00147692	0.00132308	0.00100769	0.00345385	0.000830769	0.000807692	0.00119231	0.00128462	0.000407692	0.00347692	0.00111538	0	0	0	0	8.46154e-05	4.61538e-05	2.30769e-05	0.00613077	0.00336154	0.000107692	0.00195385	0.000861538	0.00422308	0.000423077	0.000669231	0.000969231	0.000707692	0.000284615	0.00465385	0.000638462	0.00145385	0.000692308	0.000538462	0.0036	
0.00705385	0.00409231	0.00415385	0.0037	0.0103923	0.00266923	0.00204615	0.00389231	0.00361538	0.00129231	0.0109	0.00319231	0	0	0	0	0.000192308	0.000269231	8.46154e-05	0.0184538	0.0100462	0.000523077	0.00590769	0.00252308	0.0133077	0.00108462	0.00201538	0.00259231	0.00227692	0.000884615	0.0135923	0.00224615	0.00419231	0.0022	0.00184615	0.0107615	
0.372115	0.219738	0.1929	0.182885	0.5169	0.140777	0.117777	0.192185	0.191569	0.0688385	0.553892	0.153338	0	0	0	0	0.00668462	0.0101231	0.00456923	0.946262	0.505769	0.0219308	0.310862	0.129077	0.662585	0.0666	0.102977	0.135477	0.113562	0.0435154	0.704123	0.106438	0.210269	0.106862	0.0902462	0.560262	
0.00270769	0.00158462	0.00137692	0.00140769	0.00386923	0.000884615	0.000830769	0.00149231	0.00139231	0.000523077	0.00398462	0.00117692	0	0	0	0	4.61538e-05	0.0001	3.07692e-05	0.0069	0.00354615	0.000161538	0.0022	0.00116923	0.00477692	0.000553846	0.000769231	0.000976923	0.000830769	0.000369231	0.00510769	0.000769231	0.00150769	0.000730769	0.000776923	0.00406154	
0.00278462	0.00159231	0.00126923	0.00136154	0.00353846	0.00115385	0.000807692	0.00150769	0.0012	0.000592308	0.00403846	0.00117692	8.46154e-05	0.000192308	0.00668462	4.61538e-05	0	0	0	0	0.00373846	0.000192308	0.0022	0.000876923	0.00473077	0.0005	0.000738462	0.00103846	0.000753846	0.0004	0.00506154	0.000792308	0.0017	0.000715385	0.000630769	0.00396154	
0.00412308	0.00243077	0.00213846	0.00184615	0.00582308	0.00156154	0.0012	0.00195385	0.00202308	0.000715385	0.00610769	0.00169231	4.61538e-05	0.000269231	0.0101231	0.0001	0	0	0	0	0.00555385	0.000276923	0.00326154	0.00144615	0.00696154	0.000769231	0.00121538	0.00159231	0.00130769	0.000438462	0.00757692	0.00121538	0.00226923	0.00115385	0.000907692	0.00620769	
0.00175385	0.000976923	0.00103846	0.000938462	0.00253077	0.000653846	0.000584615	0.000938462	0.000976923	0.000361538	0.00258462	0.000784615	2.30769e-05	8.46154e-05	0.00456923	3.07692e-05	0	0	0	0	0.00251538	9.23077e-05	0.00143077	0.000669231	0.00343846	0.000330769	0.000369231	0.000569231	0.000476923	0.000207692	0.00348462	0.000538462	0.000938462	0.000515385	0.000438462	0.00281538	
0.375692	0.221892	0.195308	0.184854	0.522723	0.141792	0.118869	0.194362	0.193662	0.0693923	0.559523	0.155169	0.00613077	0.0184538	0.946262	0.0069	0	0	0	0	0.510915	0.0221615	0.314031	0.130638	0.669762	0.0670615	0.104108	0.136815	0.114838	0.0440077	0.711354	0.107546	0.212515	0.1081	0.0914308	0.5657	
0.200846	0.118662	0.104446	0.0987692	0.278731	0.0759538	0.0638846	0.104154	0.0985077	0.0354077	0.308931	0.0798769	0.00336154	0.0100462	0.505769	0.00354615	0.00373846	0.00555385	0.00251538	0.510915	0	0	0	0	0.321885	0.0439769	0.0687	0.0881615	0.0791769	0.0302	0.339108	0.0742385	0.117769	0.0604154	0.0506538	0.293885	
0.00864615	0.00536154	0.00460769	0.00410769	0.0122538	0.00324615	0.00276923	0.00445385	0.00473077	0.00168462	0.0122615	0.00404615	0.000107692	0.000523077	0.0219308	0.000161538	0.000192308	0.000276923	9.23077e-05	0.0221615	0	0	0	0	0.0139462	0.00184615	0.00297692	0.00395385	0.00192308	0.000753846	0.0184308	0.00161538	0.00472308	0.00223846	0.00196154	0.0138	
0.123823	0.0725692	0.0637308	0.0608	0.171531	0.0467538	0.0387077	0.0639308	0.0665615	0.0238385	0.177008	0.0535154	0.00195385	0.00590769	0.310862	0.0022	0.0022	0.00326154	0.00143077	0.314031	0	0	0	0	0.267315	0.0112769	0.0176692	0.0246615	0.0256846	0.00996154	0.261046	0.0242308	0.0669077	0.0339923	0.0288692	0.191154	
0.0510385	0.0303	0.0269692	0.0253231	0.0721	0.0192077	0.0161	0.0262231	0.0280615	0.0101308	0.0740538	0.0213846	0.000861538	0.00252308	0.129077	0.00116923	0.000876923	0.00144615	0.000669231	0.130638	0	0	0	0	0.0817462	0.0115615	0.0170846	0.0232385	0.0105923	0.00413846	0.108892	0.0100077	0.0280231	0.0138385	0.0119231	0.0798462	
0.263515	0.156092	0.136038	0.129246	0.366031	0.0995308	0.0832923	0.136038	0.135508	0.0489923	0.390477	0.109915	0.00422308	0.0133077	0.662585	0.00477692	0.00473077	0.00696154	0.00343846	0.669762	0.321885	0.0139462	0.267315	0.0817462	0	0	0	0	0.0782692	0.0299	0.503908	0.0728154	0.148985	0.0747154	0.0634923	0.3977	
0.0270538	0.0155308	0.0133462	0.0127308	0.0374923	0.00968462	0.00803077	0.0134538	0.0136385	0.00483846	0.0392385	0.0109462	0.000423077	0.00108462	0.0666	0.000553846	0.0005	0.000769231	0.000330769	0.0670615	0.0439769	0.00184615	0.0112769	0.0115615	0	0	0	0	0.00851538	0.00336923	0.0486769	0.0081	0.0153692	0.00758462	0.00660769	0.0391	
0.0400846	0.0240077	0.0218154	0.0205231	0.0565	0.0156846	0.0132077	0.0210385	0.0208538	0.00790769	0.0616846	0.0159846	0.000669231	0.00201538	0.102977	0.000769231	0.000738462	0.00121538	0.000369231	0.104108	0.0687	0.00297692	0.0176692	0.0170846	0	0	0	0	0.0132846	0.00527692	0.0753385	0.0125308	0.0227231	0.0122154	0.0101692	0.0613231	
0.0537	0.0312615	0.0285538	0.0265	0.0745923	0.0202615	0.0169308	0.0282308	0.0278615	0.00932308	0.0808538	0.0219769	0.000969231	0.00259231	0.135477	0.000976923	0.00103846	0.00159231	0.000569231	0.136815	0.0881615	0.00395385	0.0246615	0.0232385	0	0	0	0	0.0173077	0.00650769	0.0995538	0.0166462	0.0303462	0.0159692	0.0131385	0.0805615	
0.0459154	0.0261385	0.0232231	0.0221	0.0627846	0.0170308	0.0142846	0.0232769	0.0150231	0.00521538	0.0849692	0.0121692	0.000707692	0.00227692	0.113562	0.000830769	0.000753846	0.00130769	0.000476923	0.114838	0.0791769	0.00192308	0.0256846	0.0105923	0.0782692	0.00851538	0.0132846	0.0173077	0	0	0	0	0.0351	0.0170462	0.0148923	0.0503385	
0.0170231	0.0104077	0.00906154	0.00856154	0.0239231	0.00683846	0.00560769	0.00868462	0.006	0.00183846	0.0323077	0.00490769	0.000284615	0.000884615	0.0435154	0.000369231	0.0004	0.000438462	0.000207692	0.0440077	0.0302	0.000753846	0.00996154	0.00413846	0.0299	0.00336923	0.00527692	0.00650769	0	0	0	0	0.0136846	0.00696154	0.00559231	0.0188154	
0.279992	0.165362	0.144923	0.1372	0.389015	0.1054	0.0881308	0.144931	0.163231	0.0589077	0.374754	0.130585	0.00465385	0.0135923	0.704123	0.00510769	0.00506154	0.00757692	0.00348462	0.711354	0.339108	0.0184308	0.261046	0.108892	0.503908	0.0486769	0.0753385	0.0995538	0	0	0	0	0.136931	0.0695923	0.0589538	0.462	
0.0414231	0.0249846	0.0225462	0.0211385	0.0588923	0.0158923	0.0134385	0.0218692	0.0136077	0.0051	0.0802231	0.0111615	0.000638462	0.00224615	0.106438	0.000769231	0.000792308	0.00121538	0.000538462	0.107546	0.0742385	0.00161538	0.0242308	0.0100077	0.0728154	0.0081	0.0125308	0.0166462	0	0	0	0	0.0317077	0.0168846	0.0139692	0.0475308	
0.0841154	0.0487615	0.0434231	0.0411231	0.116669	0.0312077	0.0266615	0.0428846	0.0406231	0.0146538	0.129362	0.0327846	0.00145385	0.00419231	0.210269	0.00150769	0.0017	0.00226923	0.000938462	0.212515	0.117769	0.00472308	0.0669077	0.0280231	0.148985	0.0153692	0.0227231	0.0303462	0.0351	0.0136846	0.136931	0.0317077	0	0	0	0	
0.0428769	0.0248	0.0216692	0.0211385	0.0590615	0.0163462	0.0131769	0.0219	0.0209	0.00719231	0.0654077	0.0169846	0.000692308	0.0022	0.106862	0.000730769	0.000715385	0.00115385	0.000515385	0.1081	0.0604154	0.00223846	0.0339923	0.0138385	0.0747154	0.00758462	0.0122154	0.0159692	0.0170462	0.00696154	0.0695923	0.0168846	0	0	0	0	
0.0357692	0.0212077	0.0185615	0.0178692	0.0495769	0.0138154	0.0116692	0.0183462	0.0180923	0.00646154	0.0543692	0.0144846	0.000538462	0.00184615	0.0902462	0.000776923	0.000630769	0.000907692	0.000438462	0.0914308	0.0506538	0.00196154	0.0288692	0.0119231	0.0634923	0.00660769	0.0101692	0.0131385	0.0148923	0.00559231	0.0589538	0.0139692	0	0	0	0	
0.221592	0.132123	0.1161	0.108869	0.309308	0.0837923	0.0699538	0.115631	0.118246	0.0427538	0.323115	0.0945692	0.0036	0.0107615	0.560262	0.00406154	0.00396154	0.00620769	0.00281538	0.5657	0.293885	0.0138	0.191154	0.0798462	0.3977	0.0391	0.0613231	0.0805615	0.0503385	0.0188154	0.462	0.0475308	0	0	0	0	
