0	0	0	0	0.234346	0.0477923	0.0404308	0.0650538	0.0749154	0.0274615	0.223492	0.0617538	0.00266923	0.00700769	0.375338	0.00260769	0.00296154	0.00433846	0.00199231	0.378331	0.203631	0.00907692	0.124315	0.0506	0.264323	0.0267385	0.0419231	0.0546385	0.0449231	0.0164462	0.283723	0.0425308	0.0855	0.0439154	0.0362385	0.221969	
0	0	0	0	0.136977	0.0285231	0.0238846	0.0392	0.0447692	0.0164385	0.131354	0.0360231	0.00157692	0.0042	0.221238	0.00156923	0.00177692	0.00250769	0.00118462	0.223115	0.118615	0.00537692	0.0739692	0.0306231	0.156023	0.0160846	0.0245923	0.0318846	0.0263462	0.0100308	0.167223	0.0249846	0.0505077	0.0249692	0.0216385	0.131469	
0	0	0	0	0.117892	0.025	0.0211308	0.0331154	0.0381538	0.0133308	0.114215	0.0314385	0.00131538	0.00364615	0.190954	0.00122308	0.00136923	0.00216923	0.000961538	0.192638	0.102554	0.00461538	0.0632769	0.0266923	0.134415	0.0138462	0.0209769	0.0279	0.0236923	0.00864615	0.143238	0.0215615	0.0426615	0.0226231	0.0185538	0.1133	
0	0	0	0	0.0465692	0.0437154	0.0363769	0.0599923	0.0373	0.0131923	0.107115	0.0290462	0.00120769	0.00343077	0.180846	0.00116923	0.00114615	0.00188462	0.000930769	0.182692	0.0962615	0.00456154	0.0611692	0.0246615	0.127285	0.0135538	0.0199154	0.0259	0.0218769	0.00841538	0.135923	0.0204385	0.0407615	0.0210692	0.0177077	0.107115	
0.234346	0.136977	0.117892	0.0465692	0	0	0	0	0.103762	0.0374	0.3097	0.0849231	0.00365385	0.00958462	0.519115	0.00343077	0.00394615	0.00571538	0.00264615	0.523477	0.279308	0.0125462	0.173415	0.0705154	0.367077	0.0369308	0.0569231	0.0748538	0.0625615	0.0235231	0.390954	0.0587462	0.117246	0.0612923	0.0505231	0.306723	
0.0477923	0.0285231	0.025	0.0437154	0	0	0	0	0.0290385	0.0102231	0.0831846	0.0225846	0.0012	0.00278462	0.140154	0.000892308	0.000976923	0.00175385	0.000584615	0.141715	0.0752077	0.00364615	0.0466077	0.0195692	0.0980538	0.0104231	0.0158846	0.0206692	0.0164923	0.0064	0.106838	0.0153	0.0314154	0.0159923	0.0139923	0.0836308	
0.0404308	0.0238846	0.0211308	0.0363769	0	0	0	0	0.0237231	0.00847692	0.0704154	0.0192077	0.000807692	0.00226923	0.117915	0.000830769	0.000923077	0.00136154	0.000738462	0.1188	0.0632769	0.00267692	0.0397462	0.0161231	0.0834	0.0085	0.0129769	0.0169462	0.0149385	0.00507692	0.0886615	0.0131462	0.0263923	0.0135308	0.0115154	0.0703846	
0.0650538	0.0392	0.0331154	0.0599923	0	0	0	0	0.0386154	0.0143231	0.112877	0.0315462	0.00110769	0.00364615	0.191192	0.00141538	0.00140769	0.00206923	0.0011	0.192785	0.103269	0.00476154	0.0629615	0.0263692	0.133515	0.0143692	0.0216231	0.0278538	0.0228462	0.00853846	0.143654	0.0223231	0.0443769	0.0217615	0.0181077	0.113115	
0.0749154	0.0447692	0.0381538	0.0373	0.103762	0.0290385	0.0237231	0.0386154	0	0	0	0	0.00133846	0.00380769	0.188731	0.00126154	0.00136923	0.00214615	0.000938462	0.190685	0.0972769	0.00474615	0.0660154	0.0271	0.134438	0.0135154	0.0204923	0.0266923	0.0141385	0.00496154	0.163369	0.0126692	0.0400308	0.0205462	0.0174154	0.117146	
0.0274615	0.0164385	0.0133308	0.0131923	0.0374	0.0102231	0.00847692	0.0143231	0	0	0	0	0.000515385	0.00126923	0.0682154	0.000423077	0.000507692	0.000830769	0.000415385	0.0686692	0.0356385	0.00141538	0.0240308	0.00933846	0.0478769	0.00458462	0.00776154	0.0102	0.00506154	0.0019	0.0587	0.00476154	0.0142	0.00754615	0.00653077	0.0421462	
0.223492	0.131354	0.114215	0.107115	0.3097	0.0831846	0.0704154	0.112877	0	0	0	0	0.00382308	0.0102769	0.5582	0.00387692	0.00418462	0.00631538	0.00294615	0.562731	0.309615	0.0133615	0.178931	0.0742692	0.391708	0.0411923	0.0621	0.0811769	0.0864923	0.0325538	0.3753	0.0818308	0.132331	0.0669615	0.0564231	0.320462	
0.0617538	0.0360231	0.0314385	0.0290462	0.0849231	0.0225846	0.0192077	0.0315462	0	0	0	0	0.00109231	0.00293077	0.153231	0.00100769	0.00119231	0.00160769	0.000769231	0.154692	0.0785308	0.00410769	0.0537538	0.0218692	0.108023	0.0109308	0.0170538	0.0222538	0.0111462	0.00412308	0.132738	0.0102538	0.0328692	0.0175231	0.0137692	0.0941	
0.00266923	0.00157692	0.00131538	0.00120769	0.00365385	0.0012	0.000807692	0.00110769	0.00133846	0.000515385	0.00382308	0.00109231	0	0	0	0	3.84615e-05	4.61538e-05	3.07692e-05	0.00665385	0.00351538	0.000192308	0.00217692	0.000884615	0.00455385	0.0005	0.000707692	0.00100769	0.000715385	0.000346154	0.00479231	0.000915385	0.00137692	0.000923077	0.000630769	0.00383846	
0.00700769	0.0042	0.00364615	0.00343077	0.00958462	0.00278462	0.00226923	0.00364615	0.00380769	0.00126923	0.0102769	0.00293077	0	0	0	0	0.000138462	0.000215385	0.000107692	0.0178231	0.00966923	0.000469231	0.00587692	0.00226923	0.0126615	0.00123846	0.00185385	0.00253077	0.00204615	0.000807692	0.0134385	0.00199231	0.00405385	0.00205385	0.0017	0.0104769	
0.375338	0.221238	0.190954	0.180846	0.519115	0.140154	0.117915	0.191192	0.188731	0.0682154	0.5582	0.153231	0	0	0	0	0.00703077	0.0105538	0.00492308	0.945869	0.504308	0.0228308	0.312669	0.128569	0.660577	0.0680231	0.104123	0.135654	0.113246	0.0420923	0.707208	0.105831	0.212431	0.108777	0.0913077	0.555862	
0.00260769	0.00156923	0.00122308	0.00116923	0.00343077	0.000892308	0.000830769	0.00141538	0.00126154	0.000423077	0.00387692	0.00100769	0	0	0	0	4.61538e-05	8.46154e-05	7.69231e-06	0.00643077	0.00356923	0.000138462	0.00200769	0.000853846	0.00425385	0.000461538	0.000723077	0.00113077	0.000830769	0.000292308	0.00466923	0.000776923	0.00156923	0.000823077	0.0005	0.00367692	
0.00296154	0.00177692	0.00136923	0.00114615	0.00394615	0.000976923	0.000923077	0.00140769	0.00136923	0.000507692	0.00418462	0.00119231	3.84615e-05	0.000138462	0.00703077	4.61538e-05	0	0	0	0	0.00371538	0.0002	0.00235385	0.000984615	0.00489231	0.000446154	0.000838462	0.00107692	0.000869231	0.000346154	0.00526154	0.000776923	0.00160769	0.000784615	0.000684615	0.00417692	
0.00433846	0.00250769	0.00216923	0.00188462	0.00571538	0.00175385	0.00136154	0.00206923	0.00214615	0.000830769	0.00631538	0.00160769	4.61538e-05	0.000215385	0.0105538	8.46154e-05	0	0	0	0	0.0058	0.000246154	0.00340769	0.00144615	0.00737692	0.000830769	0.00118462	0.00150769	0.00112308	0.000469231	0.00805385	0.00125385	0.00243077	0.00120769	0.00118462	0.00607692	
0.00199231	0.00118462	0.000961538	0.000930769	0.00264615	0.000584615	0.000738462	0.0011	0.000938462	0.000415385	0.00294615	0.000769231	3.07692e-05	0.000107692	0.00492308	7.69231e-06	0	0	0	0	0.00264615	0.000107692	0.00157692	0.000738462	0.00348462	0.000330769	0.0006	0.000653846	0.000638462	0.000238462	0.00363846	0.000553846	0.00123077	0.000615385	0.000469231	0.00275385	
0.378331	0.223115	0.192638	0.182692	0.523477	0.141715	0.1188	0.192785	0.190685	0.0686692	0.562731	0.154692	0.00665385	0.0178231	0.945869	0.00643077	0	0	0	0	0.5089	0.0230769	0.315392	0.129408	0.666292	0.0686154	0.104785	0.137085	0.114208	0.0424846	0.713154	0.106931	0.214162	0.109969	0.0918	0.560846	
0.203631	0.118615	0.102554	0.0962615	0.279308	0.0752077	0.0632769	0.103269	0.0972769	0.0356385	0.309615	0.0785308	0.00351538	0.00966923	0.504308	0.00356923	0.00371538	0.0058	0.00264615	0.5089	0	0	0	0	0.314454	0.0460923	0.0692923	0.0912231	0.0801769	0.0301769	0.336308	0.0744	0.119738	0.0610385	0.0511154	0.289169	
0.00907692	0.00537692	0.00461538	0.00456154	0.0125462	0.00364615	0.00267692	0.00476154	0.00474615	0.00141538	0.0133615	0.00410769	0.000192308	0.000469231	0.0228308	0.000138462	0.0002	0.000246154	0.000107692	0.0230769	0	0	0	0	0.0144923	0.00198462	0.00303846	0.00411538	0.0016	0.000646154	0.0196	0.00178462	0.0049	0.00229231	0.00206154	0.0143769	
0.124315	0.0739692	0.0632769	0.0611692	0.173415	0.0466077	0.0397462	0.0629615	0.0660154	0.0240308	0.178931	0.0537538	0.00217692	0.00587692	0.312669	0.00200769	0.00235385	0.00340769	0.00157692	0.315392	0	0	0	0	0.272931	0.0107615	0.0172846	0.0217538	0.0248846	0.00927692	0.264638	0.0239308	0.0675154	0.0346385	0.0292615	0.191315	
0.0506	0.0306231	0.0266923	0.0246615	0.0705154	0.0195692	0.0161231	0.0263692	0.0271	0.00933846	0.0742692	0.0218692	0.000884615	0.00226923	0.128569	0.000853846	0.000984615	0.00144615	0.000738462	0.129408	0	0	0	0	0.0801692	0.0113846	0.0177923	0.0232308	0.0101769	0.00343846	0.109562	0.0094	0.0272769	0.0146077	0.0117	0.0789923	
0.264323	0.156023	0.134415	0.127285	0.367077	0.0980538	0.0834	0.133515	0.134438	0.0478769	0.391708	0.108023	0.00455385	0.0126615	0.660577	0.00425385	0.00489231	0.00737692	0.00348462	0.666292	0.314454	0.0144923	0.272931	0.0801692	0	0	0	0	0.0767077	0.0286077	0.504862	0.0718692	0.148838	0.0763462	0.0644231	0.392438	
0.0267385	0.0160846	0.0138462	0.0135538	0.0369308	0.0104231	0.0085	0.0143692	0.0135154	0.00458462	0.0411923	0.0109308	0.0005	0.00123846	0.0680231	0.000461538	0.000446154	0.000830769	0.000330769	0.0686154	0.0460923	0.00198462	0.0107615	0.0113846	0	0	0	0	0.00896154	0.00330769	0.0497231	0.00823077	0.0158923	0.00803846	0.00680769	0.0394846	
0.0419231	0.0245923	0.0209769	0.0199154	0.0569231	0.0158846	0.0129769	0.0216231	0.0204923	0.00776154	0.0621	0.0170538	0.000707692	0.00185385	0.104123	0.000723077	0.000838462	0.00118462	0.0006	0.104785	0.0692923	0.00303846	0.0172846	0.0177923	0	0	0	0	0.0135923	0.00502308	0.0761769	0.0126154	0.0237923	0.0119385	0.0101615	0.0615154	
0.0546385	0.0318846	0.0279	0.0259	0.0748538	0.0206692	0.0169462	0.0278538	0.0266923	0.0102	0.0811769	0.0222538	0.00100769	0.00253077	0.135654	0.00113077	0.00107692	0.00150769	0.000653846	0.137085	0.0912231	0.00411538	0.0217538	0.0232308	0	0	0	0	0.0175769	0.0066	0.0993462	0.0168	0.0309077	0.0162538	0.0127462	0.0804154	
0.0449231	0.0263462	0.0236923	0.0218769	0.0625615	0.0164923	0.0149385	0.0228462	0.0141385	0.00506154	0.0864923	0.0111462	0.000715385	0.00204615	0.113246	0.000830769	0.000869231	0.00112308	0.000638462	0.114208	0.0801769	0.0016	0.0248846	0.0101769	0.0767077	0.00896154	0.0135923	0.0175769	0	0	0	0	0.0354769	0.0172923	0.0152615	0.0488077	
0.0164462	0.0100308	0.00864615	0.00841538	0.0235231	0.0064	0.00507692	0.00853846	0.00496154	0.0019	0.0325538	0.00412308	0.000346154	0.000807692	0.0420923	0.000292308	0.000346154	0.000469231	0.000238462	0.0424846	0.0301769	0.000646154	0.00927692	0.00343846	0.0286077	0.00330769	0.00502308	0.0066	0	0	0	0	0.0133154	0.00656154	0.00563077	0.0180308	
0.283723	0.167223	0.143238	0.135923	0.390954	0.106838	0.0886615	0.143654	0.163369	0.0587	0.3753	0.132738	0.00479231	0.0134385	0.707208	0.00466923	0.00526154	0.00805385	0.00363846	0.713154	0.336308	0.0196	0.264638	0.109562	0.504862	0.0497231	0.0761769	0.0993462	0	0	0	0	0.137962	0.0715538	0.0591615	0.461431	
0.0425308	0.0249846	0.0215615	0.0204385	0.0587462	0.0153	0.0131462	0.0223231	0.0126692	0.00476154	0.0818308	0.0102538	0.000915385	0.00199231	0.105831	0.000776923	0.000776923	0.00125385	0.000553846	0.106931	0.0744	0.00178462	0.0239308	0.0094	0.0718692	0.00823077	0.0126154	0.0168	0	0	0	0	0.0326769	0.0171692	0.0140846	0.0455846	
0.0855	0.0505077	0.0426615	0.0407615	0.117246	0.0314154	0.0263923	0.0443769	0.0400308	0.0142	0.132331	0.0328692	0.00137692	0.00405385	0.212431	0.00156923	0.00160769	0.00243077	0.00123077	0.214162	0.119738	0.0049	0.0675154	0.0272769	0.148838	0.0158923	0.0237923	0.0309077	0.0354769	0.0133154	0.137962	0.0326769	0	0	0	0	
0.0439154	0.0249692	0.0226231	0.0210692	0.0612923	0.0159923	0.0135308	0.0217615	0.0205462	0.00754615	0.0669615	0.0175231	0.000923077	0.00205385	0.108777	0.000823077	0.000784615	0.00120769	0.000615385	0.109969	0.0610385	0.00229231	0.0346385	0.0146077	0.0763462	0.00803846	0.0119385	0.0162538	0.0172923	0.00656154	0.0715538	0.0171692	0	0	0	0	
0.0362385	0.0216385	0.0185538	0.0177077	0.0505231	0.0139923	0.0115154	0.0181077	0.0174154	0.00653077	0.0564231	0.0137692	0.000630769	0.0017	0.0913077	0.0005	0.000684615	0.00118462	0.000469231	0.0918	0.0511154	0.00206154	0.0292615	0.0117	0.0644231	0.00680769	0.0101615	0.0127462	0.0152615	0.00563077	0.0591615	0.0140846	0	0	0	0	
0.221969	0.131469	0.1133	0.107115	0.306723	0.0836308	0.0703846	0.113115	0.117146	0.0421462	0.320462	0.0941	0.00383846	0.0104769	0.555862	0.00367692	0.00417692	0.00607692	0.00275385	0.560846	0.289169	0.0143769	0.191315	0.0789923	0.392438	0.0394846	0.0615154	0.0804154	0.0488077	0.0180308	0.461431	0.0455846	0	0	0	0	
