0	0	0	0	0.234246	0.0481308	0.0393154	0.0647308	0.0756923	0.0275846	0.223715	0.0594308	0.00244615	0.00663077	0.374554	0.00279231	0.0031	0.00408462	0.00186923	0.377369	0.200485	0.00956154	0.124177	0.0522	0.263046	0.0266615	0.0421	0.0546154	0.0445	0.0167615	0.2833	0.0418615	0.0847077	0.0427538	0.036	0.222962	
0	0	0	0	0.136338	0.0281615	0.0227615	0.0380538	0.0443308	0.0155538	0.130223	0.0352077	0.00140769	0.00403846	0.218477	0.00139231	0.00176154	0.00246923	0.00120769	0.219877	0.118054	0.00520769	0.0724231	0.0296308	0.154354	0.0150385	0.0241462	0.0317769	0.0267231	0.00952308	0.164469	0.0246	0.0481538	0.0251769	0.0210615	0.130923	
0	0	0	0	0.119115	0.0253615	0.0200308	0.0336846	0.0391077	0.0142923	0.114292	0.0305	0.00148462	0.00394615	0.191438	0.00132308	0.00155385	0.00216154	0.000961538	0.193515	0.104285	0.00456154	0.0633462	0.026	0.135492	0.0135692	0.0213308	0.0278	0.0225615	0.00894615	0.145415	0.0212692	0.0421231	0.0229154	0.0186769	0.114477	
0	0	0	0	0.0451846	0.0458308	0.0373385	0.0617154	0.0373077	0.0130538	0.109946	0.0297615	0.00142308	0.00338462	0.184062	0.0012	0.00134615	0.00213077	0.000861538	0.185731	0.0996308	0.00443077	0.0606	0.0254077	0.129777	0.0130692	0.0212308	0.0259923	0.0230462	0.00804615	0.138038	0.0209385	0.0427154	0.0207846	0.0187077	0.107862	
0.234246	0.136338	0.119115	0.0451846	0	0	0	0	0.1049	0.0377308	0.3092	0.0830538	0.0034	0.00977692	0.518108	0.0036	0.00416154	0.00597692	0.00257692	0.522169	0.279077	0.0125154	0.171954	0.0713385	0.364323	0.0363538	0.0580308	0.0761769	0.0617846	0.0235154	0.391931	0.0576538	0.115846	0.0593769	0.0503	0.309362	
0.0481308	0.0281615	0.0253615	0.0458308	0	0	0	0	0.0292615	0.0104692	0.0850308	0.0227231	0.001	0.00258462	0.142869	0.00103077	0.00122308	0.00146923	0.000715385	0.144077	0.0777538	0.0039	0.0464923	0.0193385	0.100915	0.0100538	0.0161538	0.0203615	0.0173462	0.00610769	0.107762	0.0162692	0.0319615	0.0167231	0.0143308	0.0844692	
0.0393154	0.0227615	0.0200308	0.0373385	0	0	0	0	0.0231615	0.00848462	0.0691615	0.0186385	0.000823077	0.00197692	0.115831	0.000815385	0.000915385	0.00125385	0.000630769	0.116646	0.0624308	0.0028	0.038	0.0162154	0.0819	0.00819231	0.0129308	0.0164231	0.0141	0.00493846	0.0874923	0.0129154	0.0262923	0.0134615	0.0113769	0.0683154	
0.0647308	0.0380538	0.0336846	0.0617154	0	0	0	0	0.0391154	0.0138	0.114785	0.0304846	0.00153846	0.00366154	0.191723	0.00126154	0.00146154	0.00214615	0.000976923	0.1936	0.103192	0.00454615	0.0641	0.0263462	0.135531	0.0137385	0.0216923	0.0272231	0.0236	0.00871538	0.144038	0.0218308	0.0436	0.0220692	0.0184385	0.114077	
0.0756923	0.0443308	0.0391077	0.0373077	0.1049	0.0292615	0.0231615	0.0391154	0	0	0	0	0.00161538	0.00386923	0.189631	0.00132308	0.00151538	0.00212308	0.000976923	0.191823	0.0971462	0.0051	0.0664231	0.0277692	0.134846	0.0133077	0.0212846	0.027	0.0135846	0.00479231	0.165615	0.0124462	0.0407	0.0202769	0.0174462	0.118015	
0.0275846	0.0155538	0.0142923	0.0130538	0.0377308	0.0104692	0.00848462	0.0138	0	0	0	0	0.000446154	0.00135385	0.0682154	0.000469231	0.000592308	0.000746154	0.000292308	0.0688538	0.0351	0.00182308	0.0236	0.00996154	0.0483615	0.00475385	0.00775385	0.00961538	0.0048	0.00176923	0.0596231	0.00429231	0.0144538	0.00771538	0.00626154	0.0420538	
0.223715	0.130223	0.114292	0.109946	0.3092	0.0850308	0.0691615	0.114785	0	0	0	0	0.00364615	0.0102	0.560462	0.00386923	0.00448462	0.00621538	0.00285385	0.564623	0.313238	0.0131231	0.178362	0.0734538	0.393685	0.0396692	0.0623308	0.0824923	0.0873923	0.0324923	0.376154	0.0821385	0.130554	0.0671154	0.0570846	0.323423	
0.0594308	0.0352077	0.0305	0.0297615	0.0830538	0.0227231	0.0186385	0.0304846	0	0	0	0	0.00105385	0.00257692	0.150223	0.00104615	0.00116923	0.00176154	0.000776923	0.151192	0.0769692	0.00371538	0.0521615	0.0220538	0.105777	0.0106077	0.0174385	0.0210769	0.0110538	0.00422308	0.129831	0.00979231	0.0319923	0.0165231	0.0136538	0.0927308	
0.00244615	0.00140769	0.00148462	0.00142308	0.0034	0.001	0.000823077	0.00153846	0.00161538	0.000446154	0.00364615	0.00105385	0	0	0	0	3.07692e-05	0.000115385	3.07692e-05	0.00658462	0.00352308	0.000146154	0.00216154	0.000930769	0.00445385	0.000407692	0.0008	0.0011	0.000630769	0.000246154	0.00515385	0.000730769	0.0014	0.000715385	0.000692308	0.00395385	
0.00663077	0.00403846	0.00394615	0.00338462	0.00977692	0.00258462	0.00197692	0.00366154	0.00386923	0.00135385	0.0102	0.00257692	0	0	0	0	0.000130769	0.000130769	0.000107692	0.0176308	0.0097	0.000307692	0.0056	0.00239231	0.0123615	0.00109231	0.00183846	0.00270769	0.002	0.000892308	0.0129154	0.00219231	0.00399231	0.00202308	0.00171538	0.0102692	
0.374554	0.218477	0.191438	0.184062	0.518108	0.142869	0.115831	0.191723	0.189631	0.0682154	0.560462	0.150223	0	0	0	0	0.00756923	0.0105154	0.00473846	0.945708	0.505515	0.0231692	0.3107	0.129146	0.661462	0.0663538	0.105385	0.135331	0.113377	0.0418308	0.708246	0.105077	0.210777	0.108215	0.0912462	0.558292	
0.00279231	0.00139231	0.00132308	0.0012	0.0036	0.00103077	0.000815385	0.00126154	0.00132308	0.000469231	0.00386923	0.00104615	0	0	0	0	3.07692e-05	8.46154e-05	2.30769e-05	0.00656923	0.00371538	0.000138462	0.00208462	0.000769231	0.00439231	0.000484615	0.000784615	0.00104615	0.000823077	0.000307692	0.00490769	0.000669231	0.00153077	0.000676923	0.000792308	0.00370769	
0.0031	0.00176154	0.00155385	0.00134615	0.00416154	0.00122308	0.000915385	0.00146154	0.00151538	0.000592308	0.00448462	0.00116923	3.07692e-05	0.000130769	0.00756923	3.07692e-05	0	0	0	0	0.00405385	0.000138462	0.00249231	0.00107692	0.00537692	0.000515385	0.000761538	0.00110769	0.000861538	0.000284615	0.00576154	0.000853846	0.00177692	0.000876923	0.000646154	0.00446154	
0.00408462	0.00246923	0.00216154	0.00213077	0.00597692	0.00146923	0.00125385	0.00214615	0.00212308	0.000746154	0.00621538	0.00176154	0.000115385	0.000130769	0.0105154	8.46154e-05	0	0	0	0	0.00556923	0.000315385	0.00339231	0.00156923	0.00706923	0.000784615	0.00117692	0.00181538	0.0011	0.000392308	0.00829231	0.00106154	0.00211538	0.00105385	0.00117692	0.0065	
0.00186923	0.00120769	0.000961538	0.000861538	0.00257692	0.000715385	0.000630769	0.000976923	0.000976923	0.000292308	0.00285385	0.000776923	3.07692e-05	0.000107692	0.00473846	2.30769e-05	0	0	0	0	0.00259231	0.000115385	0.00151538	0.000676923	0.00325385	0.000361538	0.000607692	0.000676923	0.000523077	0.000207692	0.00361538	0.000553846	0.000969231	0.000592308	0.000392308	0.00294615	
0.377369	0.219877	0.193515	0.185731	0.522169	0.144077	0.116646	0.1936	0.191823	0.0688538	0.564623	0.151192	0.00658462	0.0176308	0.945708	0.00656923	0	0	0	0	0.510238	0.0231923	0.313146	0.129915	0.666969	0.0666769	0.106262	0.136585	0.114346	0.0423923	0.713554	0.1062	0.212838	0.109108	0.0922308	0.562315	
0.200485	0.118054	0.104285	0.0996308	0.279077	0.0777538	0.0624308	0.103192	0.0971462	0.0351	0.313238	0.0769692	0.00352308	0.0097	0.505515	0.00371538	0.00405385	0.00556923	0.00259231	0.510238	0	0	0	0	0.314338	0.0447462	0.0714846	0.0918846	0.0818077	0.0300231	0.334246	0.0763769	0.119408	0.0616231	0.0517538	0.289669	
0.00956154	0.00520769	0.00456154	0.00443077	0.0125154	0.0039	0.0028	0.00454615	0.0051	0.00182308	0.0131231	0.00371538	0.000146154	0.000307692	0.0231692	0.000138462	0.000138462	0.000315385	0.000115385	0.0231923	0	0	0	0	0.0140462	0.00216154	0.00344615	0.00410769	0.00174615	0.000607692	0.0198692	0.00153846	0.00493846	0.00246154	0.0023	0.0140615	
0.124177	0.0724231	0.0633462	0.0606	0.171954	0.0464923	0.038	0.0641	0.0664231	0.0236	0.178362	0.0521615	0.00216154	0.0056	0.3107	0.00208462	0.00249231	0.00339231	0.00151538	0.313146	0	0	0	0	0.273708	0.0101385	0.0159308	0.0207692	0.0234923	0.00894615	0.266408	0.0217	0.0659538	0.0337	0.0284615	0.192431	
0.0522	0.0296308	0.026	0.0254077	0.0713385	0.0193385	0.0162154	0.0263462	0.0277692	0.00996154	0.0734538	0.0220538	0.000930769	0.00239231	0.129146	0.000769231	0.00107692	0.00156923	0.000676923	0.129915	0	0	0	0	0.0805769	0.0112923	0.0179462	0.0234231	0.00978462	0.0037	0.1107	0.00905385	0.0274	0.0138462	0.0119308	0.0800615	
0.263046	0.154354	0.135492	0.129777	0.364323	0.100915	0.0819	0.135531	0.134846	0.0483615	0.393685	0.105777	0.00445385	0.0123615	0.661462	0.00439231	0.00537692	0.00706923	0.00325385	0.666969	0.314338	0.0140462	0.273708	0.0805769	0	0	0	0	0.0764692	0.0284462	0.507354	0.0704	0.147485	0.0754538	0.0641	0.395631	
0.0266615	0.0150385	0.0135692	0.0130692	0.0363538	0.0100538	0.00819231	0.0137385	0.0133077	0.00475385	0.0396692	0.0106077	0.000407692	0.00109231	0.0663538	0.000484615	0.000515385	0.000784615	0.000361538	0.0666769	0.0447462	0.00216154	0.0101385	0.0112923	0	0	0	0	0.00848462	0.00342308	0.0483846	0.00804615	0.0154231	0.0073	0.00645385	0.0391615	
0.0421	0.0241462	0.0213308	0.0212308	0.0580308	0.0161538	0.0129308	0.0216923	0.0212846	0.00775385	0.0623308	0.0174385	0.0008	0.00183846	0.105385	0.000784615	0.000761538	0.00117692	0.000607692	0.106262	0.0714846	0.00344615	0.0159308	0.0179462	0	0	0	0	0.0138846	0.0047	0.0766077	0.0136154	0.0239231	0.0124308	0.0102846	0.0621692	
0.0546154	0.0317769	0.0278	0.0259923	0.0761769	0.0203615	0.0164231	0.0272231	0.027	0.00961538	0.0824923	0.0210769	0.0011	0.00270769	0.135331	0.00104615	0.00110769	0.00181538	0.000676923	0.136585	0.0918846	0.00410769	0.0207692	0.0234231	0	0	0	0	0.0179923	0.00670769	0.0988769	0.0166077	0.0308692	0.0164462	0.0136077	0.0792615	
0.0445	0.0267231	0.0225615	0.0230462	0.0617846	0.0173462	0.0141	0.0236	0.0135846	0.0048	0.0873923	0.0110538	0.000630769	0.002	0.113377	0.000823077	0.000861538	0.0011	0.000523077	0.114346	0.0818077	0.00174615	0.0234923	0.00978462	0.0764692	0.00848462	0.0138846	0.0179923	0	0	0	0	0.0350385	0.0180154	0.0148385	0.0489385	
0.0167615	0.00952308	0.00894615	0.00804615	0.0235154	0.00610769	0.00493846	0.00871538	0.00479231	0.00176923	0.0324923	0.00422308	0.000246154	0.000892308	0.0418308	0.000307692	0.000284615	0.000392308	0.000207692	0.0423923	0.0300231	0.000607692	0.00894615	0.0037	0.0284462	0.00342308	0.0047	0.00670769	0	0	0	0	0.0132154	0.00676923	0.00573077	0.0175615	
0.2833	0.164469	0.145415	0.138038	0.391931	0.107762	0.0874923	0.144038	0.165615	0.0596231	0.376154	0.129831	0.00515385	0.0129154	0.708246	0.00490769	0.00576154	0.00829231	0.00361538	0.713554	0.334246	0.0198692	0.266408	0.1107	0.507354	0.0483846	0.0766077	0.0988769	0	0	0	0	0.137215	0.0703385	0.0596538	0.464015	
0.0418615	0.0246	0.0212692	0.0209385	0.0576538	0.0162692	0.0129154	0.0218308	0.0124462	0.00429231	0.0821385	0.00979231	0.000730769	0.00219231	0.105077	0.000669231	0.000853846	0.00106154	0.000553846	0.1062	0.0763769	0.00153846	0.0217	0.00905385	0.0704	0.00804615	0.0136154	0.0166077	0	0	0	0	0.0322308	0.0165077	0.0142231	0.0457077	
0.0847077	0.0481538	0.0421231	0.0427154	0.115846	0.0319615	0.0262923	0.0436	0.0407	0.0144538	0.130554	0.0319923	0.0014	0.00399231	0.210777	0.00153077	0.00177692	0.00211538	0.000969231	0.212838	0.119408	0.00493846	0.0659538	0.0274	0.147485	0.0154231	0.0239231	0.0308692	0.0350385	0.0132154	0.137215	0.0322308	0	0	0	0	
0.0427538	0.0251769	0.0229154	0.0207846	0.0593769	0.0167231	0.0134615	0.0220692	0.0202769	0.00771538	0.0671154	0.0165231	0.000715385	0.00202308	0.108215	0.000676923	0.000876923	0.00105385	0.000592308	0.109108	0.0616231	0.00246154	0.0337	0.0138462	0.0754538	0.0073	0.0124308	0.0164462	0.0180154	0.00676923	0.0703385	0.0165077	0	0	0	0	
0.036	0.0210615	0.0186769	0.0187077	0.0503	0.0143308	0.0113769	0.0184385	0.0174462	0.00626154	0.0570846	0.0136538	0.000692308	0.00171538	0.0912462	0.000792308	0.000646154	0.00117692	0.000392308	0.0922308	0.0517538	0.0023	0.0284615	0.0119308	0.0641	0.00645385	0.0102846	0.0136077	0.0148385	0.00573077	0.0596538	0.0142231	0	0	0	0	
0.222962	0.130923	0.114477	0.107862	0.309362	0.0844692	0.0683154	0.114077	0.118015	0.0420538	0.323423	0.0927308	0.00395385	0.0102692	0.558292	0.00370769	0.00446154	0.0065	0.00294615	0.562315	0.289669	0.0140615	0.192431	0.0800615	0.395631	0.0391615	0.0621692	0.0792615	0.0489385	0.0175615	0.464015	0.0457077	0	0	0	0	
