0	0	0	0	0.218031	0.0534462	0.0441538	0.0724462	0.0776769	0.0283923	0.220485	0.0615231	0.00273077	0.00729231	0.375285	0.00276923	0.0027	0.0041	0.00185385	0.379423	0.198615	0.00920769	0.128915	0.0513385	0.266738	0.0267385	0.0419231	0.0526769	0.0464385	0.0177615	0.280831	0.0430462	0.0828615	0.0413923	0.0349846	0.228838	
0	0	0	0	0.129577	0.0316308	0.0258615	0.0437692	0.0475385	0.0164769	0.130046	0.0367769	0.00146154	0.00436154	0.223285	0.00173077	0.00188462	0.00247692	0.00124615	0.225231	0.118815	0.00539231	0.0766538	0.0299769	0.157785	0.0153692	0.0256769	0.0320077	0.0280692	0.0106385	0.166192	0.0259385	0.0489077	0.0246923	0.0212692	0.135969	
0	0	0	0	0.113554	0.0273538	0.0238923	0.0381923	0.0410538	0.0150923	0.113915	0.0329308	0.00141538	0.00373846	0.196531	0.00130769	0.00152308	0.00239231	0.001	0.198077	0.104408	0.00476154	0.0675154	0.0263077	0.139423	0.0138538	0.0217615	0.0279538	0.0243769	0.00927692	0.146115	0.0232231	0.0429	0.0218308	0.0185231	0.119738	
0	0	0	0	0.0706462	0.0335231	0.0277154	0.0462077	0.0359462	0.0131	0.100108	0.0289385	0.00114615	0.00313846	0.172731	0.00107692	0.00131538	0.00196154	0.000807692	0.174008	0.0909923	0.00438462	0.0598769	0.0228385	0.122846	0.0118077	0.0186077	0.0248308	0.0214385	0.00806154	0.129138	0.0194538	0.0391231	0.0184308	0.0161	0.104438	
0.218031	0.129577	0.113554	0.0706462	0	0	0	0	0.107215	0.0388462	0.299569	0.0861769	0.00366154	0.00951538	0.514931	0.0037	0.00389231	0.00611538	0.00260769	0.519192	0.2739	0.0124769	0.176785	0.0686462	0.366808	0.0356692	0.0568231	0.0725077	0.0633385	0.0243615	0.384938	0.0591692	0.113769	0.0566308	0.0480462	0.313362	
0.0534462	0.0316308	0.0273538	0.0335231	0	0	0	0	0.0300923	0.0107923	0.0823	0.0227692	0.00100769	0.00274615	0.141231	0.000969231	0.00108462	0.00163077	0.000661538	0.142577	0.0732308	0.00365385	0.0491692	0.0199	0.0995231	0.0100692	0.0159308	0.0204308	0.0179769	0.00669231	0.1053	0.0159846	0.0313	0.0150154	0.0136769	0.0859615	
0.0441538	0.0258615	0.0238923	0.0277154	0	0	0	0	0.0245538	0.00850769	0.0695462	0.0190154	0.000784615	0.00218462	0.117885	0.000769231	0.000961538	0.00122308	0.000615385	0.118823	0.0625308	0.00296154	0.0401538	0.0159769	0.0836	0.00829231	0.0131615	0.0165692	0.0150692	0.00545385	0.0877538	0.0133462	0.0262154	0.0129231	0.0110154	0.0714692	
0.0724462	0.0437692	0.0381923	0.0462077	0	0	0	0	0.0403538	0.0149154	0.113138	0.0322077	0.0013	0.00408462	0.193785	0.00144615	0.00148462	0.00196154	0.00102308	0.196146	0.103169	0.00465385	0.0668538	0.0259385	0.136862	0.0137385	0.0220538	0.0279615	0.0239385	0.00923077	0.144285	0.0231615	0.0425077	0.0217769	0.0181385	0.118192	
0.0776769	0.0475385	0.0410538	0.0359462	0.107215	0.0300923	0.0245538	0.0403538	0	0	0	0	0.00136923	0.00366923	0.195662	0.00151538	0.00144615	0.00226923	0.000915385	0.197585	0.1035	0.00460769	0.0673231	0.0267846	0.139069	0.0137385	0.0215	0.0279077	0.0201769	0.00774615	0.156392	0.0179	0.0417615	0.0216154	0.0181385	0.1207	
0.0283923	0.0164769	0.0150923	0.0131	0.0388462	0.0107923	0.00850769	0.0149154	0	0	0	0	0.0005	0.0014	0.0706769	0.000484615	0.000492308	0.000823077	0.000315385	0.0714308	0.0364462	0.00180769	0.0250231	0.00978462	0.0507385	0.00492308	0.00773077	0.00966923	0.00719231	0.00286923	0.0562923	0.00670769	0.0154769	0.00734615	0.00653846	0.0437	
0.220485	0.130046	0.113915	0.100108	0.299569	0.0823	0.0695462	0.113138	0	0	0	0	0.00379231	0.0103615	0.546562	0.00383846	0.00434615	0.00629231	0.00282308	0.551092	0.292062	0.0134231	0.186246	0.0728231	0.3876	0.0378231	0.0616538	0.0774769	0.0771615	0.0292846	0.385915	0.0721923	0.122869	0.0603385	0.0514462	0.3299	
0.0615231	0.0367769	0.0329308	0.0289385	0.0861769	0.0227692	0.0190154	0.0322077	0	0	0	0	0.00109231	0.0031	0.154931	0.00104615	0.00113846	0.00154615	0.000853846	0.156631	0.0808231	0.00390769	0.0543692	0.0210692	0.109385	0.0112846	0.0170846	0.0224154	0.0157923	0.00583846	0.123677	0.0148615	0.0336846	0.0170462	0.0147538	0.0946846	
0.00273077	0.00146154	0.00141538	0.00114615	0.00366154	0.00100769	0.000784615	0.0013	0.00136923	0.0005	0.00379231	0.00109231	0	0	0	0	3.84615e-05	6.15385e-05	2.30769e-05	0.00663077	0.00347692	0.000169231	0.00233846	0.000769231	0.00471538	0.000415385	0.000676923	0.000946154	0.000838462	0.000207692	0.00495385	0.000753846	0.00144615	0.000630769	0.000661538	0.00401538	
0.00729231	0.00436154	0.00373846	0.00313846	0.00951538	0.00274615	0.00218462	0.00408462	0.00366923	0.0014	0.0103615	0.0031	0	0	0	0	0.000176923	0.000146154	6.15385e-05	0.0181462	0.00967692	0.000407692	0.00603846	0.00240769	0.0126077	0.0012	0.00229231	0.00243077	0.00196923	0.0009	0.0136846	0.00197692	0.00413077	0.00187692	0.00175385	0.0107692	
0.375285	0.223285	0.196531	0.172731	0.514931	0.141231	0.117885	0.193785	0.195662	0.0706769	0.546562	0.154931	0	0	0	0	0.00709231	0.0106308	0.00476154	0.945346	0.496138	0.0229923	0.322223	0.126477	0.664692	0.0656538	0.104354	0.133131	0.116631	0.0442769	0.698738	0.108185	0.206731	0.103162	0.0878231	0.570115	
0.00276923	0.00173077	0.00130769	0.00107692	0.0037	0.000969231	0.000769231	0.00144615	0.00151538	0.000484615	0.00383846	0.00104615	0	0	0	0	0.000115385	9.23077e-05	6.15385e-05	0.00661538	0.00353846	0.000176923	0.00236154	0.000807692	0.00477692	0.0005	0.000646154	0.000961538	0.000884615	0.000353846	0.0049	0.000746154	0.00148462	0.000676923	0.000638462	0.00408462	
0.0027	0.00188462	0.00152308	0.00131538	0.00389231	0.00108462	0.000961538	0.00148462	0.00144615	0.000492308	0.00434615	0.00113846	3.84615e-05	0.000176923	0.00709231	0.000115385	0	0	0	0	0.00404615	0.000176923	0.00226154	0.000938462	0.00515385	0.000384615	0.000753846	0.00113077	0.000884615	0.000346154	0.00526923	0.000923077	0.0016	0.000884615	0.000646154	0.00429231	
0.0041	0.00247692	0.00239231	0.00196154	0.00611538	0.00163077	0.00122308	0.00196154	0.00226923	0.000823077	0.00629231	0.00154615	6.15385e-05	0.000146154	0.0106308	9.23077e-05	0	0	0	0	0.00566923	0.0002	0.00361538	0.00144615	0.00766923	0.000592308	0.00134615	0.00132308	0.00138462	0.000423077	0.00803077	0.00109231	0.00227692	0.00115385	0.000976923	0.00652308	
0.00185385	0.00124615	0.001	0.000807692	0.00260769	0.000661538	0.000615385	0.00102308	0.000915385	0.000315385	0.00282308	0.000853846	2.30769e-05	6.15385e-05	0.00476154	6.15385e-05	0	0	0	0	0.00236154	0.000138462	0.00173846	0.000669231	0.00335385	0.000269231	0.000584615	0.0007	0.000661538	0.000315385	0.0034	0.000530769	0.00103846	0.000446154	0.000438462	0.00298462	
0.379423	0.225231	0.198077	0.174008	0.519192	0.142577	0.118823	0.196146	0.197585	0.0714308	0.551092	0.156631	0.00663077	0.0181462	0.945346	0.00661538	0	0	0	0	0.500754	0.0232308	0.325346	0.127408	0.670615	0.0665231	0.105285	0.134315	0.117392	0.0446538	0.705577	0.109115	0.208877	0.103862	0.0888154	0.575185	
0.198615	0.118815	0.104408	0.0909923	0.2739	0.0732308	0.0625308	0.103169	0.1035	0.0364462	0.292062	0.0808231	0.00347692	0.00967692	0.496138	0.00353846	0.00404615	0.00566923	0.00236154	0.500754	0	0	0	0	0.333262	0.0385154	0.0616231	0.0794308	0.0695923	0.0264462	0.351485	0.0653077	0.111092	0.0555462	0.0469462	0.299246	
0.00920769	0.00539231	0.00476154	0.00438462	0.0124769	0.00365385	0.00296154	0.00465385	0.00460769	0.00180769	0.0134231	0.00390769	0.000169231	0.000407692	0.0229923	0.000176923	0.000176923	0.0002	0.000138462	0.0232308	0	0	0	0	0.0157231	0.00174615	0.00276154	0.00351538	0.00253846	0.000930769	0.0180462	0.00223077	0.00528462	0.00260769	0.00197692	0.0138769	
0.128915	0.0766538	0.0675154	0.0598769	0.176785	0.0491692	0.0401538	0.0668538	0.0673231	0.0250231	0.186246	0.0543692	0.00233846	0.00603846	0.322223	0.00236154	0.00226154	0.00361538	0.00173846	0.325346	0	0	0	0	0.252669	0.0175385	0.0278923	0.0348615	0.0345308	0.0130231	0.253615	0.0317923	0.0699923	0.0346538	0.0298846	0.198431	
0.0513385	0.0299769	0.0263077	0.0228385	0.0686462	0.0199	0.0159769	0.0259385	0.0267846	0.00978462	0.0728231	0.0210692	0.000769231	0.00240769	0.126477	0.000807692	0.000938462	0.00144615	0.000669231	0.127408	0	0	0	0	0.0851385	0.00996923	0.0156923	0.0196615	0.0136615	0.00533846	0.0991308	0.0123308	0.0274231	0.0135385	0.0120692	0.0774308	
0.266738	0.157785	0.139423	0.122846	0.366808	0.0995231	0.0836	0.136862	0.139069	0.0507385	0.3876	0.109385	0.00471538	0.0126077	0.664692	0.00477692	0.00515385	0.00766923	0.00335385	0.670615	0.333262	0.0157231	0.252669	0.0851385	0	0	0	0	0.0825615	0.0316231	0.497292	0.0753154	0.145977	0.0729231	0.0621385	0.405754	
0.0267385	0.0153692	0.0138538	0.0118077	0.0356692	0.0100692	0.00829231	0.0137385	0.0137385	0.00492308	0.0378231	0.0112846	0.000415385	0.0012	0.0656538	0.0005	0.000384615	0.000592308	0.000269231	0.0665231	0.0385154	0.00174615	0.0175385	0.00996923	0	0	0	0	0.00790769	0.00291538	0.0490615	0.00788462	0.0143615	0.00701538	0.00616923	0.0402231	
0.0419231	0.0256769	0.0217615	0.0186077	0.0568231	0.0159308	0.0131615	0.0220538	0.0215	0.00773077	0.0616538	0.0170846	0.000676923	0.00229231	0.104354	0.000646154	0.000753846	0.00134615	0.000584615	0.105285	0.0616231	0.00276154	0.0278923	0.0156923	0	0	0	0	0.0130462	0.00501538	0.0774077	0.0125	0.0241846	0.0117923	0.00927692	0.0627154	
0.0526769	0.0320077	0.0279538	0.0248308	0.0725077	0.0204308	0.0165692	0.0279615	0.0279077	0.00966923	0.0774769	0.0224154	0.000946154	0.00243077	0.133131	0.000961538	0.00113077	0.00132308	0.0007	0.134315	0.0794308	0.00351538	0.0348615	0.0196615	0	0	0	0	0.0168077	0.00618462	0.0985154	0.0159615	0.0292692	0.0146154	0.0132923	0.0802923	
0.0464385	0.0280692	0.0243769	0.0214385	0.0633385	0.0179769	0.0150692	0.0239385	0.0201769	0.00719231	0.0771615	0.0157923	0.000838462	0.00196923	0.116631	0.000884615	0.000884615	0.00138462	0.000661538	0.117392	0.0695923	0.00253846	0.0345308	0.0136615	0.0825615	0.00790769	0.0130462	0.0168077	0	0	0	0	0.0301615	0.0156846	0.0134231	0.0610538	
0.0177615	0.0106385	0.00927692	0.00806154	0.0243615	0.00669231	0.00545385	0.00923077	0.00774615	0.00286923	0.0292846	0.00583846	0.000207692	0.0009	0.0442769	0.000353846	0.000346154	0.000423077	0.000315385	0.0446538	0.0264462	0.000930769	0.0130231	0.00533846	0.0316231	0.00291538	0.00501538	0.00618462	0	0	0	0	0.0112077	0.00585385	0.00476154	0.0239154	
0.280831	0.166192	0.146115	0.129138	0.384938	0.1053	0.0877538	0.144285	0.156392	0.0562923	0.385915	0.123677	0.00495385	0.0136846	0.698738	0.0049	0.00526923	0.00803077	0.0034	0.705577	0.351485	0.0180462	0.253615	0.0991308	0.497292	0.0490615	0.0774077	0.0985154	0	0	0	0	0.144569	0.0708462	0.0606923	0.446169	
0.0430462	0.0259385	0.0232231	0.0194538	0.0591692	0.0159846	0.0133462	0.0231615	0.0179	0.00670769	0.0721923	0.0148615	0.000753846	0.00197692	0.108185	0.000746154	0.000923077	0.00109231	0.000530769	0.109115	0.0653077	0.00223077	0.0317923	0.0123308	0.0753154	0.00788462	0.0125	0.0159615	0	0	0	0	0.0278538	0.0139615	0.012	0.0578462	
0.0828615	0.0489077	0.0429	0.0391231	0.113769	0.0313	0.0262154	0.0425077	0.0417615	0.0154769	0.122869	0.0336846	0.00144615	0.00413077	0.206731	0.00148462	0.0016	0.00227692	0.00103846	0.208877	0.111092	0.00528462	0.0699923	0.0274231	0.145977	0.0143615	0.0241846	0.0292692	0.0301615	0.0112077	0.144569	0.0278538	0	0	0	0	
0.0413923	0.0246923	0.0218308	0.0184308	0.0566308	0.0150154	0.0129231	0.0217769	0.0216154	0.00734615	0.0603385	0.0170462	0.000630769	0.00187692	0.103162	0.000676923	0.000884615	0.00115385	0.000446154	0.103862	0.0555462	0.00260769	0.0346538	0.0135385	0.0729231	0.00701538	0.0117923	0.0146154	0.0156846	0.00585385	0.0708462	0.0139615	0	0	0	0	
0.0349846	0.0212692	0.0185231	0.0161	0.0480462	0.0136769	0.0110154	0.0181385	0.0181385	0.00653846	0.0514462	0.0147538	0.000661538	0.00175385	0.0878231	0.000638462	0.000646154	0.000976923	0.000438462	0.0888154	0.0469462	0.00197692	0.0298846	0.0120692	0.0621385	0.00616923	0.00927692	0.0132923	0.0134231	0.00476154	0.0606923	0.012	0	0	0	0	
0.228838	0.135969	0.119738	0.104438	0.313362	0.0859615	0.0714692	0.118192	0.1207	0.0437	0.3299	0.0946846	0.00401538	0.0107692	0.570115	0.00408462	0.00429231	0.00652308	0.00298462	0.575185	0.299246	0.0138769	0.198431	0.0774308	0.405754	0.0402231	0.0627154	0.0802923	0.0610538	0.0239154	0.446169	0.0578462	0	0	0	0	
