0	0	0	0	0.153077	0.0625462	0.0561	0.0718462	0.0636077	0.0464385	0.169708	0.0638154	0.000138462	9.23077e-05	0.343277	6.15385e-05	4.61538e-05	0.00733846	6.92308e-05	0.336115	0.184662	0.0138	0.130846	0.0142615	0.215608	0.0536538	0.0315308	0.0427769	0.0123615	0.00183846	0.325377	0.00399231	0.0142308	0.0521154	0.0107231	0.2665	
0	0	0	0	0.103554	0.0458231	0.0409538	0.0636308	0.0513692	0.0400923	0.105715	0.0567846	0.0001	3.07692e-05	0.253754	7.69231e-05	7.69231e-05	0.00565385	2.30769e-05	0.248208	0.137585	0.0105308	0.0952154	0.0106308	0.160446	0.0396231	0.0235385	0.0303538	0.00941538	0.00119231	0.240577	0.00277692	0.00992308	0.0380385	0.00787692	0.198123	
0	0	0	0	0.0893846	0.0390308	0.0352308	0.0443231	0.0440769	0.0328077	0.0852154	0.0458692	0.000130769	1.53846e-05	0.2078	2.30769e-05	7.69231e-05	0.00480769	7.69231e-06	0.203077	0.112185	0.00833846	0.0788923	0.00855385	0.1307	0.0332538	0.0189462	0.0250692	0.00799231	0.000861538	0.196877	0.00223846	0.00806154	0.0304538	0.00601538	0.163438	
0	0	0	0	0.0329308	0.0547	0.0468538	0.0600154	0.0404	0.0327385	0.0735385	0.0478231	6.92308e-05	7.69231e-05	0.194338	1.53846e-05	6.15385e-05	0.00421538	1.53846e-05	0.190208	0.108754	0.00727692	0.0705846	0.00788462	0.124923	0.0291154	0.0171538	0.0233077	0.00665385	0.000769231	0.184769	0.00230769	0.00723077	0.0277846	0.00608462	0.1534	
0.153077	0.103554	0.0893846	0.0329308	0	0	0	0	0.0739308	0.0448	0.199762	0.0604538	0.000146154	8.46154e-05	0.378646	6.92308e-05	9.23077e-05	0.00820769	3.07692e-05	0.370615	0.190762	0.0165923	0.154315	0.0172769	0.230277	0.0630846	0.0371692	0.0484154	0.0134308	0.00183846	0.359362	0.00431538	0.0157231	0.0585846	0.0122615	0.292377	
0.0625462	0.0458231	0.0390308	0.0547	0	0	0	0	0.0509077	0.0303846	0.0676692	0.0531385	8.46154e-05	1.53846e-05	0.201969	3.07692e-05	5.38462e-05	0.00447692	7.69231e-06	0.197562	0.114131	0.00757692	0.0725462	0.00784615	0.1302	0.0310462	0.0172077	0.0236462	0.00771538	0.000907692	0.191246	0.00223077	0.00794615	0.0288077	0.00597692	0.159369	
0.0561	0.0409538	0.0352308	0.0468538	0	0	0	0	0.0476462	0.0289615	0.0641077	0.0384231	9.23077e-05	3.07692e-05	0.178985	3.07692e-05	3.84615e-05	0.00403846	1.53846e-05	0.175046	0.101638	0.00678462	0.0638385	0.00687692	0.115677	0.0264615	0.0159	0.0211	0.00662308	0.000892308	0.1696	0.00202308	0.00698462	0.0252769	0.00534615	0.141531	
0.0718462	0.0636308	0.0443231	0.0600154	0	0	0	0	0.0269692	0.0479308	0.102638	0.0622769	0.000115385	8.46154e-05	0.239569	4.61538e-05	7.69231e-05	0.00529231	6.15385e-05	0.234385	0.136654	0.00899231	0.0848385	0.00933077	0.155523	0.0350538	0.0208923	0.0283462	0.00865385	0.00102308	0.227392	0.00274615	0.00879231	0.0357231	0.00711538	0.188185	
0.0636077	0.0513692	0.0440769	0.0404	0.0739308	0.0509077	0.0476462	0.0269692	0	0	0	0	8.46154e-05	8.46154e-05	0.199231	5.38462e-05	1.53846e-05	0.00437692	1.53846e-05	0.195046	0.105785	0.00781538	0.0779692	0.00788462	0.134092	0.0279769	0.0160846	0.0213	0.00720769	0.000907692	0.189462	0.00187692	0.00659231	0.0255308	0.00520769	0.162123	
0.0464385	0.0400923	0.0328077	0.0327385	0.0448	0.0303846	0.0289615	0.0479308	0	0	0	0	8.46154e-05	3.07692e-05	0.151954	7.69231e-06	3.84615e-05	0.00323846	7.69231e-06	0.148792	0.0822	0.0058	0.0580308	0.00604615	0.101985	0.0209846	0.0131231	0.0159846	0.00482308	0.000669231	0.144915	0.00166923	0.00514615	0.0201	0.00425385	0.122577	
0.169708	0.105715	0.0852154	0.0735385	0.199762	0.0676692	0.0641077	0.102638	0	0	0	0	0.000192308	7.69231e-05	0.433838	6.92308e-05	0.000146154	0.00951538	6.92308e-05	0.424446	0.239346	0.0177308	0.158454	0.0186462	0.2533	0.0765923	0.0443846	0.0599	0.0164231	0.00216154	0.410146	0.00544615	0.0205308	0.0754385	0.0153	0.322908	
0.0638154	0.0567846	0.0458692	0.0478231	0.0604538	0.0531385	0.0384231	0.0622769	0	0	0	0	7.69231e-05	2.30769e-05	0.214146	4.61538e-05	6.15385e-05	0.00488462	2.30769e-05	0.209323	0.115854	0.0086	0.0810846	0.00875385	0.1423	0.0300923	0.0175769	0.0243231	0.00796923	0.000923077	0.203077	0.00232308	0.00717692	0.0273231	0.00593846	0.173854	
0.000138462	0.0001	0.000130769	6.92308e-05	0.000146154	8.46154e-05	9.23077e-05	0.000115385	8.46154e-05	8.46154e-05	0.000192308	7.69231e-05	0	0	0	0	0	1.53846e-05	0	0.000423077	0.000284615	7.69231e-06	0.000138462	7.69231e-06	0.000292308	6.15385e-05	3.07692e-05	5.38462e-05	1.53846e-05	0	0.000423077	0	1.53846e-05	4.61538e-05	3.84615e-05	0.000338462	
9.23077e-05	3.07692e-05	1.53846e-05	7.69231e-05	8.46154e-05	1.53846e-05	3.07692e-05	8.46154e-05	8.46154e-05	3.07692e-05	7.69231e-05	2.30769e-05	0	0	0	0	0	0	0	0.000215385	0.000107692	0	9.23077e-05	1.53846e-05	0.000138462	3.84615e-05	1.53846e-05	2.30769e-05	0	7.69231e-06	0.000207692	0	0	4.61538e-05	0	0.000169231	
0.343277	0.253754	0.2078	0.194338	0.378646	0.201969	0.178985	0.239569	0.199231	0.151954	0.433838	0.214146	0	0	0	0	0.000261538	0.022	0.000115385	0.976792	0.542715	0.0399308	0.375215	0.0413077	0.631115	0.155531	0.0911077	0.121415	0.0364077	0.00464615	0.9468	0.0113154	0.0394231	0.148254	0.0306615	0.780831	
6.15385e-05	7.69231e-05	2.30769e-05	1.53846e-05	6.92308e-05	3.07692e-05	3.07692e-05	4.61538e-05	5.38462e-05	7.69231e-06	6.92308e-05	4.61538e-05	0	0	0	0	0	0	0	0.000176923	7.69231e-05	7.69231e-06	9.23077e-05	0	0.000130769	1.53846e-05	1.53846e-05	1.53846e-05	0	7.69231e-06	0.000169231	0	7.69231e-06	4.61538e-05	0	0.000123077	
4.61538e-05	7.69231e-05	7.69231e-05	6.15385e-05	9.23077e-05	5.38462e-05	3.84615e-05	7.69231e-05	1.53846e-05	3.84615e-05	0.000146154	6.15385e-05	0	0	0.000261538	0	0	0	0	0	0.000153846	0	9.23077e-05	1.53846e-05	0.000176923	6.15385e-05	0	2.30769e-05	7.69231e-06	0	0.000253846	0	1.53846e-05	4.61538e-05	0	0.0002	
0.00733846	0.00565385	0.00480769	0.00421538	0.00820769	0.00447692	0.00403846	0.00529231	0.00437692	0.00323846	0.00951538	0.00488462	1.53846e-05	0	0.022	0	0	0	0	0	0.0116692	0.000961538	0.00848462	0.0009	0.0142692	0.00319231	0.00210769	0.00244615	0.000807692	9.23077e-05	0.0208615	0.000253846	0.000861538	0.0033	0.000607692	0.0172462	
6.92308e-05	2.30769e-05	7.69231e-06	1.53846e-05	3.07692e-05	7.69231e-06	1.53846e-05	6.15385e-05	1.53846e-05	7.69231e-06	6.92308e-05	2.30769e-05	0	0	0.000115385	0	0	0	0	0	4.61538e-05	0	6.15385e-05	7.69231e-06	6.15385e-05	2.30769e-05	2.30769e-05	7.69231e-06	7.69231e-06	0	0.000107692	0	0	1.53846e-05	7.69231e-06	9.23077e-05	
0.336115	0.248208	0.203077	0.190208	0.370615	0.197562	0.175046	0.234385	0.195046	0.148792	0.424446	0.209323	0.000423077	0.000215385	0.976792	0.000176923	0	0	0	0	0.531315	0.0389846	0.3669	0.0404077	0.617169	0.152369	0.0890385	0.119031	0.0356	0.00456923	0.926377	0.0110615	0.0385692	0.145031	0.0300846	0.763923	
0.184662	0.137585	0.112185	0.108754	0.190762	0.114131	0.101638	0.136654	0.105785	0.0822	0.239346	0.115854	0.000284615	0.000107692	0.542715	7.69231e-05	0.000153846	0.0116692	4.61538e-05	0.531315	0	0	0	0	0.302523	0.0966	0.0574	0.0866615	0.0195923	0.00247692	0.514808	0.00630769	0.0234923	0.0885308	0.0181462	0.413015	
0.0138	0.0105308	0.00833846	0.00727692	0.0165923	0.00757692	0.00678462	0.00899231	0.00781538	0.0058	0.0177308	0.0086	7.69231e-06	0	0.0399308	7.69231e-06	0	0.000961538	0	0.0389846	0	0	0	0	0.0222769	0.00789231	0.00434615	0.00543077	0.00155385	0.000161538	0.0378462	0.000384615	0.00123077	0.00487692	0.000715385	0.0331231	
0.130846	0.0952154	0.0788923	0.0705846	0.154315	0.0725462	0.0638385	0.0848385	0.0779692	0.0580308	0.158454	0.0810846	0.000138462	9.23077e-05	0.375215	9.23077e-05	9.23077e-05	0.00848462	6.15385e-05	0.3669	0	0	0	0	0.284077	0.0427923	0.0247	0.0239692	0.0138692	0.00182308	0.355723	0.00412308	0.0132385	0.0498846	0.0106846	0.301731	
0.0142615	0.0106308	0.00855385	0.00788462	0.0172769	0.00784615	0.00687692	0.00933077	0.00788462	0.00604615	0.0186462	0.00875385	7.69231e-06	1.53846e-05	0.0413077	0	1.53846e-05	0.0009	7.69231e-06	0.0404077	0	0	0	0	0.0228	0.00836154	0.00472308	0.00544615	0.00140769	0.0002	0.0392231	0.0005	0.00148462	0.0051	0.00115385	0.0335923	
0.215608	0.160446	0.1307	0.124923	0.230277	0.1302	0.115677	0.155523	0.134092	0.101985	0.2533	0.1423	0.000292308	0.000138462	0.631115	0.000130769	0.000176923	0.0142692	6.15385e-05	0.617169	0.302523	0.0222769	0.284077	0.0228	0	0	0	0	0.0234769	0.00297692	0.597969	0.00725385	0.0285	0.1053	0.0218	0.476077	
0.0536538	0.0396231	0.0332538	0.0291154	0.0630846	0.0310462	0.0264615	0.0350538	0.0279769	0.0209846	0.0765923	0.0300923	6.15385e-05	3.84615e-05	0.155531	1.53846e-05	6.15385e-05	0.00319231	2.30769e-05	0.152369	0.0966	0.00789231	0.0427923	0.00836154	0	0	0	0	0.00545385	0.000669231	0.147838	0.00168462	0.00455385	0.0177077	0.00363846	0.129746	
0.0315308	0.0235385	0.0189462	0.0171538	0.0371692	0.0172077	0.0159	0.0208923	0.0160846	0.0131231	0.0443846	0.0175769	3.07692e-05	1.53846e-05	0.0911077	1.53846e-05	0	0.00210769	2.30769e-05	0.0890385	0.0574	0.00434615	0.0247	0.00472308	0	0	0	0	0.00322308	0.000423077	0.0865	0.00102308	0.00267692	0.0106923	0.0021	0.0757	
0.0427769	0.0303538	0.0250692	0.0233077	0.0484154	0.0236462	0.0211	0.0283462	0.0213	0.0159846	0.0599	0.0243231	5.38462e-05	2.30769e-05	0.121415	1.53846e-05	2.30769e-05	0.00244615	7.69231e-06	0.119031	0.0866615	0.00543077	0.0239692	0.00544615	0	0	0	0	0.00426923	0.000592308	0.115292	0.00135385	0.00371538	0.0146923	0.00316154	0.0999385	
0.0123615	0.00941538	0.00799231	0.00665385	0.0134308	0.00771538	0.00662308	0.00865385	0.00720769	0.00482308	0.0164231	0.00796923	1.53846e-05	0	0.0364077	0	7.69231e-06	0.000807692	7.69231e-06	0.0356	0.0195923	0.00155385	0.0138692	0.00140769	0.0234769	0.00545385	0.00322308	0.00426923	0	0	0	0	0.00147692	0.00515385	0.00118462	0.0286077	
0.00183846	0.00119231	0.000861538	0.000769231	0.00183846	0.000907692	0.000892308	0.00102308	0.000907692	0.000669231	0.00216154	0.000923077	0	7.69231e-06	0.00464615	7.69231e-06	0	9.23077e-05	0	0.00456923	0.00247692	0.000161538	0.00182308	0.0002	0.00297692	0.000669231	0.000423077	0.000592308	0	0	0	0	0.000223077	0.000784615	0.000130769	0.00352308	
0.325377	0.240577	0.196877	0.184769	0.359362	0.191246	0.1696	0.227392	0.189462	0.144915	0.410146	0.203077	0.000423077	0.000207692	0.9468	0.000169231	0.000253846	0.0208615	0.000107692	0.926377	0.514808	0.0378462	0.355723	0.0392231	0.597969	0.147838	0.0865	0.115292	0	0	0	0	0.0372538	0.140923	0.0289615	0.740462	
0.00399231	0.00277692	0.00223846	0.00230769	0.00431538	0.00223077	0.00202308	0.00274615	0.00187692	0.00166923	0.00544615	0.00232308	0	0	0.0113154	0	0	0.000253846	0	0.0110615	0.00630769	0.000384615	0.00412308	0.0005	0.00725385	0.00168462	0.00102308	0.00135385	0	0	0	0	0.000492308	0.00153077	0.000423077	0.00886923	
0.0142308	0.00992308	0.00806154	0.00723077	0.0157231	0.00794615	0.00698462	0.00879231	0.00659231	0.00514615	0.0205308	0.00717692	1.53846e-05	0	0.0394231	7.69231e-06	1.53846e-05	0.000861538	0	0.0385692	0.0234923	0.00123077	0.0132385	0.00148462	0.0285	0.00455385	0.00267692	0.00371538	0.00147692	0.000223077	0.0372538	0.000492308	0	0	0	0	
0.0521154	0.0380385	0.0304538	0.0277846	0.0585846	0.0288077	0.0252769	0.0357231	0.0255308	0.0201	0.0754385	0.0273231	4.61538e-05	4.61538e-05	0.148254	4.61538e-05	4.61538e-05	0.0033	1.53846e-05	0.145031	0.0885308	0.00487692	0.0498846	0.0051	0.1053	0.0177077	0.0106923	0.0146923	0.00515385	0.000784615	0.140923	0.00153077	0	0	0	0	
0.0107231	0.00787692	0.00601538	0.00608462	0.0122615	0.00597692	0.00534615	0.00711538	0.00520769	0.00425385	0.0153	0.00593846	3.84615e-05	0	0.0306615	0	0	0.000607692	7.69231e-06	0.0300846	0.0181462	0.000715385	0.0106846	0.00115385	0.0218	0.00363846	0.0021	0.00316154	0.00118462	0.000130769	0.0289615	0.000423077	0	0	0	0	
0.2665	0.198123	0.163438	0.1534	0.292377	0.159369	0.141531	0.188185	0.162123	0.122577	0.322908	0.173854	0.000338462	0.000169231	0.780831	0.000123077	0.0002	0.0172462	9.23077e-05	0.763923	0.413015	0.0331231	0.301731	0.0335923	0.476077	0.129746	0.0757	0.0999385	0.0286077	0.00352308	0.740462	0.00886923	0	0	0	0	
