0	0	0	0	0.153754	0.0622077	0.0553923	0.0700077	0.0625769	0.0459385	0.168331	0.0645154	0.000115385	8.46154e-05	0.341115	4.61538e-05	0.000138462	0.00757692	6.92308e-05	0.333577	0.185508	0.0136	0.128492	0.0137615	0.213377	0.0552077	0.0311615	0.0416154	0.0133538	0.00161538	0.322762	0.00363077	0.0130692	0.0520077	0.0106462	0.265638	
0	0	0	0	0.102462	0.045	0.0388769	0.0684769	0.0517308	0.0406692	0.106762	0.0556538	0.0001	6.15385e-05	0.254608	4.61538e-05	7.69231e-05	0.00544615	3.07692e-05	0.249262	0.138638	0.00973077	0.096	0.0104462	0.161262	0.0393615	0.0234231	0.0307692	0.00949231	0.00128462	0.241223	0.00281538	0.00978462	0.0379385	0.00756154	0.199531	
0	0	0	0	0.0911462	0.0403846	0.0349538	0.0426692	0.0445538	0.0323846	0.0860231	0.0461923	0.000107692	6.15385e-05	0.208954	3.07692e-05	6.15385e-05	0.00448462	7.69231e-05	0.204531	0.112454	0.00835385	0.0796692	0.00867692	0.131592	0.0327769	0.0191077	0.0256769	0.00744615	0.000961538	0.198446	0.0023	0.00835385	0.0304231	0.00626154	0.164115	
0	0	0	0	0.0329462	0.0547462	0.0482077	0.0587692	0.0413769	0.0324462	0.0733769	0.0474692	6.92308e-05	4.61538e-05	0.194538	1.53846e-05	4.61538e-05	0.00433077	4.61538e-05	0.190246	0.108946	0.00683077	0.0713462	0.00754615	0.124885	0.0291462	0.0175923	0.0230462	0.00701538	0.000830769	0.184631	0.00219231	0.00727692	0.0278769	0.00534615	0.154169	
0.153754	0.102462	0.0911462	0.0329462	0	0	0	0	0.077	0.0459769	0.200823	0.0565077	0.000161538	0.000130769	0.379977	3.84615e-05	0.0001	0.0084	7.69231e-05	0.371731	0.191269	0.0167385	0.155538	0.0167615	0.227715	0.0652692	0.0378	0.0495231	0.0147923	0.0017	0.359569	0.00424615	0.0162692	0.0636385	0.0130077	0.287392	
0.0622077	0.045	0.0403846	0.0547462	0	0	0	0	0.0488462	0.0281154	0.0639385	0.0614385	8.46154e-05	2.30769e-05	0.202185	4.61538e-05	6.92308e-05	0.0044	3.84615e-05	0.197831	0.114846	0.0069	0.0731692	0.00742308	0.132162	0.0295	0.0176615	0.0230154	0.00718462	0.000976923	0.1919	0.00227692	0.00693077	0.0275	0.00539231	0.162515	
0.0553923	0.0388769	0.0349538	0.0482077	0	0	0	0	0.0485385	0.0289615	0.0633	0.0366308	7.69231e-05	5.38462e-05	0.177277	2.30769e-05	5.38462e-05	0.00393846	5.38462e-05	0.173385	0.1018	0.00622308	0.0624846	0.00692308	0.115808	0.0260923	0.0150923	0.0204385	0.00628462	0.000792308	0.168531	0.00182308	0.00624615	0.0242077	0.00476923	0.142208	
0.0700077	0.0684769	0.0426692	0.0587692	0	0	0	0	0.0258538	0.0483846	0.106431	0.0592538	6.92308e-05	4.61538e-05	0.239777	3.07692e-05	0.0001	0.0051	5.38462e-05	0.234669	0.137631	0.00865385	0.0843154	0.00932308	0.155431	0.0356308	0.0207308	0.0281308	0.00904615	0.00122308	0.227062	0.00259231	0.00903846	0.0329	0.00664615	0.191338	
0.0625769	0.0517308	0.0445538	0.0413769	0.077	0.0488462	0.0485385	0.0258538	0	0	0	0	0.000130769	5.38462e-05	0.200031	2.30769e-05	6.15385e-05	0.00447692	3.84615e-05	0.195662	0.107538	0.00759231	0.0771231	0.00798462	0.132931	0.0284615	0.0171077	0.0217385	0.00618462	0.000807692	0.191246	0.002	0.0066	0.0258462	0.00494615	0.162846	
0.0459385	0.0406692	0.0323846	0.0324462	0.0459769	0.0281154	0.0289615	0.0483846	0	0	0	0	7.69231e-06	5.38462e-05	0.151354	2.30769e-05	5.38462e-05	0.00330769	3.07692e-05	0.148046	0.0816077	0.0061	0.0574769	0.00625385	0.101731	0.0215	0.0120769	0.0161308	0.00462308	0.000623077	0.144769	0.00142308	0.00497692	0.0198769	0.00411538	0.122469	
0.168331	0.106762	0.0860231	0.0733769	0.200823	0.0639385	0.0633	0.106431	0	0	0	0	0.000138462	8.46154e-05	0.434231	3.84615e-05	0.000130769	0.00926923	0.000107692	0.424985	0.240738	0.0167692	0.159731	0.0172538	0.253677	0.0768231	0.0445	0.0594923	0.0196154	0.00248462	0.406692	0.0057	0.0197385	0.0754	0.0153769	0.323977	
0.0645154	0.0556538	0.0461923	0.0474692	0.0565077	0.0614385	0.0366308	0.0592538	0	0	0	0	0.000115385	6.15385e-05	0.2136	5.38462e-05	7.69231e-05	0.00478462	4.61538e-05	0.208923	0.115662	0.00805385	0.0811769	0.00893846	0.142777	0.0297077	0.0176	0.0237462	0.00688462	0.000776923	0.204354	0.00181538	0.00716923	0.0271231	0.00537692	0.174162	
0.000115385	0.0001	0.000107692	6.92308e-05	0.000161538	8.46154e-05	7.69231e-05	6.92308e-05	0.000130769	7.69231e-06	0.000138462	0.000115385	0	0	0	0	0	7.69231e-06	0	0.000384615	0.000238462	7.69231e-06	0.000130769	1.53846e-05	0.000253846	7.69231e-05	1.53846e-05	4.61538e-05	2.30769e-05	0	0.000369231	0	2.30769e-05	4.61538e-05	3.07692e-05	0.000292308	
8.46154e-05	6.15385e-05	6.15385e-05	4.61538e-05	0.000130769	2.30769e-05	5.38462e-05	4.61538e-05	5.38462e-05	5.38462e-05	8.46154e-05	6.15385e-05	0	0	0	0	0	7.69231e-06	0	0.000246154	0.000176923	0	7.69231e-05	0	0.000169231	3.07692e-05	7.69231e-06	4.61538e-05	7.69231e-06	0	0.000238462	7.69231e-06	0	6.15385e-05	0	0.000192308	
0.341115	0.254608	0.208954	0.194538	0.379977	0.202185	0.177277	0.239777	0.200031	0.151354	0.434231	0.2136	0	0	0	0	0.000323077	0.0218231	0.000223077	0.976846	0.545046	0.0385077	0.375246	0.0404154	0.630623	0.156354	0.0912308	0.121008	0.0372692	0.00468462	0.946338	0.0109231	0.0384462	0.148123	0.0297846	0.782862	
4.61538e-05	4.61538e-05	3.07692e-05	1.53846e-05	3.84615e-05	4.61538e-05	2.30769e-05	3.07692e-05	2.30769e-05	2.30769e-05	3.84615e-05	5.38462e-05	0	0	0	0	0	0	0	0.000138462	8.46154e-05	0	5.38462e-05	0	6.92308e-05	3.07692e-05	3.07692e-05	7.69231e-06	7.69231e-06	7.69231e-06	0.000115385	7.69231e-06	1.53846e-05	1.53846e-05	0	0.000107692	
0.000138462	7.69231e-05	6.15385e-05	4.61538e-05	0.0001	6.92308e-05	5.38462e-05	0.0001	6.15385e-05	5.38462e-05	0.000130769	7.69231e-05	0	0	0.000323077	0	0	0	0	0	0.000153846	1.53846e-05	0.000130769	2.30769e-05	0.000223077	4.61538e-05	3.07692e-05	2.30769e-05	7.69231e-06	0	0.000292308	2.30769e-05	7.69231e-06	6.92308e-05	0	0.000246154	
0.00757692	0.00544615	0.00448462	0.00433077	0.0084	0.0044	0.00393846	0.0051	0.00447692	0.00330769	0.00926923	0.00478462	7.69231e-06	7.69231e-06	0.0218231	0	0	0	0	0	0.0118769	0.000738462	0.00826923	0.000953846	0.0133846	0.00362308	0.00189231	0.00293846	0.000876923	0.0001	0.0205769	0.000284615	0.000746154	0.00313077	0.000646154	0.0173154	
6.92308e-05	3.07692e-05	7.69231e-05	4.61538e-05	7.69231e-05	3.84615e-05	5.38462e-05	5.38462e-05	3.84615e-05	3.07692e-05	0.000107692	4.61538e-05	0	0	0.000223077	0	0	0	0	0	0.0001	0	0.000115385	7.69231e-06	0.000130769	3.84615e-05	3.07692e-05	2.30769e-05	0	0	0.000223077	0	2.30769e-05	3.07692e-05	0	0.000169231	
0.333577	0.249262	0.204531	0.190246	0.371731	0.197831	0.173385	0.234669	0.195662	0.148046	0.424985	0.208923	0.000384615	0.000246154	0.976846	0.000138462	0	0	0	0	0.533415	0.0377615	0.366992	0.0394462	0.617377	0.152785	0.0893308	0.118123	0.0364231	0.00459231	0.925969	0.0106308	0.0377077	0.145015	0.0291692	0.765723	
0.185508	0.138638	0.112454	0.108946	0.191269	0.114846	0.1018	0.137631	0.107538	0.0816077	0.240738	0.115662	0.000238462	0.000176923	0.545046	8.46154e-05	0.000153846	0.0118769	0.0001	0.533415	0	0	0	0	0.303462	0.0934154	0.0553231	0.0933462	0.0205846	0.00247692	0.516585	0.0059	0.0237385	0.091	0.0184923	0.412315	
0.0136	0.00973077	0.00835385	0.00683077	0.0167385	0.0069	0.00622308	0.00865385	0.00759231	0.0061	0.0167692	0.00805385	7.69231e-06	0	0.0385077	0	1.53846e-05	0.000738462	0	0.0377615	0	0	0	0	0.0218923	0.00732308	0.00433846	0.00496154	0.00143077	0.000223077	0.0364692	0.000392308	0.00119231	0.00443077	0.000876923	0.0320154	
0.128492	0.096	0.0796692	0.0713462	0.155538	0.0731692	0.0624846	0.0843154	0.0771231	0.0574769	0.159731	0.0811769	0.000130769	7.69231e-05	0.375246	5.38462e-05	0.000130769	0.00826923	0.000115385	0.366992	0	0	0	0	0.282523	0.0477154	0.0273	0.0179692	0.0137077	0.00178462	0.3558	0.00421538	0.0123308	0.0480846	0.00953077	0.305562	
0.0137615	0.0104462	0.00867692	0.00754615	0.0167615	0.00742308	0.00692308	0.00932308	0.00798462	0.00625385	0.0172538	0.00893846	1.53846e-05	0	0.0404154	0	2.30769e-05	0.000953846	7.69231e-06	0.0394462	0	0	0	0	0.0232385	0.00803846	0.00432308	0.00483077	0.00158462	0.000207692	0.0382077	0.000430769	0.00122308	0.00473077	0.000915385	0.0335615	
0.213377	0.161262	0.131592	0.124885	0.227715	0.132162	0.115808	0.155431	0.132931	0.101731	0.253677	0.142777	0.000253846	0.000169231	0.630623	6.92308e-05	0.000223077	0.0133846	0.000130769	0.617377	0.303462	0.0218923	0.282523	0.0232385	0	0	0	0	0.0233154	0.00301538	0.597992	0.00679231	0.0275	0.107338	0.0213	0.474977	
0.0552077	0.0393615	0.0327769	0.0291462	0.0652692	0.0295	0.0260923	0.0356308	0.0284615	0.0215	0.0768231	0.0297077	7.69231e-05	3.07692e-05	0.156354	3.07692e-05	4.61538e-05	0.00362308	3.84615e-05	0.152785	0.0934154	0.00732308	0.0477154	0.00803846	0	0	0	0	0.00586923	0.000669231	0.148169	0.00178462	0.00457692	0.0166615	0.00365385	0.1316	
0.0311615	0.0234231	0.0191077	0.0175923	0.0378	0.0176615	0.0150923	0.0207308	0.0171077	0.0120769	0.0445	0.0176	1.53846e-05	7.69231e-06	0.0912308	3.07692e-05	3.07692e-05	0.00189231	3.07692e-05	0.0893308	0.0553231	0.00433846	0.0273	0.00432308	0	0	0	0	0.00362308	0.000338462	0.0862077	0.00111538	0.00247692	0.00985385	0.00193077	0.0770231	
0.0416154	0.0307692	0.0256769	0.0230462	0.0495231	0.0230154	0.0204385	0.0281308	0.0217385	0.0161308	0.0594923	0.0237462	4.61538e-05	4.61538e-05	0.121008	7.69231e-06	2.30769e-05	0.00293846	2.30769e-05	0.118123	0.0933462	0.00496154	0.0179692	0.00483077	0	0	0	0	0.0045	0.000669231	0.114692	0.00124615	0.00393077	0.0143923	0.00293077	0.0998538	
0.0133538	0.00949231	0.00744615	0.00701538	0.0147923	0.00718462	0.00628462	0.00904615	0.00618462	0.00462308	0.0196154	0.00688462	2.30769e-05	7.69231e-06	0.0372692	7.69231e-06	7.69231e-06	0.000876923	0	0.0364231	0.0205846	0.00143077	0.0137077	0.00158462	0.0233154	0.00586923	0.00362308	0.0045	0	0	0	0	0.0013	0.00572308	0.00113077	0.0291538	
0.00161538	0.00128462	0.000961538	0.000830769	0.0017	0.000976923	0.000792308	0.00122308	0.000807692	0.000623077	0.00248462	0.000776923	0	0	0.00468462	7.69231e-06	0	0.0001	0	0.00459231	0.00247692	0.000223077	0.00178462	0.000207692	0.00301538	0.000669231	0.000338462	0.000669231	0	0	0	0	0.000215385	0.000661538	0.000176923	0.00363846	
0.322762	0.241223	0.198446	0.184631	0.359569	0.1919	0.168531	0.227062	0.191246	0.144769	0.406692	0.204354	0.000369231	0.000238462	0.946338	0.000115385	0.000292308	0.0205769	0.000223077	0.925969	0.516585	0.0364692	0.3558	0.0382077	0.597992	0.148169	0.0862077	0.114692	0	0	0	0	0.0365615	0.140177	0.0281692	0.742154	
0.00363077	0.00281538	0.0023	0.00219231	0.00424615	0.00227692	0.00182308	0.00259231	0.002	0.00142308	0.0057	0.00181538	0	7.69231e-06	0.0109231	7.69231e-06	2.30769e-05	0.000284615	0	0.0106308	0.0059	0.000392308	0.00421538	0.000430769	0.00679231	0.00178462	0.00111538	0.00124615	0	0	0	0	0.000407692	0.00168462	0.000338462	0.00850769	
0.0130692	0.00978462	0.00835385	0.00727692	0.0162692	0.00693077	0.00624615	0.00903846	0.0066	0.00497692	0.0197385	0.00716923	2.30769e-05	0	0.0384462	1.53846e-05	7.69231e-06	0.000746154	2.30769e-05	0.0377077	0.0237385	0.00119231	0.0123308	0.00122308	0.0275	0.00457692	0.00247692	0.00393077	0.0013	0.000215385	0.0365615	0.000407692	0	0	0	0	
0.0520077	0.0379385	0.0304231	0.0278769	0.0636385	0.0275	0.0242077	0.0329	0.0258462	0.0198769	0.0754	0.0271231	4.61538e-05	6.15385e-05	0.148123	1.53846e-05	6.92308e-05	0.00313077	3.07692e-05	0.145015	0.091	0.00443077	0.0480846	0.00473077	0.107338	0.0166615	0.00985385	0.0143923	0.00572308	0.000661538	0.140177	0.00168462	0	0	0	0	
0.0106462	0.00756154	0.00626154	0.00534615	0.0130077	0.00539231	0.00476923	0.00664615	0.00494615	0.00411538	0.0153769	0.00537692	3.07692e-05	0	0.0297846	0	0	0.000646154	0	0.0291692	0.0184923	0.000876923	0.00953077	0.000915385	0.0213	0.00365385	0.00193077	0.00293077	0.00113077	0.000176923	0.0281692	0.000338462	0	0	0	0	
0.265638	0.199531	0.164115	0.154169	0.287392	0.162515	0.142208	0.191338	0.162846	0.122469	0.323977	0.174162	0.000292308	0.000192308	0.782862	0.000107692	0.000246154	0.0173154	0.000169231	0.765723	0.412315	0.0320154	0.305562	0.0335615	0.474977	0.1316	0.0770231	0.0998538	0.0291538	0.00363846	0.742154	0.00850769	0	0	0	0	
