0	0	0	0	0.1532	0.0618769	0.0551615	0.0746	0.0613923	0.0469615	0.170531	0.0659538	6.92308e-05	3.07692e-05	0.344654	8.46154e-05	0.000130769	0.00754615	7.69231e-05	0.337085	0.186485	0.0135692	0.130431	0.0143538	0.214946	0.0555154	0.0326385	0.0417385	0.0128077	0.00156154	0.326623	0.00384615	0.0135615	0.0518769	0.0104846	0.268915	
0	0	0	0	0.105208	0.0478385	0.0402308	0.0607385	0.0528538	0.0383308	0.106592	0.0562385	9.23077e-05	5.38462e-05	0.253831	3.84615e-05	3.84615e-05	0.00568462	2.30769e-05	0.248269	0.1389	0.0100692	0.095	0.0100462	0.160523	0.0397	0.0232846	0.0305077	0.00980769	0.00104615	0.240154	0.00300769	0.0100923	0.0375385	0.00821538	0.198169	
0	0	0	0	0.0903231	0.0384462	0.0340769	0.0436	0.0427154	0.0318615	0.0863077	0.0455615	0.000107692	5.38462e-05	0.206254	3.07692e-05	7.69231e-05	0.00475385	3.84615e-05	0.201577	0.111431	0.00831538	0.0782154	0.00848462	0.129346	0.0322077	0.0196538	0.0252385	0.00751538	0.000776923	0.195931	0.00222308	0.00775385	0.0302538	0.00625385	0.162185	
0	0	0	0	0.0328769	0.0538615	0.0469154	0.0610462	0.0395692	0.0332769	0.0747462	0.0471077	0.000130769	3.84615e-05	0.194523	7.69231e-06	6.15385e-05	0.00436154	5.38462e-05	0.190223	0.108485	0.00732308	0.0713538	0.00753846	0.124092	0.0298385	0.0172385	0.0235308	0.00729231	0.000969231	0.1845	0.00193846	0.00746923	0.0287692	0.00610769	0.152354	
0.1532	0.105208	0.0903231	0.0328769	0	0	0	0	0.0726923	0.0449308	0.202269	0.0617154	0.000115385	6.15385e-05	0.381362	6.92308e-05	0.000130769	0.00857692	6.15385e-05	0.372838	0.193008	0.0169462	0.154508	0.0171462	0.232869	0.0630923	0.0380077	0.0476385	0.0142846	0.00166923	0.361338	0.00431538	0.0149846	0.0567154	0.0121538	0.297754	
0.0618769	0.0478385	0.0384462	0.0538615	0	0	0	0	0.0509077	0.0313077	0.0683	0.0515077	8.46154e-05	4.61538e-05	0.201854	3.84615e-05	4.61538e-05	0.0043	3.84615e-05	0.197638	0.1156	0.00768462	0.0715385	0.0072	0.130877	0.0299	0.0175538	0.0236923	0.00779231	0.000984615	0.191023	0.00222308	0.00790769	0.0296615	0.00589231	0.158562	
0.0551615	0.0402308	0.0340769	0.0469154	0	0	0	0	0.0464231	0.0284462	0.0631462	0.0383692	7.69231e-05	3.84615e-05	0.176246	2.30769e-05	5.38462e-05	0.00404615	4.61538e-05	0.172238	0.0994231	0.00636923	0.0636846	0.00690769	0.113969	0.0266923	0.0152923	0.0204308	0.00654615	0.000815385	0.167069	0.00195385	0.00672308	0.0259846	0.00533846	0.138338	
0.0746	0.0607385	0.0436	0.0610462	0	0	0	0	0.0265077	0.0457462	0.104462	0.0632692	0.000123077	3.07692e-05	0.2398	3.07692e-05	7.69231e-05	0.00542308	4.61538e-05	0.234438	0.137269	0.00827692	0.0852692	0.00916923	0.151192	0.0375769	0.0219615	0.0292538	0.0088	0.000884615	0.227777	0.00252308	0.00926154	0.0360769	0.00767692	0.186969	
0.0613923	0.0528538	0.0427154	0.0395692	0.0726923	0.0509077	0.0464231	0.0265077	0	0	0	0	6.15385e-05	4.61538e-05	0.196377	4.61538e-05	8.46154e-05	0.00433846	3.84615e-05	0.192069	0.105692	0.00800769	0.0749231	0.00790769	0.131638	0.0277308	0.0155538	0.0216077	0.00706154	0.000923077	0.186292	0.00225385	0.00679231	0.0253231	0.00516923	0.159246	
0.0469615	0.0383308	0.0318615	0.0332769	0.0449308	0.0313077	0.0284462	0.0457462	0	0	0	0	7.69231e-05	2.30769e-05	0.150315	1.53846e-05	3.84615e-05	0.00326923	3.07692e-05	0.147092	0.0813769	0.00566923	0.0575231	0.00586154	0.100385	0.0209308	0.0127154	0.0164	0.0058	0.000584615	0.142477	0.00156923	0.0048	0.0193308	0.00415385	0.122146	
0.170531	0.106592	0.0863077	0.0747462	0.202269	0.0683	0.0631462	0.104462	0	0	0	0	0.000169231	6.92308e-05	0.437877	6.15385e-05	0.000130769	0.00996923	8.46154e-05	0.427992	0.241562	0.0176308	0.160962	0.0180231	0.252838	0.0788462	0.0467692	0.0597231	0.0167	0.00189231	0.414923	0.00466154	0.0203	0.0759769	0.0160692	0.325831	
0.0659538	0.0562385	0.0455615	0.0471077	0.0617154	0.0515077	0.0383692	0.0632692	0	0	0	0	9.23077e-05	3.84615e-05	0.214692	3.84615e-05	5.38462e-05	0.00476923	3.84615e-05	0.21	0.116669	0.00796923	0.0815923	0.00863077	0.144046	0.0297538	0.0177769	0.0232846	0.00786154	0.000953846	0.203515	0.00253077	0.00698462	0.0278077	0.00566923	0.1744	
6.92308e-05	9.23077e-05	0.000107692	0.000130769	0.000115385	8.46154e-05	7.69231e-05	0.000123077	6.15385e-05	7.69231e-05	0.000169231	9.23077e-05	0	0	0	0	0	0	0	0.0004	0.000215385	7.69231e-06	0.000153846	2.30769e-05	0.000307692	3.84615e-05	0	5.38462e-05	7.69231e-06	7.69231e-06	0.000376923	7.69231e-06	7.69231e-06	6.15385e-05	7.69231e-06	0.000323077	
3.07692e-05	5.38462e-05	5.38462e-05	3.84615e-05	6.15385e-05	4.61538e-05	3.84615e-05	3.07692e-05	4.61538e-05	2.30769e-05	6.92308e-05	3.84615e-05	0	0	0	0	0	0	0	0.000176923	6.92308e-05	1.53846e-05	7.69231e-05	1.53846e-05	0.000130769	7.69231e-06	7.69231e-06	3.07692e-05	0	0	0.000161538	1.53846e-05	0	6.15385e-05	0	0.000115385	
0.344654	0.253831	0.206254	0.194523	0.381362	0.201854	0.176246	0.2398	0.196377	0.150315	0.437877	0.214692	0	0	0	0	0.0003	0.0223385	0.000192308	0.976431	0.544923	0.0392462	0.374715	0.0403769	0.628338	0.1572	0.0928	0.120923	0.0374154	0.00434615	0.946508	0.0109923	0.0388692	0.148308	0.0310538	0.781031	
8.46154e-05	3.84615e-05	3.07692e-05	7.69231e-06	6.92308e-05	3.84615e-05	2.30769e-05	3.07692e-05	4.61538e-05	1.53846e-05	6.15385e-05	3.84615e-05	0	0	0	0	7.69231e-06	7.69231e-06	0	0.000146154	9.23077e-05	7.69231e-06	5.38462e-05	7.69231e-06	0.000130769	1.53846e-05	7.69231e-06	7.69231e-06	0	0	0.000161538	0	0	7.69231e-06	0	0.000153846	
0.000130769	3.84615e-05	7.69231e-05	6.15385e-05	0.000130769	4.61538e-05	5.38462e-05	7.69231e-05	8.46154e-05	3.84615e-05	0.000130769	5.38462e-05	0	0	0.0003	7.69231e-06	0	0	0	0	0.000184615	1.53846e-05	0.0001	7.69231e-06	0.000215385	3.84615e-05	2.30769e-05	3.07692e-05	4.61538e-05	0	0.000253846	7.69231e-06	7.69231e-06	5.38462e-05	7.69231e-06	0.000238462	
0.00754615	0.00568462	0.00475385	0.00436154	0.00857692	0.0043	0.00404615	0.00542308	0.00433846	0.00326923	0.00996923	0.00476923	0	0	0.0223385	7.69231e-06	0	0	0	0	0.0123692	0.000715385	0.00834615	0.000915385	0.0139692	0.0037	0.00213077	0.00254615	0.000792308	5.38462e-05	0.0212308	0.000269231	0.000876923	0.00339231	0.000561538	0.0175154	
7.69231e-05	2.30769e-05	3.84615e-05	5.38462e-05	6.15385e-05	3.84615e-05	4.61538e-05	4.61538e-05	3.84615e-05	3.07692e-05	8.46154e-05	3.84615e-05	0	0	0.000192308	0	0	0	0	0	9.23077e-05	7.69231e-06	9.23077e-05	0	0.000130769	3.07692e-05	1.53846e-05	1.53846e-05	1.53846e-05	0	0.000176923	0	1.53846e-05	1.53846e-05	7.69231e-06	0.000153846	
0.337085	0.248269	0.201577	0.190223	0.372838	0.197638	0.172238	0.234438	0.192069	0.147092	0.427992	0.21	0.0004	0.000176923	0.976431	0.000146154	0	0	0	0	0.532654	0.0385385	0.366462	0.0395	0.614592	0.153492	0.0906462	0.118423	0.0365692	0.0043	0.925546	0.0107385	0.0379769	0.144977	0.0304846	0.763715	
0.186485	0.1389	0.111431	0.108485	0.193008	0.1156	0.0994231	0.137269	0.105692	0.0813769	0.241562	0.116669	0.000215385	6.92308e-05	0.544923	9.23077e-05	0.000184615	0.0123692	9.23077e-05	0.532654	0	0	0	0	0.302954	0.0992154	0.0589	0.0842308	0.0203615	0.00234615	0.516446	0.00614615	0.0229692	0.0877692	0.0188	0.415762	
0.0135692	0.0100692	0.00831538	0.00732308	0.0169462	0.00768462	0.00636923	0.00827692	0.00800769	0.00566923	0.0176308	0.00796923	7.69231e-06	1.53846e-05	0.0392462	7.69231e-06	1.53846e-05	0.000715385	7.69231e-06	0.0385385	0	0	0	0	0.0219385	0.00753846	0.0046	0.0052	0.00138462	0.000223077	0.0371769	0.000492308	0.0013	0.00479231	0.000984615	0.0322	
0.130431	0.095	0.0782154	0.0713538	0.154508	0.0715385	0.0636846	0.0852692	0.0749231	0.0575231	0.160962	0.0815923	0.000153846	7.69231e-05	0.374715	5.38462e-05	0.0001	0.00834615	9.23077e-05	0.366462	0	0	0	0	0.281469	0.0428077	0.0249385	0.0257846	0.0139923	0.00160769	0.355408	0.00399231	0.0132615	0.0508385	0.0102385	0.300662	
0.0143538	0.0100462	0.00848462	0.00753846	0.0171462	0.0072	0.00690769	0.00916923	0.00790769	0.00586154	0.0180231	0.00863077	2.30769e-05	1.53846e-05	0.0403769	7.69231e-06	7.69231e-06	0.000915385	0	0.0395	0	0	0	0	0.0225462	0.0077	0.00437692	0.0058	0.00168462	0.000176923	0.0381769	0.000384615	0.00134615	0.00503846	0.00103846	0.033	
0.214946	0.160523	0.129346	0.124092	0.232869	0.130877	0.113969	0.151192	0.131638	0.100385	0.252838	0.144046	0.000307692	0.000130769	0.628338	0.000130769	0.000215385	0.0139692	0.000130769	0.614592	0.302954	0.0219385	0.281469	0.0225462	0	0	0	0	0.0235077	0.00269231	0.595908	0.0068	0.0273692	0.104715	0.0223923	0.474431	
0.0555154	0.0397	0.0322077	0.0298385	0.0630923	0.0299	0.0266923	0.0375769	0.0277308	0.0209308	0.0788462	0.0297538	3.84615e-05	7.69231e-06	0.1572	1.53846e-05	3.84615e-05	0.0037	3.07692e-05	0.153492	0.0992154	0.00753846	0.0428077	0.0077	0	0	0	0	0.00596923	0.000684615	0.148854	0.00175385	0.00466154	0.0183231	0.00383077	0.130446	
0.0326385	0.0232846	0.0196538	0.0172385	0.0380077	0.0175538	0.0152923	0.0219615	0.0155538	0.0127154	0.0467692	0.0177769	0	7.69231e-06	0.0928	7.69231e-06	2.30769e-05	0.00213077	1.53846e-05	0.0906462	0.0589	0.0046	0.0249385	0.00437692	0	0	0	0	0.00348462	0.000369231	0.0879769	0.000984615	0.00290769	0.0110615	0.00216923	0.0766769	
0.0417385	0.0305077	0.0252385	0.0235308	0.0476385	0.0236923	0.0204308	0.0292538	0.0216077	0.0164	0.0597231	0.0232846	5.38462e-05	3.07692e-05	0.120923	7.69231e-06	3.07692e-05	0.00254615	1.53846e-05	0.118423	0.0842308	0.0052	0.0257846	0.0058	0	0	0	0	0.00446154	0.000607692	0.114469	0.00147692	0.00393846	0.0143385	0.00266923	0.100069	
0.0128077	0.00980769	0.00751538	0.00729231	0.0142846	0.00779231	0.00654615	0.0088	0.00706154	0.0058	0.0167	0.00786154	7.69231e-06	0	0.0374154	0	4.61538e-05	0.000792308	1.53846e-05	0.0365692	0.0203615	0.00138462	0.0139923	0.00168462	0.0235077	0.00596923	0.00348462	0.00446154	0	0	0	0	0.00147692	0.00569231	0.00113846	0.0291154	
0.00156154	0.00104615	0.000776923	0.000969231	0.00166923	0.000984615	0.000815385	0.000884615	0.000923077	0.000584615	0.00189231	0.000953846	7.69231e-06	0	0.00434615	0	0	5.38462e-05	0	0.0043	0.00234615	0.000223077	0.00160769	0.000176923	0.00269231	0.000684615	0.000369231	0.000607692	0	0	0	0	0.000130769	0.000653846	0.000115385	0.00345385	
0.326623	0.240154	0.195931	0.1845	0.361338	0.191023	0.167069	0.227777	0.186292	0.142477	0.414923	0.203515	0.000376923	0.000161538	0.946508	0.000161538	0.000253846	0.0212308	0.000176923	0.925546	0.516446	0.0371769	0.355408	0.0381769	0.595908	0.148854	0.0879769	0.114469	0	0	0	0	0.0367615	0.140554	0.0294923	0.7404	
0.00384615	0.00300769	0.00222308	0.00193846	0.00431538	0.00222308	0.00195385	0.00252308	0.00225385	0.00156923	0.00466154	0.00253077	7.69231e-06	1.53846e-05	0.0109923	0	7.69231e-06	0.000269231	0	0.0107385	0.00614615	0.000492308	0.00399231	0.000384615	0.0068	0.00175385	0.000984615	0.00147692	0	0	0	0	0.000507692	0.00153846	0.000315385	0.00865385	
0.0135615	0.0100923	0.00775385	0.00746923	0.0149846	0.00790769	0.00672308	0.00926154	0.00679231	0.0048	0.0203	0.00698462	7.69231e-06	0	0.0388692	0	7.69231e-06	0.000876923	1.53846e-05	0.0379769	0.0229692	0.0013	0.0132615	0.00134615	0.0273692	0.00466154	0.00290769	0.00393846	0.00147692	0.000130769	0.0367615	0.000507692	0	0	0	0	
0.0518769	0.0375385	0.0302538	0.0287692	0.0567154	0.0296615	0.0259846	0.0360769	0.0253231	0.0193308	0.0759769	0.0278077	6.15385e-05	6.15385e-05	0.148308	7.69231e-06	5.38462e-05	0.00339231	1.53846e-05	0.144977	0.0877692	0.00479231	0.0508385	0.00503846	0.104715	0.0183231	0.0110615	0.0143385	0.00569231	0.000653846	0.140554	0.00153846	0	0	0	0	
0.0104846	0.00821538	0.00625385	0.00610769	0.0121538	0.00589231	0.00533846	0.00767692	0.00516923	0.00415385	0.0160692	0.00566923	7.69231e-06	0	0.0310538	0	7.69231e-06	0.000561538	7.69231e-06	0.0304846	0.0188	0.000984615	0.0102385	0.00103846	0.0223923	0.00383077	0.00216923	0.00266923	0.00113846	0.000115385	0.0294923	0.000315385	0	0	0	0	
0.268915	0.198169	0.162185	0.152354	0.297754	0.158562	0.138338	0.186969	0.159246	0.122146	0.325831	0.1744	0.000323077	0.000115385	0.781031	0.000153846	0.000238462	0.0175154	0.000153846	0.763715	0.415762	0.0322	0.300662	0.033	0.474431	0.130446	0.0766769	0.100069	0.0291154	0.00345385	0.7404	0.00865385	0	0	0	0	
