0	0	0	0	0.207768	0.0341455	0.0414	0.0438864	0.0364091	0.0105955	0.252568	0.0276273	0.000604545	0.0003	0.325618	0.000677273	0.000345455	0.0152909	0.000422727	0.311141	0.187691	0.0156364	0.107855	0.0160182	0.214095	0.0281182	0.0425955	0.0423909	0.0337273	0.0242227	0.239545	0.0297045	0.0606727	0.0510955	0.0653045	0.150127	
0	0	0	0	0.245432	0.0335682	0.02955	0.0438409	0.0359591	0.0109091	0.277777	0.0277455	0.000645455	0.000277273	0.35065	0.000818182	0.000318182	0.0162455	0.000427273	0.3354	0.201968	0.0169773	0.116295	0.01715	0.228286	0.0310136	0.0466091	0.0464818	0.0373	0.0270045	0.255095	0.0329909	0.0660182	0.0563364	0.0713	0.158736	
0	0	0	0	0.118986	0.0199727	0.0234182	0.0258818	0.0207045	0.00625909	0.145327	0.0159682	0.000395455	0.000131818	0.187386	0.000345455	0.0002	0.00884091	0.000159091	0.179059	0.107518	0.00894545	0.0623773	0.00941818	0.122636	0.0162955	0.0243045	0.0250227	0.0197682	0.0135091	0.137632	0.01735	0.0348318	0.0300227	0.0373727	0.0860318	
0	0	0	0	0.0355682	0.0280955	0.0325091	0.0359773	0.0199682	0.00565909	0.0917591	0.0147636	0.000186364	0.000109091	0.1316	0.000254545	0.000177273	0.00635455	0.000145455	0.125473	0.0731182	0.00618636	0.0465045	0.00634091	0.0917773	0.00948636	0.0151455	0.0157409	0.0113727	0.00804091	0.102768	0.00996818	0.0230455	0.0206273	0.0247636	0.0637136	
0.207768	0.245432	0.118986	0.0355682	0	0	0	0	0.0438091	0.0129273	0.517791	0.0332273	0.00110455	0.000518182	0.604864	0.00126818	0.000545455	0.0278864	0.000745455	0.578577	0.354695	0.0303818	0.192282	0.0303955	0.37485	0.0592909	0.0865864	0.0870273	0.0742409	0.0528864	0.415077	0.06555	0.118241	0.101155	0.127255	0.261105	
0.0341455	0.0335682	0.0199727	0.0280955	0	0	0	0	0.0257091	0.00775	0.0624045	0.0199182	0.000186364	7.72727e-05	0.115259	0.000259091	0.000177273	0.00574545	0.000136364	0.109723	0.0636682	0.00514545	0.0415773	0.00539091	0.08295	0.00739545	0.0126182	0.0128182	0.00800909	0.00585909	0.09495	0.00696364	0.0189	0.0162682	0.0197818	0.0608318	
0.0414	0.02955	0.0234182	0.0325091	0	0	0	0	0.0198818	0.00575909	0.0859955	0.0152409	0.000295455	0.0001	0.126205	0.000277273	0.00015	0.00581818	9.09091e-05	0.120818	0.0698318	0.00567273	0.0454364	0.00593636	0.0914455	0.00824545	0.0134909	0.0136955	0.00915	0.00625909	0.103527	0.00794091	0.0212455	0.0181	0.0242864	0.0632455	
0.0438864	0.0438409	0.0258818	0.0359773	0	0	0	0	0.0236409	0.00698636	0.101241	0.0177182	0.000245455	0.000122727	0.148927	0.000290909	0.000168182	0.00728182	0.000181818	0.141955	0.0821	0.00654545	0.0537364	0.00720455	0.10755	0.00998182	0.0159591	0.0160955	0.0107682	0.00777273	0.121486	0.00955909	0.0261818	0.0225591	0.0274182	0.0734273	
0.0364091	0.0359591	0.0207045	0.0199682	0.0438091	0.0257091	0.0198818	0.0236409	0	0	0	0	0.000254545	6.36364e-05	0.112468	0.000254545	0.000145455	0.00635	0.000127273	0.106418	0.0634545	0.00509091	0.0391909	0.00530455	0.0769682	0.00857273	0.0136136	0.0138864	0.00916364	0.00662727	0.0890455	0.00820455	0.0134091	0.0112591	0.0145682	0.0738045	
0.0105955	0.0109091	0.00625909	0.00565909	0.0129273	0.00775	0.00575909	0.00698636	0	0	0	0	4.09091e-05	1.81818e-05	0.0332727	9.09091e-05	4.09091e-05	0.00172727	5e-05	0.0316045	0.0182455	0.00158636	0.0118227	0.00176818	0.0227545	0.0025	0.00418182	0.00398636	0.00274545	0.00193182	0.0263955	0.00235	0.00396818	0.00330909	0.00437727	0.0217682	
0.252568	0.277777	0.145327	0.0917591	0.517791	0.0624045	0.0859955	0.101241	0	0	0	0	0.00142727	0.000663636	0.763764	0.00157727	0.000727273	0.0339136	0.000895455	0.731895	0.441236	0.0370636	0.251673	0.0374591	0.497836	0.0677318	0.100827	0.101036	0.0833636	0.0593	0.551441	0.0733273	0.156932	0.134595	0.168532	0.307373	
0.0276273	0.0277455	0.0159682	0.0147636	0.0332273	0.0199182	0.0152409	0.0177182	0	0	0	0	0.000109091	7.27273e-05	0.08575	0.000172727	0.000127273	0.00474091	8.18182e-05	0.0811545	0.0473591	0.00400455	0.0303455	0.00439545	0.0592364	0.00610909	0.0100318	0.0107273	0.00689545	0.00491818	0.0681591	0.00613182	0.0102591	0.00891818	0.0112636	0.0556636	
0.000604545	0.000645455	0.000395455	0.000186364	0.00110455	0.000186364	0.000295455	0.000245455	0.000254545	4.09091e-05	0.00142727	0.000109091	0	0	0	0	4.54545e-06	0.000136364	0	0.00169091	0.00105	7.72727e-05	0.000609091	9.54545e-05	0.00118182	0.000172727	0.000222727	0.000254545	0.000222727	0.000113636	0.00140455	9.09091e-05	0.000386364	0.000281818	0.000354545	0.000809091	
0.0003	0.000277273	0.000131818	0.000109091	0.000518182	7.72727e-05	0.0001	0.000122727	6.36364e-05	1.81818e-05	0.000663636	7.27273e-05	0	0	0	0	0	5.45455e-05	0	0.000763636	0.000472727	3.18182e-05	0.000272727	4.09091e-05	0.000531818	8.63636e-05	9.54545e-05	0.000104545	8.18182e-05	6.81818e-05	0.000568182	0.0001	0.000163636	0.000131818	0.000186364	0.000336364	
0.325618	0.35065	0.187386	0.1316	0.604864	0.115259	0.126205	0.148927	0.112468	0.0332727	0.763764	0.08575	0	0	0	0	0.00103636	0.0464682	0.00115455	0.946595	0.567523	0.0475455	0.331473	0.0487136	0.653727	0.0844909	0.128041	0.128995	0.101627	0.07245	0.731532	0.0896455	0.183591	0.157391	0.197782	0.456491	
0.000677273	0.000818182	0.000345455	0.000254545	0.00126818	0.000259091	0.000277273	0.000290909	0.000254545	9.09091e-05	0.00157727	0.000172727	0	0	0	0	0	7.27273e-05	0	0.00202273	0.00125	9.09091e-05	0.000677273	7.72727e-05	0.00135455	0.000163636	0.000295455	0.000281818	0.000236364	0.000145455	0.00153636	0.000177273	0.000427273	0.000277273	0.000418182	0.000972727	
0.000345455	0.000318182	0.0002	0.000177273	0.000545455	0.000177273	0.00015	0.000168182	0.000145455	4.09091e-05	0.000727273	0.000127273	4.54545e-06	0	0.00103636	0	0	0	0	0	0.000581818	5e-05	0.000345455	6.36364e-05	0.000695455	6.81818e-05	0.000140909	0.000136364	0.000127273	8.63636e-05	0.0007	0.000127273	0.000181818	0.000131818	0.000245455	0.000481818	
0.0152909	0.0162455	0.00884091	0.00635455	0.0278864	0.00574545	0.00581818	0.00728182	0.00635	0.00172727	0.0339136	0.00474091	0.000136364	5.45455e-05	0.0464682	7.27273e-05	0	0	0	0	0.0272864	0.00232273	0.0149364	0.00218636	0.0302955	0.00421818	0.00615	0.00606818	0.00558182	0.00395909	0.0321409	0.00505	0.00858636	0.00741818	0.00921818	0.0215091	
0.000422727	0.000427273	0.000159091	0.000145455	0.000745455	0.000136364	9.09091e-05	0.000181818	0.000127273	5e-05	0.000895455	8.18182e-05	0	0	0.00115455	0	0	0	0	0	0.000645455	3.63636e-05	0.000409091	6.36364e-05	0.000745455	0.000104545	0.000168182	0.000136364	0.000109091	0.000104545	0.000813636	0.000127273	0.000213636	0.000209091	0.000263636	0.000468182	
0.311141	0.3354	0.179059	0.125473	0.578577	0.109723	0.120818	0.141955	0.106418	0.0316045	0.731895	0.0811545	0.00169091	0.000763636	0.946595	0.00202273	0	0	0	0	0.541782	0.0453364	0.317341	0.0466136	0.625059	0.0805227	0.122195	0.123295	0.09635	0.0686273	0.701386	0.0847091	0.175586	0.150323	0.189014	0.43615	
0.187691	0.201968	0.107518	0.0731182	0.354695	0.0636682	0.0698318	0.0821	0.0634545	0.0182455	0.441236	0.0473591	0.00105	0.000472727	0.567523	0.00125	0.000581818	0.0272864	0.000645455	0.541782	0	0	0	0	0.343659	0.0571955	0.0844682	0.0849727	0.0743318	0.0528591	0.37745	0.0656545	0.108359	0.0921455	0.116673	0.253118	
0.0156364	0.0169773	0.00894545	0.00618636	0.0303818	0.00514545	0.00567273	0.00654545	0.00509091	0.00158636	0.0370636	0.00400455	7.72727e-05	3.18182e-05	0.0475455	9.09091e-05	5e-05	0.00232273	3.63636e-05	0.0453364	0	0	0	0	0.0284636	0.00492273	0.00693636	0.00742273	0.00648182	0.00439091	0.0312636	0.00560909	0.00908182	0.00794545	0.00986818	0.02085	
0.107855	0.116295	0.0623773	0.0465045	0.192282	0.0415773	0.0454364	0.0537364	0.0391909	0.0118227	0.251673	0.0303455	0.000609091	0.000272727	0.331473	0.000677273	0.000345455	0.0149364	0.000409091	0.317341	0	0	0	0	0.2551	0.0176773	0.0299227	0.0303318	0.0149727	0.0108364	0.293886	0.0133364	0.0579364	0.0497045	0.0624636	0.162927	
0.0160182	0.01715	0.00941818	0.00634091	0.0303955	0.00539091	0.00593636	0.00720455	0.00530455	0.00176818	0.0374591	0.00439545	9.54545e-05	4.09091e-05	0.0487136	7.72727e-05	6.36364e-05	0.00218636	6.36364e-05	0.0466136	0	0	0	0	0.0295727	0.00511818	0.00732727	0.00690909	0.00638182	0.00469091	0.0324409	0.00541364	0.00919091	0.00828636	0.00973636	0.0217136	
0.214095	0.228286	0.122636	0.0917773	0.37485	0.08295	0.0914455	0.10755	0.0769682	0.0227545	0.497836	0.0592364	0.00118182	0.000531818	0.653727	0.00135455	0.000695455	0.0302955	0.000745455	0.625059	0.343659	0.0284636	0.2551	0.0295727	0	0	0	0	0.0482545	0.0344409	0.531795	0.0423045	0.116664	0.101191	0.127105	0.311836	
0.0281182	0.0310136	0.0162955	0.00948636	0.0592909	0.00739545	0.00824545	0.00998182	0.00857273	0.0025	0.0677318	0.00610909	0.000172727	8.63636e-05	0.0844909	0.000163636	6.81818e-05	0.00421818	0.000104545	0.0805227	0.0571955	0.00492273	0.0176773	0.00511818	0	0	0	0	0.0173455	0.0124591	0.0400591	0.01505	0.0173182	0.0143773	0.0183773	0.0348409	
0.0425955	0.0466091	0.0243045	0.0151455	0.0865864	0.0126182	0.0134909	0.0159591	0.0136136	0.00418182	0.100827	0.0100318	0.000222727	9.54545e-05	0.128041	0.000295455	0.000140909	0.00615	0.000168182	0.122195	0.0844682	0.00693636	0.0299227	0.00732727	0	0	0	0	0.0179545	0.0127091	0.0817818	0.0162091	0.0253591	0.0216773	0.0262864	0.0553318	
0.0423909	0.0464818	0.0250227	0.0157409	0.0870273	0.0128182	0.0136955	0.0160955	0.0138864	0.00398636	0.101036	0.0107273	0.000254545	0.000104545	0.128995	0.000281818	0.000136364	0.00606818	0.000136364	0.123295	0.0849727	0.00742273	0.0303318	0.00690909	0	0	0	0	0.0186136	0.0131682	0.0814045	0.01645	0.0252273	0.0208364	0.0269727	0.0566	
0.0337273	0.0373	0.0197682	0.0113727	0.0742409	0.00800909	0.00915	0.0107682	0.00916364	0.00274545	0.0833636	0.00689545	0.000222727	8.18182e-05	0.101627	0.000236364	0.000127273	0.00558182	0.000109091	0.09635	0.0743318	0.00648182	0.0149727	0.00638182	0.0482545	0.0173455	0.0179545	0.0186136	0	0	0	0	0.0241682	0.0202455	0.0256955	0.0320591	
0.0242227	0.0270045	0.0135091	0.00804091	0.0528864	0.00585909	0.00625909	0.00777273	0.00662727	0.00193182	0.0593	0.00491818	0.000113636	6.81818e-05	0.07245	0.000145455	8.63636e-05	0.00395909	0.000104545	0.0686273	0.0528591	0.00439091	0.0108364	0.00469091	0.0344409	0.0124591	0.0127091	0.0131682	0	0	0	0	0.0171364	0.01485	0.0178	0.0229909	
0.239545	0.255095	0.137632	0.102768	0.415077	0.09495	0.103527	0.121486	0.0890455	0.0263955	0.551441	0.0681591	0.00140455	0.000568182	0.731532	0.00153636	0.0007	0.0321409	0.000813636	0.701386	0.37745	0.0312636	0.293886	0.0324409	0.531795	0.0400591	0.0817818	0.0814045	0	0	0	0	0.122036	0.105186	0.132459	0.375359	
0.0297045	0.0329909	0.01735	0.00996818	0.06555	0.00696364	0.00794091	0.00955909	0.00820455	0.00235	0.0733273	0.00613182	9.09091e-05	0.0001	0.0896455	0.000177273	0.000127273	0.00505	0.000127273	0.0847091	0.0656545	0.00560909	0.0133364	0.00541364	0.0423045	0.01505	0.0162091	0.01645	0	0	0	0	0.0212273	0.0178	0.0227864	0.0282	
0.0606727	0.0660182	0.0348318	0.0230455	0.118241	0.0189	0.0212455	0.0261818	0.0134091	0.00396818	0.156932	0.0102591	0.000386364	0.000163636	0.183591	0.000427273	0.000181818	0.00858636	0.000213636	0.175586	0.108359	0.00908182	0.0579364	0.00919091	0.116664	0.0173182	0.0253591	0.0252273	0.0241682	0.0171364	0.122036	0.0212273	0	0	0	0	
0.0510955	0.0563364	0.0300227	0.0206273	0.101155	0.0162682	0.0181	0.0225591	0.0112591	0.00330909	0.134595	0.00891818	0.000281818	0.000131818	0.157391	0.000277273	0.000131818	0.00741818	0.000209091	0.150323	0.0921455	0.00794545	0.0497045	0.00828636	0.101191	0.0143773	0.0216773	0.0208364	0.0202455	0.01485	0.105186	0.0178	0	0	0	0	
0.0653045	0.0713	0.0373727	0.0247636	0.127255	0.0197818	0.0242864	0.0274182	0.0145682	0.00437727	0.168532	0.0112636	0.000354545	0.000186364	0.197782	0.000418182	0.000245455	0.00921818	0.000263636	0.189014	0.116673	0.00986818	0.0624636	0.00973636	0.127105	0.0183773	0.0262864	0.0269727	0.0256955	0.0178	0.132459	0.0227864	0	0	0	0	
0.150127	0.158736	0.0860318	0.0637136	0.261105	0.0608318	0.0632455	0.0734273	0.0738045	0.0217682	0.307373	0.0556636	0.000809091	0.000336364	0.456491	0.000972727	0.000481818	0.0215091	0.000468182	0.43615	0.253118	0.02085	0.162927	0.0217136	0.311836	0.0348409	0.0553318	0.0566	0.0320591	0.0229909	0.375359	0.0282	0	0	0	0	
