0	0	0	0	0.238823	0.0328615	0.0267077	0.0560615	0.0344462	0.0145308	0.267546	0.0379308	0.00503846	0.000930769	0.345931	0.00255385	0.00446923	0.00473077	0.00142308	0.343831	0.227215	0.0181385	0.0438462	0.0652538	0.185692	0.0493923	0.0214077	0.0979615	0.0759846	0.0355462	0.168054	0.0748692	0.0841154	0.0542154	0.0416769	0.174446	
0	0	0	0	0.217269	0.0299077	0.0234385	0.0522538	0.0315692	0.0131692	0.243731	0.0344	0.00442308	0.000746154	0.3152	0.0025	0.0041	0.00419231	0.00129231	0.313285	0.205338	0.0168462	0.0408154	0.0598692	0.167215	0.0468462	0.0198	0.0890077	0.0681385	0.0311769	0.154608	0.0689462	0.0762692	0.0498231	0.0368154	0.159962	
0	0	0	0	0.121415	0.0169846	0.0128308	0.0276308	0.0167308	0.00715385	0.136608	0.0183692	0.00233846	0.000430769	0.174854	0.00123846	0.00226154	0.00230769	0.000707692	0.173585	0.114046	0.00955385	0.0227077	0.0325538	0.0928077	0.0256	0.0111	0.0493538	0.0380462	0.0184385	0.0843385	0.0380385	0.0423231	0.0273538	0.0196692	0.0895154	
0	0	0	0	0.0422692	0.0291	0.0229	0.0495462	0.0173538	0.0077	0.0990923	0.0196692	0.00196923	0.000361538	0.140392	0.00109231	0.00190769	0.00184615	0.0005	0.139562	0.0939154	0.00829231	0.0190308	0.0225769	0.0797538	0.0192462	0.00824615	0.0365692	0.0267385	0.0123231	0.0785154	0.0262385	0.0331462	0.0211615	0.0161692	0.0733385	
0.238823	0.217269	0.121415	0.0422692	0	0	0	0	0.0460462	0.0188538	0.506354	0.0485231	0.00819231	0.00151538	0.605638	0.00443077	0.00775385	0.00815385	0.00250769	0.601362	0.385592	0.0306769	0.0726462	0.130862	0.304446	0.0946308	0.0411308	0.179569	0.147331	0.0680077	0.257631	0.146808	0.150769	0.0970462	0.0718692	0.300092	
0.0328615	0.0299077	0.0169846	0.0291	0	0	0	0	0.0184538	0.00751538	0.0640231	0.0188615	0.00170769	0.000284615	0.105992	0.000869231	0.00146154	0.00143077	0.000392308	0.105569	0.0735077	0.00630769	0.0148385	0.0142	0.0638308	0.0134	0.00547692	0.0261462	0.0171846	0.00832308	0.0662385	0.0171077	0.0237077	0.0163385	0.0122	0.0566077	
0.0267077	0.0234385	0.0128308	0.0229	0	0	0	0	0.0136538	0.00508462	0.0528692	0.0142692	0.00131538	0.000176923	0.0836538	0.000730769	0.00121538	0.00102308	0.000307692	0.0833308	0.0575923	0.00498462	0.0126462	0.0106538	0.0509538	0.01	0.00423077	0.0206923	0.0134846	0.00663077	0.0517308	0.0140308	0.0191769	0.0124308	0.00971538	0.0445538	
0.0560615	0.0522538	0.0276308	0.0495462	0	0	0	0	0.0219462	0.0111	0.123731	0.0287154	0.00255385	0.000492308	0.181092	0.00135385	0.00230769	0.00246923	0.000715385	0.18	0.123823	0.0108615	0.0262692	0.0245385	0.106238	0.0230538	0.00971538	0.0464846	0.0309077	0.0145231	0.109915	0.0301462	0.0422	0.0267385	0.0205462	0.0960077	
0.0344462	0.0315692	0.0167308	0.0173538	0.0460462	0.0184538	0.0136538	0.0219462	0	0	0	0	0.00194615	0.000384615	0.0966308	0.00113846	0.00121538	0.00127692	0.0004	0.0972077	0.0659154	0.00523077	0.0136308	0.0153231	0.0678692	0.00853846	0.00396154	0.0197308	0.0127769	0.00596154	0.0687	0.0126615	0.0219538	0.0139154	0.0104923	0.0537385	
0.0145308	0.0131692	0.00715385	0.0077	0.0188538	0.00751538	0.00508462	0.0111	0	0	0	0	0.000784615	0.000146154	0.0412538	0.000369231	0.000438462	0.000553846	0.000176923	0.0413846	0.0283	0.00239231	0.00594615	0.00591538	0.0284	0.00426923	0.00147692	0.00840769	0.00545385	0.00229231	0.0296	0.00520769	0.00948462	0.00606154	0.00445385	0.0225538	
0.267546	0.243731	0.136608	0.0990923	0.506354	0.0640231	0.0528692	0.123731	0	0	0	0	0.00886154	0.00150769	0.731962	0.00464615	0.00964615	0.00986154	0.00279231	0.724677	0.472785	0.0391769	0.0920615	0.142954	0.355062	0.118238	0.0507154	0.222962	0.176762	0.0827308	0.311115	0.176369	0.180323	0.116485	0.0877615	0.362408	
0.0379308	0.0344	0.0183692	0.0196692	0.0485231	0.0188615	0.0142692	0.0287154	0	0	0	0	0.00217692	0.000430769	0.106531	0.00123077	0.00143846	0.00138462	0.000553846	0.106992	0.0735154	0.00603077	0.0147615	0.0160615	0.0741385	0.0100385	0.0044	0.0217923	0.0139154	0.0065	0.0761	0.0138538	0.0240923	0.0160923	0.0116231	0.0585615	
0.00503846	0.00442308	0.00233846	0.00196923	0.00819231	0.00170769	0.00131538	0.00255385	0.00194615	0.000784615	0.00886154	0.00217692	0	0	0	0	0.000169231	0.000169231	5.38462e-05	0.0133769	0.00831538	0.000823077	0.00203846	0.00259231	0.00752308	0.00192308	0.0009	0.00342308	0.00270769	0.0013	0.00711538	0.00264615	0.00332308	0.00193077	0.00162308	0.00689231	
0.000930769	0.000746154	0.000430769	0.000361538	0.00151538	0.000284615	0.000176923	0.000492308	0.000384615	0.000146154	0.00150769	0.000430769	0	0	0	0	3.84615e-05	3.07692e-05	1.53846e-05	0.00238462	0.00143077	0.000123077	0.000353846	0.000561538	0.00134615	0.000376923	0.000146154	0.0006	0.000530769	0.000261538	0.00121538	0.000461538	0.000638462	0.000323077	0.000253846	0.00125385	
0.345931	0.3152	0.174854	0.140392	0.605638	0.105992	0.0836538	0.181092	0.0966308	0.0412538	0.731962	0.106531	0	0	0	0	0.0124538	0.0127923	0.00384615	0.947285	0.626069	0.0514385	0.122969	0.1759	0.5125	0.137808	0.0591231	0.266946	0.2042	0.0951846	0.473438	0.203554	0.2302	0.149254	0.111638	0.485285	
0.00255385	0.0025	0.00123846	0.00109231	0.00443077	0.000869231	0.000730769	0.00135385	0.00113846	0.000369231	0.00464615	0.00123077	0	0	0	0	7.69231e-05	8.46154e-05	7.69231e-06	0.00721538	0.0047	0.000446154	0.00103846	0.0012	0.0041	0.000976923	0.000384615	0.00192308	0.00146923	0.000738462	0.00374615	0.00143077	0.00169231	0.00104615	0.000815385	0.00383077	
0.00446923	0.0041	0.00226154	0.00190769	0.00775385	0.00146154	0.00121538	0.00230769	0.00121538	0.000438462	0.00964615	0.00143846	0.000169231	3.84615e-05	0.0124538	7.69231e-05	0	0	0	0	0.00825385	0.000776923	0.00145385	0.00225385	0.00656154	0.00194615	0.000807692	0.00342308	0.00279231	0.00106154	0.00613846	0.00274615	0.00305385	0.0019	0.00137692	0.00640769	
0.00473077	0.00419231	0.00230769	0.00184615	0.00815385	0.00143077	0.00102308	0.00246923	0.00127692	0.000553846	0.00986154	0.00138462	0.000169231	3.07692e-05	0.0127923	8.46154e-05	0	0	0	0	0.00833077	0.0007	0.00153846	0.00250769	0.00692308	0.00183077	0.000723077	0.0036	0.00285385	0.00116154	0.00639231	0.00266923	0.00323077	0.00196923	0.00143846	0.00643846	
0.00142308	0.00129231	0.000707692	0.0005	0.00250769	0.000392308	0.000307692	0.000715385	0.0004	0.000176923	0.00279231	0.000553846	5.38462e-05	1.53846e-05	0.00384615	7.69231e-06	0	0	0	0	0.00246154	0.000169231	0.000530769	0.000761538	0.00191538	0.000592308	0.000323077	0.00109231	0.000753846	0.000438462	0.00196923	0.000761538	0.0008	0.000676923	0.000369231	0.00207692	
0.343831	0.313285	0.173585	0.139562	0.601362	0.105569	0.0833308	0.18	0.0972077	0.0413846	0.724677	0.106992	0.0133769	0.00238462	0.947285	0.00721538	0	0	0	0	0.621469	0.0511846	0.122877	0.174731	0.510069	0.136715	0.0587	0.264777	0.202508	0.0948231	0.471015	0.201915	0.228769	0.148008	0.111146	0.482338	
0.227215	0.205338	0.114046	0.0939154	0.385592	0.0735077	0.0575923	0.123823	0.0659154	0.0283	0.472785	0.0735154	0.00831538	0.00143077	0.626069	0.0047	0.00825385	0.00833077	0.00246154	0.621469	0	0	0	0	0.351354	0.0868538	0.0370769	0.165231	0.144862	0.0674231	0.284338	0.143892	0.1566	0.101862	0.0755	0.306554	
0.0181385	0.0168462	0.00955385	0.00829231	0.0306769	0.00630769	0.00498462	0.0108615	0.00523077	0.00239231	0.0391769	0.00603077	0.000823077	0.000123077	0.0514385	0.000446154	0.000776923	0.0007	0.000169231	0.0511846	0	0	0	0	0.0295923	0.00670769	0.00302308	0.0135077	0.00876154	0.00397692	0.0311308	0.00896154	0.0115385	0.00763846	0.00544615	0.0282077	
0.0438462	0.0408154	0.0227077	0.0190308	0.0726462	0.0148385	0.0126462	0.0262692	0.0136308	0.00594615	0.0920615	0.0147615	0.00203846	0.000353846	0.122969	0.00103846	0.00145385	0.00153846	0.000530769	0.122877	0	0	0	0	0.0839769	0.0124923	0.00532308	0.0246077	0.0206923	0.00973077	0.0756385	0.0203385	0.0272308	0.0176154	0.0133462	0.0682077	
0.0652538	0.0598692	0.0325538	0.0225769	0.130862	0.0142	0.0106538	0.0245385	0.0153231	0.00591538	0.142954	0.0160615	0.00259231	0.000561538	0.1759	0.0012	0.00225385	0.00250769	0.000761538	0.174731	0	0	0	0	0.0605462	0.0350308	0.0151308	0.0695462	0.0345923	0.0163538	0.0944077	0.0349	0.0404846	0.0254385	0.0200385	0.0942923	
0.185692	0.167215	0.0928077	0.0797538	0.304446	0.0638308	0.0509538	0.106238	0.0678692	0.0284	0.355062	0.0741385	0.00752308	0.00134615	0.5125	0.0041	0.00656154	0.00692308	0.00191538	0.510069	0.351354	0.0295923	0.0839769	0.0605462	0	0	0	0	0.0981462	0.0454385	0.283185	0.0987	0.120969	0.0796692	0.0586846	0.266146	
0.0493923	0.0468462	0.0256	0.0192462	0.0946308	0.0134	0.01	0.0230538	0.00853846	0.00426923	0.118238	0.0100385	0.00192308	0.000376923	0.137808	0.000976923	0.00194615	0.00183077	0.000592308	0.136715	0.0868538	0.00670769	0.0124923	0.0350308	0	0	0	0	0.0361077	0.0169154	0.0522308	0.0358308	0.0352538	0.0223846	0.0166308	0.0668154	
0.0214077	0.0198	0.0111	0.00824615	0.0411308	0.00547692	0.00423077	0.00971538	0.00396154	0.00147692	0.0507154	0.0044	0.0009	0.000146154	0.0591231	0.000384615	0.000807692	0.000723077	0.000323077	0.0587	0.0370769	0.00302308	0.00532308	0.0151308	0	0	0	0	0.0156615	0.00706154	0.0226231	0.0152077	0.0151769	0.00945385	0.00733077	0.0285923	
0.0979615	0.0890077	0.0493538	0.0365692	0.179569	0.0261462	0.0206923	0.0464846	0.0197308	0.00840769	0.222962	0.0217923	0.00342308	0.0006	0.266946	0.00192308	0.00342308	0.0036	0.00109231	0.264777	0.165231	0.0135077	0.0246077	0.0695462	0	0	0	0	0.0589923	0.0280692	0.127477	0.0583538	0.0644538	0.0410462	0.0316846	0.135708	
0.0759846	0.0681385	0.0380462	0.0267385	0.147331	0.0171846	0.0134846	0.0309077	0.0127769	0.00545385	0.176762	0.0139154	0.00270769	0.000530769	0.2042	0.00146923	0.00279231	0.00285385	0.000753846	0.202508	0.144862	0.00876154	0.0206923	0.0345923	0.0981462	0.0361077	0.0156615	0.0589923	0	0	0	0	0.0584	0.0382692	0.0279154	0.0843231	
0.0355462	0.0311769	0.0184385	0.0123231	0.0680077	0.00832308	0.00663077	0.0145231	0.00596154	0.00229231	0.0827308	0.0065	0.0013	0.000261538	0.0951846	0.000738462	0.00106154	0.00116154	0.000438462	0.0948231	0.0674231	0.00397692	0.00973077	0.0163538	0.0454385	0.0169154	0.00706154	0.0280692	0	0	0	0	0.0274615	0.0175	0.013	0.0395231	
0.168054	0.154608	0.0843385	0.0785154	0.257631	0.0662385	0.0517308	0.109915	0.0687	0.0296	0.311115	0.0761	0.00711538	0.00121538	0.473438	0.00374615	0.00613846	0.00639231	0.00196923	0.471015	0.284338	0.0311308	0.0756385	0.0944077	0.283185	0.0522308	0.0226231	0.127477	0	0	0	0	0.0922	0.0587	0.0449538	0.289662	
0.0748692	0.0689462	0.0380385	0.0262385	0.146808	0.0171077	0.0140308	0.0301462	0.0126615	0.00520769	0.176369	0.0138538	0.00264615	0.000461538	0.203554	0.00143077	0.00274615	0.00266923	0.000761538	0.201915	0.143892	0.00896154	0.0203385	0.0349	0.0987	0.0358308	0.0152077	0.0583538	0	0	0	0	0.0577923	0.0380846	0.0284615	0.0837538	
0.0841154	0.0762692	0.0423231	0.0331462	0.150769	0.0237077	0.0191769	0.0422	0.0219538	0.00948462	0.180323	0.0240923	0.00332308	0.000638462	0.2302	0.00169231	0.00305385	0.00323077	0.0008	0.228769	0.1566	0.0115385	0.0272308	0.0404846	0.120969	0.0352538	0.0151769	0.0644538	0.0584	0.0274615	0.0922	0.0577923	0	0	0	0	
0.0542154	0.0498231	0.0273538	0.0211615	0.0970462	0.0163385	0.0124308	0.0267385	0.0139154	0.00606154	0.116485	0.0160923	0.00193077	0.000323077	0.149254	0.00104615	0.0019	0.00196923	0.000676923	0.148008	0.101862	0.00763846	0.0176154	0.0254385	0.0796692	0.0223846	0.00945385	0.0410462	0.0382692	0.0175	0.0587	0.0380846	0	0	0	0	
0.0416769	0.0368154	0.0196692	0.0161692	0.0718692	0.0122	0.00971538	0.0205462	0.0104923	0.00445385	0.0877615	0.0116231	0.00162308	0.000253846	0.111638	0.000815385	0.00137692	0.00143846	0.000369231	0.111146	0.0755	0.00544615	0.0133462	0.0200385	0.0586846	0.0166308	0.00733077	0.0316846	0.0279154	0.013	0.0449538	0.0284615	0	0	0	0	
0.174446	0.159962	0.0895154	0.0733385	0.300092	0.0566077	0.0445538	0.0960077	0.0537385	0.0225538	0.362408	0.0585615	0.00689231	0.00125385	0.485285	0.00383077	0.00640769	0.00643846	0.00207692	0.482338	0.306554	0.0282077	0.0682077	0.0942923	0.266146	0.0668154	0.0285923	0.135708	0.0843231	0.0395231	0.289662	0.0837538	0	0	0	0	
