0	0	0	0	0.19708	0.05445	0.05571	0.0579	0.05702	0.02623	0.23497	0.04692	0.00129	0.00053	0.36236	0.00096	0.00086	0.00423	0.00059	0.35946	0.21778	0.00598	0.12377	0.01761	0.26998	0.0252	0.03787	0.03209	0.03076	0.0109	0.29958	0.0239	0.04713	0.04607	0.02492	0.24702	
0	0	0	0	0.16993	0.03328	0.03404	0.03442	0.04209	0.02094	0.17389	0.03475	0.0008	0.00056	0.26962	0.00069	0.00076	0.00287	0.00041	0.26763	0.15866	0.00439	0.09422	0.0144	0.19771	0.01915	0.0297	0.02511	0.02337	0.00801	0.22181	0.01848	0.03634	0.03404	0.0188	0.18249	
0	0	0	0	0.1022	0.02888	0.02956	0.03042	0.0298	0.01432	0.12279	0.02415	0.00071	0.00035	0.18964	0.00036	0.00056	0.00234	0.00029	0.18787	0.11371	0.00305	0.06476	0.00954	0.14095	0.0134	0.01942	0.01729	0.01616	0.00525	0.15687	0.01278	0.0252	0.02403	0.01247	0.12936	
0	0	0	0	0.04603	0.04023	0.04292	0.04295	0.02645	0.01328	0.10989	0.02251	0.0006	0.00028	0.17087	0.00038	0.00041	0.00169	0.00024	0.16979	0.10618	0.00235	0.05627	0.00733	0.13131	0.01033	0.0166	0.01389	0.01247	0.00405	0.14609	0.00952	0.0205	0.02035	0.01142	0.11986	
0.19708	0.16993	0.1022	0.04603	0	0	0	0	0.07968	0.03668	0.33582	0.06306	0.00192	0.00084	0.51128	0.0012	0.00129	0.00584	0.00088	0.50723	0.28354	0.00942	0.19286	0.02942	0.36052	0.04102	0.06203	0.05167	0.05333	0.01805	0.40248	0.04138	0.07437	0.07039	0.0389	0.33158	
0.05445	0.03328	0.02888	0.04023	0	0	0	0	0.02761	0.01264	0.09509	0.0215	0.00052	0.00031	0.15562	0.00039	0.00045	0.00161	0.0002	0.15458	0.10181	0.00213	0.04678	0.00612	0.12364	0.00838	0.01302	0.0118	0.00969	0.0031	0.13634	0.00771	0.01761	0.01734	0.00889	0.113	
0.05571	0.03404	0.02956	0.04292	0	0	0	0	0.02819	0.0133	0.09852	0.02222	0.00045	0.00027	0.16117	0.00034	0.00039	0.00167	0.00022	0.15995	0.1051	0.00224	0.04823	0.00666	0.12686	0.00893	0.01401	0.01243	0.00926	0.00342	0.14156	0.00799	0.01775	0.01791	0.00989	0.11668	
0.0579	0.03442	0.03042	0.04295	0	0	0	0	0.01988	0.01215	0.11211	0.02155	0.00051	0.0003	0.16442	0.00046	0.00046	0.00201	0.00023	0.16299	0.10588	0.00198	0.05115	0.00668	0.12893	0.00975	0.01453	0.01248	0.01048	0.00364	0.14397	0.0076	0.01944	0.01885	0.00993	0.11747	
0.05702	0.04209	0.0298	0.02645	0.07968	0.02761	0.02819	0.01988	0	0	0	0	0.00057	0.00027	0.15421	0.00031	0.00044	0.00156	0.00022	0.15314	0.10049	0.00217	0.04647	0.00623	0.12525	0.00808	0.0119	0.01013	0.0086	0.003	0.13685	0.00691	0.01418	0.01398	0.00732	0.11988	
0.02623	0.02094	0.01432	0.01328	0.03668	0.01264	0.0133	0.01215	0	0	0	0	0.00021	0.00011	0.07425	0.0002	0.00013	0.00085	0.00011	0.07368	0.04894	0.00086	0.02226	0.00271	0.06028	0.00371	0.00563	0.00515	0.00409	0.00146	0.06604	0.00318	0.00674	0.00674	0.00359	0.0577	
0.23497	0.17389	0.12279	0.10989	0.33582	0.09509	0.09852	0.11211	0	0	0	0	0.00212	0.00112	0.63678	0.00152	0.00174	0.00708	0.00099	0.63173	0.36231	0.01114	0.23303	0.03506	0.44986	0.05021	0.07664	0.06483	0.06287	0.0214	0.50872	0.04855	0.09633	0.09233	0.05042	0.40246	
0.04692	0.03475	0.02415	0.02251	0.06306	0.0215	0.02222	0.02155	0	0	0	0	0.0005	0.00022	0.12725	0.00036	0.00028	0.00164	0.00021	0.1262	0.08459	0.0016	0.03726	0.00488	0.10456	0.00608	0.00942	0.00827	0.0072	0.00235	0.11274	0.00604	0.01192	0.01144	0.00628	0.09869	
0.00129	0.0008	0.00071	0.0006	0.00192	0.00052	0.00045	0.00051	0.00057	0.00021	0.00212	0.0005	0	0	0	0	4e-05	5e-05	0	0.00331	0.00197	8e-05	0.00116	0.00019	0.00258	0.00023	0.00031	0.00028	0.00034	0.00016	0.00264	0.00026	0.00038	0.00036	0.00023	0.00243	
0.00053	0.00056	0.00035	0.00028	0.00084	0.00031	0.00027	0.0003	0.00027	0.00011	0.00112	0.00022	0	0	0	0	0	0	0	0.00172	0.00117	2e-05	0.00046	7e-05	0.00127	5e-05	0.00023	0.00017	0.00019	7e-05	0.00135	0.00011	0.00026	0.00016	0.00012	0.00118	
0.36236	0.26962	0.18964	0.17087	0.51128	0.15562	0.16117	0.16442	0.15421	0.07425	0.63678	0.12725	0	0	0	0	0.00255	0.01105	0.00153	0.97736	0.59179	0.01563	0.33656	0.04851	0.7342	0.06771	0.10282	0.08776	0.08205	0.02792	0.81838	0.06414	0.12824	0.12367	0.06712	0.67346	
0.00096	0.00069	0.00036	0.00038	0.0012	0.00039	0.00034	0.00046	0.00031	0.0002	0.00152	0.00036	0	0	0	0	0	3e-05	0	0.00236	0.0014	4e-05	0.00084	0.00011	0.0019	9e-05	0.00023	0.00017	0.00018	6e-05	0.00198	0.00017	0.00029	0.0003	0.00014	0.00166	
0.00086	0.00076	0.00056	0.00041	0.00129	0.00045	0.00039	0.00046	0.00044	0.00013	0.00174	0.00028	4e-05	0	0.00255	0	0	0	0	0	0.00172	7e-05	0.0007	0.0001	0.00199	0.00013	0.00019	0.00028	0.00022	0.0001	0.00205	0.00022	0.00036	0.00035	0.00011	0.00177	
0.00423	0.00287	0.00234	0.00169	0.00584	0.00161	0.00167	0.00201	0.00156	0.00085	0.00708	0.00164	5e-05	0	0.01105	3e-05	0	0	0	0	0.00677	0.0002	0.00368	0.00048	0.00851	0.00074	0.00102	0.00086	0.00092	0.00028	0.00921	0.00072	0.00157	0.00133	0.00072	0.00751	
0.00059	0.00041	0.00029	0.00024	0.00088	0.0002	0.00022	0.00023	0.00022	0.00011	0.00099	0.00021	0	0	0.00153	0	0	0	0	0	0.00088	2e-05	0.00054	9e-05	0.00111	0.00013	0.00012	0.00017	6e-05	8e-05	0.00128	0.00011	0.00017	0.00022	0.00013	0.00101	
0.35946	0.26763	0.18787	0.16979	0.50723	0.15458	0.15995	0.16299	0.15314	0.07368	0.63173	0.1262	0.00331	0.00172	0.97736	0.00236	0	0	0	0	0.58696	0.01548	0.3341	0.04821	0.72834	0.06708	0.10226	0.08707	0.08156	0.02775	0.81181	0.06363	0.12707	0.12259	0.06665	0.66844	
0.21778	0.15866	0.11371	0.10618	0.28354	0.10181	0.1051	0.10588	0.10049	0.04894	0.36231	0.08459	0.00197	0.00117	0.59179	0.0014	0.00172	0.00677	0.00088	0.58696	0	0	0	0	0.43912	0.03837	0.05875	0.06009	0.06514	0.02217	0.45774	0.05128	0.09206	0.08754	0.0477	0.36903	
0.00598	0.00439	0.00305	0.00235	0.00942	0.00213	0.00224	0.00198	0.00217	0.00086	0.01114	0.0016	8e-05	2e-05	0.01563	4e-05	7e-05	0.0002	2e-05	0.01548	0	0	0	0	0.01109	0.00113	0.00173	0.00182	0.00167	0.00061	0.01206	0.00143	0.00177	0.0015	0.0012	0.0113	
0.12377	0.09422	0.06476	0.05627	0.19286	0.04678	0.04823	0.05115	0.04647	0.02226	0.23303	0.03726	0.00116	0.00046	0.33656	0.00084	0.0007	0.00368	0.00054	0.3341	0	0	0	0	0.25749	0.02434	0.03701	0.02018	0.01039	0.00352	0.31726	0.00785	0.02997	0.03038	0.01599	0.26268	
0.01761	0.0144	0.00954	0.00733	0.02942	0.00612	0.00666	0.00668	0.00623	0.00271	0.03506	0.00488	0.00019	7e-05	0.04851	0.00011	0.0001	0.00048	9e-05	0.04821	0	0	0	0	0.03225	0.00424	0.0061	0.00629	0.00556	0.00191	0.03729	0.00412	0.00537	0.00507	0.00272	0.03572	
0.26998	0.19771	0.14095	0.13131	0.36052	0.12364	0.12686	0.12893	0.12525	0.06028	0.44986	0.10456	0.00258	0.00127	0.7342	0.0019	0.00199	0.00851	0.00111	0.72834	0.43912	0.01109	0.25749	0.03225	0	0	0	0	0.05598	0.01902	0.62029	0.04466	0.09261	0.08883	0.04851	0.51	
0.0252	0.01915	0.0134	0.01033	0.04102	0.00838	0.00893	0.00975	0.00808	0.00371	0.05021	0.00608	0.00023	5e-05	0.06771	9e-05	0.00013	0.00074	0.00013	0.06708	0.03837	0.00113	0.02434	0.00424	0	0	0	0	0.00675	0.00219	0.05406	0.00508	0.00938	0.00926	0.00449	0.04495	
0.03787	0.0297	0.01942	0.0166	0.06203	0.01302	0.01401	0.01453	0.0119	0.00563	0.07664	0.00942	0.00031	0.00023	0.10282	0.00023	0.00019	0.00102	0.00012	0.10226	0.05875	0.00173	0.03701	0.0061	0	0	0	0	0.01019	0.00358	0.08217	0.00765	0.01389	0.01403	0.00757	0.0681	
0.03209	0.02511	0.01729	0.01389	0.05167	0.0118	0.01243	0.01248	0.01013	0.00515	0.06483	0.00827	0.00028	0.00017	0.08776	0.00017	0.00028	0.00086	0.00017	0.08707	0.06009	0.00182	0.02018	0.00629	0	0	0	0	0.00984	0.00342	0.06783	0.00729	0.01329	0.01237	0.00704	0.05568	
0.03076	0.02337	0.01616	0.01247	0.05333	0.00969	0.00926	0.01048	0.0086	0.00409	0.06287	0.0072	0.00034	0.00019	0.08205	0.00018	0.00022	0.00092	6e-05	0.08156	0.06514	0.00167	0.01039	0.00556	0.05598	0.00675	0.01019	0.00984	0	0	0	0	0.0199	0.01668	0.01079	0.03539	
0.0109	0.00801	0.00525	0.00405	0.01805	0.0031	0.00342	0.00364	0.003	0.00146	0.0214	0.00235	0.00016	7e-05	0.02792	6e-05	0.0001	0.00028	8e-05	0.02775	0.02217	0.00061	0.00352	0.00191	0.01902	0.00219	0.00358	0.00342	0	0	0	0	0.00681	0.00546	0.00324	0.0127	
0.29958	0.22181	0.15687	0.14609	0.40248	0.13634	0.14156	0.14397	0.13685	0.06604	0.50872	0.11274	0.00264	0.00135	0.81838	0.00198	0.00205	0.00921	0.00128	0.81181	0.45774	0.01206	0.31726	0.03729	0.62029	0.05406	0.08217	0.06783	0	0	0	0	0.08753	0.08897	0.04494	0.60291	
0.0239	0.01848	0.01278	0.00952	0.04138	0.00771	0.00799	0.0076	0.00691	0.00318	0.04855	0.00604	0.00026	0.00011	0.06414	0.00017	0.00022	0.00072	0.00011	0.06363	0.05128	0.00143	0.00785	0.00412	0.04466	0.00508	0.00765	0.00729	0	0	0	0	0.01493	0.01338	0.00864	0.02773	
0.04713	0.03634	0.0252	0.0205	0.07437	0.01761	0.01775	0.01944	0.01418	0.00674	0.09633	0.01192	0.00038	0.00026	0.12824	0.00029	0.00036	0.00157	0.00017	0.12707	0.09206	0.00177	0.02997	0.00537	0.09261	0.00938	0.01389	0.01329	0.0199	0.00681	0.08753	0.01493	0	0	0	0	
0.04607	0.03404	0.02403	0.02035	0.07039	0.01734	0.01791	0.01885	0.01398	0.00674	0.09233	0.01144	0.00036	0.00016	0.12367	0.0003	0.00035	0.00133	0.00022	0.12259	0.08754	0.0015	0.03038	0.00507	0.08883	0.00926	0.01403	0.01237	0.01668	0.00546	0.08897	0.01338	0	0	0	0	
0.02492	0.0188	0.01247	0.01142	0.0389	0.00889	0.00989	0.00993	0.00732	0.00359	0.05042	0.00628	0.00023	0.00012	0.06712	0.00014	0.00011	0.00072	0.00013	0.06665	0.0477	0.0012	0.01599	0.00272	0.04851	0.00449	0.00757	0.00704	0.01079	0.00324	0.04494	0.00864	0	0	0	0	
0.24702	0.18249	0.12936	0.11986	0.33158	0.113	0.11668	0.11747	0.11988	0.0577	0.40246	0.09869	0.00243	0.00118	0.67346	0.00166	0.00177	0.00751	0.00101	0.66844	0.36903	0.0113	0.26268	0.03572	0.51	0.04495	0.0681	0.05568	0.03539	0.0127	0.60291	0.02773	0	0	0	0	
