0	0	0	0	0.1949	0.05458	0.05572	0.05591	0.05707	0.02649	0.23101	0.04654	0.00113	0.0007	0.35837	0.00091	0.00115	0.00379	0.00056	0.35561	0.21592	0.0058	0.12208	0.01731	0.2658	0.02528	0.03755	0.03248	0.03007	0.01059	0.29795	0.0225	0.04614	0.04613	0.02461	0.24423	
0	0	0	0	0.17162	0.03399	0.03448	0.03538	0.04354	0.02014	0.17635	0.03544	0.00082	0.0005	0.27351	0.00064	0.00069	0.00299	0.00039	0.2714	0.16056	0.0042	0.09709	0.01362	0.20136	0.01986	0.02951	0.02474	0.02362	0.00844	0.22474	0.01867	0.03529	0.03561	0.01917	0.1854	
0	0	0	0	0.10306	0.02866	0.02979	0.02955	0.0293	0.01482	0.12189	0.02505	0.00061	0.00026	0.18973	0.00046	0.00049	0.00227	0.00022	0.18808	0.11253	0.00312	0.06548	0.00993	0.14023	0.01357	0.01984	0.01742	0.01572	0.00528	0.15832	0.01174	0.02432	0.02348	0.01274	0.13052	
0	0	0	0	0.04627	0.04137	0.04207	0.04265	0.02763	0.0133	0.10867	0.02276	0.00052	0.00038	0.17109	0.00037	0.00059	0.00211	0.00027	0.16939	0.10598	0.00266	0.05596	0.00776	0.13042	0.01087	0.01668	0.01439	0.01251	0.00497	0.14477	0.01011	0.02091	0.02176	0.0112	0.11849	
0.1949	0.17162	0.10306	0.04627	0	0	0	0	0.07902	0.037	0.33604	0.06379	0.00161	0.00087	0.51218	0.00119	0.00143	0.00565	0.00069	0.50808	0.28438	0.0096	0.19313	0.02874	0.36028	0.04107	0.06181	0.05269	0.05171	0.0189	0.40461	0.04063	0.07287	0.07243	0.0384	0.33215	
0.05458	0.03399	0.02866	0.04137	0	0	0	0	0.02762	0.01274	0.09647	0.02177	0.00057	0.00029	0.15728	0.00046	0.00053	0.00188	0.00024	0.15595	0.10181	0.00209	0.04824	0.00646	0.12366	0.0091	0.01388	0.01196	0.01006	0.00335	0.13822	0.00697	0.01757	0.01793	0.00977	0.11333	
0.05572	0.03448	0.02979	0.04207	0	0	0	0	0.02806	0.0128	0.09897	0.02223	0.00047	0.00033	0.16092	0.00034	0.00052	0.00182	0.00024	0.15948	0.10444	0.00209	0.04902	0.00651	0.12632	0.00977	0.01374	0.01223	0.01007	0.00345	0.14078	0.00776	0.018	0.01799	0.00972	0.11635	
0.05591	0.03538	0.02955	0.04265	0	0	0	0	0.02284	0.01221	0.10644	0.022	0.00043	0.00035	0.16232	0.00039	0.00044	0.00181	0.00027	0.16097	0.10436	0.002	0.05022	0.00691	0.12755	0.00964	0.01415	0.01215	0.01008	0.00358	0.14217	0.00766	0.01822	0.01863	0.00983	0.11681	
0.05707	0.04354	0.0293	0.02763	0.07902	0.02762	0.02806	0.02284	0	0	0	0	0.0005	0.00027	0.15644	0.00033	0.0005	0.00176	0.00017	0.15511	0.10229	0.00193	0.04684	0.00648	0.12705	0.00785	0.01185	0.01079	0.00863	0.00317	0.13875	0.00699	0.01413	0.0142	0.00775	0.12146	
0.02649	0.02014	0.01482	0.0133	0.037	0.01274	0.0128	0.01221	0	0	0	0	0.00025	0.00013	0.07418	0.00019	0.00027	0.00086	0.00017	0.07345	0.04905	0.00089	0.02211	0.0027	0.06003	0.00372	0.00557	0.00543	0.00427	0.00131	0.06582	0.00335	0.00663	0.00656	0.00358	0.05798	
0.23101	0.17635	0.12189	0.10867	0.33604	0.09647	0.09897	0.10644	0	0	0	0	0.00188	0.00125	0.63325	0.00154	0.00179	0.00702	0.00092	0.62819	0.35924	0.01129	0.23302	0.03437	0.44576	0.05122	0.07647	0.06447	0.06188	0.02189	0.50774	0.04641	0.09446	0.09507	0.05038	0.39801	
0.04654	0.03544	0.02505	0.02276	0.06379	0.02177	0.02223	0.022	0	0	0	0	0.00045	0.00019	0.12883	0.00032	0.00036	0.00152	0.00018	0.12773	0.08441	0.00167	0.03864	0.00507	0.10497	0.00679	0.00969	0.00834	0.00714	0.00291	0.11347	0.00627	0.01144	0.01115	0.00601	0.10119	
0.00113	0.00082	0.00061	0.00052	0.00161	0.00057	0.00047	0.00043	0.0005	0.00025	0.00188	0.00045	0	0	0	0	2e-05	3e-05	0	0.00303	0.00193	5e-05	0.00097	0.00013	0.00222	0.00025	0.00027	0.00034	0.00032	0.0001	0.00252	0.00014	0.00047	0.00043	0.00019	0.00199	
0.0007	0.0005	0.00026	0.00038	0.00087	0.00029	0.00033	0.00035	0.00027	0.00013	0.00125	0.00019	0	0	0	0	1e-05	2e-05	1e-05	0.0018	0.00105	4e-05	0.00065	0.0001	0.00144	0.00014	0.00013	0.00013	0.00014	6e-05	0.00155	9e-05	0.00023	0.00027	0.0001	0.00124	
0.35837	0.27351	0.18973	0.17109	0.51218	0.15728	0.16092	0.16232	0.15644	0.07418	0.63325	0.12883	0	0	0	0	0.00288	0.01107	0.00142	0.97733	0.59062	0.01565	0.33815	0.04828	0.73222	0.06909	0.10299	0.0884	0.08122	0.0291	0.81982	0.06256	0.12561	0.12599	0.0672	0.6739	
0.00091	0.00064	0.00046	0.00037	0.00119	0.00046	0.00034	0.00039	0.00033	0.00019	0.00154	0.00032	0	0	0	0	1e-05	4e-05	1e-05	0.00232	0.00139	4e-05	0.00084	0.00011	0.00193	0.0001	0.00019	0.00016	0.00024	2e-05	0.00189	0.00023	0.00035	0.00029	0.00023	0.00151	
0.00115	0.00069	0.00049	0.00059	0.00143	0.00053	0.00052	0.00044	0.0005	0.00027	0.00179	0.00036	2e-05	1e-05	0.00288	1e-05	0	0	0	0	0.00179	2e-05	0.00096	0.00015	0.00215	0.00021	0.00034	0.00022	0.00028	0.0001	0.00233	0.00021	0.00043	0.00038	0.00022	0.00189	
0.00379	0.00299	0.00227	0.00211	0.00565	0.00188	0.00182	0.00181	0.00176	0.00086	0.00702	0.00152	3e-05	2e-05	0.01107	4e-05	0	0	0	0	0.00671	0.00016	0.00375	0.00054	0.00826	0.0007	0.00122	0.00098	0.00068	0.00037	0.00959	0.00052	0.00149	0.0013	0.00074	0.00763	
0.00056	0.00039	0.00022	0.00027	0.00069	0.00024	0.00024	0.00027	0.00017	0.00017	0.00092	0.00018	0	1e-05	0.00142	1e-05	0	0	0	0	0.00074	2e-05	0.0006	8e-05	0.00108	0.0001	0.00014	0.00012	0.00013	8e-05	0.0011	0.00013	0.00018	0.0002	0.0001	0.00096	
0.35561	0.2714	0.18808	0.16939	0.50808	0.15595	0.15948	0.16097	0.15511	0.07345	0.62819	0.12773	0.00303	0.0018	0.97733	0.00232	0	0	0	0	0.58575	0.01558	0.3353	0.04785	0.72632	0.06857	0.10188	0.08771	0.08083	0.02873	0.81276	0.06216	0.12456	0.1251	0.06666	0.66816	
0.21592	0.16056	0.11253	0.10598	0.28438	0.10181	0.10444	0.10436	0.10229	0.04905	0.35924	0.08441	0.00193	0.00105	0.59062	0.00139	0.00179	0.00671	0.00074	0.58575	0	0	0	0	0.43697	0.03949	0.05976	0.05877	0.06493	0.023	0.45726	0.0498	0.08986	0.08966	0.04784	0.36763	
0.0058	0.0042	0.00312	0.00266	0.0096	0.00209	0.00209	0.002	0.00193	0.00089	0.01129	0.00167	5e-05	4e-05	0.01565	4e-05	2e-05	0.00016	2e-05	0.01558	0	0	0	0	0.01143	0.00113	0.00158	0.00164	0.00179	0.00075	0.01204	0.0012	0.00169	0.00181	0.00089	0.01139	
0.12208	0.09709	0.06548	0.05596	0.19313	0.04824	0.04902	0.05022	0.04684	0.02211	0.23302	0.03864	0.00097	0.00065	0.33815	0.00084	0.00096	0.00375	0.0006	0.3353	0	0	0	0	0.25585	0.02541	0.03645	0.0229	0.01037	0.00346	0.31889	0.00789	0.03038	0.03022	0.01595	0.26406	
0.01731	0.01362	0.00993	0.00776	0.02874	0.00646	0.00651	0.00691	0.00648	0.0027	0.03437	0.00507	0.00013	0.0001	0.04828	0.00011	0.00015	0.00054	8e-05	0.04785	0	0	0	0	0.03356	0.00355	0.00579	0.00572	0.00483	0.00207	0.03759	0.00413	0.00473	0.00529	0.00304	0.03556	
0.2658	0.20136	0.14023	0.13042	0.36028	0.12366	0.12632	0.12755	0.12705	0.06003	0.44576	0.10497	0.00222	0.00144	0.73222	0.00193	0.00215	0.00826	0.00108	0.72632	0.43697	0.01143	0.25585	0.03356	0	0	0	0	0.05681	0.02037	0.61625	0.04438	0.09073	0.09105	0.04828	0.50775	
0.02528	0.01986	0.01357	0.01087	0.04107	0.0091	0.00977	0.00964	0.00785	0.00372	0.05122	0.00679	0.00025	0.00014	0.06909	0.0001	0.00021	0.0007	0.0001	0.06857	0.03949	0.00113	0.02541	0.00355	0	0	0	0	0.00635	0.00221	0.0562	0.00482	0.00938	0.0091	0.005	0.0461	
0.03755	0.02951	0.01984	0.01668	0.06181	0.01388	0.01374	0.01415	0.01185	0.00557	0.07647	0.00969	0.00027	0.00013	0.10299	0.00019	0.00034	0.00122	0.00014	0.10188	0.05976	0.00158	0.03645	0.00579	0	0	0	0	0.00997	0.00348	0.08288	0.00725	0.01407	0.01407	0.00784	0.0676	
0.03248	0.02474	0.01742	0.01439	0.05269	0.01196	0.01223	0.01215	0.01079	0.00543	0.06447	0.00834	0.00034	0.00013	0.0884	0.00016	0.00022	0.00098	0.00012	0.08771	0.05877	0.00164	0.0229	0.00572	0	0	0	0	0.00879	0.00322	0.07045	0.00657	0.01248	0.01276	0.0066	0.05719	
0.03007	0.02362	0.01572	0.01251	0.05171	0.01006	0.01007	0.01008	0.00863	0.00427	0.06188	0.00714	0.00032	0.00014	0.08122	0.00024	0.00028	0.00068	0.00013	0.08083	0.06493	0.00179	0.01037	0.00483	0.05681	0.00635	0.00997	0.00879	0	0	0	0	0.01851	0.01772	0.01096	0.03473	
0.01059	0.00844	0.00528	0.00497	0.0189	0.00335	0.00345	0.00358	0.00317	0.00131	0.02189	0.00291	0.0001	6e-05	0.0291	2e-05	0.0001	0.00037	8e-05	0.02873	0.023	0.00075	0.00346	0.00207	0.02037	0.00221	0.00348	0.00322	0	0	0	0	0.007	0.00635	0.00324	0.01269	
0.29795	0.22474	0.15832	0.14477	0.40461	0.13822	0.14078	0.14217	0.13875	0.06582	0.50774	0.11347	0.00252	0.00155	0.81982	0.00189	0.00233	0.00959	0.0011	0.81276	0.45726	0.01204	0.31889	0.03759	0.61625	0.0562	0.08288	0.07045	0	0	0	0	0.08643	0.08909	0.04559	0.60467	
0.0225	0.01867	0.01174	0.01011	0.04063	0.00697	0.00776	0.00766	0.00699	0.00335	0.04641	0.00627	0.00014	9e-05	0.06256	0.00023	0.00021	0.00052	0.00013	0.06216	0.0498	0.0012	0.00789	0.00413	0.04438	0.00482	0.00725	0.00657	0	0	0	0	0.01472	0.01382	0.00793	0.02655	
0.04614	0.03529	0.02432	0.02091	0.07287	0.01757	0.018	0.01822	0.01413	0.00663	0.09446	0.01144	0.00047	0.00023	0.12561	0.00035	0.00043	0.00149	0.00018	0.12456	0.08986	0.00169	0.03038	0.00473	0.09073	0.00938	0.01407	0.01248	0.01851	0.007	0.08643	0.01472	0	0	0	0	
0.04613	0.03561	0.02348	0.02176	0.07243	0.01793	0.01799	0.01863	0.0142	0.00656	0.09507	0.01115	0.00043	0.00027	0.12599	0.00029	0.00038	0.0013	0.0002	0.1251	0.08966	0.00181	0.03022	0.00529	0.09105	0.0091	0.01407	0.01276	0.01772	0.00635	0.08909	0.01382	0	0	0	0	
0.02461	0.01917	0.01274	0.0112	0.0384	0.00977	0.00972	0.00983	0.00775	0.00358	0.05038	0.00601	0.00019	0.0001	0.0672	0.00023	0.00022	0.00074	0.0001	0.06666	0.04784	0.00089	0.01595	0.00304	0.04828	0.005	0.00784	0.0066	0.01096	0.00324	0.04559	0.00793	0	0	0	0	
0.24423	0.1854	0.13052	0.11849	0.33215	0.11333	0.11635	0.11681	0.12146	0.05798	0.39801	0.10119	0.00199	0.00124	0.6739	0.00151	0.00189	0.00763	0.00096	0.66816	0.36763	0.01139	0.26406	0.03556	0.50775	0.0461	0.0676	0.05719	0.03473	0.01269	0.60467	0.02655	0	0	0	0	
