0	0	0	0	0.154815	0.0620154	0.0571231	0.0694462	0.0635385	0.0459385	0.170715	0.0632077	0.0001	0.0001	0.343131	6.92308e-05	0.000138462	0.00775385	3.84615e-05	0.335469	0.1843	0.0137385	0.131092	0.0142692	0.214069	0.0545231	0.0327231	0.0420846	0.0133923	0.00148462	0.324462	0.00406154	0.0139231	0.0528231	0.0100923	0.266562	
0	0	0	0	0.0988923	0.0448077	0.0398077	0.0687769	0.0547308	0.0394692	0.101792	0.0562923	6.15385e-05	6.15385e-05	0.252115	4.61538e-05	6.92308e-05	0.00555385	3.07692e-05	0.246631	0.135969	0.00986154	0.0958154	0.0106385	0.159254	0.0392308	0.0229	0.0309	0.00916923	0.00108462	0.239362	0.00266923	0.00987692	0.0370846	0.00766154	0.197662	
0	0	0	0	0.0961	0.0389846	0.0341923	0.0392846	0.0439154	0.0329923	0.0862692	0.0453846	5.38462e-05	2.30769e-05	0.208462	2.30769e-05	2.30769e-05	0.00468462	1.53846e-05	0.203838	0.1117	0.00876154	0.0792154	0.00888462	0.131185	0.0335538	0.0190615	0.0247615	0.00749231	0.00100769	0.197708	0.00235385	0.0083	0.0305923	0.00629231	0.163377	
0	0	0	0	0.0321538	0.0547231	0.0492077	0.0596692	0.0367846	0.0326308	0.0778769	0.0484615	9.23077e-05	5.38462e-05	0.195577	3.07692e-05	8.46154e-05	0.00432308	2.30769e-05	0.191323	0.108231	0.00736154	0.0725077	0.00765385	0.125515	0.0300385	0.0172692	0.0229308	0.00707692	0.000846154	0.185915	0.00191538	0.00687692	0.0270692	0.00551538	0.156292	
0.154815	0.0988923	0.0961	0.0321538	0	0	0	0	0.0780231	0.0468385	0.199869	0.0572308	6.92308e-05	9.23077e-05	0.381723	7.69231e-05	0.000123077	0.00812308	3.84615e-05	0.373677	0.190415	0.0172231	0.156315	0.0180077	0.224792	0.0671923	0.0396077	0.0503692	0.0150077	0.00177692	0.360638	0.00453846	0.0171692	0.0654769	0.0133	0.286015	
0.0620154	0.0448077	0.0389846	0.0547231	0	0	0	0	0.0471077	0.0273538	0.0637769	0.0622923	0.0001	3.07692e-05	0.200385	1.53846e-05	3.84615e-05	0.00466923	3.84615e-05	0.195785	0.1134	0.0072	0.0723615	0.00756923	0.132777	0.0281462	0.0173308	0.0222769	0.00711538	0.000776923	0.190531	0.00210769	0.00680769	0.0266308	0.00525385	0.161838	
0.0571231	0.0398077	0.0341923	0.0492077	0	0	0	0	0.0490231	0.0290846	0.0660692	0.0361538	4.61538e-05	5.38462e-05	0.180185	4.61538e-05	9.23077e-05	0.00414615	3.07692e-05	0.176062	0.102615	0.00692308	0.0639538	0.00683846	0.117185	0.0268385	0.0155923	0.0207154	0.00648462	0.000830769	0.171292	0.00172308	0.00644615	0.0237154	0.00457692	0.145592	
0.0694462	0.0687769	0.0392846	0.0596692	0	0	0	0	0.0248154	0.0477538	0.106938	0.0576692	9.23077e-05	6.15385e-05	0.236992	3.07692e-05	6.15385e-05	0.00537692	0	0.231738	0.133769	0.00837692	0.086	0.00903077	0.155269	0.0351692	0.0194231	0.0273154	0.00852308	0.00103846	0.224985	0.00263077	0.00855385	0.0317462	0.00643077	0.190446	
0.0635385	0.0547308	0.0439154	0.0367846	0.0780231	0.0471077	0.0490231	0.0248154	0	0	0	0	2.30769e-05	6.15385e-05	0.198862	2.30769e-05	7.69231e-05	0.00442308	3.84615e-05	0.194431	0.107215	0.00805385	0.0758615	0.00783846	0.131785	0.0289615	0.0168923	0.0213308	0.00536923	0.0007	0.191415	0.00148462	0.00685385	0.0260923	0.0051	0.160923	
0.0459385	0.0394692	0.0329923	0.0326308	0.0468385	0.0273538	0.0290846	0.0477538	0	0	0	0	4.61538e-05	4.61538e-05	0.150877	6.15385e-05	6.15385e-05	0.00313077	7.69231e-06	0.147831	0.0808538	0.00562308	0.0582538	0.0063	0.101469	0.0213692	0.0125462	0.0156462	0.00426154	0.000584615	0.144792	0.00139231	0.00501538	0.0194154	0.00410769	0.122492	
0.170715	0.101792	0.0862692	0.0778769	0.199869	0.0637769	0.0660692	0.106938	0	0	0	0	0.000161538	0.0001	0.436338	5.38462e-05	0.000169231	0.00984615	4.61538e-05	0.426592	0.235869	0.0178538	0.164331	0.0186	0.253377	0.0774692	0.0451692	0.0606385	0.0213308	0.00243077	0.406777	0.00611538	0.0200154	0.0751231	0.0148538	0.326662	
0.0632077	0.0562923	0.0453846	0.0484615	0.0572308	0.0622923	0.0361538	0.0576692	0	0	0	0	7.69231e-05	3.07692e-05	0.213208	3.07692e-05	7.69231e-06	0.00491538	1.53846e-05	0.208408	0.116262	0.00819231	0.0801846	0.00870769	0.143392	0.0295462	0.0173462	0.0230615	0.00616923	0.000707692	0.204462	0.00200769	0.00709231	0.0269385	0.0055	0.173815	
0.0001	6.15385e-05	5.38462e-05	9.23077e-05	6.92308e-05	0.0001	4.61538e-05	9.23077e-05	2.30769e-05	4.61538e-05	0.000161538	7.69231e-05	0	0	0	0	0	1.53846e-05	0	0.000292308	0.000176923	2.30769e-05	0.000107692	0	0.000192308	3.07692e-05	4.61538e-05	3.84615e-05	2.30769e-05	0	0.000284615	0	1.53846e-05	3.07692e-05	0	0.000261538	
0.0001	6.15385e-05	2.30769e-05	5.38462e-05	9.23077e-05	3.07692e-05	5.38462e-05	6.15385e-05	6.15385e-05	4.61538e-05	0.0001	3.07692e-05	0	0	0	0	0	7.69231e-06	0	0.000230769	0.000130769	2.30769e-05	8.46154e-05	0	0.000153846	3.84615e-05	1.53846e-05	3.07692e-05	2.30769e-05	0	0.000215385	0	7.69231e-06	1.53846e-05	0	0.000215385	
0.343131	0.252115	0.208462	0.195577	0.381723	0.200385	0.180185	0.236992	0.198862	0.150877	0.436338	0.213208	0	0	0	0	0.000315385	0.0222923	0.000107692	0.976569	0.539831	0.0396769	0.378354	0.0414231	0.629577	0.157262	0.0918615	0.120585	0.0370846	0.00442308	0.946785	0.0109923	0.0389385	0.147515	0.0295615	0.783269	
6.92308e-05	4.61538e-05	2.30769e-05	3.07692e-05	7.69231e-05	1.53846e-05	4.61538e-05	3.07692e-05	2.30769e-05	6.15385e-05	5.38462e-05	3.07692e-05	0	0	0	0	0	0	0	0.000169231	6.15385e-05	0	8.46154e-05	2.30769e-05	0.0001	1.53846e-05	3.07692e-05	2.30769e-05	0	0	0.000161538	7.69231e-06	1.53846e-05	7.69231e-06	0	0.000146154	
0.000138462	6.92308e-05	2.30769e-05	8.46154e-05	0.000123077	3.84615e-05	9.23077e-05	6.15385e-05	7.69231e-05	6.15385e-05	0.000169231	7.69231e-06	0	0	0.000315385	0	0	0	0	0	0.000146154	3.07692e-05	0.000123077	1.53846e-05	0.0002	4.61538e-05	1.53846e-05	5.38462e-05	2.30769e-05	0	0.000269231	2.30769e-05	7.69231e-06	4.61538e-05	1.53846e-05	0.000246154	
0.00775385	0.00555385	0.00468462	0.00432308	0.00812308	0.00466923	0.00414615	0.00537692	0.00442308	0.00313077	0.00984615	0.00491538	1.53846e-05	7.69231e-06	0.0222923	0	0	0	0	0	0.0124231	0.000861538	0.00822308	0.000807692	0.0142308	0.00342308	0.00205385	0.00260769	0.000661538	7.69231e-05	0.0214077	0.000169231	0.000876923	0.00339231	0.0008	0.0172462	
3.84615e-05	3.07692e-05	1.53846e-05	2.30769e-05	3.84615e-05	3.84615e-05	3.07692e-05	0	3.84615e-05	7.69231e-06	4.61538e-05	1.53846e-05	0	0	0.000107692	0	0	0	0	0	3.84615e-05	7.69231e-06	6.15385e-05	0	7.69231e-05	1.53846e-05	0	1.53846e-05	0	0	0.000107692	0	7.69231e-06	1.53846e-05	7.69231e-06	7.69231e-05	
0.335469	0.246631	0.203838	0.191323	0.373677	0.195785	0.176062	0.231738	0.194431	0.147831	0.426592	0.208408	0.000292308	0.000230769	0.976569	0.000169231	0	0	0	0	0.527592	0.0388231	0.370223	0.0406231	0.615515	0.153862	0.0898846	0.118	0.0364462	0.00434615	0.925662	0.0108077	0.0380846	0.144115	0.0287385	0.766323	
0.1843	0.135969	0.1117	0.108231	0.190415	0.1134	0.102615	0.133769	0.107215	0.0808538	0.235869	0.116262	0.000176923	0.000130769	0.539831	6.15385e-05	0.000146154	0.0124231	3.84615e-05	0.527592	0	0	0	0	0.300862	0.0927769	0.0538538	0.0927077	0.0200231	0.00243077	0.511892	0.00585385	0.0241308	0.0900462	0.0178538	0.408169	
0.0137385	0.00986154	0.00876154	0.00736154	0.0172231	0.0072	0.00692308	0.00837692	0.00805385	0.00562308	0.0178538	0.00819231	2.30769e-05	2.30769e-05	0.0396769	0	3.07692e-05	0.000861538	7.69231e-06	0.0388231	0	0	0	0	0.0231923	0.00717692	0.00452308	0.00483077	0.00130769	0.000169231	0.0377923	0.000453846	0.00114615	0.00482308	0.000946154	0.0328077	
0.131092	0.0958154	0.0792154	0.0725077	0.156315	0.0723615	0.0639538	0.086	0.0758615	0.0582538	0.164331	0.0801846	0.000107692	8.46154e-05	0.378354	8.46154e-05	0.000123077	0.00822308	6.15385e-05	0.370223	0	0	0	0	0.282562	0.0493923	0.0287308	0.0179462	0.0142769	0.00162308	0.358446	0.00428462	0.0124154	0.0480538	0.0098	0.308362	
0.0142692	0.0106385	0.00888462	0.00765385	0.0180077	0.00756923	0.00683846	0.00903077	0.00783846	0.0063	0.0186	0.00870769	0	0	0.0414231	2.30769e-05	1.53846e-05	0.000807692	0	0.0406231	0	0	0	0	0.0234077	0.008	0.00484615	0.00519231	0.00152308	0.0002	0.0393154	0.000407692	0.00128462	0.00464615	0.000961538	0.0345538	
0.214069	0.159254	0.131185	0.125515	0.224792	0.132777	0.117185	0.155269	0.131785	0.101469	0.253377	0.143392	0.000192308	0.000153846	0.629577	0.0001	0.0002	0.0142308	7.69231e-05	0.615515	0.300862	0.0231923	0.282562	0.0234077	0	0	0	0	0.0226538	0.0028	0.5975	0.00706923	0.0282769	0.106562	0.0215385	0.473646	
0.0545231	0.0392308	0.0335538	0.0300385	0.0671923	0.0281462	0.0268385	0.0351692	0.0289615	0.0213692	0.0774692	0.0295462	3.07692e-05	3.84615e-05	0.157262	1.53846e-05	4.61538e-05	0.00342308	1.53846e-05	0.153862	0.0927769	0.00717692	0.0493923	0.008	0	0	0	0	0.00629231	0.000669231	0.148777	0.00160769	0.00440769	0.0170462	0.0034	0.132492	
0.0327231	0.0229	0.0190615	0.0172692	0.0396077	0.0173308	0.0155923	0.0194231	0.0168923	0.0125462	0.0451692	0.0173462	4.61538e-05	1.53846e-05	0.0918615	3.07692e-05	1.53846e-05	0.00205385	0	0.0898846	0.0538538	0.00452308	0.0287308	0.00484615	0	0	0	0	0.00339231	0.000346154	0.0871462	0.00106923	0.00240769	0.0100923	0.00186923	0.0775846	
0.0420846	0.0309	0.0247615	0.0229308	0.0503692	0.0222769	0.0207154	0.0273154	0.0213308	0.0156462	0.0606385	0.0230615	3.84615e-05	3.07692e-05	0.120585	2.30769e-05	5.38462e-05	0.00260769	1.53846e-05	0.118	0.0927077	0.00483077	0.0179462	0.00519231	0	0	0	0	0.00479231	0.000607692	0.114023	0.00125385	0.00388462	0.0138692	0.00275385	0.100169	
0.0133923	0.00916923	0.00749231	0.00707692	0.0150077	0.00711538	0.00648462	0.00852308	0.00536923	0.00426154	0.0213308	0.00616923	2.30769e-05	2.30769e-05	0.0370846	0	2.30769e-05	0.000661538	0	0.0364462	0.0200231	0.00130769	0.0142769	0.00152308	0.0226538	0.00629231	0.00339231	0.00479231	0	0	0	0	0.00136923	0.00593077	0.00106154	0.0287692	
0.00148462	0.00108462	0.00100769	0.000846154	0.00177692	0.000776923	0.000830769	0.00103846	0.0007	0.000584615	0.00243077	0.000707692	0	0	0.00442308	0	0	7.69231e-05	0	0.00434615	0.00243077	0.000169231	0.00162308	0.0002	0.0028	0.000669231	0.000346154	0.000607692	0	0	0	0	0.000230769	0.000792308	0.000123077	0.00327692	
0.324462	0.239362	0.197708	0.185915	0.360638	0.190531	0.171292	0.224985	0.191415	0.144792	0.406777	0.204462	0.000284615	0.000215385	0.946785	0.000161538	0.000269231	0.0214077	0.000107692	0.925662	0.511892	0.0377923	0.358446	0.0393154	0.5975	0.148777	0.0871462	0.114023	0	0	0	0	0.0369154	0.139254	0.0280385	0.743238	
0.00406154	0.00266923	0.00235385	0.00191538	0.00453846	0.00210769	0.00172308	0.00263077	0.00148462	0.00139231	0.00611538	0.00200769	0	0	0.0109923	7.69231e-06	2.30769e-05	0.000169231	0	0.0108077	0.00585385	0.000453846	0.00428462	0.000407692	0.00706923	0.00160769	0.00106923	0.00125385	0	0	0	0	0.000461538	0.00159231	0.000338462	0.00860769	
0.0139231	0.00987692	0.0083	0.00687692	0.0171692	0.00680769	0.00644615	0.00855385	0.00685385	0.00501538	0.0200154	0.00709231	1.53846e-05	7.69231e-06	0.0389385	1.53846e-05	7.69231e-06	0.000876923	7.69231e-06	0.0380846	0.0241308	0.00114615	0.0124154	0.00128462	0.0282769	0.00440769	0.00240769	0.00388462	0.00136923	0.000230769	0.0369154	0.000461538	0	0	0	0	
0.0528231	0.0370846	0.0305923	0.0270692	0.0654769	0.0266308	0.0237154	0.0317462	0.0260923	0.0194154	0.0751231	0.0269385	3.07692e-05	1.53846e-05	0.147515	7.69231e-06	4.61538e-05	0.00339231	1.53846e-05	0.144115	0.0900462	0.00482308	0.0480538	0.00464615	0.106562	0.0170462	0.0100923	0.0138692	0.00593077	0.000792308	0.139254	0.00159231	0	0	0	0	
0.0100923	0.00766154	0.00629231	0.00551538	0.0133	0.00525385	0.00457692	0.00643077	0.0051	0.00410769	0.0148538	0.0055	0	0	0.0295615	0	1.53846e-05	0.0008	7.69231e-06	0.0287385	0.0178538	0.000946154	0.0098	0.000961538	0.0215385	0.0034	0.00186923	0.00275385	0.00106154	0.000123077	0.0280385	0.000338462	0	0	0	0	
0.266562	0.197662	0.163377	0.156292	0.286015	0.161838	0.145592	0.190446	0.160923	0.122492	0.326662	0.173815	0.000261538	0.000215385	0.783269	0.000146154	0.000246154	0.0172462	7.69231e-05	0.766323	0.408169	0.0328077	0.308362	0.0345538	0.473646	0.132492	0.0775846	0.100169	0.0287692	0.00327692	0.743238	0.00860769	0	0	0	0	
