0	0	0	0	0.239654	0.0402462	0.0353308	0.0448077	0.0413	0.0117385	0.275	0.032	0.00163077	0.000876923	0.356477	0.00105385	0.00106154	0.00665385	0.000746154	0.351577	0.206062	0.0231231	0.108231	0.0226231	0.236846	0.0394769	0.0254385	0.0582769	0.0637692	0.0212692	0.238977	0.0360231	0.0970077	0.0513385	0.0453538	0.166338	
0	0	0	0	0.228308	0.0383308	0.0336615	0.0420385	0.0394538	0.0110538	0.261708	0.0301231	0.00153846	0.000869231	0.338877	0.00105385	0.000838462	0.0062	0.000638462	0.334662	0.195662	0.0223462	0.102962	0.0213692	0.227223	0.0363154	0.0239308	0.0548692	0.0603615	0.0206	0.227362	0.0340154	0.0918769	0.0480923	0.0437538	0.158615	
0	0	0	0	0.119162	0.0199231	0.0182692	0.0217846	0.0205538	0.00570769	0.136354	0.0165231	0.000846154	0.000546154	0.177162	0.000584615	0.000592308	0.00323846	0.000346154	0.174962	0.1021	0.0119462	0.0536462	0.0114462	0.118777	0.0183769	0.0126462	0.0293385	0.0317538	0.0109	0.118923	0.0175615	0.0485231	0.0252615	0.0228769	0.0824769	
0	0	0	0	0.0336769	0.0277615	0.0254923	0.0315538	0.0174077	0.00494615	0.0820231	0.0141077	0.000530769	0.000307692	0.1173	0.000346154	0.000353846	0.00240769	0.000353846	0.115369	0.0649538	0.0082	0.0374	0.00793077	0.0801	0.0124538	0.00804615	0.0178846	0.0153538	0.00546923	0.0889692	0.00869231	0.0296077	0.0154769	0.0135692	0.0598308	
0.239654	0.228308	0.119162	0.0336769	0	0	0	0	0.0534231	0.0149538	0.510877	0.0415462	0.00292308	0.00166154	0.614285	0.00193077	0.00180769	0.0113769	0.0013	0.606315	0.366954	0.0391	0.177123	0.0376231	0.403069	0.0685615	0.0450385	0.104131	0.131985	0.0453923	0.368669	0.0747538	0.176923	0.0929769	0.0826385	0.268262	
0.0402462	0.0383308	0.0199231	0.0277615	0	0	0	0	0.0216308	0.00613846	0.0812308	0.0172615	0.000569231	0.000315385	0.124977	0.0004	0.000353846	0.00209231	0.000276923	0.123538	0.0669462	0.00892308	0.0416615	0.00873077	0.0862231	0.0128	0.00862308	0.0186154	0.0131154	0.00410769	0.101785	0.00725385	0.0305231	0.0156462	0.0141692	0.0659231	
0.0353308	0.0336615	0.0182692	0.0254923	0	0	0	0	0.0194769	0.00543077	0.0728077	0.0150385	0.000538462	0.000292308	0.1116	0.000323077	0.000323077	0.00213846	0.000238462	0.110054	0.0608308	0.00776923	0.0367154	0.00743846	0.0774615	0.0110154	0.00746923	0.0168077	0.012	0.00376154	0.0905154	0.00647692	0.0267154	0.0137385	0.0128923	0.0594077	
0.0448077	0.0420385	0.0217846	0.0315538	0	0	0	0	0.0241846	0.00692308	0.0901692	0.0189077	0.000515385	0.000330769	0.138954	0.000384615	0.000361538	0.00289231	0.000269231	0.136662	0.0740462	0.00982308	0.0467385	0.00957692	0.0961923	0.0142462	0.00893077	0.0208154	0.0141385	0.00497692	0.113262	0.00780769	0.0328538	0.0178077	0.0158538	0.0736692	
0.0413	0.0394538	0.0205538	0.0174077	0.0534231	0.0216308	0.0194769	0.0241846	0	0	0	0	0.000546154	0.000323077	0.117492	0.000353846	0.000307692	0.0021	0.000238462	0.116069	0.0650692	0.00818462	0.0377231	0.00773846	0.0797231	0.0122615	0.00858462	0.0181462	0.0156846	0.00542308	0.0882538	0.00935385	0.0200385	0.0101385	0.00910769	0.0794308	
0.0117385	0.0110538	0.00570769	0.00494615	0.0149538	0.00613846	0.00543077	0.00692308	0	0	0	0	0.000107692	9.23077e-05	0.0331769	6.92308e-05	0.000107692	0.000638462	6.92308e-05	0.0326308	0.0184	0.00204615	0.0106538	0.00234615	0.0226077	0.00348462	0.00231538	0.00503846	0.00454615	0.00148462	0.0248615	0.00255385	0.00555385	0.00276923	0.00263077	0.0224923	
0.275	0.261708	0.136354	0.0820231	0.510877	0.0812308	0.0728077	0.0901692	0	0	0	0	0.0035	0.00196923	0.747215	0.0024	0.00215385	0.0140385	0.00153846	0.737354	0.434177	0.0492077	0.224554	0.0471462	0.497592	0.0812692	0.0531538	0.123069	0.138969	0.0469846	0.491777	0.0773538	0.226446	0.119631	0.106469	0.302538	
0.032	0.0301231	0.0165231	0.0141077	0.0415462	0.0172615	0.0150385	0.0189077	0	0	0	0	0.000392308	0.000215385	0.0919308	0.000215385	0.000276923	0.00172308	0.000238462	0.0905154	0.0511308	0.00617692	0.0293077	0.00613846	0.0630231	0.00960769	0.00600769	0.0141154	0.0120385	0.00434615	0.0693385	0.00703077	0.0149769	0.00763077	0.00734615	0.0628	
0.00163077	0.00153846	0.000846154	0.000530769	0.00292308	0.000569231	0.000538462	0.000515385	0.000546154	0.000107692	0.0035	0.000392308	0	0	0	0	1.53846e-05	7.69231e-05	7.69231e-06	0.00444615	0.00259231	0.000292308	0.00135385	0.000307692	0.00301538	0.000492308	0.000353846	0.000684615	0.000792308	0.000307692	0.00299231	0.000453846	0.00123077	0.000607692	0.000530769	0.00217692	
0.000876923	0.000869231	0.000546154	0.000307692	0.00166154	0.000315385	0.000292308	0.000330769	0.000323077	9.23077e-05	0.00196923	0.000215385	0	0	0	0	0	2.30769e-05	7.69231e-06	0.00256923	0.00150769	0.000223077	0.000653846	0.000215385	0.00180769	0.000284615	0.000107692	0.0004	0.000492308	0.000107692	0.00175385	0.000246154	0.000684615	0.000330769	0.000392308	0.00119231	
0.356477	0.338877	0.177162	0.1173	0.614285	0.124977	0.1116	0.138954	0.117492	0.0331769	0.747215	0.0919308	0	0	0	0	0.00282308	0.0183538	0.00206923	0.966569	0.562946	0.0649231	0.299269	0.0626769	0.656138	0.105508	0.0694231	0.158746	0.169515	0.0576385	0.667369	0.0952923	0.264323	0.138854	0.124138	0.4625	
0.00105385	0.00105385	0.000584615	0.000346154	0.00193077	0.0004	0.000323077	0.000384615	0.000353846	6.92308e-05	0.0024	0.000215385	0	0	0	0	7.69231e-06	4.61538e-05	0	0.00298462	0.00173077	0.000176923	0.000961538	0.000169231	0.00198462	0.000338462	0.000176923	0.000538462	0.000438462	0.000184615	0.00211538	0.0003	0.000776923	0.000376923	0.000492308	0.00139231	
0.00106154	0.000838462	0.000592308	0.000353846	0.00180769	0.000353846	0.000323077	0.000361538	0.000307692	0.000107692	0.00215385	0.000276923	1.53846e-05	0	0.00282308	7.69231e-06	0	0	0	0	0.0016	0.000215385	0.000892308	0.000138462	0.00196923	0.000246154	0.000230769	0.0004	0.000438462	8.46154e-05	0.00196923	0.000353846	0.000707692	0.000446154	0.000384615	0.00130769	
0.00665385	0.0062	0.00323846	0.00240769	0.0113769	0.00209231	0.00213846	0.00289231	0.0021	0.000638462	0.0140385	0.00172308	7.69231e-05	2.30769e-05	0.0183538	4.61538e-05	0	0	0	0	0.0106769	0.00134615	0.0054	0.00107692	0.0122308	0.00200769	0.00116923	0.00309231	0.00342308	0.00110769	0.0123615	0.00160769	0.005	0.00271538	0.0023	0.00848462	
0.000746154	0.000638462	0.000346154	0.000353846	0.0013	0.000276923	0.000238462	0.000269231	0.000238462	6.92308e-05	0.00153846	0.000238462	7.69231e-06	7.69231e-06	0.00206923	0	0	0	0	0	0.00113077	0.000130769	0.000669231	0.000153846	0.00147692	0.000153846	9.23077e-05	0.000361538	0.000361538	0.000115385	0.00141538	0.000192308	0.0006	0.000284615	0.000246154	0.000953846	
0.351577	0.334662	0.174962	0.115369	0.606315	0.123538	0.110054	0.136662	0.116069	0.0326308	0.737354	0.0905154	0.00444615	0.00256923	0.966569	0.00298462	0	0	0	0	0.555369	0.0639231	0.295277	0.062	0.647269	0.104215	0.0685692	0.156515	0.167015	0.0569308	0.658485	0.0941385	0.260708	0.136723	0.122623	0.456515	
0.206062	0.195662	0.1021	0.0649538	0.366954	0.0669462	0.0608308	0.0740462	0.0650692	0.0184	0.434177	0.0511308	0.00259231	0.00150769	0.562946	0.00173077	0.0016	0.0106769	0.00113077	0.555369	0	0	0	0	0.344115	0.0715154	0.0464846	0.106662	0.130015	0.0444923	0.321269	0.073	0.158592	0.0843	0.0747308	0.251154	
0.0231231	0.0223462	0.0119462	0.0082	0.0391	0.00892308	0.00776923	0.00982308	0.00818462	0.00204615	0.0492077	0.00617692	0.000292308	0.000223077	0.0649231	0.000176923	0.000215385	0.00134615	0.000130769	0.0639231	0	0	0	0	0.0426077	0.00716154	0.00499231	0.0108538	0.00604615	0.00222308	0.0533462	0.004	0.0164462	0.00884615	0.00775385	0.0325692	
0.108231	0.102962	0.0536462	0.0374	0.177123	0.0416615	0.0367154	0.0467385	0.0377231	0.0106538	0.224554	0.0293077	0.00135385	0.000653846	0.299269	0.000961538	0.000892308	0.0054	0.000669231	0.295277	0	0	0	0	0.235892	0.0209538	0.0135923	0.0318	0.0283538	0.00941538	0.248646	0.0158231	0.0761923	0.0384077	0.0350231	0.152615	
0.0226231	0.0213692	0.0114462	0.00793077	0.0376231	0.00873077	0.00743846	0.00957692	0.00773846	0.00234615	0.0471462	0.00613846	0.000307692	0.000215385	0.0626769	0.000169231	0.000138462	0.00107692	0.000153846	0.062	0	0	0	0	0.0403308	0.00699231	0.00499231	0.0110538	0.00682308	0.00210769	0.0509692	0.00346923	0.0157846	0.00861538	0.00804615	0.0309231	
0.236846	0.227223	0.118777	0.0801	0.403069	0.0862231	0.0774615	0.0961923	0.0797231	0.0226077	0.497592	0.0630231	0.00301538	0.00180769	0.656138	0.00198462	0.00196923	0.0122308	0.00147692	0.647269	0.344115	0.0426077	0.235892	0.0403308	0	0	0	0	0.0923154	0.0314077	0.487931	0.0512923	0.172385	0.0903615	0.0806615	0.319538	
0.0394769	0.0363154	0.0183769	0.0124538	0.0685615	0.0128	0.0110154	0.0142462	0.0122615	0.00348462	0.0812692	0.00960769	0.000492308	0.000284615	0.105508	0.000338462	0.000246154	0.00200769	0.000153846	0.104215	0.0715154	0.00716154	0.0209538	0.00699231	0	0	0	0	0.0253154	0.00818462	0.0589846	0.0141385	0.0306308	0.0158154	0.0136077	0.0465692	
0.0254385	0.0239308	0.0126462	0.00804615	0.0450385	0.00862308	0.00746923	0.00893077	0.00858462	0.00231538	0.0531538	0.00600769	0.000353846	0.000107692	0.0694231	0.000176923	0.000230769	0.00116923	9.23077e-05	0.0685692	0.0464846	0.00499231	0.0135923	0.00499231	0	0	0	0	0.0164077	0.00590769	0.0380615	0.00968462	0.0199615	0.0101	0.00941538	0.0305846	
0.0582769	0.0548692	0.0293385	0.0178846	0.104131	0.0186154	0.0168077	0.0208154	0.0181462	0.00503846	0.123069	0.0141154	0.000684615	0.0004	0.158746	0.000538462	0.0004	0.00309231	0.000361538	0.156515	0.106662	0.0108538	0.0318	0.0110538	0	0	0	0	0.0372	0.0127385	0.0892538	0.0211769	0.0440385	0.0238923	0.0218692	0.0705692	
0.0637692	0.0603615	0.0317538	0.0153538	0.131985	0.0131154	0.012	0.0141385	0.0156846	0.00454615	0.138969	0.0120385	0.000792308	0.000492308	0.169515	0.000438462	0.000438462	0.00342308	0.000361538	0.167015	0.130015	0.00604615	0.0283538	0.00682308	0.0923154	0.0253154	0.0164077	0.0372	0	0	0	0	0.0597769	0.0313385	0.0286769	0.0514462	
0.0212692	0.0206	0.0109	0.00546923	0.0453923	0.00410769	0.00376154	0.00497692	0.00542308	0.00148462	0.0469846	0.00434615	0.000307692	0.000107692	0.0576385	0.000184615	8.46154e-05	0.00110769	0.000115385	0.0569308	0.0444923	0.00222308	0.00941538	0.00210769	0.0314077	0.00818462	0.00590769	0.0127385	0	0	0	0	0.0200846	0.0106846	0.00961538	0.0178538	
0.238977	0.227362	0.118923	0.0889692	0.368669	0.101785	0.0905154	0.113262	0.0882538	0.0248615	0.491777	0.0693385	0.00299231	0.00175385	0.667369	0.00211538	0.00196923	0.0123615	0.00141538	0.658485	0.321269	0.0533462	0.248646	0.0509692	0.487931	0.0589846	0.0380615	0.0892538	0	0	0	0	0.1533	0.0805231	0.0717923	0.368615	
0.0360231	0.0340154	0.0175615	0.00869231	0.0747538	0.00725385	0.00647692	0.00780769	0.00935385	0.00255385	0.0773538	0.00703077	0.000453846	0.000246154	0.0952923	0.0003	0.000353846	0.00160769	0.000192308	0.0941385	0.073	0.004	0.0158231	0.00346923	0.0512923	0.0141385	0.00968462	0.0211769	0	0	0	0	0.0338538	0.0176231	0.0154692	0.0293462	
0.0970077	0.0918769	0.0485231	0.0296077	0.176923	0.0305231	0.0267154	0.0328538	0.0200385	0.00555385	0.226446	0.0149769	0.00123077	0.000684615	0.264323	0.000776923	0.000707692	0.005	0.0006	0.260708	0.158592	0.0164462	0.0761923	0.0157846	0.172385	0.0306308	0.0199615	0.0440385	0.0597769	0.0200846	0.1533	0.0338538	0	0	0	0	
0.0513385	0.0480923	0.0252615	0.0154769	0.0929769	0.0156462	0.0137385	0.0178077	0.0101385	0.00276923	0.119631	0.00763077	0.000607692	0.000330769	0.138854	0.000376923	0.000446154	0.00271538	0.000284615	0.136723	0.0843	0.00884615	0.0384077	0.00861538	0.0903615	0.0158154	0.0101	0.0238923	0.0313385	0.0106846	0.0805231	0.0176231	0	0	0	0	
0.0453538	0.0437538	0.0228769	0.0135692	0.0826385	0.0141692	0.0128923	0.0158538	0.00910769	0.00263077	0.106469	0.00734615	0.000530769	0.000392308	0.124138	0.000492308	0.000384615	0.0023	0.000246154	0.122623	0.0747308	0.00775385	0.0350231	0.00804615	0.0806615	0.0136077	0.00941538	0.0218692	0.0286769	0.00961538	0.0717923	0.0154692	0	0	0	0	
0.166338	0.158615	0.0824769	0.0598308	0.268262	0.0659231	0.0594077	0.0736692	0.0794308	0.0224923	0.302538	0.0628	0.00217692	0.00119231	0.4625	0.00139231	0.00130769	0.00848462	0.000953846	0.456515	0.251154	0.0325692	0.152615	0.0309231	0.319538	0.0465692	0.0305846	0.0705692	0.0514462	0.0178538	0.368615	0.0293462	0	0	0	0	
