0	0	0	0	0.225892	0.0537462	0.0425462	0.0709462	0.0754538	0.0264	0.229162	0.0621154	0.00202308	0.0012	0.387669	0.00223846	0.00213846	0.00366923	0.00177692	0.385546	0.222792	0.00747692	0.0985	0.0643615	0.256708	0.0309846	0.0409077	0.0645308	0.0441231	0.0150231	0.286477	0.0475077	0.0785077	0.0407	0.0363923	0.237531	
0	0	0	0	0.140446	0.0268769	0.0217308	0.0371538	0.0436154	0.0148231	0.132885	0.0348846	0.00125385	0.000630769	0.223115	0.00120769	0.0011	0.00207692	0.00118462	0.221846	0.129546	0.00406154	0.0557692	0.0368308	0.146038	0.0179615	0.0245769	0.0376308	0.0261692	0.00922308	0.162746	0.0280692	0.0454231	0.0238615	0.0207923	0.136131	
0	0	0	0	0.119669	0.0227923	0.0180308	0.0305154	0.0366462	0.0122538	0.112123	0.0299846	0.00113077	0.000607692	0.1883	0.000969231	0.00104615	0.0017	0.000846154	0.187415	0.110023	0.0038	0.0464923	0.0306923	0.122946	0.0156385	0.0200462	0.0323769	0.0217077	0.00772308	0.138377	0.0232	0.0380615	0.0205923	0.0177308	0.114623	
0	0	0	0	0.0480385	0.0441231	0.0345923	0.0629	0.0364308	0.0141615	0.107162	0.0319	0.000938462	0.000484615	0.187154	0.00107692	0.00113846	0.00177692	0.0009	0.185838	0.105562	0.00366154	0.0501462	0.0302846	0.131054	0.0131154	0.0171769	0.0283077	0.0172154	0.00580769	0.148169	0.0184615	0.0350615	0.0188	0.0159	0.119892	
0.225892	0.140446	0.119669	0.0480385	0	0	0	0	0.104292	0.0321154	0.322715	0.0749231	0.00284615	0.00164615	0.526785	0.00276923	0.00293077	0.00494615	0.00246923	0.5237	0.313769	0.00933077	0.122777	0.0881692	0.3211	0.0485692	0.0635077	0.100869	0.0753615	0.0263615	0.350946	0.0813769	0.115685	0.0602	0.0532154	0.304946	
0.0537462	0.0268769	0.0227923	0.0441231	0	0	0	0	0.0368231	0.0105846	0.0759385	0.0241923	0.000715385	0.000453846	0.145577	0.000792308	0.0008	0.00121538	0.000707692	0.144815	0.0812692	0.00323846	0.0401	0.0229308	0.107238	0.00868462	0.0119692	0.0196462	0.0105308	0.00349231	0.122731	0.0107846	0.0249923	0.0137308	0.0119846	0.0968308	
0.0425462	0.0217308	0.0180308	0.0345923	0	0	0	0	0.0280077	0.00807692	0.0604923	0.0203231	0.000676923	0.000338462	0.115138	0.000746154	0.000653846	0.00120769	0.000569231	0.114469	0.0636077	0.00233077	0.0332846	0.0176769	0.0852846	0.00713077	0.00936154	0.0151231	0.00823077	0.00279231	0.0971385	0.00873846	0.0207692	0.00996154	0.00942308	0.0767462	
0.0709462	0.0371538	0.0305154	0.0629	0	0	0	0	0.0230231	0.0168615	0.122185	0.0394462	0.00110769	0.000484615	0.198738	0.00118462	0.00103846	0.00185385	0.000961538	0.197662	0.109277	0.0041	0.0547462	0.0333923	0.143123	0.0133154	0.0178692	0.0272077	0.0150923	0.00513077	0.164954	0.0163385	0.0356077	0.0200615	0.0161923	0.129654	
0.0754538	0.0436154	0.0366462	0.0364308	0.104292	0.0368231	0.0280077	0.0230231	0	0	0	0	0.00107692	0.000561538	0.189485	0.00102308	0.00101538	0.00182308	0.000830769	0.188477	0.1077	0.00415385	0.0597615	0.0205308	0.149177	0.00968462	0.0129154	0.0203692	0.0101846	0.00326923	0.168469	0.0102231	0.0280077	0.0142077	0.013	0.136931	
0.0264	0.0148231	0.0122538	0.0141615	0.0321154	0.0105846	0.00807692	0.0168615	0	0	0	0	0.000346154	0.000176923	0.0667769	0.000338462	0.000423077	0.000561538	0.000307692	0.0663462	0.0375615	0.00166154	0.0217538	0.00666154	0.0532538	0.00333846	0.00397692	0.00706923	0.00307692	0.00111538	0.0599385	0.00350769	0.00993077	0.00511538	0.00418462	0.0484077	
0.229162	0.132885	0.112123	0.107162	0.322715	0.0759385	0.0604923	0.122185	0	0	0	0	0.00316154	0.00173846	0.573092	0.00333846	0.00317692	0.00543077	0.00289231	0.569831	0.334315	0.00974615	0.118915	0.118354	0.330123	0.0568846	0.0753769	0.118946	0.0883462	0.0307615	0.367162	0.0950615	0.136869	0.0725692	0.0629846	0.308908	
0.0621154	0.0348846	0.0299846	0.0319	0.0749231	0.0241923	0.0203231	0.0394462	0	0	0	0	0.000761538	0.000446154	0.156885	0.000792308	0.000807692	0.00140769	0.000676923	0.155992	0.0883462	0.00343846	0.0504769	0.0166231	0.124192	0.00779231	0.0104385	0.0164615	0.00760769	0.00263077	0.1402	0.00844615	0.0222462	0.0120615	0.0106462	0.113931	
0.00202308	0.00125385	0.00113077	0.000938462	0.00284615	0.000715385	0.000676923	0.00110769	0.00107692	0.000346154	0.00316154	0.000761538	0	0	0	0	4.61538e-05	3.84615e-05	1.53846e-05	0.00524615	0.00309231	0.0001	0.00123846	0.000915385	0.00347692	0.000415385	0.000507692	0.000946154	0.000630769	0.000176923	0.00388462	0.000653846	0.00104615	0.000538462	0.000476923	0.00328462	
0.0012	0.000630769	0.000607692	0.000484615	0.00164615	0.000453846	0.000338462	0.000484615	0.000561538	0.000176923	0.00173846	0.000446154	0	0	0	0	1.53846e-05	3.84615e-05	0	0.00286923	0.00167692	5.38462e-05	0.000692308	0.0005	0.00189231	0.000246154	0.000276923	0.000507692	0.000361538	8.46154e-05	0.00215385	0.000323077	0.0006	0.000330769	0.000346154	0.00164615	
0.387669	0.223115	0.1883	0.187154	0.526785	0.145577	0.115138	0.198738	0.189485	0.0667769	0.573092	0.156885	0	0	0	0	0.00531538	0.00908462	0.00466923	0.967169	0.559977	0.0187385	0.247638	0.159885	0.647692	0.0766615	0.101377	0.160508	0.107554	0.0372923	0.7257	0.115692	0.194238	0.102415	0.0894846	0.6001	
0.00223846	0.00120769	0.000969231	0.00107692	0.00276923	0.000792308	0.000746154	0.00118462	0.00102308	0.000338462	0.00333846	0.000792308	0	0	0	0	4.61538e-05	6.15385e-05	2.30769e-05	0.00536154	0.00317692	0.000107692	0.00133846	0.000869231	0.00368462	0.000376923	0.000546154	0.000884615	0.000669231	0.000223077	0.00403077	0.000569231	0.00116923	0.000669231	0.000507692	0.00314615	
0.00213846	0.0011	0.00104615	0.00113846	0.00293077	0.0008	0.000653846	0.00103846	0.00101538	0.000423077	0.00317692	0.000807692	4.61538e-05	1.53846e-05	0.00531538	4.61538e-05	0	0	0	0	0.00313077	8.46154e-05	0.00136154	0.000846154	0.00343077	0.000415385	0.000707692	0.000869231	0.0007	0.0002	0.00386154	0.000661538	0.000969231	0.000561538	0.000430769	0.00346154	
0.00366923	0.00207692	0.0017	0.00177692	0.00494615	0.00121538	0.00120769	0.00185385	0.00182308	0.000561538	0.00543077	0.00140769	3.84615e-05	3.84615e-05	0.00908462	6.15385e-05	0	0	0	0	0.00497692	0.000184615	0.00248462	0.00157692	0.00598462	0.000707692	0.000946154	0.00158462	0.00110769	0.000407692	0.00664615	0.00106154	0.00194615	0.000984615	0.000738462	0.00555385	
0.00177692	0.00118462	0.000846154	0.0009	0.00246923	0.000707692	0.000569231	0.000961538	0.000830769	0.000307692	0.00289231	0.000676923	1.53846e-05	0	0.00466923	2.30769e-05	0	0	0	0	0.00265385	8.46154e-05	0.00110769	0.000861538	0.00310769	0.000376923	0.000538462	0.000684615	0.0005	0.000146154	0.00346154	0.0006	0.000915385	0.000561538	0.000307692	0.00292308	
0.385546	0.221846	0.187415	0.185838	0.5237	0.144815	0.114469	0.197662	0.188477	0.0663462	0.569831	0.155992	0.00524615	0.00286923	0.967169	0.00536154	0	0	0	0	0.557162	0.0186462	0.245954	0.158885	0.644223	0.0762	0.100515	0.159708	0.106908	0.0370231	0.7218	0.114915	0.193223	0.101846	0.0893385	0.596238	
0.222792	0.129546	0.110023	0.105562	0.313769	0.0812692	0.0636077	0.109277	0.1077	0.0375615	0.334315	0.0883462	0.00309231	0.00167692	0.559977	0.00317692	0.00313077	0.00497692	0.00265385	0.557162	0	0	0	0	0.362631	0.0466154	0.0614231	0.0972538	0.0804769	0.0276154	0.374231	0.0856	0.126962	0.0671077	0.0583385	0.315515	
0.00747692	0.00406154	0.0038	0.00366154	0.00933077	0.00323846	0.00233077	0.0041	0.00415385	0.00166154	0.00974615	0.00343846	0.0001	5.38462e-05	0.0187385	0.000107692	8.46154e-05	0.000184615	8.46154e-05	0.0186462	0	0	0	0	0.0127923	0.00136923	0.00193846	0.0029	0.00119231	0.000461538	0.0160308	0.00131538	0.00275385	0.00153077	0.00151538	0.0132	
0.0985	0.0557692	0.0464923	0.0501462	0.122777	0.0401	0.0332846	0.0547462	0.0597615	0.0217538	0.118915	0.0504769	0.00123846	0.000692308	0.247638	0.00133846	0.00136154	0.00248462	0.00110769	0.245954	0	0	0	0	0.214569	0.00823846	0.0108	0.0173	0.0147769	0.00505385	0.215277	0.0158	0.0386308	0.0208231	0.0176077	0.173846	
0.0643615	0.0368308	0.0306923	0.0302846	0.0881692	0.0229308	0.0176769	0.0333923	0.0205308	0.00666154	0.118354	0.0166231	0.000915385	0.0005	0.159885	0.000869231	0.000846154	0.00157692	0.000861538	0.158885	0	0	0	0	0.0667538	0.0214769	0.0285462	0.0453923	0.0127692	0.00464615	0.130231	0.0145231	0.0287077	0.0144923	0.0133538	0.105615	
0.256708	0.146038	0.122946	0.131054	0.3211	0.107238	0.0852846	0.143123	0.149177	0.0532538	0.330123	0.124192	0.00347692	0.00189231	0.647692	0.00368462	0.00343077	0.00598462	0.00310769	0.644223	0.362631	0.0127923	0.214569	0.0667538	0	0	0	0	0.0638538	0.0222462	0.501769	0.0688769	0.123592	0.0652154	0.0565385	0.4114	
0.0309846	0.0179615	0.0156385	0.0131154	0.0485692	0.00868462	0.00713077	0.0133154	0.00968462	0.00333846	0.0568846	0.00779231	0.000415385	0.000246154	0.0766615	0.000376923	0.000415385	0.000707692	0.000376923	0.0762	0.0466154	0.00136923	0.00823846	0.0214769	0	0	0	0	0.0102769	0.00328462	0.0533462	0.0107923	0.0166846	0.00845385	0.00786154	0.0447	
0.0409077	0.0245769	0.0200462	0.0171769	0.0635077	0.0119692	0.00936154	0.0178692	0.0129154	0.00397692	0.0753769	0.0104385	0.000507692	0.000276923	0.101377	0.000546154	0.000707692	0.000946154	0.000538462	0.100515	0.0614231	0.00193846	0.0108	0.0285462	0	0	0	0	0.0139462	0.00469231	0.0697846	0.0142846	0.0217154	0.0120769	0.0103385	0.0585769	
0.0645308	0.0376308	0.0323769	0.0283077	0.100869	0.0196462	0.0151231	0.0272077	0.0203692	0.00706923	0.118946	0.0164615	0.000946154	0.000507692	0.160508	0.000884615	0.000869231	0.00158462	0.000684615	0.159708	0.0972538	0.0029	0.0173	0.0453923	0	0	0	0	0.0211385	0.00755385	0.110869	0.0232846	0.0350615	0.0182077	0.0160769	0.0935	
0.0441231	0.0261692	0.0217077	0.0172154	0.0753615	0.0105308	0.00823077	0.0150923	0.0101846	0.00307692	0.0883462	0.00760769	0.000630769	0.000361538	0.107554	0.000669231	0.0007	0.00110769	0.0005	0.106908	0.0804769	0.00119231	0.0147769	0.0127692	0.0638538	0.0102769	0.0139462	0.0211385	0	0	0	0	0.0299923	0.0159231	0.0139462	0.0493538	
0.0150231	0.00922308	0.00772308	0.00580769	0.0263615	0.00349231	0.00279231	0.00513077	0.00326923	0.00111538	0.0307615	0.00263077	0.000176923	8.46154e-05	0.0372923	0.000223077	0.0002	0.000407692	0.000146154	0.0370231	0.0276154	0.000461538	0.00505385	0.00464615	0.0222462	0.00328462	0.00469231	0.00755385	0	0	0	0	0.0107462	0.00553846	0.00487692	0.0166154	
0.286477	0.162746	0.138377	0.148169	0.350946	0.122731	0.0971385	0.164954	0.168469	0.0599385	0.367162	0.1402	0.00388462	0.00215385	0.7257	0.00403077	0.00386154	0.00664615	0.00346154	0.7218	0.374231	0.0160308	0.215277	0.130231	0.501769	0.0533462	0.0697846	0.110869	0	0	0	0	0.124408	0.0658385	0.0574385	0.488085	
0.0475077	0.0280692	0.0232	0.0184615	0.0813769	0.0107846	0.00873846	0.0163385	0.0102231	0.00350769	0.0950615	0.00844615	0.000653846	0.000323077	0.115692	0.000569231	0.000661538	0.00106154	0.0006	0.114915	0.0856	0.00131538	0.0158	0.0145231	0.0688769	0.0107923	0.0142846	0.0232846	0	0	0	0	0.0319077	0.0166538	0.0145538	0.0541231	
0.0785077	0.0454231	0.0380615	0.0350615	0.115685	0.0249923	0.0207692	0.0356077	0.0280077	0.00993077	0.136869	0.0222462	0.00104615	0.0006	0.194238	0.00116923	0.000969231	0.00194615	0.000915385	0.193223	0.126962	0.00275385	0.0386308	0.0287077	0.123592	0.0166846	0.0217154	0.0350615	0.0299923	0.0107462	0.124408	0.0319077	0	0	0	0	
0.0407	0.0238615	0.0205923	0.0188	0.0602	0.0137308	0.00996154	0.0200615	0.0142077	0.00511538	0.0725692	0.0120615	0.000538462	0.000330769	0.102415	0.000669231	0.000561538	0.000984615	0.000561538	0.101846	0.0671077	0.00153077	0.0208231	0.0144923	0.0652154	0.00845385	0.0120769	0.0182077	0.0159231	0.00553846	0.0658385	0.0166538	0	0	0	0	
0.0363923	0.0207923	0.0177308	0.0159	0.0532154	0.0119846	0.00942308	0.0161923	0.013	0.00418462	0.0629846	0.0106462	0.000476923	0.000346154	0.0894846	0.000507692	0.000430769	0.000738462	0.000307692	0.0893385	0.0583385	0.00151538	0.0176077	0.0133538	0.0565385	0.00786154	0.0103385	0.0160769	0.0139462	0.00487692	0.0574385	0.0145538	0	0	0	0	
0.237531	0.136131	0.114623	0.119892	0.304946	0.0968308	0.0767462	0.129654	0.136931	0.0484077	0.308908	0.113931	0.00328462	0.00164615	0.6001	0.00314615	0.00346154	0.00555385	0.00292308	0.596238	0.315515	0.0132	0.173846	0.105615	0.4114	0.0447	0.0585769	0.0935	0.0493538	0.0166154	0.488085	0.0541231	0	0	0	0	
