0	0	0	0	0.22726	0.04153	0.02744	0.05315	0.03305	0.01789	0.26144	0.037	0.00349	0.00723	0.33661	0.00205	0.00354	0.00436	0.00359	0.33789	0.21136	0.0256	0.06721	0.04521	0.16867	0.06215	0.03217	0.08639	0.0642	0.03702	0.18077	0.06739	0.07103	0.07827	0.04611	0.15397	
0	0	0	0	0.21634	0.03946	0.02661	0.05056	0.0314	0.01708	0.24855	0.03594	0.00345	0.00714	0.32056	0.00182	0.00346	0.00412	0.00319	0.3222	0.20409	0.02246	0.06421	0.04221	0.15992	0.06016	0.02985	0.08304	0.06181	0.03573	0.17015	0.06528	0.06782	0.07678	0.04406	0.14431	
0	0	0	0	0.12635	0.02268	0.01467	0.02978	0.01888	0.00947	0.14457	0.02056	0.00202	0.00379	0.18659	0.00108	0.0019	0.00251	0.00211	0.18696	0.11768	0.01392	0.03696	0.02492	0.09301	0.03552	0.01713	0.04782	0.03611	0.021	0.09912	0.03725	0.04017	0.04441	0.02528	0.08362	
0	0	0	0	0.03558	0.02985	0.02075	0.03799	0.01519	0.00806	0.08329	0.01763	0.00126	0.00261	0.1195	0.0008	0.00131	0.00157	0.00108	0.12021	0.07401	0.00941	0.02451	0.01624	0.0614	0.0205	0.01142	0.03085	0.01952	0.01161	0.07219	0.02085	0.02511	0.02756	0.01618	0.05532	
0.22726	0.21634	0.12635	0.03558	0	0	0	0	0.04094	0.02219	0.49666	0.04574	0.00617	0.01216	0.5838	0.0034	0.0062	0.00773	0.00615	0.58545	0.37189	0.04222	0.11479	0.07663	0.28521	0.11393	0.05494	0.15145	0.12554	0.07334	0.27347	0.13318	0.12615	0.13934	0.08184	0.2582	
0.04153	0.03946	0.02268	0.02985	0	0	0	0	0.0215	0.01146	0.07599	0.02457	0.00131	0.00299	0.12841	0.00081	0.00138	0.00162	0.00121	0.12931	0.07955	0.01001	0.02611	0.01785	0.06769	0.0214	0.01255	0.03188	0.0184	0.0108	0.08422	0.0201	0.02635	0.02972	0.01653	0.06092	
0.02744	0.02661	0.01467	0.02075	0	0	0	0	0.01451	0.0074	0.0513	0.01626	0.00086	0.00179	0.08629	0.00053	0.00094	0.00107	0.0009	0.08656	0.0534	0.00668	0.01777	0.01162	0.04495	0.01461	0.00785	0.02206	0.01285	0.00674	0.05688	0.013	0.01749	0.01977	0.01167	0.04054	
0.05315	0.05056	0.02978	0.03799	0	0	0	0	0.02157	0.01145	0.1139	0.02456	0.00188	0.00383	0.16476	0.00101	0.00169	0.00214	0.00171	0.16594	0.1023	0.01248	0.03422	0.02248	0.08515	0.02839	0.01523	0.04271	0.02485	0.01448	0.10766	0.02449	0.03414	0.03819	0.02159	0.07756	
0.03305	0.0314	0.01888	0.01519	0.04094	0.0215	0.01451	0.02157	0	0	0	0	0.00102	0.00193	0.09499	0.00058	0.0012	0.00134	0.00089	0.09509	0.05911	0.00733	0.01911	0.01297	0.05435	0.01493	0.00769	0.02155	0.01562	0.00887	0.05816	0.01587	0.01939	0.02157	0.01328	0.04428	
0.01789	0.01708	0.00947	0.00806	0.02219	0.01146	0.0074	0.01145	0	0	0	0	0.00057	0.00126	0.05045	0.00022	0.00043	0.00059	0.00058	0.0509	0.03134	0.00362	0.01029	0.00725	0.02871	0.00804	0.0041	0.01165	0.00788	0.00476	0.03135	0.00851	0.01039	0.01219	0.00693	0.02299	
0.26144	0.24855	0.14457	0.08329	0.49666	0.07599	0.0513	0.1139	0	0	0	0	0.0075	0.01501	0.71108	0.00426	0.0076	0.00934	0.00718	0.71373	0.45044	0.0524	0.14073	0.09428	0.33953	0.13847	0.06918	0.19067	0.14159	0.08194	0.36607	0.14825	0.15182	0.16856	0.09665	0.32082	
0.037	0.03594	0.02056	0.01763	0.04574	0.02457	0.01626	0.02456	0	0	0	0	0.00113	0.00257	0.10674	0.00069	0.00098	0.00129	0.00132	0.10754	0.06625	0.00804	0.02276	0.01408	0.06041	0.01689	0.0096	0.02423	0.01655	0.00979	0.06665	0.01814	0.02253	0.0247	0.01477	0.04913	
0.00349	0.00345	0.00202	0.00126	0.00617	0.00131	0.00086	0.00188	0.00102	0.00057	0.0075	0.00113	0	0	0	0	0.00011	7e-05	9e-05	0.00995	0.00623	0.00069	0.00188	0.00142	0.00471	0.0019	0.00094	0.00267	0.00189	0.00104	0.00529	0.002	0.00196	0.00244	0.00131	0.00451	
0.00723	0.00714	0.00379	0.00261	0.01216	0.00299	0.00179	0.00383	0.00193	0.00126	0.01501	0.00257	0	0	0	0	0.00024	0.00026	0.00017	0.0201	0.01253	0.00152	0.00378	0.00294	0.0098	0.00362	0.00184	0.00551	0.00367	0.00219	0.01093	0.00398	0.00425	0.0046	0.00291	0.00901	
0.33661	0.32056	0.18659	0.1195	0.5838	0.12841	0.08629	0.16476	0.09499	0.05045	0.71108	0.10674	0	0	0	0	0.00978	0.01221	0.00966	0.93161	0.58471	0.06878	0.18628	0.12349	0.46569	0.17174	0.08725	0.23858	0.17496	0.10144	0.50315	0.18371	0.19671	0.21863	0.12666	0.42126	
0.00205	0.00182	0.00108	0.0008	0.0034	0.00081	0.00053	0.00101	0.00058	0.00022	0.00426	0.00069	0	0	0	0	8e-05	2e-05	5e-05	0.0056	0.00367	0.0004	0.00095	0.00073	0.0028	0.00107	0.00054	0.00134	0.00112	0.00069	0.00286	0.00108	0.00121	0.00135	0.00075	0.00244	
0.00354	0.00346	0.0019	0.00131	0.0062	0.00138	0.00094	0.00169	0.0012	0.00043	0.0076	0.00098	0.00011	0.00024	0.00978	8e-05	0	0	0	0	0.00633	0.00058	0.00213	0.00117	0.00496	0.00183	0.00094	0.00248	0.00182	0.00108	0.00515	0.00216	0.00214	0.00227	0.00109	0.00471	
0.00436	0.00412	0.00251	0.00157	0.00773	0.00162	0.00107	0.00214	0.00134	0.00059	0.00934	0.00129	7e-05	0.00026	0.01221	2e-05	0	0	0	0	0.00765	0.00078	0.0024	0.00173	0.00602	0.00224	0.00099	0.00331	0.00227	0.00132	0.0067	0.00227	0.00241	0.00268	0.00193	0.00554	
0.00359	0.00319	0.00211	0.00108	0.00615	0.00121	0.0009	0.00171	0.00089	0.00058	0.00718	0.00132	9e-05	0.00017	0.00966	5e-05	0	0	0	0	0.00606	0.0007	0.00182	0.00139	0.005	0.00178	0.00068	0.00251	0.00187	0.00084	0.00528	0.00198	0.00206	0.00241	0.0013	0.0042	
0.33789	0.3222	0.18696	0.12021	0.58545	0.12931	0.08656	0.16594	0.09509	0.0509	0.71373	0.10754	0.00995	0.0201	0.93161	0.0056	0	0	0	0	0.5871	0.06933	0.18654	0.12429	0.46702	0.17248	0.08796	0.2398	0.17568	0.10212	0.5051	0.18436	0.19752	0.21966	0.12731	0.42277	
0.21136	0.20409	0.11768	0.07401	0.37189	0.07955	0.0534	0.1023	0.05911	0.03134	0.45044	0.06625	0.00623	0.01253	0.58471	0.00367	0.00633	0.00765	0.00606	0.5871	0	0	0	0	0.27795	0.10643	0.05187	0.17089	0.11713	0.06795	0.29806	0.124	0.126	0.1387	0.08104	0.2614	
0.0256	0.02246	0.01392	0.00941	0.04222	0.01001	0.00668	0.01248	0.00733	0.00362	0.0524	0.00804	0.00069	0.00152	0.06878	0.0004	0.00058	0.00078	0.0007	0.06933	0	0	0	0	0.03355	0.0118	0.0065	0.01954	0.01136	0.00675	0.0418	0.01148	0.01441	0.01615	0.00922	0.03161	
0.06721	0.06421	0.03696	0.02451	0.11479	0.02611	0.01777	0.03422	0.01911	0.01029	0.14073	0.02276	0.00188	0.00378	0.18628	0.00095	0.00213	0.0024	0.00182	0.18654	0	0	0	0	0.11179	0.03856	0.02062	0.02192	0.03144	0.01878	0.10936	0.03331	0.03828	0.04314	0.02461	0.08686	
0.04521	0.04221	0.02492	0.01624	0.07663	0.01785	0.01162	0.02248	0.01297	0.00725	0.09428	0.01408	0.00142	0.00294	0.12349	0.00073	0.00117	0.00173	0.00139	0.12429	0	0	0	0	0.05971	0.02154	0.01158	0.03575	0.02171	0.01188	0.07301	0.02198	0.02544	0.02903	0.01676	0.05735	
0.16867	0.15992	0.09301	0.0614	0.28521	0.06769	0.04495	0.08515	0.05435	0.02871	0.33953	0.06041	0.00471	0.0098	0.46569	0.0028	0.00496	0.00602	0.005	0.46702	0.27795	0.03355	0.11179	0.05971	0	0	0	0	0.0795	0.0465	0.27155	0.08545	0.0968	0.10878	0.06372	0.2137	
0.06215	0.06016	0.03552	0.0205	0.11393	0.0214	0.01461	0.02839	0.01493	0.00804	0.13847	0.01689	0.0019	0.00362	0.17174	0.00107	0.00183	0.00224	0.00178	0.17248	0.10643	0.0118	0.03856	0.02154	0	0	0	0	0.04351	0.02512	0.06444	0.04526	0.03843	0.04165	0.02384	0.07441	
0.03217	0.02985	0.01713	0.01142	0.05494	0.01255	0.00785	0.01523	0.00769	0.0041	0.06918	0.0096	0.00094	0.00184	0.08725	0.00054	0.00094	0.00099	0.00068	0.08796	0.05187	0.0065	0.02062	0.01158	0	0	0	0	0.01501	0.00908	0.05101	0.01547	0.0177	0.02117	0.0117	0.04	
0.08639	0.08304	0.04782	0.03085	0.15145	0.03188	0.02206	0.04271	0.02155	0.01165	0.19067	0.02423	0.00267	0.00551	0.23858	0.00134	0.00248	0.00331	0.00251	0.2398	0.17089	0.01954	0.02192	0.03575	0	0	0	0	0.04362	0.02466	0.13523	0.04459	0.0512	0.05542	0.03237	0.10911	
0.0642	0.06181	0.03611	0.01952	0.12554	0.0184	0.01285	0.02485	0.01562	0.00788	0.14159	0.01655	0.00189	0.00367	0.17496	0.00112	0.00182	0.00227	0.00187	0.17568	0.11713	0.01136	0.03144	0.02171	0.0795	0.04351	0.01501	0.04362	0	0	0	0	0.04224	0.045	0.02826	0.06614	
0.03702	0.03573	0.021	0.01161	0.07334	0.0108	0.00674	0.01448	0.00887	0.00476	0.08194	0.00979	0.00104	0.00219	0.10144	0.00069	0.00108	0.00132	0.00084	0.10212	0.06795	0.00675	0.01878	0.01188	0.0465	0.02512	0.00908	0.02466	0	0	0	0	0.0252	0.02683	0.01527	0.03806	
0.18077	0.17015	0.09912	0.07219	0.27347	0.08422	0.05688	0.10766	0.05816	0.03135	0.36607	0.06665	0.00529	0.01093	0.50315	0.00286	0.00515	0.0067	0.00528	0.5051	0.29806	0.0418	0.10936	0.07301	0.27155	0.06444	0.05101	0.13523	0	0	0	0	0.09178	0.10808	0.05995	0.26242	
0.06739	0.06528	0.03725	0.02085	0.13318	0.0201	0.013	0.02449	0.01587	0.00851	0.14825	0.01814	0.002	0.00398	0.18371	0.00108	0.00216	0.00227	0.00198	0.18436	0.124	0.01148	0.03331	0.02198	0.08545	0.04526	0.01547	0.04459	0	0	0	0	0.04491	0.04711	0.02815	0.0706	
0.07103	0.06782	0.04017	0.02511	0.12615	0.02635	0.01749	0.03414	0.01939	0.01039	0.15182	0.02253	0.00196	0.00425	0.19671	0.00121	0.00214	0.00241	0.00206	0.19752	0.126	0.01441	0.03828	0.02544	0.0968	0.03843	0.0177	0.0512	0.04224	0.0252	0.09178	0.04491	0	0	0	0	
0.07827	0.07678	0.04441	0.02756	0.13934	0.02972	0.01977	0.03819	0.02157	0.01219	0.16856	0.0247	0.00244	0.0046	0.21863	0.00135	0.00227	0.00268	0.00241	0.21966	0.1387	0.01615	0.04314	0.02903	0.10878	0.04165	0.02117	0.05542	0.045	0.02683	0.10808	0.04711	0	0	0	0	
0.04611	0.04406	0.02528	0.01618	0.08184	0.01653	0.01167	0.02159	0.01328	0.00693	0.09665	0.01477	0.00131	0.00291	0.12666	0.00075	0.00109	0.00193	0.0013	0.12731	0.08104	0.00922	0.02461	0.01676	0.06372	0.02384	0.0117	0.03237	0.02826	0.01527	0.05995	0.02815	0	0	0	0	
0.15397	0.14431	0.08362	0.05532	0.2582	0.06092	0.04054	0.07756	0.04428	0.02299	0.32082	0.04913	0.00451	0.00901	0.42126	0.00244	0.00471	0.00554	0.0042	0.42277	0.2614	0.03161	0.08686	0.05735	0.2137	0.07441	0.04	0.10911	0.06614	0.03806	0.26242	0.0706	0	0	0	0	
