0	0	0	0	0.22548	0.04223	0.02827	0.05241	0.0333	0.01776	0.25932	0.03801	0.00398	0.00744	0.33473	0.00224	0.00347	0.00481	0.00329	0.33682	0.21053	0.02567	0.06754	0.04465	0.16682	0.0627	0.03305	0.08582	0.0637	0.03717	0.17868	0.06884	0.07255	0.07598	0.04706	0.1528	
0	0	0	0	0.21784	0.03938	0.02705	0.0504	0.03216	0.01699	0.24989	0.03563	0.00351	0.00687	0.32234	0.00195	0.00347	0.00443	0.00349	0.32328	0.20149	0.02529	0.06361	0.04428	0.16187	0.05841	0.03026	0.08413	0.06104	0.03653	0.17253	0.06457	0.06913	0.07334	0.04389	0.14831	
0	0	0	0	0.12532	0.02336	0.01545	0.03019	0.01843	0.00961	0.14454	0.02174	0.00216	0.00379	0.18728	0.00109	0.00233	0.00236	0.00199	0.18764	0.11786	0.01454	0.03646	0.02546	0.09286	0.03432	0.01849	0.04865	0.03609	0.02018	0.10005	0.038	0.04079	0.0426	0.02626	0.08467	
0	0	0	0	0.03619	0.02967	0.01948	0.03728	0.01544	0.00758	0.08282	0.01678	0.00151	0.00238	0.11803	0.0007	0.00136	0.00174	0.00113	0.11839	0.07425	0.00881	0.02306	0.0165	0.05909	0.02082	0.01125	0.03146	0.01959	0.01153	0.07055	0.02095	0.02449	0.02621	0.01592	0.056	
0.22548	0.21784	0.12532	0.03619	0	0	0	0	0.04048	0.02104	0.4978	0.04551	0.00677	0.01248	0.58195	0.00363	0.00638	0.0081	0.00603	0.58432	0.36753	0.04498	0.11517	0.07715	0.28619	0.11166	0.05595	0.15103	0.12588	0.07289	0.27254	0.13352	0.12793	0.13342	0.08242	0.26106	
0.04223	0.03938	0.02336	0.02967	0	0	0	0	0.02021	0.0102	0.08156	0.02267	0.0015	0.00281	0.12947	0.00086	0.00136	0.00186	0.00127	0.13015	0.08035	0.00981	0.02569	0.01879	0.06653	0.02192	0.0122	0.03399	0.01831	0.0111	0.08523	0.02	0.02681	0.02963	0.01689	0.06131	
0.02827	0.02705	0.01545	0.01948	0	0	0	0	0.01367	0.00728	0.05421	0.01509	0.00099	0.00189	0.08689	0.00048	0.00095	0.00125	0.00093	0.08712	0.0544	0.0069	0.01674	0.01221	0.0446	0.01457	0.00861	0.02247	0.01296	0.00716	0.05677	0.01336	0.01815	0.01907	0.01197	0.04106	
0.05241	0.0504	0.03019	0.03728	0	0	0	0	0.02497	0.01342	0.103	0.02889	0.0019	0.0033	0.16407	0.00101	0.00194	0.00213	0.00167	0.16454	0.10185	0.01262	0.03307	0.02274	0.08332	0.0281	0.01629	0.04257	0.02327	0.01426	0.10727	0.02548	0.03407	0.03601	0.02185	0.07835	
0.0333	0.03216	0.01843	0.01544	0.04048	0.02021	0.01367	0.02497	0	0	0	0	0.00128	0.00211	0.09524	0.0007	0.00093	0.00136	0.00103	0.09601	0.06022	0.00713	0.01906	0.01292	0.05047	0.01613	0.00888	0.02385	0.01612	0.00966	0.05558	0.01797	0.02009	0.02174	0.01357	0.04393	
0.01776	0.01699	0.00961	0.00758	0.02104	0.0102	0.00728	0.01342	0	0	0	0	0.00059	0.00103	0.04995	0.00037	0.0006	0.00065	0.00051	0.05018	0.03099	0.0042	0.00984	0.00691	0.02633	0.00825	0.00477	0.01259	0.00861	0.00538	0.02902	0.00893	0.01082	0.01162	0.00664	0.02286	
0.25932	0.24989	0.14454	0.08282	0.4978	0.08156	0.05421	0.103	0	0	0	0	0.00818	0.01521	0.70892	0.00426	0.00803	0.0099	0.00732	0.71132	0.4457	0.05481	0.14021	0.09585	0.3464	0.13293	0.06968	0.18756	0.13716	0.07968	0.37413	0.1456	0.15273	0.16061	0.09877	0.32446	
0.03801	0.03563	0.02174	0.01678	0.04551	0.02267	0.01509	0.02889	0	0	0	0	0.00111	0.00213	0.10827	0.00065	0.00107	0.00143	0.00104	0.10862	0.06722	0.00817	0.02156	0.01521	0.05744	0.01894	0.00972	0.02606	0.01853	0.01069	0.06308	0.01986	0.02332	0.02416	0.01415	0.05053	
0.00398	0.00351	0.00216	0.00151	0.00677	0.0015	0.00099	0.0019	0.00128	0.00059	0.00818	0.00111	0	0	0	0	9e-05	9e-05	0.00014	0.01084	0.00682	0.00085	0.00222	0.00127	0.00513	0.00224	0.00101	0.00278	0.00207	0.00118	0.0057	0.00221	0.00226	0.00258	0.00147	0.00485	
0.00744	0.00687	0.00379	0.00238	0.01248	0.00281	0.00189	0.0033	0.00211	0.00103	0.01521	0.00213	0	0	0	0	0.0002	0.00031	0.0002	0.01977	0.01216	0.00158	0.00411	0.00263	0.00998	0.00346	0.00199	0.00505	0.00341	0.00215	0.01084	0.00408	0.00409	0.00436	0.00284	0.00919	
0.33473	0.32234	0.18728	0.11803	0.58195	0.12947	0.08689	0.16407	0.09524	0.04995	0.70892	0.10827	0	0	0	0	0.01027	0.01285	0.00952	0.92974	0.58146	0.07155	0.18297	0.1264	0.46255	0.16944	0.08954	0.24085	0.17383	0.10143	0.50225	0.18487	0.19935	0.20999	0.12789	0.42515	
0.00224	0.00195	0.00109	0.0007	0.00363	0.00086	0.00048	0.00101	0.0007	0.00037	0.00426	0.00065	0	0	0	0	7e-05	9e-05	4e-05	0.00578	0.00369	0.00033	0.00137	0.00059	0.00298	0.00111	0.00051	0.00138	0.00111	0.00065	0.00302	0.0012	0.00126	0.0012	0.00093	0.00259	
0.00347	0.00347	0.00233	0.00136	0.00638	0.00136	0.00095	0.00194	0.00093	0.0006	0.00803	0.00107	9e-05	0.0002	0.01027	7e-05	0	0	0	0	0.00629	0.00085	0.00209	0.0014	0.0047	0.00212	0.00099	0.00282	0.00207	0.00105	0.00556	0.00195	0.00214	0.00243	0.0015	0.00456	
0.00481	0.00443	0.00236	0.00174	0.0081	0.00186	0.00125	0.00213	0.00136	0.00065	0.0099	0.00143	9e-05	0.00031	0.01285	9e-05	0	0	0	0	0.00872	0.00081	0.00225	0.00156	0.00633	0.00226	0.00124	0.00351	0.00231	0.00145	0.00705	0.00253	0.00279	0.00262	0.00185	0.00608	
0.00329	0.00349	0.00199	0.00113	0.00603	0.00127	0.00093	0.00167	0.00103	0.00051	0.00732	0.00104	0.00014	0.0002	0.00952	4e-05	0	0	0	0	0.00567	0.00083	0.00207	0.00133	0.00479	0.00182	0.00098	0.00231	0.00175	0.00129	0.00502	0.00184	0.00201	0.00188	0.00136	0.00465	
0.33682	0.32328	0.18764	0.11839	0.58432	0.13015	0.08712	0.16454	0.09601	0.05018	0.71132	0.10862	0.01084	0.01977	0.92974	0.00578	0	0	0	0	0.58345	0.07182	0.18426	0.1266	0.46482	0.17005	0.08984	0.24142	0.17429	0.10162	0.50418	0.18604	0.20002	0.2112	0.12842	0.42649	
0.21053	0.20149	0.11786	0.07425	0.36753	0.08035	0.0544	0.10185	0.06022	0.03099	0.4457	0.06722	0.00682	0.01216	0.58146	0.00369	0.00629	0.00872	0.00567	0.58345	0	0	0	0	0.27879	0.10263	0.05308	0.16963	0.11275	0.0657	0.30615	0.11953	0.1245	0.13256	0.08013	0.26694	
0.02567	0.02529	0.01454	0.00881	0.04498	0.00981	0.0069	0.01262	0.00713	0.0042	0.05481	0.00817	0.00085	0.00158	0.07155	0.00033	0.00085	0.00081	0.00083	0.07182	0	0	0	0	0.03408	0.01221	0.00705	0.02097	0.01223	0.0076	0.04111	0.01337	0.01571	0.01597	0.00974	0.03289	
0.06754	0.06361	0.03646	0.02306	0.11517	0.02569	0.01674	0.03307	0.01906	0.00984	0.14021	0.02156	0.00222	0.00411	0.18297	0.00137	0.00209	0.00225	0.00207	0.18426	0	0	0	0	0.1078	0.03877	0.02129	0.02281	0.03338	0.01899	0.10313	0.03517	0.04031	0.04127	0.02548	0.08361	
0.04465	0.04428	0.02546	0.0165	0.07715	0.01879	0.01221	0.02274	0.01292	0.00691	0.09585	0.01521	0.00127	0.00263	0.1264	0.00059	0.0014	0.00156	0.00133	0.1266	0	0	0	0	0.05997	0.02264	0.01163	0.03665	0.02206	0.01312	0.07142	0.02429	0.02644	0.02833	0.01778	0.05834	
0.16682	0.16187	0.09286	0.05909	0.28619	0.06653	0.0446	0.08332	0.05047	0.02633	0.3464	0.05744	0.00513	0.00998	0.46255	0.00298	0.0047	0.00633	0.00479	0.46482	0.27879	0.03408	0.1078	0.05997	0	0	0	0	0.08051	0.04631	0.26825	0.08557	0.09839	0.10476	0.06337	0.21412	
0.0627	0.05841	0.03432	0.02082	0.11166	0.02192	0.01457	0.0281	0.01613	0.00825	0.13293	0.01894	0.00224	0.00346	0.16944	0.00111	0.00212	0.00226	0.00182	0.17005	0.10263	0.01221	0.03877	0.02264	0	0	0	0	0.0422	0.02488	0.06511	0.04406	0.03812	0.03913	0.02377	0.07523	
0.03305	0.03026	0.01849	0.01125	0.05595	0.0122	0.00861	0.01629	0.00888	0.00477	0.06968	0.00972	0.00101	0.00199	0.08954	0.00051	0.00099	0.00124	0.00098	0.08984	0.05308	0.00705	0.02129	0.01163	0	0	0	0	0.01576	0.00911	0.05151	0.01667	0.01929	0.02016	0.01223	0.04137	
0.08582	0.08413	0.04865	0.03146	0.15103	0.03399	0.02247	0.04257	0.02385	0.01259	0.18756	0.02606	0.00278	0.00505	0.24085	0.00138	0.00282	0.00351	0.00231	0.24142	0.16963	0.02097	0.02281	0.03665	0	0	0	0	0.04195	0.02511	0.13694	0.04606	0.05116	0.05408	0.03376	0.11106	
0.0637	0.06104	0.03609	0.01959	0.12588	0.01831	0.01296	0.02327	0.01612	0.00861	0.13716	0.01853	0.00207	0.00341	0.17383	0.00111	0.00207	0.00231	0.00175	0.17429	0.11275	0.01223	0.03338	0.02206	0.08051	0.0422	0.01576	0.04195	0	0	0	0	0.04174	0.0454	0.02755	0.06573	
0.03717	0.03653	0.02018	0.01153	0.07289	0.0111	0.00716	0.01426	0.00966	0.00538	0.07968	0.01069	0.00118	0.00215	0.10143	0.00065	0.00105	0.00145	0.00129	0.10162	0.0657	0.0076	0.01899	0.01312	0.04631	0.02488	0.00911	0.02511	0	0	0	0	0.02506	0.02548	0.01585	0.03902	
0.17868	0.17253	0.10005	0.07055	0.27254	0.08523	0.05677	0.10727	0.05558	0.02902	0.37413	0.06308	0.0057	0.01084	0.50225	0.00302	0.00556	0.00705	0.00502	0.50418	0.30615	0.04111	0.10313	0.07142	0.26825	0.06511	0.05151	0.13694	0	0	0	0	0.09453	0.10039	0.06151	0.26538	
0.06884	0.06457	0.038	0.02095	0.13352	0.02	0.01336	0.02548	0.01797	0.00893	0.1456	0.01986	0.00221	0.00408	0.18487	0.0012	0.00195	0.00253	0.00184	0.18604	0.11953	0.01337	0.03517	0.02429	0.08557	0.04406	0.01667	0.04606	0	0	0	0	0.04563	0.04686	0.02822	0.07165	
0.07255	0.06913	0.04079	0.02449	0.12793	0.02681	0.01815	0.03407	0.02009	0.01082	0.15273	0.02332	0.00226	0.00409	0.19935	0.00126	0.00214	0.00279	0.00201	0.20002	0.1245	0.01571	0.04031	0.02644	0.09839	0.03812	0.01929	0.05116	0.04174	0.02506	0.09453	0.04563	0	0	0	0	
0.07598	0.07334	0.0426	0.02621	0.13342	0.02963	0.01907	0.03601	0.02174	0.01162	0.16061	0.02416	0.00258	0.00436	0.20999	0.0012	0.00243	0.00262	0.00188	0.2112	0.13256	0.01597	0.04127	0.02833	0.10476	0.03913	0.02016	0.05408	0.0454	0.02548	0.10039	0.04686	0	0	0	0	
0.04706	0.04389	0.02626	0.01592	0.08242	0.01689	0.01197	0.02185	0.01357	0.00664	0.09877	0.01415	0.00147	0.00284	0.12789	0.00093	0.0015	0.00185	0.00136	0.12842	0.08013	0.00974	0.02548	0.01778	0.06337	0.02377	0.01223	0.03376	0.02755	0.01585	0.06151	0.02822	0	0	0	0	
0.1528	0.14831	0.08467	0.056	0.26106	0.06131	0.04106	0.07835	0.04393	0.02286	0.32446	0.05053	0.00485	0.00919	0.42515	0.00259	0.00456	0.00608	0.00465	0.42649	0.26694	0.03289	0.08361	0.05834	0.21412	0.07523	0.04137	0.11106	0.06573	0.03902	0.26538	0.07165	0	0	0	0	
