0	0	0	0	0.20432	0.05232	0.0513	0.05412	0.05806	0.02711	0.2312	0.04569	0.00119	0.00074	0.35916	0.00097	0.00089	0.00419	0.00044	0.35654	0.21603	0.00585	0.12166	0.01852	0.26569	0.02547	0.03741	0.03349	0.0306	0.01027	0.29698	0.02421	0.04733	0.0454	0.02486	0.24447	
0	0	0	0	0.15272	0.03997	0.04051	0.04	0.04348	0.02085	0.17515	0.03372	0.00084	0.00057	0.27099	0.0008	0.00062	0.00288	0.00043	0.26927	0.16076	0.00465	0.09317	0.01462	0.20085	0.0191	0.02785	0.0254	0.02317	0.00827	0.22352	0.01824	0.03558	0.03369	0.01862	0.18531	
0	0	0	0	0.10863	0.02748	0.02844	0.02928	0.02979	0.01442	0.12489	0.02473	0.00056	0.00029	0.19248	0.0005	0.00045	0.00195	0.00033	0.1911	0.11334	0.0032	0.06726	0.01003	0.14273	0.01308	0.0204	0.01762	0.01669	0.0054	0.15817	0.01357	0.02559	0.02401	0.01312	0.13111	
0	0	0	0	0.04696	0.04081	0.04145	0.04169	0.02727	0.01355	0.10842	0.02167	0.00059	0.00032	0.1695	0.0005	0.00053	0.00194	0.00022	0.16822	0.10455	0.00256	0.05525	0.00855	0.126	0.01215	0.0176	0.01516	0.01359	0.00499	0.14197	0.01036	0.02184	0.02135	0.01124	0.11648	
0.20432	0.15272	0.10863	0.04696	0	0	0	0	0.08036	0.03871	0.32981	0.06375	0.00176	0.00097	0.50854	0.00136	0.00135	0.00544	0.00076	0.50508	0.28749	0.00935	0.18609	0.0297	0.37748	0.0355	0.05268	0.04697	0.04834	0.01657	0.40987	0.03785	0.06756	0.06412	0.03481	0.34614	
0.05232	0.03997	0.02748	0.04081	0	0	0	0	0.02591	0.0128	0.10172	0.02015	0.00046	0.00034	0.15926	0.00052	0.00041	0.00188	0.00027	0.15802	0.10065	0.00217	0.0506	0.00716	0.11778	0.01145	0.0169	0.01445	0.0116	0.00385	0.13588	0.00925	0.02041	0.0197	0.01092	0.10955	
0.0513	0.04051	0.02844	0.04145	0	0	0	0	0.02545	0.01161	0.10342	0.02122	0.00045	0.00028	0.16054	0.00043	0.00035	0.00182	0.00014	0.15939	0.10141	0.00233	0.05078	0.00718	0.11889	0.01119	0.01667	0.01495	0.01193	0.0041	0.13608	0.00959	0.02125	0.02031	0.01118	0.10896	
0.05412	0.04	0.02928	0.04169	0	0	0	0	0.02688	0.01281	0.10471	0.02069	0.00051	0.00033	0.16379	0.00046	0.00038	0.00182	0.00025	0.16264	0.10513	0.00241	0.04987	0.00768	0.12112	0.01166	0.01701	0.0153	0.01218	0.00441	0.13881	0.00969	0.02112	0.02032	0.01093	0.11272	
0.05806	0.04348	0.02979	0.02727	0.08036	0.02591	0.02545	0.02688	0	0	0	0	0.00052	0.00042	0.15724	0.00042	0.00038	0.00174	0.0002	0.15628	0.10231	0.00226	0.0469	0.00713	0.12371	0.00937	0.01365	0.01187	0.01236	0.00413	0.13207	0.01004	0.01383	0.01387	0.00744	0.12346	
0.02711	0.02085	0.01442	0.01355	0.03871	0.0128	0.01161	0.01281	0	0	0	0	0.00025	0.00012	0.07531	0.00025	0.00014	0.00075	9e-05	0.07495	0.0498	0.00107	0.02197	0.00309	0.05957	0.00404	0.00636	0.00596	0.00631	0.002	0.06294	0.00468	0.00734	0.0066	0.00385	0.05814	
0.2312	0.17515	0.12489	0.10842	0.32981	0.10172	0.10342	0.10471	0	0	0	0	0.00191	0.00115	0.63494	0.00166	0.0016	0.007	0.00094	0.63012	0.36064	0.01123	0.23168	0.03611	0.45519	0.04863	0.07195	0.06389	0.05556	0.01956	0.52099	0.04355	0.09722	0.09301	0.05031	0.39912	
0.04569	0.03372	0.02473	0.02167	0.06375	0.02015	0.02122	0.02069	0	0	0	0	0.0005	0.00023	0.12464	0.00044	0.00037	0.00147	0.00019	0.12378	0.08193	0.0017	0.03679	0.00539	0.0968	0.00776	0.0113	0.00995	0.00982	0.00324	0.10464	0.00811	0.01195	0.01097	0.00624	0.09665	
0.00119	0.00084	0.00056	0.00059	0.00176	0.00046	0.00045	0.00051	0.00052	0.00025	0.00191	0.0005	0	0	0	0	2e-05	5e-05	0	0.00311	0.00198	5e-05	0.00099	0.00016	0.00228	0.00033	0.00031	0.00026	0.00028	0.00012	0.00255	0.00023	0.00048	0.00035	0.0002	0.00215	
0.00074	0.00057	0.00029	0.00032	0.00097	0.00034	0.00028	0.00033	0.00042	0.00012	0.00115	0.00023	0	0	0	0	0	2e-05	1e-05	0.00189	0.00104	3e-05	0.00074	0.00011	0.00148	0.00013	0.00015	0.00016	0.00011	6e-05	0.00168	7e-05	0.00021	0.00017	0.00012	0.00142	
0.35916	0.27099	0.19248	0.1695	0.50854	0.15926	0.16054	0.16379	0.15724	0.07531	0.63494	0.12464	0	0	0	0	0.00246	0.01082	0.00141	0.97744	0.58988	0.01616	0.33472	0.05137	0.72944	0.06917	0.10254	0.09098	0.08344	0.02864	0.81413	0.06592	0.12928	0.12351	0.06728	0.67206	
0.00097	0.0008	0.0005	0.0005	0.00136	0.00052	0.00043	0.00046	0.00042	0.00025	0.00166	0.00044	0	0	0	0	1e-05	7e-05	0	0.00269	0.00178	2e-05	0.00089	8e-05	0.00207	0.00017	0.00026	0.00027	0.00022	0.00011	0.00228	0.00016	0.00037	0.00042	0.00024	0.00174	
0.00089	0.00062	0.00045	0.00053	0.00135	0.00041	0.00035	0.00038	0.00038	0.00014	0.0016	0.00037	2e-05	0	0.00246	1e-05	0	0	0	0	0.00143	4e-05	0.0009	0.00012	0.00173	0.00021	0.0003	0.00025	0.00021	6e-05	0.00203	0.00019	0.00029	0.00033	0.00011	0.00176	
0.00419	0.00288	0.00195	0.00194	0.00544	0.00188	0.00182	0.00182	0.00174	0.00075	0.007	0.00147	5e-05	2e-05	0.01082	7e-05	0	0	0	0	0.00634	0.00011	0.00396	0.00055	0.00799	0.00082	0.00111	0.00104	0.00091	0.00026	0.00923	0.00056	0.00157	0.00139	0.00077	0.00723	
0.00044	0.00043	0.00033	0.00022	0.00076	0.00027	0.00014	0.00025	0.0002	9e-05	0.00094	0.00019	0	1e-05	0.00141	0	0	0	0	0	0.00095	3e-05	0.00032	0.00012	0.00096	0.00018	0.00013	0.00015	0.0001	2e-05	0.0011	0.0002	0.00022	0.00018	0.00019	0.00083	
0.35654	0.26927	0.1911	0.16822	0.50508	0.15802	0.15939	0.16264	0.15628	0.07495	0.63012	0.12378	0.00311	0.00189	0.97744	0.00269	0	0	0	0	0.58596	0.01608	0.33216	0.05093	0.72459	0.06859	0.10172	0.09023	0.08283	0.02859	0.80828	0.06543	0.12826	0.12255	0.06677	0.66755	
0.21603	0.16076	0.11334	0.10455	0.28749	0.10065	0.10141	0.10513	0.10231	0.0498	0.36064	0.08193	0.00198	0.00104	0.58988	0.00178	0.00143	0.00634	0.00095	0.58596	0	0	0	0	0.43791	0.04177	0.06121	0.05379	0.06644	0.02271	0.4523	0.05323	0.09245	0.08819	0.04778	0.36626	
0.00585	0.00465	0.0032	0.00256	0.00935	0.00217	0.00233	0.00241	0.00226	0.00107	0.01123	0.0017	5e-05	3e-05	0.01616	2e-05	4e-05	0.00011	3e-05	0.01608	0	0	0	0	0.01214	0.00099	0.00151	0.00162	0.00167	0.00057	0.0129	0.00112	0.00183	0.00173	0.00076	0.01194	
0.12166	0.09317	0.06726	0.05525	0.18609	0.0506	0.05078	0.04987	0.0469	0.02197	0.23168	0.03679	0.00099	0.00074	0.33472	0.00089	0.0009	0.00396	0.00032	0.33216	0	0	0	0	0.24729	0.02375	0.03504	0.03126	0.01088	0.0035	0.31465	0.00831	0.03067	0.02918	0.01636	0.26113	
0.01852	0.01462	0.01003	0.00855	0.0297	0.00716	0.00718	0.00768	0.00713	0.00309	0.03611	0.00539	0.00016	0.00011	0.05137	8e-05	0.00012	0.00055	0.00012	0.05093	0	0	0	0	0.03793	0.00329	0.0055	0.005	0.00506	0.00215	0.04079	0.00372	0.00539	0.00535	0.00294	0.03804	
0.26569	0.20085	0.14273	0.126	0.37748	0.11778	0.11889	0.12112	0.12371	0.05957	0.45519	0.0968	0.00228	0.00148	0.72944	0.00207	0.00173	0.00799	0.00096	0.72459	0.43791	0.01214	0.24729	0.03793	0	0	0	0	0.06113	0.02116	0.60448	0.0485	0.0946	0.09027	0.0493	0.5011	
0.02547	0.0191	0.01308	0.01215	0.0355	0.01145	0.01119	0.01166	0.00937	0.00404	0.04863	0.00776	0.00033	0.00013	0.06917	0.00017	0.00021	0.00082	0.00018	0.06859	0.04177	0.00099	0.02375	0.00329	0	0	0	0	0.00619	0.00227	0.0568	0.00454	0.00979	0.00824	0.00477	0.047	
0.03741	0.02785	0.0204	0.0176	0.05268	0.0169	0.01667	0.01701	0.01365	0.00636	0.07195	0.0113	0.00031	0.00015	0.10254	0.00026	0.0003	0.00111	0.00013	0.10172	0.06121	0.00151	0.03504	0.0055	0	0	0	0	0.0088	0.00286	0.08463	0.00697	0.01327	0.01415	0.00753	0.06831	
0.03349	0.0254	0.01762	0.01516	0.04697	0.01445	0.01495	0.0153	0.01187	0.00596	0.06389	0.00995	0.00026	0.00016	0.09098	0.00027	0.00025	0.00104	0.00015	0.09023	0.05379	0.00162	0.03126	0.005	0	0	0	0	0.00793	0.00264	0.07473	0.00637	0.01268	0.01179	0.00624	0.06096	
0.0306	0.02317	0.01669	0.01359	0.04834	0.0116	0.01193	0.01218	0.01236	0.00631	0.05556	0.00982	0.00028	0.00011	0.08344	0.00022	0.00021	0.00091	0.0001	0.08283	0.06644	0.00167	0.01088	0.00506	0.06113	0.00619	0.0088	0.00793	0	0	0	0	0.01869	0.018	0.00986	0.0375	
0.01027	0.00827	0.0054	0.00499	0.01657	0.00385	0.0041	0.00441	0.00413	0.002	0.01956	0.00324	0.00012	6e-05	0.02864	0.00011	6e-05	0.00026	2e-05	0.02859	0.02271	0.00057	0.0035	0.00215	0.02116	0.00227	0.00286	0.00264	0	0	0	0	0.0063	0.00611	0.00339	0.01313	
0.29698	0.22352	0.15817	0.14197	0.40987	0.13588	0.13608	0.13881	0.13207	0.06294	0.52099	0.10464	0.00255	0.00168	0.81413	0.00228	0.00203	0.00923	0.0011	0.80828	0.4523	0.0129	0.31465	0.04079	0.60448	0.0568	0.08463	0.07473	0	0	0	0	0.08966	0.08613	0.04673	0.59812	
0.02421	0.01824	0.01357	0.01036	0.03785	0.00925	0.00959	0.00969	0.01004	0.00468	0.04355	0.00811	0.00023	7e-05	0.06592	0.00016	0.00019	0.00056	0.0002	0.06543	0.05323	0.00112	0.00831	0.00372	0.0485	0.00454	0.00697	0.00637	0	0	0	0	0.01569	0.01421	0.00786	0.02862	
0.04733	0.03558	0.02559	0.02184	0.06756	0.02041	0.02125	0.02112	0.01383	0.00734	0.09722	0.01195	0.00048	0.00021	0.12928	0.00037	0.00029	0.00157	0.00022	0.12826	0.09245	0.00183	0.03067	0.00539	0.0946	0.00979	0.01327	0.01268	0.01869	0.0063	0.08966	0.01569	0	0	0	0	
0.0454	0.03369	0.02401	0.02135	0.06412	0.0197	0.02031	0.02032	0.01387	0.0066	0.09301	0.01097	0.00035	0.00017	0.12351	0.00042	0.00033	0.00139	0.00018	0.12255	0.08819	0.00173	0.02918	0.00535	0.09027	0.00824	0.01415	0.01179	0.018	0.00611	0.08613	0.01421	0	0	0	0	
0.02486	0.01862	0.01312	0.01124	0.03481	0.01092	0.01118	0.01093	0.00744	0.00385	0.05031	0.00624	0.0002	0.00012	0.06728	0.00024	0.00011	0.00077	0.00019	0.06677	0.04778	0.00076	0.01636	0.00294	0.0493	0.00477	0.00753	0.00624	0.00986	0.00339	0.04673	0.00786	0	0	0	0	
0.24447	0.18531	0.13111	0.11648	0.34614	0.10955	0.10896	0.11272	0.12346	0.05814	0.39912	0.09665	0.00215	0.00142	0.67206	0.00174	0.00176	0.00723	0.00083	0.66755	0.36626	0.01194	0.26113	0.03804	0.5011	0.047	0.06831	0.06096	0.0375	0.01313	0.59812	0.02862	0	0	0	0	
