0	0	0	0	0.20566	0.0524	0.0525	0.05303	0.05661	0.02723	0.23455	0.0452	0.00118	0.00071	0.36087	0.00083	0.00085	0.00404	0.00053	0.35817	0.216	0.00576	0.12287	0.01896	0.26825	0.02457	0.03775	0.03302	0.03104	0.01046	0.29842	0.02367	0.04589	0.04525	0.02516	0.24729	
0	0	0	0	0.1556	0.03855	0.0383	0.03982	0.04209	0.02013	0.17426	0.03579	0.00096	0.00046	0.2702	0.00065	0.00069	0.00292	0.00043	0.26823	0.16096	0.00404	0.09261	0.01466	0.2016	0.01864	0.02728	0.02475	0.02272	0.0072	0.22504	0.01731	0.03503	0.03291	0.01882	0.18551	
0	0	0	0	0.10859	0.02695	0.0292	0.02772	0.03004	0.01422	0.12255	0.02565	0.00044	0.00035	0.19105	0.00062	0.00048	0.00217	0.00018	0.18963	0.11367	0.00303	0.06573	0.01003	0.14134	0.01326	0.01997	0.01789	0.01571	0.00556	0.15893	0.01226	0.02506	0.02345	0.01276	0.13119	
0	0	0	0	0.04759	0.04117	0.04132	0.0416	0.02711	0.01287	0.11011	0.02159	0.00059	0.00028	0.1703	0.00051	0.00047	0.00185	0.00022	0.16914	0.10196	0.00273	0.05804	0.00895	0.12633	0.01216	0.01797	0.01522	0.01393	0.00447	0.14239	0.01089	0.02299	0.02026	0.01159	0.11684	
0.20566	0.1556	0.10859	0.04759	0	0	0	0	0.07967	0.03867	0.33266	0.06644	0.00167	0.00093	0.51357	0.00127	0.00132	0.00573	0.00075	0.50964	0.3064	0.00801	0.17577	0.02726	0.38099	0.03604	0.05316	0.04725	0.04366	0.01472	0.42591	0.03315	0.06715	0.06276	0.03539	0.35214	
0.0524	0.03855	0.02695	0.04117	0	0	0	0	0.02543	0.01161	0.10135	0.02068	0.00047	0.00034	0.15787	0.00039	0.00034	0.00181	0.00022	0.1567	0.09465	0.00252	0.05333	0.00857	0.11753	0.01068	0.0162	0.01466	0.01322	0.00423	0.13154	0.01008	0.01999	0.01992	0.01021	0.10895	
0.0525	0.0383	0.0292	0.04132	0	0	0	0	0.02417	0.01215	0.10436	0.02064	0.00054	0.00025	0.1601	0.00043	0.00036	0.00167	0.00013	0.15916	0.09417	0.00265	0.05587	0.00863	0.11841	0.01078	0.0173	0.01483	0.01317	0.00438	0.13347	0.0103	0.02006	0.01981	0.01123	0.11022	
0.05303	0.03982	0.02772	0.0416	0	0	0	0	0.02658	0.01202	0.1031	0.02047	0.00049	0.00028	0.16088	0.00052	0.00047	0.00177	0.00026	0.15967	0.09737	0.00238	0.05428	0.00814	0.12059	0.01113	0.01631	0.01414	0.01335	0.00436	0.13386	0.0106	0.02177	0.01938	0.0115	0.10952	
0.05661	0.04209	0.03004	0.02711	0.07967	0.02543	0.02417	0.02658	0	0	0	0	0.00051	0.00025	0.15465	0.00044	0.00051	0.00161	0.00021	0.15352	0.10246	0.00195	0.04443	0.00701	0.11479	0.0107	0.0159	0.01446	0.01202	0.00424	0.13014	0.00945	0.01388	0.0132	0.00716	0.12161	
0.02723	0.02013	0.01422	0.01287	0.03867	0.01161	0.01215	0.01202	0	0	0	0	0.00026	0.00013	0.07382	0.00024	0.00011	0.00081	0.00012	0.07341	0.04873	0.00101	0.02132	0.00339	0.05437	0.00529	0.00769	0.0071	0.00616	0.00192	0.06166	0.00471	0.00682	0.00611	0.00346	0.05806	
0.23455	0.17426	0.12255	0.11011	0.33266	0.10135	0.10436	0.1031	0	0	0	0	0.002	0.00116	0.6367	0.00161	0.00155	0.00718	0.00083	0.63191	0.35808	0.0109	0.236	0.03649	0.47326	0.04413	0.06632	0.05776	0.05516	0.01812	0.52575	0.04244	0.0964	0.09188	0.0514	0.40179	
0.0452	0.03579	0.02565	0.02159	0.06644	0.02068	0.02064	0.02047	0	0	0	0	0.0004	0.00026	0.12725	0.00032	0.00032	0.00138	0.0002	0.12633	0.08332	0.0017	0.0375	0.00571	0.0951	0.00851	0.01306	0.01156	0.01006	0.00341	0.10723	0.00753	0.01187	0.01068	0.00631	0.09937	
0.00118	0.00096	0.00044	0.00059	0.00167	0.00047	0.00054	0.00049	0.00051	0.00026	0.002	0.0004	0	0	0	0	1e-05	2e-05	0	0.00314	0.00186	4e-05	0.00108	0.00019	0.00227	0.00025	0.0004	0.00025	0.00028	0.0001	0.00254	0.00025	0.00042	0.00035	0.00029	0.00211	
0.00071	0.00046	0.00035	0.00028	0.00093	0.00034	0.00025	0.00028	0.00025	0.00013	0.00116	0.00026	0	0	0	0	1e-05	1e-05	1e-05	0.00177	0.00117	2e-05	0.00055	6e-05	0.00146	7e-05	0.00014	0.00013	0.00013	7e-05	0.00151	9e-05	0.00016	0.00028	0.00012	0.00124	
0.36087	0.2702	0.19105	0.1703	0.51357	0.15787	0.1601	0.16088	0.15465	0.07382	0.6367	0.12725	0	0	0	0	0.00247	0.01092	0.00135	0.97768	0.58804	0.01544	0.33675	0.05219	0.73177	0.06821	0.10216	0.09028	0.0827	0.02746	0.8187	0.06356	0.128	0.12088	0.06781	0.67573	
0.00083	0.00065	0.00062	0.00051	0.00127	0.00039	0.00043	0.00052	0.00044	0.00024	0.00161	0.00032	0	0	0	0	0	3e-05	0	0.00258	0.00152	6e-05	0.00087	0.00016	0.00202	0.0001	0.00027	0.00022	0.00029	6e-05	0.00203	0.00023	0.00039	0.00036	0.00011	0.00175	
0.00085	0.00069	0.00048	0.00047	0.00132	0.00034	0.00036	0.00047	0.00051	0.00011	0.00155	0.00032	1e-05	1e-05	0.00247	0	0	0	0	0	0.00151	1e-05	0.00083	0.00014	0.00174	0.00019	0.00038	0.00018	0.00022	4e-05	0.00204	0.00019	0.00033	0.00029	0.00015	0.00172	
0.00404	0.00292	0.00217	0.00185	0.00573	0.00181	0.00167	0.00177	0.00161	0.00081	0.00718	0.00138	2e-05	1e-05	0.01092	3e-05	0	0	0	0	0.00661	0.00012	0.00374	0.00051	0.00832	0.00058	0.00119	0.00089	0.00087	0.00027	0.00912	0.00072	0.00147	0.00138	0.00055	0.00758	
0.00053	0.00043	0.00018	0.00022	0.00075	0.00022	0.00013	0.00026	0.00021	0.00012	0.00083	0.0002	0	1e-05	0.00135	0	0	0	0	0	0.00082	4e-05	0.00046	4e-05	0.00094	7e-05	0.00016	0.00019	0.00012	3e-05	0.00112	9e-05	0.00017	0.00015	5e-05	0.00099	
0.35817	0.26823	0.18963	0.16914	0.50964	0.1567	0.15916	0.15967	0.15352	0.07341	0.63191	0.12633	0.00314	0.00177	0.97768	0.00258	0	0	0	0	0.58365	0.01539	0.33422	0.05191	0.72652	0.06779	0.10124	0.08962	0.08219	0.02735	0.8125	0.06313	0.127	0.12005	0.06758	0.67054	
0.216	0.16096	0.11367	0.10196	0.3064	0.09465	0.09417	0.09737	0.10246	0.04873	0.35808	0.08332	0.00186	0.00117	0.58804	0.00152	0.00151	0.00661	0.00082	0.58365	0	0	0	0	0.43788	0.04108	0.06024	0.05339	0.06604	0.02187	0.45323	0.05145	0.09066	0.086	0.04795	0.36798	
0.00576	0.00404	0.00303	0.00273	0.00801	0.00252	0.00265	0.00238	0.00195	0.00101	0.0109	0.0017	4e-05	2e-05	0.01544	6e-05	1e-05	0.00012	4e-05	0.01539	0	0	0	0	0.01141	0.00111	0.00158	0.00146	0.0016	0.00054	0.01211	0.00131	0.00168	0.00152	0.00101	0.01135	
0.12287	0.09261	0.06573	0.05804	0.17577	0.05333	0.05587	0.05428	0.04443	0.02132	0.236	0.0375	0.00108	0.00055	0.33675	0.00087	0.00083	0.00374	0.00046	0.33422	0	0	0	0	0.24927	0.0231	0.03569	0.03119	0.01076	0.00333	0.31765	0.00751	0.03166	0.0294	0.01646	0.26173	
0.01896	0.01466	0.01003	0.00895	0.02726	0.00857	0.00863	0.00814	0.00701	0.00339	0.03649	0.00571	0.00019	6e-05	0.05219	0.00016	0.00014	0.00051	4e-05	0.05191	0	0	0	0	0.03896	0.00334	0.00546	0.00484	0.005	0.00195	0.04179	0.00386	0.00497	0.00495	0.00291	0.03977	
0.26825	0.2016	0.14134	0.12633	0.38099	0.11753	0.11841	0.12059	0.11479	0.05437	0.47326	0.0951	0.00227	0.00146	0.73177	0.00202	0.00174	0.00832	0.00094	0.72652	0.43788	0.01141	0.24927	0.03896	0	0	0	0	0.06159	0.02066	0.60797	0.0473	0.09525	0.08953	0.0506	0.50214	
0.02457	0.01864	0.01326	0.01216	0.03604	0.01068	0.01078	0.01113	0.0107	0.00529	0.04413	0.00851	0.00025	7e-05	0.06821	0.0001	0.00019	0.00058	7e-05	0.06779	0.04108	0.00111	0.0231	0.00334	0	0	0	0	0.00539	0.00177	0.05678	0.00469	0.00883	0.00845	0.00491	0.04644	
0.03775	0.02728	0.01997	0.01797	0.05316	0.0162	0.0173	0.01631	0.0159	0.00769	0.06632	0.01306	0.0004	0.00014	0.10216	0.00027	0.00038	0.00119	0.00016	0.10124	0.06024	0.00158	0.03569	0.00546	0	0	0	0	0.00859	0.00266	0.08505	0.00667	0.01358	0.01267	0.00686	0.06986	
0.03302	0.02475	0.01789	0.01522	0.04725	0.01466	0.01483	0.01414	0.01446	0.0071	0.05776	0.01156	0.00025	0.00013	0.09028	0.00022	0.00018	0.00089	0.00019	0.08962	0.05339	0.00146	0.03119	0.00484	0	0	0	0	0.00783	0.0026	0.07498	0.00547	0.01131	0.01122	0.00596	0.06239	
0.03104	0.02272	0.01571	0.01393	0.04366	0.01322	0.01317	0.01335	0.01202	0.00616	0.05516	0.01006	0.00028	0.00013	0.0827	0.00029	0.00022	0.00087	0.00012	0.08219	0.06604	0.0016	0.01076	0.005	0.06159	0.00539	0.00859	0.00783	0	0	0	0	0.01924	0.01743	0.00927	0.03746	
0.01046	0.0072	0.00556	0.00447	0.01472	0.00423	0.00438	0.00436	0.00424	0.00192	0.01812	0.00341	0.0001	7e-05	0.02746	6e-05	4e-05	0.00027	3e-05	0.02735	0.02187	0.00054	0.00333	0.00195	0.02066	0.00177	0.00266	0.0026	0	0	0	0	0.00564	0.00612	0.00329	0.01264	
0.29842	0.22504	0.15893	0.14239	0.42591	0.13154	0.13347	0.13386	0.13014	0.06166	0.52575	0.10723	0.00254	0.00151	0.8187	0.00203	0.00204	0.00912	0.00112	0.8125	0.45323	0.01211	0.31765	0.04179	0.60797	0.05678	0.08505	0.07498	0	0	0	0	0.09027	0.08441	0.04786	0.60224	
0.02367	0.01731	0.01226	0.01089	0.03315	0.01008	0.0103	0.0106	0.00945	0.00471	0.04244	0.00753	0.00025	9e-05	0.06356	0.00023	0.00019	0.00072	9e-05	0.06313	0.05145	0.00131	0.00751	0.00386	0.0473	0.00469	0.00667	0.00547	0	0	0	0	0.01382	0.01391	0.00791	0.02849	
0.04589	0.03503	0.02506	0.02299	0.06715	0.01999	0.02006	0.02177	0.01388	0.00682	0.0964	0.01187	0.00042	0.00016	0.128	0.00039	0.00033	0.00147	0.00017	0.127	0.09066	0.00168	0.03166	0.00497	0.09525	0.00883	0.01358	0.01131	0.01924	0.00564	0.09027	0.01382	0	0	0	0	
0.04525	0.03291	0.02345	0.02026	0.06276	0.01992	0.01981	0.01938	0.0132	0.00611	0.09188	0.01068	0.00035	0.00028	0.12088	0.00036	0.00029	0.00138	0.00015	0.12005	0.086	0.00152	0.0294	0.00495	0.08953	0.00845	0.01267	0.01122	0.01743	0.00612	0.08441	0.01391	0	0	0	0	
0.02516	0.01882	0.01276	0.01159	0.03539	0.01021	0.01123	0.0115	0.00716	0.00346	0.0514	0.00631	0.00029	0.00012	0.06781	0.00011	0.00015	0.00055	5e-05	0.06758	0.04795	0.00101	0.01646	0.00291	0.0506	0.00491	0.00686	0.00596	0.00927	0.00329	0.04786	0.00791	0	0	0	0	
0.24729	0.18551	0.13119	0.11684	0.35214	0.10895	0.11022	0.10952	0.12161	0.05806	0.40179	0.09937	0.00211	0.00124	0.67573	0.00175	0.00172	0.00758	0.00099	0.67054	0.36798	0.01135	0.26173	0.03977	0.50214	0.04644	0.06986	0.06239	0.03746	0.01264	0.60224	0.02849	0	0	0	0	
