0	0	0	0	0.20372	0.05226	0.05433	0.05324	0.058	0.02732	0.23212	0.04611	0.0011	0.00078	0.36072	0.00095	0.001	0.00363	0.00066	0.35826	0.21669	0.00558	0.12235	0.01893	0.26837	0.0243	0.03853	0.03235	0.03007	0.01029	0.29871	0.02448	0.04686	0.04442	0.0249	0.24737	
0	0	0	0	0.1529	0.03997	0.04005	0.0399	0.04337	0.02096	0.17413	0.03436	0.00091	0.00039	0.27073	0.00079	0.00085	0.00306	0.00027	0.26864	0.16104	0.00441	0.09287	0.0145	0.20082	0.01881	0.02773	0.02546	0.02347	0.00778	0.2247	0.01687	0.03518	0.0327	0.01799	0.18695	
0	0	0	0	0.10733	0.02752	0.02797	0.0288	0.03028	0.01424	0.12188	0.02522	0.00045	0.00032	0.19024	0.00061	0.00058	0.00171	0.00024	0.18909	0.11358	0.00312	0.06466	0.01026	0.14182	0.01335	0.01878	0.01767	0.01599	0.00537	0.15759	0.01267	0.02497	0.02334	0.01325	0.13006	
0	0	0	0	0.0469	0.04194	0.0422	0.04097	0.0265	0.01307	0.11091	0.02153	0.00064	0.00029	0.17073	0.00035	0.00049	0.00173	0.00026	0.16953	0.10221	0.0029	0.05767	0.00923	0.12683	0.01155	0.01766	0.01597	0.01524	0.00471	0.1415	0.01056	0.02219	0.021	0.01141	0.11741	
0.20372	0.1529	0.10733	0.0469	0	0	0	0	0.08145	0.03836	0.3259	0.06514	0.00159	0.00094	0.50691	0.00141	0.00154	0.00527	0.00069	0.50335	0.30123	0.00823	0.17453	0.02686	0.3769	0.03429	0.05284	0.04682	0.043	0.01453	0.42031	0.03301	0.06409	0.06172	0.03473	0.35031	
0.05226	0.03997	0.02752	0.04194	0	0	0	0	0.02582	0.01195	0.10322	0.0207	0.00056	0.00034	0.16032	0.00047	0.00048	0.00163	0.00024	0.15934	0.09612	0.00245	0.05422	0.0089	0.11882	0.01119	0.0166	0.01508	0.01427	0.00451	0.13278	0.01013	0.02177	0.02014	0.01067	0.10911	
0.05433	0.04005	0.02797	0.0422	0	0	0	0	0.02598	0.01321	0.10458	0.02078	0.00038	0.00022	0.16358	0.00037	0.00039	0.00162	0.0003	0.16224	0.099	0.00271	0.05446	0.00838	0.12181	0.01141	0.01695	0.01438	0.01422	0.00472	0.13464	0.01097	0.02162	0.01943	0.01159	0.11191	
0.05324	0.0399	0.0288	0.04097	0	0	0	0	0.0249	0.01207	0.10534	0.0206	0.00057	0.00028	0.16161	0.00045	0.00051	0.00161	0.0002	0.16059	0.09717	0.00262	0.05434	0.00878	0.12031	0.01112	0.01631	0.01517	0.01328	0.00439	0.13477	0.01047	0.02172	0.02017	0.01056	0.11046	
0.058	0.04337	0.03028	0.0265	0.08145	0.02582	0.02598	0.0249	0	0	0	0	0.00047	0.00023	0.15704	0.00041	0.0004	0.00161	0.00021	0.15593	0.10288	0.00218	0.04616	0.00693	0.11854	0.01005	0.01577	0.01379	0.01184	0.00423	0.13264	0.00944	0.0134	0.01396	0.00752	0.12327	
0.02732	0.02096	0.01424	0.01307	0.03836	0.01195	0.01321	0.01207	0	0	0	0	0.00024	0.00018	0.07495	0.00022	0.00023	0.00072	0.00011	0.07453	0.04919	0.00103	0.0223	0.00307	0.05578	0.00513	0.00776	0.00692	0.00624	0.00184	0.06298	0.00453	0.0069	0.0064	0.00382	0.05847	
0.23212	0.17413	0.12188	0.11091	0.3259	0.10322	0.10458	0.10534	0	0	0	0	0.00198	0.00114	0.63415	0.00177	0.00192	0.0063	0.00096	0.62986	0.35715	0.01131	0.23321	0.03737	0.46951	0.04413	0.06639	0.05901	0.05654	0.0184	0.521	0.0431	0.09725	0.08994	0.05036	0.40149	
0.04611	0.03436	0.02522	0.02153	0.06514	0.0207	0.02078	0.0206	0	0	0	0	0.00041	0.00023	0.12628	0.0003	0.00037	0.0015	0.00015	0.1252	0.0843	0.00149	0.03588	0.00555	0.09401	0.0087	0.01278	0.01173	0.01015	0.00368	0.10588	0.00751	0.01165	0.01116	0.00585	0.09856	
0.0011	0.00091	0.00045	0.00064	0.00159	0.00056	0.00038	0.00057	0.00047	0.00024	0.00198	0.00041	0	0	0	0	2e-05	0	0	0.00308	0.00178	4e-05	0.0011	0.00018	0.00243	0.00015	0.00035	0.00017	0.00024	5e-05	0.00262	0.00019	0.00041	0.00038	0.00015	0.00216	
0.00078	0.00039	0.00032	0.00029	0.00094	0.00034	0.00022	0.00028	0.00023	0.00018	0.00114	0.00023	0	0	0	0	0	0	0	0.00178	0.00112	4e-05	0.00049	0.00013	0.00136	0.0001	0.00016	0.00016	0.0002	7e-05	0.0014	0.00011	0.00029	0.00022	0.00016	0.00111	
0.36072	0.27073	0.19024	0.17073	0.50691	0.16032	0.16358	0.16161	0.15704	0.07495	0.63415	0.12628	0	0	0	0	0.0029	0.01009	0.00142	0.97801	0.58913	0.01591	0.33494	0.05244	0.73206	0.06752	0.10193	0.09091	0.08402	0.02793	0.81633	0.06414	0.12802	0.12054	0.06709	0.67677	
0.00095	0.00079	0.00061	0.00035	0.00141	0.00047	0.00037	0.00045	0.00041	0.00022	0.00177	0.0003	0	0	0	0	0	4e-05	1e-05	0.00265	0.00149	2e-05	0.00102	0.00017	0.00199	0.00024	0.00026	0.00021	0.00031	0.0001	0.00215	0.00014	0.00048	0.00032	0.00015	0.00175	
0.001	0.00085	0.00058	0.00049	0.00154	0.00048	0.00039	0.00051	0.0004	0.00023	0.00192	0.00037	2e-05	0	0.0029	0	0	0	0	0	0.00158	4e-05	0.00108	0.00022	0.00233	0.00014	0.00025	0.0002	0.00023	0.0001	0.00234	0.00025	0.0004	0.00034	0.0002	0.00198	
0.00363	0.00306	0.00171	0.00173	0.00527	0.00163	0.00162	0.00161	0.00161	0.00072	0.0063	0.0015	0	0	0.01009	4e-05	0	0	0	0	0.00597	0.00013	0.00352	0.00051	0.00749	0.00059	0.00098	0.00107	0.00075	0.00033	0.00834	0.00071	0.00125	0.00122	0.00051	0.00715	
0.00066	0.00027	0.00024	0.00026	0.00069	0.00024	0.0003	0.0002	0.00021	0.00011	0.00096	0.00015	0	0	0.00142	1e-05	0	0	0	0	0.00088	0	0.00044	0.00011	0.00106	9e-05	0.00017	0.00011	0.00014	5e-05	0.00117	7e-05	0.00018	0.00019	9e-05	0.00097	
0.35826	0.26864	0.18909	0.16953	0.50335	0.15934	0.16224	0.16059	0.15593	0.07453	0.62986	0.1252	0.00308	0.00178	0.97801	0.00265	0	0	0	0	0.58509	0.01584	0.33251	0.05208	0.72696	0.06719	0.1013	0.09007	0.08365	0.02767	0.81065	0.06355	0.12737	0.11971	0.06675	0.67169	
0.21669	0.16104	0.11358	0.10221	0.30123	0.09612	0.099	0.09717	0.10288	0.04919	0.35715	0.0843	0.00178	0.00112	0.58913	0.00149	0.00158	0.00597	0.00088	0.58509	0	0	0	0	0.43822	0.04073	0.06062	0.05395	0.06751	0.02248	0.4517	0.05183	0.09134	0.08587	0.04772	0.36859	
0.00558	0.00441	0.00312	0.0029	0.00823	0.00245	0.00271	0.00262	0.00218	0.00103	0.01131	0.00149	4e-05	4e-05	0.01591	2e-05	4e-05	0.00013	0	0.01584	0	0	0	0	0.01176	0.00104	0.00183	0.00138	0.00157	0.00043	0.01295	0.00106	0.00174	0.00174	0.00076	0.01177	
0.12235	0.09287	0.06466	0.05767	0.17453	0.05422	0.05446	0.05434	0.04616	0.0223	0.23321	0.03588	0.0011	0.00049	0.33494	0.00102	0.00108	0.00352	0.00044	0.33251	0	0	0	0	0.24898	0.02261	0.03478	0.03118	0.0103	0.00351	0.31598	0.00776	0.03036	0.02889	0.01609	0.26221	
0.01893	0.0145	0.01026	0.00923	0.02686	0.0089	0.00838	0.00878	0.00693	0.00307	0.03737	0.00555	0.00018	0.00013	0.05244	0.00017	0.00022	0.00051	0.00011	0.05208	0	0	0	0	0.03888	0.00363	0.00547	0.00494	0.00539	0.00173	0.04187	0.00393	0.00576	0.00496	0.00298	0.03922	
0.26837	0.20082	0.14182	0.12683	0.3769	0.11882	0.12181	0.12031	0.11854	0.05578	0.46951	0.09401	0.00243	0.00136	0.73206	0.00199	0.00233	0.00749	0.00106	0.72696	0.43822	0.01176	0.24898	0.03888	0	0	0	0	0.06243	0.02097	0.60676	0.04768	0.09567	0.08928	0.0495	0.50339	
0.0243	0.01881	0.01335	0.01155	0.03429	0.01119	0.01141	0.01112	0.01005	0.00513	0.04413	0.0087	0.00015	0.0001	0.06752	0.00024	0.00014	0.00059	9e-05	0.06719	0.04073	0.00104	0.02261	0.00363	0	0	0	0	0.00616	0.00162	0.0558	0.00443	0.00902	0.00868	0.00458	0.04573	
0.03853	0.02773	0.01878	0.01766	0.05284	0.0166	0.01695	0.01631	0.01577	0.00776	0.06639	0.01278	0.00035	0.00016	0.10193	0.00026	0.00025	0.00098	0.00017	0.1013	0.06062	0.00183	0.03478	0.00547	0	0	0	0	0.00886	0.00291	0.08431	0.00662	0.01283	0.01274	0.00719	0.06994	
0.03235	0.02546	0.01767	0.01597	0.04682	0.01508	0.01438	0.01517	0.01379	0.00692	0.05901	0.01173	0.00017	0.00016	0.09091	0.00021	0.0002	0.00107	0.00011	0.09007	0.05395	0.00138	0.03118	0.00494	0	0	0	0	0.00732	0.00265	0.07563	0.00585	0.01168	0.01076	0.00628	0.06273	
0.03007	0.02347	0.01599	0.01524	0.043	0.01427	0.01422	0.01328	0.01184	0.00624	0.05654	0.01015	0.00024	0.0002	0.08402	0.00031	0.00023	0.00075	0.00014	0.08365	0.06751	0.00157	0.0103	0.00539	0.06243	0.00616	0.00886	0.00732	0	0	0	0	0.01891	0.01832	0.01017	0.03737	
0.01029	0.00778	0.00537	0.00471	0.01453	0.00451	0.00472	0.00439	0.00423	0.00184	0.0184	0.00368	5e-05	7e-05	0.02793	0.0001	0.0001	0.00033	5e-05	0.02767	0.02248	0.00043	0.00351	0.00173	0.02097	0.00162	0.00291	0.00265	0	0	0	0	0.00634	0.00634	0.0035	0.01197	
0.29871	0.2247	0.15759	0.1415	0.42031	0.13278	0.13464	0.13477	0.13264	0.06298	0.521	0.10588	0.00262	0.0014	0.81633	0.00215	0.00234	0.00834	0.00117	0.81065	0.4517	0.01295	0.31598	0.04187	0.60676	0.0558	0.08431	0.07563	0	0	0	0	0.08914	0.08325	0.04644	0.60367	
0.02448	0.01687	0.01267	0.01056	0.03301	0.01013	0.01097	0.01047	0.00944	0.00453	0.0431	0.00751	0.00019	0.00011	0.06414	0.00014	0.00025	0.00071	7e-05	0.06355	0.05183	0.00106	0.00776	0.00393	0.04768	0.00443	0.00662	0.00585	0	0	0	0	0.01481	0.01355	0.00744	0.02878	
0.04686	0.03518	0.02497	0.02219	0.06409	0.02177	0.02162	0.02172	0.0134	0.0069	0.09725	0.01165	0.00041	0.00029	0.12802	0.00048	0.0004	0.00125	0.00018	0.12737	0.09134	0.00174	0.03036	0.00576	0.09567	0.00902	0.01283	0.01168	0.01891	0.00634	0.08914	0.01481	0	0	0	0	
0.04442	0.0327	0.02334	0.021	0.06172	0.02014	0.01943	0.02017	0.01396	0.0064	0.08994	0.01116	0.00038	0.00022	0.12054	0.00032	0.00034	0.00122	0.00019	0.11971	0.08587	0.00174	0.02889	0.00496	0.08928	0.00868	0.01274	0.01076	0.01832	0.00634	0.08325	0.01355	0	0	0	0	
0.0249	0.01799	0.01325	0.01141	0.03473	0.01067	0.01159	0.01056	0.00752	0.00382	0.05036	0.00585	0.00015	0.00016	0.06709	0.00015	0.0002	0.00051	9e-05	0.06675	0.04772	0.00076	0.01609	0.00298	0.0495	0.00458	0.00719	0.00628	0.01017	0.0035	0.04644	0.00744	0	0	0	0	
0.24737	0.18695	0.13006	0.11741	0.35031	0.10911	0.11191	0.11046	0.12327	0.05847	0.40149	0.09856	0.00216	0.00111	0.67677	0.00175	0.00198	0.00715	0.00097	0.67169	0.36859	0.01177	0.26221	0.03922	0.50339	0.04573	0.06994	0.06273	0.03737	0.01197	0.60367	0.02878	0	0	0	0	
