0	0	0	0	0.20636	0.05244	0.05278	0.05252	0.05764	0.02755	0.23273	0.04618	0.00123	0.00059	0.36132	0.00096	0.00116	0.00419	0.00054	0.35821	0.21495	0.00585	0.12409	0.01921	0.2691	0.02475	0.03725	0.033	0.03159	0.01126	0.29754	0.02371	0.04712	0.04443	0.02462	0.24793	
0	0	0	0	0.15141	0.0394	0.04044	0.0394	0.04243	0.02054	0.17306	0.03462	0.00078	0.00052	0.26872	0.00063	0.00086	0.00311	0.00029	0.26639	0.16015	0.00453	0.09183	0.01414	0.19908	0.01864	0.02802	0.02491	0.02287	0.00848	0.22212	0.01718	0.03418	0.03278	0.01879	0.1849	
0	0	0	0	0.10912	0.02718	0.02806	0.029	0.03024	0.0141	0.12488	0.02414	0.00055	0.00027	0.19213	0.00041	0.00058	0.00219	0.00033	0.19026	0.11322	0.00334	0.06658	0.01022	0.14342	0.01326	0.01898	0.0177	0.01667	0.0056	0.15798	0.01311	0.02475	0.0236	0.01399	0.13102	
0	0	0	0	0.04761	0.04028	0.0422	0.0418	0.0277	0.01347	0.10882	0.0219	0.00043	0.00033	0.17067	0.00046	0.00053	0.00177	0.00029	0.1693	0.10606	0.00262	0.05451	0.0087	0.12777	0.01232	0.01728	0.01452	0.01291	0.00449	0.14486	0.00963	0.02187	0.02127	0.01193	0.11682	
0.20636	0.15141	0.10912	0.04761	0	0	0	0	0.07965	0.03819	0.33307	0.06359	0.00165	0.00083	0.51085	0.00117	0.00163	0.00542	0.00067	0.50678	0.28184	0.00969	0.19162	0.03135	0.37975	0.035	0.05291	0.04684	0.05239	0.019	0.40382	0.03929	0.06683	0.06472	0.03657	0.34638	
0.05244	0.0394	0.02718	0.04028	0	0	0	0	0.02557	0.01212	0.1007	0.02091	0.00047	0.00026	0.15813	0.00044	0.00044	0.00185	0.0002	0.15681	0.10196	0.00214	0.04824	0.00696	0.11837	0.01134	0.01585	0.01374	0.01004	0.00363	0.13784	0.00779	0.01982	0.01902	0.01071	0.10975	
0.05278	0.04044	0.02806	0.0422	0	0	0	0	0.02708	0.01251	0.1025	0.02139	0.0005	0.00028	0.16226	0.00044	0.0005	0.00191	0.00029	0.16078	0.10493	0.00216	0.04929	0.0071	0.1209	0.0113	0.01657	0.01471	0.01113	0.00361	0.14088	0.00786	0.02033	0.01914	0.01102	0.11299	
0.05252	0.0394	0.029	0.0418	0	0	0	0	0.02571	0.01284	0.10322	0.02095	0.00037	0.00034	0.1616	0.00041	0.00056	0.00208	0.00029	0.15979	0.10565	0.00235	0.04786	0.00686	0.12035	0.01133	0.0162	0.01484	0.01048	0.00359	0.13996	0.00869	0.02094	0.0192	0.01103	0.11155	
0.05764	0.04243	0.03024	0.0277	0.07965	0.02557	0.02708	0.02571	0	0	0	0	0.00047	0.00023	0.15695	0.00036	0.00049	0.0019	0.00024	0.15538	0.10347	0.00222	0.0454	0.00692	0.12613	0.00854	0.01251	0.01083	0.01252	0.00447	0.13145	0.00957	0.01394	0.01334	0.00797	0.12276	
0.02755	0.02054	0.0141	0.01347	0.03819	0.01212	0.01251	0.01284	0	0	0	0	0.00018	0.00016	0.0751	0.00022	0.00019	0.0008	0.00013	0.07454	0.05004	0.00094	0.02128	0.0034	0.06055	0.00402	0.00598	0.00511	0.00617	0.00209	0.06302	0.00438	0.00637	0.00645	0.0037	0.05914	
0.23273	0.17306	0.12488	0.10882	0.33307	0.1007	0.1025	0.10322	0	0	0	0	0.00199	0.00111	0.63483	0.00156	0.00214	0.00722	0.00091	0.62922	0.35833	0.01155	0.2331	0.03651	0.45122	0.04939	0.07332	0.06556	0.05524	0.01983	0.52247	0.04195	0.09574	0.0914	0.05159	0.40076	
0.04618	0.03462	0.02414	0.0219	0.06359	0.02091	0.02139	0.02095	0	0	0	0	0.00035	0.00021	0.12596	0.00032	0.00031	0.00134	0.00017	0.12502	0.08254	0.00163	0.03723	0.00544	0.10147	0.00702	0.00972	0.00863	0.01011	0.00344	0.10556	0.00773	0.01187	0.01089	0.00607	0.09801	
0.00123	0.00078	0.00055	0.00043	0.00165	0.00047	0.0005	0.00037	0.00047	0.00018	0.00199	0.00035	0	0	0	0	2e-05	5e-05	0	0.00292	0.00181	5e-05	0.00103	0.0001	0.00215	0.00021	0.00028	0.00035	0.0003	5e-05	0.00245	0.00019	0.00027	0.00041	0.00031	0.002	
0.00059	0.00052	0.00027	0.00033	0.00083	0.00026	0.00028	0.00034	0.00023	0.00016	0.00111	0.00021	0	0	0	0	1e-05	6e-05	0	0.00164	0.00098	3e-05	0.00064	6e-05	0.00131	6e-05	0.00021	0.00013	0.00015	5e-05	0.00138	0.00013	0.00022	0.00031	0.00014	0.00104	
0.36132	0.26872	0.19213	0.17067	0.51085	0.15813	0.16226	0.1616	0.15695	0.0751	0.63483	0.12596	0	0	0	0	0.0031	0.01112	0.00145	0.97717	0.59012	0.01624	0.33446	0.05202	0.73406	0.06855	0.10081	0.08942	0.08345	0.02969	0.81662	0.06308	0.12713	0.1211	0.06869	0.67592	
0.00096	0.00063	0.00041	0.00046	0.00117	0.00044	0.00044	0.00041	0.00036	0.00022	0.00156	0.00032	0	0	0	0	0	3e-05	0	0.00243	0.00147	2e-05	0.00088	9e-05	0.00185	0.00015	0.00023	0.00023	0.00014	4e-05	0.00205	0.00023	0.0003	0.00026	0.00019	0.00171	
0.00116	0.00086	0.00058	0.00053	0.00163	0.00044	0.0005	0.00056	0.00049	0.00019	0.00214	0.00031	2e-05	1e-05	0.0031	0	0	0	0	0	0.00186	4e-05	0.00106	0.00017	0.00241	0.00017	0.00026	0.00029	0.00025	7e-05	0.00264	0.00017	0.0004	0.00042	0.00029	0.00202	
0.00419	0.00311	0.00219	0.00177	0.00542	0.00185	0.00191	0.00208	0.0019	0.0008	0.00722	0.00134	5e-05	6e-05	0.01112	3e-05	0	0	0	0	0.00683	0.00019	0.00357	0.00067	0.00832	0.00071	0.0011	0.00113	0.00096	0.00026	0.00933	0.00071	0.00148	0.00132	0.00077	0.00769	
0.00054	0.00029	0.00033	0.00029	0.00067	0.0002	0.00029	0.00029	0.00024	0.00013	0.00091	0.00017	0	0	0.00145	0	0	0	0	0	0.00084	4e-05	0.00053	4e-05	0.00097	0.00016	0.00013	0.00019	4e-05	2e-05	0.00132	7e-05	0.00017	0.00014	9e-05	0.00105	
0.35821	0.26639	0.19026	0.1693	0.50678	0.15681	0.16078	0.15979	0.15538	0.07454	0.62922	0.12502	0.00292	0.00164	0.97717	0.00243	0	0	0	0	0.58485	0.01607	0.33185	0.05139	0.72767	0.06793	0.10004	0.08852	0.08279	0.02948	0.80921	0.06268	0.12587	0.1202	0.06818	0.66991	
0.21495	0.16015	0.11322	0.10606	0.28184	0.10196	0.10493	0.10565	0.10347	0.05004	0.35833	0.08254	0.00181	0.00098	0.59012	0.00147	0.00186	0.00683	0.00084	0.58485	0	0	0	0	0.44069	0.03996	0.06067	0.05306	0.06662	0.02341	0.45467	0.04968	0.08958	0.08761	0.04865	0.36854	
0.00585	0.00453	0.00334	0.00262	0.00969	0.00214	0.00216	0.00235	0.00222	0.00094	0.01155	0.00163	5e-05	3e-05	0.01624	2e-05	4e-05	0.00019	4e-05	0.01607	0	0	0	0	0.01177	0.00134	0.00171	0.00152	0.0015	0.00065	0.01284	0.00135	0.00182	0.00163	0.00087	0.01202	
0.12409	0.09183	0.06658	0.05451	0.19162	0.04824	0.04929	0.04786	0.0454	0.02128	0.2331	0.03723	0.00103	0.00064	0.33446	0.00088	0.00106	0.00357	0.00053	0.33185	0	0	0	0	0.24825	0.02402	0.03383	0.03091	0.01048	0.00373	0.3146	0.0082	0.03091	0.02759	0.01671	0.2618	
0.01921	0.01414	0.01022	0.0087	0.03135	0.00696	0.0071	0.00686	0.00692	0.0034	0.03651	0.00544	0.0001	6e-05	0.05202	9e-05	0.00017	0.00067	4e-05	0.05139	0	0	0	0	0.03866	0.00365	0.00532	0.00464	0.00544	0.00204	0.04039	0.0044	0.00561	0.00525	0.0031	0.03831	
0.2691	0.19908	0.14342	0.12777	0.37975	0.11837	0.1209	0.12035	0.12613	0.06055	0.45122	0.10147	0.00215	0.00131	0.73406	0.00185	0.00241	0.00832	0.00097	0.72767	0.44069	0.01177	0.24825	0.03866	0	0	0	0	0.06204	0.02162	0.60856	0.04715	0.09228	0.09002	0.04994	0.50713	
0.02475	0.01864	0.01326	0.01232	0.035	0.01134	0.0113	0.01133	0.00854	0.00402	0.04939	0.00702	0.00021	6e-05	0.06855	0.00015	0.00017	0.00071	0.00016	0.06793	0.03996	0.00134	0.02402	0.00365	0	0	0	0	0.00529	0.00206	0.05746	0.00416	0.00867	0.00812	0.00541	0.04677	
0.03725	0.02802	0.01898	0.01728	0.05291	0.01585	0.01657	0.0162	0.01251	0.00598	0.07332	0.00972	0.00028	0.00021	0.10081	0.00023	0.00026	0.0011	0.00013	0.10004	0.06067	0.00171	0.03383	0.00532	0	0	0	0	0.00847	0.00345	0.08326	0.00635	0.01404	0.01218	0.00749	0.06782	
0.033	0.02491	0.0177	0.01452	0.04684	0.01374	0.01471	0.01484	0.01083	0.00511	0.06556	0.00863	0.00035	0.00013	0.08942	0.00023	0.00029	0.00113	0.00019	0.08852	0.05306	0.00152	0.03091	0.00464	0	0	0	0	0.00824	0.0027	0.07322	0.00597	0.01293	0.01176	0.00649	0.05895	
0.03159	0.02287	0.01667	0.01291	0.05239	0.01004	0.01113	0.01048	0.01252	0.00617	0.05524	0.01011	0.0003	0.00015	0.08345	0.00014	0.00025	0.00096	4e-05	0.08279	0.06662	0.0015	0.01048	0.00544	0.06204	0.00529	0.00847	0.00824	0	0	0	0	0.01869	0.01822	0.01025	0.03688	
0.01126	0.00848	0.0056	0.00449	0.019	0.00363	0.00361	0.00359	0.00447	0.00209	0.01983	0.00344	5e-05	5e-05	0.02969	4e-05	7e-05	0.00026	2e-05	0.02948	0.02341	0.00065	0.00373	0.00204	0.02162	0.00206	0.00345	0.0027	0	0	0	0	0.007	0.00637	0.00382	0.01264	
0.29754	0.22212	0.15798	0.14486	0.40382	0.13784	0.14088	0.13996	0.13145	0.06302	0.52247	0.10556	0.00245	0.00138	0.81662	0.00205	0.00264	0.00933	0.00132	0.80921	0.45467	0.01284	0.3146	0.04039	0.60856	0.05746	0.08326	0.07322	0	0	0	0	0.088	0.08337	0.04785	0.60328	
0.02371	0.01718	0.01311	0.00963	0.03929	0.00779	0.00786	0.00869	0.00957	0.00438	0.04195	0.00773	0.00019	0.00013	0.06308	0.00023	0.00017	0.00071	7e-05	0.06268	0.04968	0.00135	0.0082	0.0044	0.04715	0.00416	0.00635	0.00597	0	0	0	0	0.01423	0.01412	0.00741	0.02787	
0.04712	0.03418	0.02475	0.02187	0.06683	0.01982	0.02033	0.02094	0.01394	0.00637	0.09574	0.01187	0.00027	0.00022	0.12713	0.0003	0.0004	0.00148	0.00017	0.12587	0.08958	0.00182	0.03091	0.00561	0.09228	0.00867	0.01404	0.01293	0.01869	0.007	0.088	0.01423	0	0	0	0	
0.04443	0.03278	0.0236	0.02127	0.06472	0.01902	0.01914	0.0192	0.01334	0.00645	0.0914	0.01089	0.00041	0.00031	0.1211	0.00026	0.00042	0.00132	0.00014	0.1202	0.08761	0.00163	0.02759	0.00525	0.09002	0.00812	0.01218	0.01176	0.01822	0.00637	0.08337	0.01412	0	0	0	0	
0.02462	0.01879	0.01399	0.01193	0.03657	0.01071	0.01102	0.01103	0.00797	0.0037	0.05159	0.00607	0.00031	0.00014	0.06869	0.00019	0.00029	0.00077	9e-05	0.06818	0.04865	0.00087	0.01671	0.0031	0.04994	0.00541	0.00749	0.00649	0.01025	0.00382	0.04785	0.00741	0	0	0	0	
0.24793	0.1849	0.13102	0.11682	0.34638	0.10975	0.11299	0.11155	0.12276	0.05914	0.40076	0.09801	0.002	0.00104	0.67592	0.00171	0.00202	0.00769	0.00105	0.66991	0.36854	0.01202	0.2618	0.03831	0.50713	0.04677	0.06782	0.05895	0.03688	0.01264	0.60328	0.02787	0	0	0	0	
