0	0	0	0	0.20225	0.05232	0.05401	0.05304	0.05757	0.02681	0.23075	0.04649	0.00114	0.0006	0.35896	0.00092	0.00119	0.00404	0.00054	0.35585	0.21355	0.00588	0.12296	0.01923	0.26526	0.02556	0.03866	0.03214	0.03148	0.01005	0.29579	0.0243	0.04739	0.04444	0.02402	0.24577	
0	0	0	0	0.15337	0.03916	0.04066	0.04049	0.04364	0.02067	0.17353	0.03584	0.00095	0.00049	0.27159	0.00065	0.00083	0.00261	0.00041	0.26983	0.16258	0.00447	0.09308	0.01355	0.20036	0.01949	0.02859	0.02524	0.02265	0.00785	0.22524	0.01794	0.03499	0.03304	0.01899	0.18666	
0	0	0	0	0.10764	0.02781	0.02838	0.02866	0.0304	0.01439	0.12216	0.02554	0.00059	0.00041	0.19103	0.00046	0.00053	0.00223	0.00024	0.18949	0.11531	0.00317	0.06434	0.00967	0.14049	0.01397	0.01986	0.01817	0.01608	0.00551	0.15795	0.01295	0.02522	0.02344	0.0125	0.13133	
0	0	0	0	0.04546	0.04112	0.04314	0.04249	0.02737	0.01295	0.10922	0.02267	0.00056	0.00042	0.1709	0.00033	0.00061	0.0017	0.00029	0.16961	0.1037	0.00297	0.05664	0.0089	0.12567	0.01246	0.01831	0.01577	0.01429	0.00499	0.14182	0.01111	0.02228	0.02072	0.01187	0.11734	
0.20225	0.15337	0.10764	0.04546	0	0	0	0	0.08101	0.03793	0.32358	0.0662	0.00164	0.00084	0.505	0.00124	0.00153	0.00544	0.00072	0.50103	0.29523	0.00834	0.17821	0.02694	0.37243	0.03683	0.05325	0.04621	0.04477	0.01515	0.41388	0.03492	0.06565	0.06235	0.03413	0.34659	
0.05232	0.03916	0.02781	0.04112	0	0	0	0	0.02551	0.01222	0.10162	0.02106	0.00057	0.0004	0.1591	0.00034	0.00059	0.00177	0.00027	0.15778	0.09796	0.00285	0.05145	0.00815	0.1172	0.01118	0.01764	0.01439	0.01247	0.00441	0.13306	0.01047	0.02123	0.0191	0.01096	0.10912	
0.05401	0.04066	0.02838	0.04314	0	0	0	0	0.0259	0.01234	0.10611	0.02184	0.00057	0.00034	0.16493	0.00035	0.00059	0.00166	0.00025	0.16369	0.10184	0.00267	0.05367	0.00801	0.12121	0.01153	0.01783	0.01562	0.01399	0.00425	0.13734	0.01061	0.02187	0.02015	0.01137	0.1128	
0.05304	0.04049	0.02866	0.04249	0	0	0	0	0.02656	0.01233	0.10435	0.02144	0.00046	0.00034	0.16345	0.00043	0.00045	0.00171	0.00024	0.16228	0.10011	0.00263	0.05369	0.00825	0.12094	0.01194	0.0167	0.0151	0.01327	0.00459	0.13652	0.0103	0.02113	0.02004	0.01092	0.11259	
0.05757	0.04364	0.0304	0.02737	0.08101	0.02551	0.0259	0.02656	0	0	0	0	0.00055	0.00034	0.15767	0.00042	0.00044	0.00167	0.00027	0.1566	0.10377	0.00215	0.04616	0.0069	0.11961	0.01071	0.01541	0.01325	0.0129	0.00439	0.13167	0.01002	0.01376	0.01436	0.00766	0.1232	
0.02681	0.02067	0.01439	0.01295	0.03793	0.01222	0.01234	0.01233	0	0	0	0	0.00035	0.00013	0.07419	0.00015	0.00016	0.00085	8e-05	0.07373	0.04844	0.00111	0.02209	0.00318	0.05632	0.00503	0.00701	0.00646	0.00579	0.00194	0.06246	0.00463	0.00632	0.0067	0.00374	0.05806	
0.23075	0.17353	0.12216	0.10922	0.32358	0.10162	0.10611	0.10435	0	0	0	0	0.00198	0.00121	0.63098	0.00149	0.0022	0.00673	0.00092	0.62581	0.35859	0.01158	0.23018	0.03531	0.45698	0.0474	0.07025	0.06103	0.05524	0.01899	0.51761	0.04382	0.0983	0.09013	0.04991	0.39732	
0.04649	0.03584	0.02554	0.02267	0.0662	0.02106	0.02184	0.02144	0	0	0	0	0.00036	0.00024	0.12964	0.0003	0.00036	0.00133	0.00021	0.12864	0.08434	0.00165	0.03859	0.00596	0.09887	0.00834	0.01275	0.01058	0.01057	0.00308	0.10906	0.00783	0.0115	0.01045	0.00607	0.10252	
0.00114	0.00095	0.00059	0.00056	0.00164	0.00057	0.00057	0.00046	0.00055	0.00035	0.00198	0.00036	0	0	0	0	0	2e-05	0	0.00322	0.00196	4e-05	0.00109	0.00015	0.00242	0.00023	0.00034	0.00025	0.0003	0.00013	0.00261	0.0002	0.00041	0.00032	0.00026	0.00225	
0.0006	0.00049	0.00041	0.00042	0.00084	0.0004	0.00034	0.00034	0.00034	0.00013	0.00121	0.00024	0	0	0	0	0	0	1e-05	0.00191	0.00117	0	0.00062	0.00013	0.00158	9e-05	0.00013	0.00012	0.00017	9e-05	0.00147	0.00019	0.00024	0.00025	0.00018	0.00125	
0.35896	0.27159	0.19103	0.1709	0.505	0.1591	0.16493	0.16345	0.15767	0.07419	0.63098	0.12964	0	0	0	0	0.00316	0.01054	0.00146	0.97732	0.59069	0.01639	0.33445	0.05095	0.7261	0.07099	0.1047	0.09069	0.08387	0.02813	0.81468	0.0658	0.12884	0.12085	0.06677	0.67602	
0.00092	0.00065	0.00046	0.00033	0.00124	0.00034	0.00035	0.00043	0.00042	0.00015	0.00149	0.0003	0	0	0	0	0	2e-05	1e-05	0.00233	0.00132	6e-05	0.00086	0.00012	0.00168	0.00017	0.00025	0.00026	0.00016	5e-05	0.00204	0.00011	0.00039	0.00022	0.00017	0.00158	
0.00119	0.00083	0.00053	0.00061	0.00153	0.00059	0.00059	0.00045	0.00044	0.00016	0.0022	0.00036	0	0	0.00316	0	0	0	0	0	0.00196	4e-05	0.00094	0.00022	0.00231	0.0002	0.00033	0.00032	0.00026	0.0001	0.0025	0.0003	0.00058	0.0004	0.00027	0.00191	
0.00404	0.00261	0.00223	0.0017	0.00544	0.00177	0.00166	0.00171	0.00167	0.00085	0.00673	0.00133	2e-05	0	0.01054	2e-05	0	0	0	0	0.00637	0.00017	0.00342	0.00062	0.0078	0.00074	0.00113	0.00091	0.00078	0.00037	0.00865	0.00078	0.00144	0.00142	0.00071	0.00701	
0.00054	0.00041	0.00024	0.00029	0.00072	0.00027	0.00025	0.00024	0.00027	8e-05	0.00092	0.00021	0	1e-05	0.00146	1e-05	0	0	0	0	0.00085	5e-05	0.00053	5e-05	0.0011	0.00014	0.00014	0.0001	0.0001	6e-05	0.00122	0.0001	0.00026	0.00013	8e-05	0.00101	
0.35585	0.26983	0.18949	0.16961	0.50103	0.15778	0.16369	0.16228	0.1566	0.07373	0.62581	0.12864	0.00322	0.00191	0.97732	0.00233	0	0	0	0	0.58596	0.01623	0.33213	0.05046	0.72057	0.0704	0.10382	0.08999	0.08336	0.02787	0.80843	0.06512	0.1276	0.11969	0.06632	0.67117	
0.21355	0.16258	0.11531	0.1037	0.29523	0.09796	0.10184	0.10011	0.10377	0.04844	0.35859	0.08434	0.00196	0.00117	0.59069	0.00132	0.00196	0.00637	0.00085	0.58596	0	0	0	0	0.43634	0.04274	0.0626	0.05346	0.0672	0.02257	0.4522	0.05317	0.0917	0.08632	0.04764	0.36948	
0.00588	0.00447	0.00317	0.00297	0.00834	0.00285	0.00267	0.00263	0.00215	0.00111	0.01158	0.00165	4e-05	0	0.01639	6e-05	4e-05	0.00017	5e-05	0.01623	0	0	0	0	0.01213	0.00117	0.00177	0.00142	0.00201	0.00056	0.0128	0.00112	0.00177	0.00172	0.00083	0.01217	
0.12296	0.09308	0.06434	0.05664	0.17821	0.05145	0.05367	0.05369	0.04616	0.02209	0.23018	0.03859	0.00109	0.00062	0.33445	0.00086	0.00094	0.00342	0.00053	0.33213	0	0	0	0	0.2459	0.02384	0.03558	0.0317	0.01007	0.00348	0.31556	0.00791	0.03094	0.02878	0.01624	0.26106	
0.01923	0.01355	0.00967	0.0089	0.02694	0.00815	0.00801	0.00825	0.0069	0.00318	0.03531	0.00596	0.00015	0.00013	0.05095	0.00012	0.00022	0.00062	5e-05	0.05046	0	0	0	0	0.03741	0.00373	0.00547	0.00474	0.00522	0.00179	0.04024	0.0041	0.00547	0.00482	0.00267	0.03839	
0.26526	0.20036	0.14049	0.12567	0.37243	0.1172	0.12121	0.12094	0.11961	0.05632	0.45698	0.09887	0.00242	0.00158	0.7261	0.00168	0.00231	0.0078	0.0011	0.72057	0.43634	0.01213	0.2459	0.03741	0	0	0	0	0.06158	0.0209	0.60056	0.04874	0.09483	0.08846	0.04908	0.49941	
0.02556	0.01949	0.01397	0.01246	0.03683	0.01118	0.01153	0.01194	0.01071	0.00503	0.0474	0.00834	0.00023	9e-05	0.07099	0.00017	0.0002	0.00074	0.00014	0.0704	0.04274	0.00117	0.02384	0.00373	0	0	0	0	0.00613	0.00196	0.05884	0.00455	0.00925	0.00844	0.00487	0.04892	
0.03866	0.02859	0.01986	0.01831	0.05325	0.01764	0.01783	0.0167	0.01541	0.00701	0.07025	0.01275	0.00034	0.00013	0.1047	0.00025	0.00033	0.00113	0.00014	0.10382	0.0626	0.00177	0.03558	0.00547	0	0	0	0	0.00901	0.0029	0.08633	0.00718	0.01376	0.01325	0.00716	0.07125	
0.03214	0.02524	0.01817	0.01577	0.04621	0.01439	0.01562	0.0151	0.01325	0.00646	0.06103	0.01058	0.00025	0.00012	0.09069	0.00026	0.00032	0.00091	0.0001	0.08999	0.05346	0.00142	0.0317	0.00474	0	0	0	0	0.00778	0.00264	0.07507	0.00583	0.01204	0.01149	0.00627	0.06152	
0.03148	0.02265	0.01608	0.01429	0.04477	0.01247	0.01399	0.01327	0.0129	0.00579	0.05524	0.01057	0.0003	0.00017	0.08387	0.00016	0.00026	0.00078	0.0001	0.08336	0.0672	0.00201	0.01007	0.00522	0.06158	0.00613	0.00901	0.00778	0	0	0	0	0.01966	0.01785	0.00988	0.03711	
0.01005	0.00785	0.00551	0.00499	0.01515	0.00441	0.00425	0.00459	0.00439	0.00194	0.01899	0.00308	0.00013	9e-05	0.02813	5e-05	0.0001	0.00037	6e-05	0.02787	0.02257	0.00056	0.00348	0.00179	0.0209	0.00196	0.0029	0.00264	0	0	0	0	0.00645	0.00606	0.00336	0.01253	
0.29579	0.22524	0.15795	0.14182	0.41388	0.13306	0.13734	0.13652	0.13167	0.06246	0.51761	0.10906	0.00261	0.00147	0.81468	0.00204	0.0025	0.00865	0.00122	0.80843	0.4522	0.0128	0.31556	0.04024	0.60056	0.05884	0.08633	0.07507	0	0	0	0	0.08896	0.08341	0.04635	0.60208	
0.0243	0.01794	0.01295	0.01111	0.03492	0.01047	0.01061	0.0103	0.01002	0.00463	0.04382	0.00783	0.0002	0.00019	0.0658	0.00011	0.0003	0.00078	0.0001	0.06512	0.05317	0.00112	0.00791	0.0041	0.04874	0.00455	0.00718	0.00583	0	0	0	0	0.01481	0.01432	0.00779	0.02938	
0.04739	0.03499	0.02522	0.02228	0.06565	0.02123	0.02187	0.02113	0.01376	0.00632	0.0983	0.0115	0.00041	0.00024	0.12884	0.00039	0.00058	0.00144	0.00026	0.1276	0.0917	0.00177	0.03094	0.00547	0.09483	0.00925	0.01376	0.01204	0.01966	0.00645	0.08896	0.01481	0	0	0	0	
0.04444	0.03304	0.02344	0.02072	0.06235	0.0191	0.02015	0.02004	0.01436	0.0067	0.09013	0.01045	0.00032	0.00025	0.12085	0.00022	0.0004	0.00142	0.00013	0.11969	0.08632	0.00172	0.02878	0.00482	0.08846	0.00844	0.01325	0.01149	0.01785	0.00606	0.08341	0.01432	0	0	0	0	
0.02402	0.01899	0.0125	0.01187	0.03413	0.01096	0.01137	0.01092	0.00766	0.00374	0.04991	0.00607	0.00026	0.00018	0.06677	0.00017	0.00027	0.00071	8e-05	0.06632	0.04764	0.00083	0.01624	0.00267	0.04908	0.00487	0.00716	0.00627	0.00988	0.00336	0.04635	0.00779	0	0	0	0	
0.24577	0.18666	0.13133	0.11734	0.34659	0.10912	0.1128	0.11259	0.1232	0.05806	0.39732	0.10252	0.00225	0.00125	0.67602	0.00158	0.00191	0.00701	0.00101	0.67117	0.36948	0.01217	0.26106	0.03839	0.49941	0.04892	0.07125	0.06152	0.03711	0.01253	0.60208	0.02938	0	0	0	0	
