0	0	0	0	0.20454	0.05243	0.05292	0.05319	0.05712	0.02777	0.23343	0.04476	0.00102	0.00054	0.36053	0.00099	0.00101	0.00428	0.00054	0.35725	0.21379	0.00553	0.12522	0.01854	0.267	0.02475	0.0376	0.03373	0.03181	0.01055	0.2974	0.02332	0.04682	0.04432	0.02485	0.24709	
0	0	0	0	0.15212	0.0402	0.04067	0.03946	0.04292	0.02093	0.17355	0.03505	0.00093	0.00045	0.27043	0.00064	0.00077	0.0027	0.0004	0.26858	0.16278	0.00425	0.09175	0.01367	0.20017	0.019	0.02815	0.02513	0.02389	0.00821	0.22242	0.01793	0.03595	0.03293	0.01881	0.18476	
0	0	0	0	0.10989	0.02749	0.02805	0.02794	0.02977	0.01433	0.12412	0.02515	0.00065	0.0003	0.19177	0.00065	0.00055	0.00223	0.00028	0.19031	0.11402	0.00333	0.06627	0.00975	0.14159	0.01381	0.02004	0.01793	0.01732	0.00584	0.15749	0.01272	0.02525	0.02405	0.01249	0.13158	
0	0	0	0	0.04649	0.04084	0.04148	0.04229	0.02762	0.01305	0.10848	0.02195	0.00039	0.00029	0.17001	0.00041	0.00037	0.00184	0.00027	0.16862	0.10625	0.00225	0.05458	0.00802	0.12737	0.01127	0.01709	0.01537	0.0131	0.00428	0.14375	0.00997	0.02263	0.02023	0.01131	0.11693	
0.20454	0.15212	0.10989	0.04649	0	0	0	0	0.07734	0.03804	0.33514	0.06252	0.00162	0.00091	0.50907	0.00144	0.00139	0.00558	0.00078	0.50529	0.28011	0.00919	0.19391	0.02983	0.36722	0.03846	0.05664	0.05072	0.05344	0.01785	0.40144	0.04031	0.06864	0.06373	0.03542	0.34525	
0.05243	0.0402	0.02749	0.04084	0	0	0	0	0.02648	0.01306	0.10081	0.02061	0.00047	0.00025	0.1598	0.00044	0.00046	0.0018	0.0002	0.1585	0.10483	0.00189	0.04754	0.0067	0.12172	0.01032	0.01515	0.01377	0.01077	0.00353	0.13873	0.00793	0.02093	0.01893	0.01059	0.11051	
0.05292	0.04067	0.02805	0.04148	0	0	0	0	0.02712	0.01263	0.1016	0.02177	0.00043	0.00023	0.16212	0.00034	0.00036	0.00165	0.00026	0.16085	0.10599	0.00209	0.04816	0.00688	0.12385	0.00962	0.01576	0.01389	0.01147	0.00375	0.13989	0.00801	0.02053	0.01948	0.01096	0.11215	
0.05319	0.03946	0.02794	0.04229	0	0	0	0	0.02649	0.01235	0.10203	0.02201	0.00047	0.00019	0.16175	0.00047	0.00049	0.00202	0.00025	0.16012	0.10591	0.00219	0.04821	0.00657	0.12334	0.01043	0.01533	0.01378	0.01044	0.00375	0.141	0.00769	0.02055	0.01939	0.01049	0.11245	
0.05712	0.04292	0.02977	0.02762	0.07734	0.02648	0.02712	0.02649	0	0	0	0	0.00061	0.0002	0.15615	0.00047	0.0004	0.00171	0.00027	0.15505	0.10275	0.0018	0.04619	0.00669	0.1259	0.00814	0.01258	0.01081	0.01162	0.00354	0.13441	0.00786	0.01395	0.01333	0.00735	0.1228	
0.02777	0.02093	0.01433	0.01305	0.03804	0.01306	0.01263	0.01235	0	0	0	0	0.00023	0.00013	0.07558	0.00014	0.00026	0.00081	0.00013	0.07488	0.0496	0.00095	0.02235	0.00318	0.06062	0.00399	0.0059	0.00557	0.00556	0.00169	0.06475	0.00408	0.00679	0.00625	0.00356	0.05948	
0.23343	0.17355	0.12412	0.10848	0.33514	0.10081	0.1016	0.10203	0	0	0	0	0.00181	0.00106	0.63502	0.00169	0.00159	0.00692	0.00094	0.63013	0.36183	0.01105	0.23169	0.03501	0.44882	0.04975	0.07455	0.06646	0.0603	0.02069	0.51349	0.0451	0.09887	0.09147	0.05074	0.3985	
0.04476	0.03505	0.02515	0.02195	0.06252	0.02061	0.02177	0.02201	0	0	0	0	0.00034	0.00019	0.12599	0.00039	0.00045	0.00161	0.00015	0.1247	0.08266	0.00156	0.03759	0.0051	0.10079	0.00695	0.00985	0.00932	0.00864	0.00296	0.10841	0.0069	0.01104	0.01048	0.00581	0.09958	
0.00102	0.00093	0.00065	0.00039	0.00162	0.00047	0.00043	0.00047	0.00061	0.00023	0.00181	0.00034	0	0	0	0	0	7e-05	0	0.00292	0.00177	4e-05	0.00103	0.00015	0.0022	0.00019	0.00034	0.00026	0.00034	9e-05	0.00233	0.00023	0.00032	0.0004	0.00018	0.00209	
0.00054	0.00045	0.0003	0.00029	0.00091	0.00025	0.00023	0.00019	0.0002	0.00013	0.00106	0.00019	0	0	0	0	0	3e-05	1e-05	0.00154	0.00106	1e-05	0.00045	6e-05	0.00124	0.00011	0.00014	9e-05	0.00014	4e-05	0.00134	6e-05	0.00029	0.00024	0.0001	0.00095	
0.36053	0.27043	0.19177	0.17001	0.50907	0.1598	0.16212	0.16175	0.15615	0.07558	0.63502	0.12599	0	0	0	0	0.00268	0.01092	0.00147	0.97767	0.59246	0.0153	0.33536	0.04962	0.73087	0.06826	0.10207	0.09154	0.08538	0.02864	0.81528	0.06344	0.12973	0.12063	0.06696	0.67542	
0.00099	0.00064	0.00065	0.00041	0.00144	0.00044	0.00034	0.00047	0.00047	0.00014	0.00169	0.00039	0	0	0	0	2e-05	3e-05	1e-05	0.00263	0.00155	1e-05	0.00098	0.00015	0.00182	0.00027	0.00033	0.00027	0.00026	0.00011	0.00211	0.00021	0.00031	0.00026	0.00022	0.0019	
0.00101	0.00077	0.00055	0.00037	0.00139	0.00046	0.00036	0.00049	0.0004	0.00026	0.00159	0.00045	0	0	0.00268	2e-05	0	0	0	0	0.0016	5e-05	0.00092	0.00013	0.0021	0.00019	0.00022	0.00019	0.00025	6e-05	0.0022	0.00019	0.00027	0.00027	0.00016	0.002	
0.00428	0.0027	0.00223	0.00184	0.00558	0.0018	0.00165	0.00202	0.00171	0.00081	0.00692	0.00161	7e-05	3e-05	0.01092	3e-05	0	0	0	0	0.00644	0.00018	0.00398	0.00045	0.00808	0.00071	0.00119	0.00107	0.00089	0.00038	0.00914	0.00064	0.00132	0.00131	0.00068	0.00774	
0.00054	0.0004	0.00028	0.00027	0.00078	0.0002	0.00026	0.00025	0.00027	0.00013	0.00094	0.00015	0	1e-05	0.00147	1e-05	0	0	0	0	0.0009	2e-05	0.0005	7e-05	0.00107	0.0001	0.00011	0.00021	0.00015	5e-05	0.00124	5e-05	0.00014	0.00025	0.0001	0.001	
0.35725	0.26858	0.19031	0.16862	0.50529	0.1585	0.16085	0.16012	0.15505	0.07488	0.63013	0.1247	0.00292	0.00154	0.97767	0.00263	0	0	0	0	0.5879	0.01511	0.33242	0.04933	0.72488	0.06783	0.10136	0.09069	0.08483	0.02839	0.80848	0.06306	0.12892	0.1197	0.06652	0.66962	
0.21379	0.16278	0.11402	0.10625	0.28011	0.10483	0.10599	0.10591	0.10275	0.0496	0.36183	0.08266	0.00177	0.00106	0.59246	0.00155	0.0016	0.00644	0.0009	0.5879	0	0	0	0	0.44199	0.04056	0.06025	0.05404	0.06849	0.02285	0.45511	0.05039	0.09322	0.08719	0.04793	0.3685	
0.00553	0.00425	0.00333	0.00225	0.00919	0.00189	0.00209	0.00219	0.0018	0.00095	0.01105	0.00156	4e-05	1e-05	0.0153	1e-05	5e-05	0.00018	2e-05	0.01511	0	0	0	0	0.01105	0.00126	0.00161	0.00144	0.00165	0.00073	0.01154	0.00144	0.00157	0.00151	0.00094	0.01134	
0.12522	0.09175	0.06627	0.05458	0.19391	0.04754	0.04816	0.04821	0.04619	0.02235	0.23169	0.03759	0.00103	0.00045	0.33536	0.00098	0.00092	0.00398	0.0005	0.33242	0	0	0	0	0.24691	0.02318	0.03561	0.03212	0.01051	0.00331	0.31598	0.00802	0.03042	0.02801	0.01547	0.26392	
0.01854	0.01367	0.00975	0.00802	0.02983	0.0067	0.00688	0.00657	0.00669	0.00318	0.03501	0.0051	0.00015	6e-05	0.04962	0.00015	0.00013	0.00045	7e-05	0.04933	0	0	0	0	0.03618	0.00383	0.00541	0.00456	0.00547	0.00199	0.03843	0.00409	0.00544	0.00482	0.00312	0.0366	
0.267	0.20017	0.14159	0.12737	0.36722	0.12172	0.12385	0.12334	0.1259	0.06062	0.44882	0.10079	0.0022	0.00124	0.73087	0.00182	0.0021	0.00808	0.00107	0.72488	0.44199	0.01105	0.24691	0.03618	0	0	0	0	0.06288	0.02097	0.60564	0.04664	0.09465	0.08806	0.04889	0.50453	
0.02475	0.019	0.01381	0.01127	0.03846	0.01032	0.00962	0.01043	0.00814	0.00399	0.04975	0.00695	0.00019	0.00011	0.06826	0.00027	0.00019	0.00071	0.0001	0.06783	0.04056	0.00126	0.02318	0.00383	0	0	0	0	0.00624	0.00212	0.05615	0.00432	0.00945	0.00887	0.00491	0.0456	
0.0376	0.02815	0.02004	0.01709	0.05664	0.01515	0.01576	0.01533	0.01258	0.0059	0.07455	0.00985	0.00034	0.00014	0.10207	0.00033	0.00022	0.00119	0.00011	0.10136	0.06025	0.00161	0.03561	0.00541	0	0	0	0	0.00916	0.00309	0.08356	0.00707	0.01381	0.01333	0.00713	0.06861	
0.03373	0.02513	0.01793	0.01537	0.05072	0.01377	0.01389	0.01378	0.01081	0.00557	0.06646	0.00932	0.00026	9e-05	0.09154	0.00027	0.00019	0.00107	0.00021	0.09069	0.05404	0.00144	0.03212	0.00456	0	0	0	0	0.00784	0.0027	0.07571	0.00591	0.01274	0.01127	0.00653	0.06162	
0.03181	0.02389	0.01732	0.0131	0.05344	0.01077	0.01147	0.01044	0.01162	0.00556	0.0603	0.00864	0.00034	0.00014	0.08538	0.00026	0.00025	0.00089	0.00015	0.08483	0.06849	0.00165	0.01051	0.00547	0.06288	0.00624	0.00916	0.00784	0	0	0	0	0.02009	0.01794	0.01075	0.03734	
0.01055	0.00821	0.00584	0.00428	0.01785	0.00353	0.00375	0.00375	0.00354	0.00169	0.02069	0.00296	9e-05	4e-05	0.02864	0.00011	6e-05	0.00038	5e-05	0.02839	0.02285	0.00073	0.00331	0.00199	0.02097	0.00212	0.00309	0.0027	0	0	0	0	0.00677	0.00649	0.00322	0.0124	
0.2974	0.22242	0.15749	0.14375	0.40144	0.13873	0.13989	0.141	0.13441	0.06475	0.51349	0.10841	0.00233	0.00134	0.81528	0.00211	0.0022	0.00914	0.00124	0.80848	0.45511	0.01154	0.31598	0.03843	0.60564	0.05615	0.08356	0.07571	0	0	0	0	0.08919	0.08319	0.04551	0.60317	
0.02332	0.01793	0.01272	0.00997	0.04031	0.00793	0.00801	0.00769	0.00786	0.00408	0.0451	0.0069	0.00023	6e-05	0.06344	0.00021	0.00019	0.00064	5e-05	0.06306	0.05039	0.00144	0.00802	0.00409	0.04664	0.00432	0.00707	0.00591	0	0	0	0	0.0146	0.01391	0.00798	0.02745	
0.04682	0.03595	0.02525	0.02263	0.06864	0.02093	0.02053	0.02055	0.01395	0.00679	0.09887	0.01104	0.00032	0.00029	0.12973	0.00031	0.00027	0.00132	0.00014	0.12892	0.09322	0.00157	0.03042	0.00544	0.09465	0.00945	0.01381	0.01274	0.02009	0.00677	0.08919	0.0146	0	0	0	0	
0.04432	0.03293	0.02405	0.02023	0.06373	0.01893	0.01948	0.01939	0.01333	0.00625	0.09147	0.01048	0.0004	0.00024	0.12063	0.00026	0.00027	0.00131	0.00025	0.1197	0.08719	0.00151	0.02801	0.00482	0.08806	0.00887	0.01333	0.01127	0.01794	0.00649	0.08319	0.01391	0	0	0	0	
0.02485	0.01881	0.01249	0.01131	0.03542	0.01059	0.01096	0.01049	0.00735	0.00356	0.05074	0.00581	0.00018	0.0001	0.06696	0.00022	0.00016	0.00068	0.0001	0.06652	0.04793	0.00094	0.01547	0.00312	0.04889	0.00491	0.00713	0.00653	0.01075	0.00322	0.04551	0.00798	0	0	0	0	
0.24709	0.18476	0.13158	0.11693	0.34525	0.11051	0.11215	0.11245	0.1228	0.05948	0.3985	0.09958	0.00209	0.00095	0.67542	0.0019	0.002	0.00774	0.001	0.66962	0.3685	0.01134	0.26392	0.0366	0.50453	0.0456	0.06861	0.06162	0.03734	0.0124	0.60317	0.02745	0	0	0	0	
