0	0	0	0	0.2341	0.0333077	0.0279538	0.0547462	0.0351385	0.0128462	0.264362	0.0377615	0.00255385	0.00245385	0.342562	0.00253846	0.00246154	0.00898462	0.00193846	0.336723	0.2161	0.0211077	0.0581308	0.0547692	0.168608	0.0530769	0.0318308	0.0965923	0.0641769	0.0337	0.177023	0.0752077	0.0730692	0.0625462	0.0451154	0.169377	
0	0	0	0	0.217292	0.0305923	0.0269615	0.0508538	0.0336462	0.0120154	0.244754	0.0352846	0.00226923	0.00214615	0.319092	0.00219231	0.00217692	0.008	0.00179231	0.313731	0.200615	0.0204538	0.0550385	0.0495923	0.158038	0.0508077	0.0283231	0.0885308	0.0599231	0.0317	0.163931	0.0701462	0.0670923	0.0586692	0.0418308	0.158108	
0	0	0	0	0.124977	0.0180154	0.0152077	0.0296154	0.0186538	0.00687692	0.141546	0.0207385	0.00152308	0.00121538	0.1837	0.00137692	0.00125385	0.00499231	0.000953846	0.180615	0.115892	0.0115154	0.0307385	0.0296692	0.0905308	0.0281923	0.0164692	0.0526231	0.0336923	0.0184538	0.0947615	0.0409077	0.0395154	0.0342231	0.0239385	0.0901385	
0	0	0	0	0.0397308	0.0270923	0.0237923	0.0457615	0.0175692	0.00633846	0.0932385	0.0192308	0.001	0.000892308	0.133662	0.000823077	0.000938462	0.00346923	0.000669231	0.1313	0.0873923	0.00863077	0.0232308	0.0171231	0.0726692	0.0188538	0.0107538	0.0341	0.0215077	0.0115231	0.0784923	0.0248538	0.0271692	0.0245769	0.0166769	0.0679538	
0.2341	0.217292	0.124977	0.0397308	0	0	0	0	0.0462769	0.0175231	0.501869	0.0504308	0.00443846	0.00419231	0.603085	0.00438462	0.00420769	0.0160231	0.00321538	0.592654	0.364431	0.0385692	0.103977	0.109123	0.274023	0.103708	0.0579538	0.180415	0.124954	0.0671385	0.274815	0.149192	0.129992	0.111954	0.0807385	0.293415	
0.0333077	0.0305923	0.0180154	0.0270923	0	0	0	0	0.0196308	0.00684615	0.0611077	0.0214231	0.0008	0.000661538	0.106862	0.000684615	0.000653846	0.00261538	0.000646154	0.105092	0.0727308	0.00649231	0.0181077	0.0116769	0.0624923	0.0130846	0.00851538	0.0249154	0.0148846	0.00778462	0.0689923	0.0173462	0.0219154	0.0195538	0.0133769	0.0541615	
0.0279538	0.0269615	0.0152077	0.0237923	0	0	0	0	0.0172154	0.00638462	0.0519769	0.0183385	0.000730769	0.000630769	0.0919615	0.000592308	0.000646154	0.00207692	0.000561538	0.0906308	0.0623923	0.00553846	0.0157154	0.0102692	0.0539385	0.0115154	0.00667692	0.0217846	0.0128077	0.00702308	0.0598385	0.0142462	0.0185077	0.0164692	0.0112154	0.0477231	
0.0547462	0.0508538	0.0296154	0.0457615	0	0	0	0	0.0218846	0.00732308	0.128946	0.0228231	0.00137692	0.00122308	0.177108	0.00126923	0.00132308	0.00473077	0.000930769	0.173992	0.120446	0.0111077	0.0293385	0.0200846	0.0993923	0.0226231	0.0142308	0.0447308	0.0266538	0.0134308	0.110562	0.0303308	0.0364308	0.0320385	0.0222308	0.0902769	
0.0351385	0.0336462	0.0186538	0.0175692	0.0462769	0.0196308	0.0172154	0.0218846	0	0	0	0	0.000853846	0.000769231	0.102685	0.0007	0.000761538	0.00279231	0.000469231	0.100985	0.0645	0.00673077	0.0196615	0.0141154	0.0654	0.0105385	0.00715385	0.0219154	0.0129923	0.00647692	0.0711231	0.0144154	0.0204231	0.0184308	0.0127077	0.0534462	
0.0128462	0.0120154	0.00687692	0.00633846	0.0175231	0.00684615	0.00638462	0.00732308	0	0	0	0	0.000253846	0.000215385	0.0374	0.000207692	0.000253846	0.000969231	0.000223077	0.0366308	0.0234615	0.00253846	0.00696923	0.00510769	0.0232923	0.00387692	0.00266154	0.00824615	0.00427692	0.00248462	0.0260538	0.00526154	0.00766923	0.00671538	0.00426923	0.0194231	
0.264362	0.244754	0.141546	0.0932385	0.501869	0.0611077	0.0519769	0.128946	0	0	0	0	0.00541538	0.00496923	0.7283	0.00521538	0.00507692	0.0189308	0.00401538	0.715877	0.462554	0.0450154	0.119608	0.116723	0.330608	0.124969	0.0701846	0.218138	0.148769	0.0795154	0.339462	0.176154	0.1573	0.1346	0.0971538	0.354846	
0.0377615	0.0352846	0.0207385	0.0192308	0.0504308	0.0214231	0.0183385	0.0228231	0	0	0	0	0.000823077	0.000753846	0.110631	0.000807692	0.000738462	0.00275385	0.000646154	0.108877	0.0694846	0.00742308	0.0209	0.0152077	0.0705462	0.0115462	0.00737692	0.0235462	0.0132615	0.0069	0.0775692	0.0152846	0.0214538	0.0202692	0.0134308	0.0578615	
0.00255385	0.00226923	0.00152308	0.001	0.00443846	0.0008	0.000730769	0.00137692	0.000853846	0.000253846	0.00541538	0.000823077	0	0	0	0	9.23077e-05	0.000215385	3.84615e-05	0.007	0.00456154	0.000376923	0.00131538	0.00109231	0.00371538	0.00113077	0.000592308	0.00190769	0.00146154	0.000553846	0.00373077	0.0016	0.00140769	0.00131538	0.000938462	0.00368462	
0.00245385	0.00214615	0.00121538	0.000892308	0.00419231	0.000661538	0.000630769	0.00122308	0.000769231	0.000215385	0.00496923	0.000753846	0	0	0	0	5.38462e-05	0.000292308	6.15385e-05	0.0063	0.00416154	0.000376923	0.00105385	0.00111538	0.00332308	0.00107692	0.000546154	0.00176154	0.00130769	0.000761538	0.00338462	0.00125385	0.00141538	0.00113077	0.000884615	0.00327692	
0.342562	0.319092	0.1837	0.133662	0.603085	0.106862	0.0919615	0.177108	0.102685	0.0374	0.7283	0.110631	0	0	0	0	0.00661538	0.0247077	0.00520769	0.942485	0.606969	0.0605692	0.163569	0.147908	0.479546	0.147592	0.0857	0.266177	0.175185	0.0934154	0.503615	0.2068	0.202669	0.176277	0.124777	0.475292	
0.00253846	0.00219231	0.00137692	0.000823077	0.00438462	0.000684615	0.000592308	0.00126923	0.0007	0.000207692	0.00521538	0.000807692	0	0	0	0	6.92308e-05	0.000230769	4.61538e-05	0.00658462	0.00430769	0.000384615	0.0012	0.00103846	0.00326154	0.00113077	0.000538462	0.002	0.00134615	0.000646154	0.00347692	0.00146154	0.00135385	0.00129231	0.000961538	0.00332308	
0.00246154	0.00217692	0.00125385	0.000938462	0.00420769	0.000653846	0.000646154	0.00132308	0.000761538	0.000253846	0.00507692	0.000738462	9.23077e-05	5.38462e-05	0.00661538	6.92308e-05	0	0	0	0	0.00441538	0.0004	0.000992308	0.00102308	0.00333846	0.000953846	0.000561538	0.00197692	0.0014	0.000638462	0.00346923	0.00132308	0.00163846	0.00123846	0.000938462	0.00301538	
0.00898462	0.008	0.00499231	0.00346923	0.0160231	0.00261538	0.00207692	0.00473077	0.00279231	0.000969231	0.0189308	0.00275385	0.000215385	0.000292308	0.0247077	0.000230769	0	0	0	0	0.0156308	0.00173846	0.00422308	0.00385385	0.0126	0.00373077	0.00219231	0.00692308	0.00445385	0.00248462	0.0129154	0.00559231	0.00543846	0.00458462	0.00333077	0.0120923	
0.00193846	0.00179231	0.000953846	0.000669231	0.00321538	0.000646154	0.000561538	0.000930769	0.000469231	0.000223077	0.00401538	0.000646154	3.84615e-05	6.15385e-05	0.00520769	4.61538e-05	0	0	0	0	0.00334615	0.000346154	0.000869231	0.000792308	0.00257692	0.000892308	0.0005	0.00138462	0.000953846	0.000584615	0.00274615	0.00106923	0.00105385	0.001	0.000669231	0.00263077	
0.336723	0.313731	0.180615	0.1313	0.592654	0.105092	0.0906308	0.173992	0.100985	0.0366308	0.715877	0.108877	0.007	0.0063	0.942485	0.00658462	0	0	0	0	0.596608	0.0592231	0.161054	0.145485	0.471331	0.145354	0.0841231	0.261562	0.172492	0.0916692	0.495077	0.203131	0.198715	0.173192	0.122623	0.467838	
0.2161	0.200615	0.115892	0.0873923	0.364431	0.0727308	0.0623923	0.120446	0.0645	0.0234615	0.462554	0.0694846	0.00456154	0.00416154	0.606969	0.00430769	0.00441538	0.0156308	0.00334615	0.596608	0	0	0	0	0.301969	0.0915923	0.0517923	0.174646	0.120723	0.0632385	0.295015	0.141023	0.130046	0.111246	0.0808538	0.297854	
0.0211077	0.0204538	0.0115154	0.00863077	0.0385692	0.00649231	0.00553846	0.0111077	0.00673077	0.00253846	0.0450154	0.00742308	0.000376923	0.000376923	0.0605692	0.000384615	0.0004	0.00173846	0.000346154	0.0592231	0	0	0	0	0.0307923	0.00843077	0.00522308	0.0172615	0.00930769	0.0053	0.0358462	0.0112538	0.0124154	0.0113769	0.0075	0.0304154	
0.0581308	0.0550385	0.0307385	0.0232308	0.103977	0.0181077	0.0157154	0.0293385	0.0196615	0.00696923	0.119608	0.0209	0.00131538	0.00105385	0.163569	0.0012	0.000992308	0.00422308	0.000869231	0.161054	0	0	0	0	0.107554	0.0233385	0.0140846	0.0221615	0.0252154	0.0136538	0.0989462	0.0293231	0.0335615	0.0299308	0.0204231	0.0832231	
0.0547692	0.0495923	0.0296692	0.0171231	0.109123	0.0116769	0.0102692	0.0200846	0.0141154	0.00510769	0.116723	0.0152077	0.00109231	0.00111538	0.147908	0.00103846	0.00102308	0.00385385	0.000792308	0.145485	0	0	0	0	0.0495308	0.0275692	0.0162769	0.0577769	0.0240538	0.0131846	0.0844	0.0295154	0.0308231	0.0274615	0.0187846	0.0740846	
0.168608	0.158038	0.0905308	0.0726692	0.274023	0.0624923	0.0539385	0.0993923	0.0654	0.0232923	0.330608	0.0705462	0.00371538	0.00332308	0.479546	0.00326154	0.00333846	0.0126	0.00257692	0.471331	0.301969	0.0307923	0.107554	0.0495308	0	0	0	0	0.0776846	0.0418308	0.2797	0.0906308	0.0983077	0.0882	0.0605462	0.242792	
0.0530769	0.0508077	0.0281923	0.0188538	0.103708	0.0130846	0.0115154	0.0226231	0.0105385	0.00387692	0.124969	0.0115462	0.00113077	0.00107692	0.147592	0.00113077	0.000953846	0.00373077	0.000892308	0.145354	0.0915923	0.00843077	0.0233385	0.0275692	0	0	0	0	0.0367615	0.0194385	0.0504308	0.0443	0.0333385	0.0268385	0.0209462	0.0698077	
0.0318308	0.0283231	0.0164692	0.0107538	0.0579538	0.00851538	0.00667692	0.0142308	0.00715385	0.00266154	0.0701846	0.00737692	0.000592308	0.000546154	0.0857	0.000538462	0.000561538	0.00219231	0.0005	0.0841231	0.0517923	0.00522308	0.0140846	0.0162769	0	0	0	0	0.0160077	0.00814615	0.0444385	0.0187846	0.0181923	0.0153923	0.0116615	0.0421308	
0.0965923	0.0885308	0.0526231	0.0341	0.180415	0.0249154	0.0217846	0.0447308	0.0219154	0.00824615	0.218138	0.0235462	0.00190769	0.00176154	0.266177	0.002	0.00197692	0.00692308	0.00138462	0.261562	0.174646	0.0172615	0.0221615	0.0577769	0	0	0	0	0.0488462	0.0259615	0.139638	0.0574	0.0570077	0.0495846	0.0344077	0.130846	
0.0641769	0.0599231	0.0336923	0.0215077	0.124954	0.0148846	0.0128077	0.0266538	0.0129923	0.00427692	0.148769	0.0132615	0.00146154	0.00130769	0.175185	0.00134615	0.0014	0.00445385	0.000953846	0.172492	0.120723	0.00930769	0.0252154	0.0240538	0.0776846	0.0367615	0.0160077	0.0488462	0	0	0	0	0.0443154	0.0328077	0.0269923	0.0751846	
0.0337	0.0317	0.0184538	0.0115231	0.0671385	0.00778462	0.00702308	0.0134308	0.00647692	0.00248462	0.0795154	0.0069	0.000553846	0.000761538	0.0934154	0.000646154	0.000638462	0.00248462	0.000584615	0.0916692	0.0632385	0.0053	0.0136538	0.0131846	0.0418308	0.0194385	0.00814615	0.0259615	0	0	0	0	0.0242308	0.0177615	0.0146308	0.0387538	
0.177023	0.163931	0.0947615	0.0784923	0.274815	0.0689923	0.0598385	0.110562	0.0711231	0.0260538	0.339462	0.0775692	0.00373077	0.00338462	0.503615	0.00347692	0.00346923	0.0129154	0.00274615	0.495077	0.295015	0.0358462	0.0989462	0.0844	0.2797	0.0504308	0.0444385	0.139638	0	0	0	0	0.0867154	0.0895923	0.0532846	0.284615	
0.0752077	0.0701462	0.0409077	0.0248538	0.149192	0.0173462	0.0142462	0.0303308	0.0144154	0.00526154	0.176154	0.0152846	0.0016	0.00125385	0.2068	0.00146154	0.00132308	0.00559231	0.00106923	0.203131	0.141023	0.0112538	0.0293231	0.0295154	0.0906308	0.0443	0.0187846	0.0574	0	0	0	0	0.0515846	0.0398538	0.0326538	0.0870231	
0.0730692	0.0670923	0.0395154	0.0271692	0.129992	0.0219154	0.0185077	0.0364308	0.0204231	0.00766923	0.1573	0.0214538	0.00140769	0.00141538	0.202669	0.00135385	0.00163846	0.00543846	0.00105385	0.198715	0.130046	0.0124154	0.0335615	0.0308231	0.0983077	0.0333385	0.0181923	0.0570077	0.0443154	0.0242308	0.0867154	0.0515846	0	0	0	0	
0.0625462	0.0586692	0.0342231	0.0245769	0.111954	0.0195538	0.0164692	0.0320385	0.0184308	0.00671538	0.1346	0.0202692	0.00131538	0.00113077	0.176277	0.00129231	0.00123846	0.00458462	0.001	0.173192	0.111246	0.0113769	0.0299308	0.0274615	0.0882	0.0268385	0.0153923	0.0495846	0.0328077	0.0177615	0.0895923	0.0398538	0	0	0	0	
0.0451154	0.0418308	0.0239385	0.0166769	0.0807385	0.0133769	0.0112154	0.0222308	0.0127077	0.00426923	0.0971538	0.0134308	0.000938462	0.000884615	0.124777	0.000961538	0.000938462	0.00333077	0.000669231	0.122623	0.0808538	0.0075	0.0204231	0.0187846	0.0605462	0.0209462	0.0116615	0.0344077	0.0269923	0.0146308	0.0532846	0.0326538	0	0	0	0	
0.169377	0.158108	0.0901385	0.0679538	0.293415	0.0541615	0.0477231	0.0902769	0.0534462	0.0194231	0.354846	0.0578615	0.00368462	0.00327692	0.475292	0.00332308	0.00301538	0.0120923	0.00263077	0.467838	0.297854	0.0304154	0.0832231	0.0740846	0.242792	0.0698077	0.0421308	0.130846	0.0751846	0.0387538	0.284615	0.0870231	0	0	0	0	
