0	0	0	0	0.223569	0.0339	0.0306385	0.0566615	0.0356692	0.0132615	0.256846	0.0389923	0.00233077	0.002	0.338092	0.00234615	0.0023	0.00888462	0.0019	0.331685	0.2122	0.0208769	0.0579538	0.0537385	0.165969	0.0533385	0.0299923	0.0954692	0.0613538	0.0339	0.176485	0.0730308	0.0722538	0.0629231	0.0450308	0.164562	
0	0	0	0	0.226623	0.0284923	0.0249308	0.0471231	0.0338615	0.0115	0.246677	0.0351308	0.00233846	0.00191538	0.320623	0.00229231	0.00226923	0.00776154	0.00166154	0.315477	0.199908	0.0198	0.0558	0.0516615	0.157492	0.0502462	0.0286308	0.0908	0.0600154	0.0323308	0.163408	0.0714154	0.0681615	0.0595462	0.0417615	0.1577	
0	0	0	0	0.126585	0.0169308	0.0152769	0.0297615	0.0199077	0.00626923	0.142446	0.0199308	0.0013	0.00125385	0.184954	0.00104615	0.00130769	0.00485385	0.00106154	0.181331	0.114631	0.0118	0.0320154	0.0301077	0.0912385	0.0288308	0.0168923	0.0515923	0.0341923	0.0182769	0.0955615	0.0405231	0.0391231	0.0345769	0.0248308	0.0900231	
0	0	0	0	0.0403154	0.0275231	0.025	0.0466692	0.0178846	0.00676154	0.0949308	0.0199308	0.000992308	0.00103077	0.136708	0.000776923	0.00103077	0.00316154	0.000869231	0.134446	0.0895308	0.00843077	0.0232769	0.0182692	0.0742615	0.0181	0.0106692	0.0364769	0.0217077	0.0114846	0.0808769	0.0254385	0.0284154	0.0251308	0.0175462	0.0684154	
0.223569	0.226623	0.126585	0.0403154	0	0	0	0	0.0521154	0.0161538	0.499754	0.0490692	0.00406923	0.00390769	0.605146	0.00396923	0.00410769	0.0152692	0.00334615	0.594369	0.362338	0.0393462	0.104585	0.110823	0.273962	0.104246	0.0575692	0.181315	0.124869	0.0681308	0.2749	0.149192	0.131585	0.112377	0.0829385	0.290192	
0.0339	0.0284923	0.0169308	0.0275231	0	0	0	0	0.0206231	0.00772308	0.0553615	0.0231385	0.000769231	0.000692308	0.104777	0.000607692	0.000861538	0.00279231	0.000653846	0.102538	0.0704769	0.00635385	0.0179615	0.0120538	0.0613538	0.0123308	0.00817692	0.0249846	0.0139385	0.00734615	0.0696692	0.0158923	0.0210154	0.0193231	0.0128846	0.0536231	
0.0306385	0.0249308	0.0152769	0.025	0	0	0	0	0.0176462	0.00626154	0.0532769	0.0186615	0.000746154	0.000530769	0.0939231	0.000646154	0.000630769	0.00236154	0.000592308	0.0922615	0.0635923	0.00530769	0.0167308	0.0102154	0.0555615	0.0114385	0.0066	0.0222462	0.0128462	0.00696923	0.0618	0.0142308	0.0190462	0.0174615	0.0110385	0.0483	
0.0566615	0.0471231	0.0297615	0.0466692	0	0	0	0	0.0169385	0.00765385	0.132508	0.0231154	0.00137692	0.00106923	0.176531	0.00123846	0.00130769	0.00423846	0.0009	0.173769	0.119862	0.0099	0.0297692	0.0206846	0.0980846	0.0225	0.0138385	0.0457923	0.0256154	0.0135462	0.109962	0.0310923	0.0363077	0.0330154	0.0223077	0.0885846	
0.0356692	0.0338615	0.0199077	0.0178846	0.0521154	0.0206231	0.0176462	0.0169385	0	0	0	0	0.000769231	0.000653846	0.105246	0.000653846	0.000823077	0.00292308	0.000623077	0.102954	0.0683538	0.00627692	0.0190692	0.0136231	0.0669846	0.0103538	0.0075	0.0224846	0.0124077	0.00666154	0.0735385	0.0147154	0.0194769	0.0186769	0.0123	0.0568692	
0.0132615	0.0115	0.00626923	0.00676154	0.0161538	0.00772308	0.00626154	0.00765385	0	0	0	0	0.000353846	0.000276923	0.0368692	0.000292308	0.000292308	0.00109231	0.000246154	0.0361615	0.0241308	0.0022	0.00669231	0.00476923	0.0242692	0.00364615	0.00236154	0.00751538	0.00429231	0.00229231	0.0263615	0.00484615	0.00726923	0.0063	0.00431538	0.0199077	
0.256846	0.246677	0.142446	0.0949308	0.499754	0.0553615	0.0532769	0.132508	0	0	0	0	0.005	0.00457692	0.726638	0.00468462	0.00497692	0.0177077	0.00384615	0.714369	0.451708	0.0453923	0.123192	0.120608	0.326677	0.124808	0.0689615	0.220454	0.147508	0.0797923	0.338169	0.175431	0.159808	0.137431	0.0994308	0.344231	
0.0389923	0.0351308	0.0199308	0.0199308	0.0490692	0.0231385	0.0186615	0.0231154	0	0	0	0	0.000838462	0.000692308	0.111623	0.000830769	0.000815385	0.00293846	0.000776923	0.109454	0.0720769	0.00703846	0.0200923	0.0147769	0.0710308	0.0117077	0.00736154	0.0238846	0.0130615	0.00724615	0.0782615	0.0154154	0.0214	0.0197692	0.0131231	0.0596923	
0.00233077	0.00233846	0.0013	0.000992308	0.00406923	0.000769231	0.000746154	0.00137692	0.000769231	0.000353846	0.005	0.000838462	0	0	0	0	5.38462e-05	0.000246154	8.46154e-05	0.00657692	0.00428462	0.000438462	0.00114615	0.00109231	0.00327692	0.00105385	0.000592308	0.00203846	0.00109231	0.000630769	0.00379231	0.00144615	0.00160769	0.00121538	0.000915385	0.00322308	
0.002	0.00191538	0.00125385	0.00103077	0.00390769	0.000692308	0.000530769	0.00106923	0.000653846	0.000276923	0.00457692	0.000692308	0	0	0	0	4.61538e-05	0.000292308	4.61538e-05	0.00581538	0.00363846	0.000430769	0.00110769	0.00102308	0.00321538	0.000784615	0.000538462	0.00166154	0.00101538	0.000623077	0.00326923	0.00129231	0.00115385	0.00122308	0.000730769	0.00309231	
0.338092	0.320623	0.184954	0.136708	0.605146	0.104777	0.0939231	0.176531	0.105246	0.0368692	0.726638	0.111623	0	0	0	0	0.00676154	0.0238692	0.00533077	0.944415	0.604646	0.0595231	0.165623	0.150585	0.479215	0.147754	0.0844692	0.268938	0.174185	0.0942	0.505792	0.2062	0.203892	0.178562	0.126685	0.471238	
0.00234615	0.00229231	0.00104615	0.000776923	0.00396923	0.000607692	0.000646154	0.00123846	0.000653846	0.000292308	0.00468462	0.000830769	0	0	0	0	4.61538e-05	0.000253846	3.07692e-05	0.00613077	0.0037	0.000515385	0.00116923	0.00107692	0.00325385	0.000923077	0.000584615	0.0017	0.000976923	0.000538462	0.00347692	0.00146923	0.0013	0.00117692	0.000838462	0.00314615	
0.0023	0.00226923	0.00130769	0.00103077	0.00410769	0.000861538	0.000630769	0.00130769	0.000823077	0.000292308	0.00497692	0.000815385	5.38462e-05	4.61538e-05	0.00676154	4.61538e-05	0	0	0	0	0.00433077	0.000461538	0.00106154	0.00105385	0.00336923	0.00105385	0.000523077	0.00196154	0.00126154	0.000646154	0.00353077	0.00146923	0.0015	0.00121538	0.000846154	0.00334615	
0.00888462	0.00776154	0.00485385	0.00316154	0.0152692	0.00279231	0.00236154	0.00423846	0.00292308	0.00109231	0.0177077	0.00293846	0.000246154	0.000292308	0.0238692	0.000253846	0	0	0	0	0.0157154	0.00126154	0.00413846	0.00354615	0.0119154	0.00381538	0.00236154	0.00656923	0.00418462	0.00271538	0.0123462	0.00541538	0.00494615	0.00461538	0.00302308	0.0120769	
0.0019	0.00166154	0.00106154	0.000869231	0.00334615	0.000653846	0.000592308	0.0009	0.000623077	0.000246154	0.00384615	0.000776923	8.46154e-05	4.61538e-05	0.00533077	3.07692e-05	0	0	0	0	0.00326154	0.000369231	0.00103846	0.000823077	0.0029	0.0008	0.000484615	0.00130769	0.000938462	0.000561538	0.00280769	0.00118462	0.00123077	0.00101538	0.000669231	0.00257692	
0.331685	0.315477	0.181331	0.134446	0.594369	0.102538	0.0922615	0.173769	0.102954	0.0361615	0.714369	0.109454	0.00657692	0.00581538	0.944415	0.00613077	0	0	0	0	0.592962	0.0588154	0.162808	0.148354	0.470777	0.144846	0.0828154	0.2645	0.170885	0.0920692	0.497646	0.202338	0.200277	0.175331	0.124631	0.4627	
0.2122	0.199908	0.114631	0.0895308	0.362338	0.0704769	0.0635923	0.119862	0.0683538	0.0241308	0.451708	0.0720769	0.00428462	0.00363846	0.604646	0.0037	0.00433077	0.0157154	0.00326154	0.592962	0	0	0	0	0.299592	0.0902308	0.0494385	0.177008	0.117931	0.0635462	0.295038	0.139754	0.131346	0.114162	0.0825923	0.288169	
0.0208769	0.0198	0.0118	0.00843077	0.0393462	0.00635385	0.00530769	0.0099	0.00627692	0.0022	0.0453923	0.00703846	0.000438462	0.000430769	0.0595231	0.000515385	0.000461538	0.00126154	0.000369231	0.0588154	0	0	0	0	0.0297615	0.00865385	0.00509231	0.0174	0.00947692	0.00494615	0.0354462	0.0110385	0.0117154	0.0104154	0.00748462	0.0312923	
0.0579538	0.0558	0.0320154	0.0232769	0.104585	0.0179615	0.0167308	0.0297692	0.0190692	0.00669231	0.123192	0.0200923	0.00114615	0.00110769	0.165623	0.00116923	0.00106154	0.00413846	0.00103846	0.162808	0	0	0	0	0.1093	0.0239538	0.0141462	0.0216462	0.0249308	0.0137846	0.1008	0.0295308	0.0331923	0.0299231	0.0202846	0.0856462	
0.0537385	0.0516615	0.0301077	0.0182692	0.110823	0.0120538	0.0102154	0.0206846	0.0136231	0.00476923	0.120608	0.0147769	0.00109231	0.00102308	0.150585	0.00107692	0.00105385	0.00354615	0.000823077	0.148354	0	0	0	0	0.0503077	0.0276769	0.0175077	0.0582846	0.0249308	0.0137154	0.0850462	0.0300846	0.0317	0.0276769	0.0188077	0.0755923	
0.165969	0.157492	0.0912385	0.0742615	0.273962	0.0613538	0.0555615	0.0980846	0.0669846	0.0242692	0.326677	0.0710308	0.00327692	0.00321538	0.479215	0.00325385	0.00336923	0.0119154	0.0029	0.470777	0.299592	0.0297615	0.1093	0.0503077	0	0	0	0	0.0756846	0.0409692	0.2824	0.0899077	0.0991692	0.0876462	0.0611692	0.240977	
0.0533385	0.0502462	0.0288308	0.0181	0.104246	0.0123308	0.0114385	0.0225	0.0103538	0.00364615	0.124808	0.0117077	0.00105385	0.000784615	0.147754	0.000923077	0.00105385	0.00381538	0.0008	0.144846	0.0902308	0.00865385	0.0239538	0.0276769	0	0	0	0	0.0371077	0.02	0.0497154	0.0436923	0.0339462	0.0273692	0.0212154	0.0679846	
0.0299923	0.0286308	0.0168923	0.0106692	0.0575692	0.00817692	0.0066	0.0138385	0.0075	0.00236154	0.0689615	0.00736154	0.000592308	0.000538462	0.0844692	0.000584615	0.000523077	0.00236154	0.000484615	0.0828154	0.0494385	0.00509231	0.0141462	0.0175077	0	0	0	0	0.0150923	0.00830769	0.0443538	0.0184308	0.0179692	0.0158692	0.0111769	0.0411692	
0.0954692	0.0908	0.0515923	0.0364769	0.181315	0.0249846	0.0222462	0.0457923	0.0224846	0.00751538	0.220454	0.0238846	0.00203846	0.00166154	0.268938	0.0017	0.00196154	0.00656923	0.00130769	0.2645	0.177008	0.0174	0.0216462	0.0582846	0	0	0	0	0.0493846	0.0267154	0.139862	0.0583769	0.0568692	0.0512923	0.0356077	0.130569	
0.0613538	0.0600154	0.0341923	0.0217077	0.124869	0.0139385	0.0128462	0.0256154	0.0124077	0.00429231	0.147508	0.0130615	0.00109231	0.00101538	0.174185	0.000976923	0.00126154	0.00418462	0.000938462	0.170885	0.117931	0.00947692	0.0249308	0.0249308	0.0756846	0.0371077	0.0150923	0.0493846	0	0	0	0	0.0463769	0.0327154	0.028	0.0701769	
0.0339	0.0323308	0.0182769	0.0114846	0.0681308	0.00734615	0.00696923	0.0135462	0.00666154	0.00229231	0.0797923	0.00724615	0.000630769	0.000623077	0.0942	0.000538462	0.000646154	0.00271538	0.000561538	0.0920692	0.0635462	0.00494615	0.0137846	0.0137154	0.0409692	0.02	0.00830769	0.0267154	0	0	0	0	0.0245923	0.0175077	0.0143692	0.0395231	
0.176485	0.163408	0.0955615	0.0808769	0.2749	0.0696692	0.0618	0.109962	0.0735385	0.0263615	0.338169	0.0782615	0.00379231	0.00326923	0.505792	0.00347692	0.00353077	0.0123462	0.00280769	0.497646	0.295038	0.0354462	0.1008	0.0850462	0.2824	0.0497154	0.0443538	0.139862	0	0	0	0	0.0888385	0.0918923	0.0510538	0.284546	
0.0730308	0.0714154	0.0405231	0.0254385	0.149192	0.0158923	0.0142308	0.0310923	0.0147154	0.00484615	0.175431	0.0154154	0.00144615	0.00129231	0.2062	0.00146923	0.00146923	0.00541538	0.00118462	0.202338	0.139754	0.0110385	0.0295308	0.0300846	0.0899077	0.0436923	0.0184308	0.0583769	0	0	0	0	0.0481462	0.0400615	0.0357462	0.0864538	
0.0722538	0.0681615	0.0391231	0.0284154	0.131585	0.0210154	0.0190462	0.0363077	0.0194769	0.00726923	0.159808	0.0214	0.00160769	0.00115385	0.203892	0.0013	0.0015	0.00494615	0.00123077	0.200277	0.131346	0.0117154	0.0331923	0.0317	0.0991692	0.0339462	0.0179692	0.0568692	0.0463769	0.0245923	0.0888385	0.0481462	0	0	0	0	
0.0629231	0.0595462	0.0345769	0.0251308	0.112377	0.0193231	0.0174615	0.0330154	0.0186769	0.0063	0.137431	0.0197692	0.00121538	0.00122308	0.178562	0.00117692	0.00121538	0.00461538	0.00101538	0.175331	0.114162	0.0104154	0.0299231	0.0276769	0.0876462	0.0273692	0.0158692	0.0512923	0.0327154	0.0175077	0.0918923	0.0400615	0	0	0	0	
0.0450308	0.0417615	0.0248308	0.0175462	0.0829385	0.0128846	0.0110385	0.0223077	0.0123	0.00431538	0.0994308	0.0131231	0.000915385	0.000730769	0.126685	0.000838462	0.000846154	0.00302308	0.000669231	0.124631	0.0825923	0.00748462	0.0202846	0.0188077	0.0611692	0.0212154	0.0111769	0.0356077	0.028	0.0143692	0.0510538	0.0357462	0	0	0	0	
0.164562	0.1577	0.0900231	0.0684154	0.290192	0.0536231	0.0483	0.0885846	0.0568692	0.0199077	0.344231	0.0596923	0.00322308	0.00309231	0.471238	0.00314615	0.00334615	0.0120769	0.00257692	0.4627	0.288169	0.0312923	0.0856462	0.0755923	0.240977	0.0679846	0.0411692	0.130569	0.0701769	0.0395231	0.284546	0.0864538	0	0	0	0	
