0	0	0	0	0.235046	0.0354462	0.0279	0.0567846	0.0359615	0.0129769	0.267362	0.0388769	0.00292308	0.00222308	0.348377	0.00165385	0.00227692	0.00898462	0.00128462	0.342631	0.223754	0.0206462	0.0512385	0.0595385	0.176308	0.0520385	0.0269692	0.0998615	0.0693615	0.0347308	0.1753	0.0757846	0.0785077	0.0607846	0.0434923	0.172392	
0	0	0	0	0.215185	0.0300308	0.0240692	0.0492	0.0320308	0.0116923	0.239892	0.0348692	0.00244615	0.00229231	0.312431	0.00131538	0.00225385	0.00764615	0.00111538	0.307469	0.200377	0.0185077	0.0468385	0.0527615	0.158008	0.0459154	0.0235462	0.0910154	0.0640462	0.0311077	0.155615	0.0677154	0.0707154	0.0556846	0.0375077	0.154577	
0	0	0	0	0.125908	0.0174462	0.0138385	0.0277077	0.0176538	0.00693846	0.140708	0.0196	0.00156154	0.00102308	0.181485	0.000830769	0.00115385	0.00489231	0.000515385	0.178338	0.116946	0.00987692	0.0274769	0.0306	0.0901692	0.0279692	0.0146769	0.0520846	0.0363	0.0179846	0.0896538	0.0409615	0.0411462	0.0318	0.0215077	0.0904462	
0	0	0	0	0.0424462	0.0293846	0.0223692	0.0472385	0.0172385	0.0067	0.0973462	0.0201538	0.00113077	0.000969231	0.138623	0.000715385	0.000876923	0.00333846	0.000492308	0.136731	0.0935846	0.00796923	0.0207	0.0191846	0.0764615	0.0182308	0.00957692	0.0371692	0.0237615	0.0118769	0.0793231	0.0264769	0.0299615	0.0237462	0.0166	0.0711308	
0.235046	0.215185	0.125908	0.0424462	0	0	0	0	0.0478692	0.0171077	0.503392	0.0502154	0.00475385	0.00406923	0.607046	0.00271538	0.0039	0.015	0.00204615	0.597638	0.373846	0.0358615	0.0891	0.119777	0.283954	0.0999077	0.0492692	0.185454	0.136746	0.0683615	0.263292	0.150185	0.140738	0.106985	0.0758769	0.294985	
0.0354462	0.0300308	0.0174462	0.0293846	0	0	0	0	0.0206538	0.0076	0.0614615	0.0225923	0.00106923	0.000707692	0.110077	0.000453846	0.000823077	0.00279231	0.0004	0.108292	0.0772615	0.00596923	0.0171692	0.0119077	0.0655077	0.0123923	0.00764615	0.0267615	0.0159462	0.00751538	0.0715538	0.0172923	0.0236846	0.0191231	0.0128462	0.0566538	
0.0279	0.0240692	0.0138385	0.0223692	0	0	0	0	0.0160462	0.006	0.048	0.0181308	0.000761538	0.000584615	0.0863308	0.0005	0.000653846	0.00246154	0.000353846	0.0847077	0.0606769	0.00482308	0.0128462	0.00983077	0.0520308	0.00914615	0.00558462	0.0214154	0.0124692	0.00630769	0.0561231	0.0132769	0.0184231	0.0156077	0.00992308	0.0442231	
0.0567846	0.0492	0.0277077	0.0472385	0	0	0	0	0.0183154	0.0076	0.132454	0.0225615	0.00147692	0.00114615	0.177462	0.000846154	0.00118462	0.00460769	0.000607692	0.174531	0.122877	0.0103462	0.0271385	0.0205692	0.0994538	0.0227077	0.0122692	0.0465	0.0283077	0.0135154	0.108923	0.0301846	0.0374846	0.0303	0.0204615	0.0926846	
0.0359615	0.0320308	0.0176538	0.0172385	0.0478692	0.0206538	0.0160462	0.0183154	0	0	0	0	0.000784615	0.0008	0.100731	0.000569231	0.000930769	0.00328462	0.000469231	0.0982	0.0694538	0.00547692	0.0150231	0.0129308	0.0652462	0.0100154	0.00568462	0.0219385	0.0124846	0.00616154	0.0706462	0.0135923	0.0205846	0.0171154	0.0108692	0.0543154	
0.0129769	0.0116923	0.00693846	0.0067	0.0171077	0.0076	0.006	0.0076	0	0	0	0	0.000361538	0.000261538	0.0375385	0.000146154	0.000269231	0.00123846	0.000161538	0.0366385	0.0252231	0.00193846	0.00633846	0.00480769	0.0241692	0.00360769	0.00232308	0.00820769	0.00472308	0.00236154	0.0264615	0.00476154	0.00758462	0.00656154	0.00396154	0.0202	
0.267362	0.239892	0.140708	0.0973462	0.503392	0.0614615	0.048	0.132454	0	0	0	0	0.00603846	0.00465385	0.731354	0.00326154	0.00436154	0.0165385	0.00218462	0.722223	0.463008	0.0434846	0.108415	0.1304	0.339169	0.120038	0.0603692	0.225731	0.162462	0.0805308	0.324877	0.177438	0.169462	0.129223	0.0920769	0.354546	
0.0388769	0.0348692	0.0196	0.0201538	0.0502154	0.0225923	0.0181308	0.0225615	0	0	0	0	0.000876923	0.000792308	0.111292	0.000538462	0.001	0.0038	0.000592308	0.108108	0.0769769	0.0061	0.0164769	0.0139462	0.0723615	0.0104923	0.00639231	0.0242538	0.0138	0.00664615	0.0779077	0.0151462	0.0227	0.0191154	0.0122	0.0594846	
0.00292308	0.00244615	0.00156154	0.00113077	0.00475385	0.00106923	0.000761538	0.00147692	0.000784615	0.000361538	0.00603846	0.000876923	0	0	0	0	3.84615e-05	0.000215385	1.53846e-05	0.00779231	0.00505385	0.000592308	0.00109231	0.00132308	0.00396154	0.00118462	0.0005	0.00241538	0.00161538	0.000692308	0.004	0.00175385	0.00183077	0.00135385	0.000930769	0.00394615	
0.00222308	0.00229231	0.00102308	0.000969231	0.00406923	0.000707692	0.000584615	0.00114615	0.0008	0.000261538	0.00465385	0.000792308	0	0	0	0	6.15385e-05	0.000253846	2.30769e-05	0.00616923	0.00406154	0.000330769	0.00112308	0.000992308	0.00347692	0.000884615	0.000369231	0.00177692	0.00111538	0.000507692	0.00336923	0.00151538	0.00144615	0.00108462	0.000892308	0.00308462	
0.348377	0.312431	0.181485	0.138623	0.607046	0.110077	0.0863308	0.177462	0.100731	0.0375385	0.731354	0.111292	0	0	0	0	0.00646154	0.0242615	0.00334615	0.946846	0.622669	0.0559	0.1434	0.158946	0.491246	0.141385	0.0736385	0.274646	0.189754	0.0941615	0.490185	0.206815	0.216	0.168854	0.116762	0.4793	
0.00165385	0.00131538	0.000830769	0.000715385	0.00271538	0.000453846	0.0005	0.000846154	0.000569231	0.000146154	0.00326154	0.000538462	0	0	0	0	0	0.000130769	2.30769e-05	0.00436154	0.00287692	0.000176923	0.000638462	0.000823077	0.00226154	0.0007	0.000261538	0.00129231	0.000984615	0.000338462	0.00233846	0.000853846	0.00105385	0.000723077	0.000523077	0.00221538	
0.00227692	0.00225385	0.00115385	0.000876923	0.0039	0.000823077	0.000653846	0.00118462	0.000930769	0.000269231	0.00436154	0.001	3.84615e-05	6.15385e-05	0.00646154	0	0	0	0	0	0.00421538	0.000361538	0.000976923	0.00100769	0.00352308	0.000830769	0.000484615	0.00172308	0.00118462	0.000484615	0.00345385	0.00143846	0.00143077	0.00102308	0.000930769	0.00317692	
0.00898462	0.00764615	0.00489231	0.00333846	0.015	0.00279231	0.00246154	0.00460769	0.00328462	0.00123846	0.0165385	0.0038	0.000215385	0.000253846	0.0242615	0.000130769	0	0	0	0	0.0158538	0.00134615	0.00353077	0.00413077	0.0125923	0.00346154	0.00180769	0.007	0.00465385	0.00223846	0.0131308	0.00483846	0.00561538	0.00447692	0.00299231	0.0117769	
0.00128462	0.00111538	0.000515385	0.000492308	0.00204615	0.0004	0.000353846	0.000607692	0.000469231	0.000161538	0.00218462	0.000592308	1.53846e-05	2.30769e-05	0.00334615	2.30769e-05	0	0	0	0	0.00222308	0.000161538	0.000561538	0.000461538	0.0017	0.000492308	0.000223077	0.000992308	0.000576923	0.000361538	0.00176923	0.0007	0.000692308	0.000607692	0.000430769	0.00167692	
0.342631	0.307469	0.178338	0.136731	0.597638	0.108292	0.0847077	0.174531	0.0982	0.0366385	0.722223	0.108108	0.00779231	0.00616923	0.946846	0.00436154	0	0	0	0	0.612369	0.0551308	0.141185	0.156485	0.483131	0.139369	0.0722538	0.270415	0.187054	0.0926154	0.481538	0.203962	0.212592	0.165908	0.114754	0.471915	
0.223754	0.200377	0.116946	0.0935846	0.373846	0.0772615	0.0606769	0.122877	0.0694538	0.0252231	0.463008	0.0769769	0.00505385	0.00406154	0.622669	0.00287692	0.00421538	0.0158538	0.00222308	0.612369	0	0	0	0	0.320331	0.0889692	0.0452308	0.180131	0.132185	0.0648769	0.293008	0.144592	0.143	0.1103	0.0788231	0.302538	
0.0206462	0.0185077	0.00987692	0.00796923	0.0358615	0.00596923	0.00482308	0.0103462	0.00547692	0.00193846	0.0434846	0.0061	0.000592308	0.000330769	0.0559	0.000176923	0.000361538	0.00134615	0.000161538	0.0551308	0	0	0	0	0.0283615	0.00729231	0.0043	0.0170462	0.00896154	0.00446154	0.0331308	0.0104462	0.0125923	0.00967692	0.00617692	0.0285538	
0.0512385	0.0468385	0.0274769	0.0207	0.0891	0.0171692	0.0128462	0.0271385	0.0150231	0.00633846	0.108415	0.0164769	0.00109231	0.00112308	0.1434	0.000638462	0.000976923	0.00353077	0.000561538	0.141185	0	0	0	0	0.0977769	0.0190538	0.0104615	0.0189615	0.0235231	0.0119769	0.0865154	0.0242385	0.0300154	0.0251462	0.0159923	0.0751	
0.0595385	0.0527615	0.0306	0.0191846	0.119777	0.0119077	0.00983077	0.0205692	0.0129308	0.00480769	0.1304	0.0139462	0.00132308	0.000992308	0.158946	0.000823077	0.00100769	0.00413077	0.000461538	0.156485	0	0	0	0	0.0544769	0.0288385	0.0147769	0.0639923	0.0288	0.0143846	0.0872385	0.0316615	0.0347231	0.0268923	0.0181154	0.0823538	
0.176308	0.158008	0.0901692	0.0764615	0.283954	0.0655077	0.0520308	0.0994538	0.0652462	0.0241692	0.339169	0.0723615	0.00396154	0.00347692	0.491246	0.00226154	0.00352308	0.0125923	0.0017	0.483131	0.320331	0.0283615	0.0977769	0.0544769	0	0	0	0	0.0861385	0.0425769	0.277762	0.0944692	0.106846	0.0875923	0.0572538	0.249254	
0.0520385	0.0459154	0.0279692	0.0182308	0.0999077	0.0123923	0.00914615	0.0227077	0.0100154	0.00360769	0.120038	0.0104923	0.00118462	0.000884615	0.141385	0.0007	0.000830769	0.00346154	0.000492308	0.139369	0.0889692	0.00729231	0.0190538	0.0288385	0	0	0	0	0.0385615	0.0189692	0.0446077	0.0420154	0.0343538	0.0249231	0.0185462	0.0663308	
0.0269692	0.0235462	0.0146769	0.00957692	0.0492692	0.00764615	0.00558462	0.0122692	0.00568462	0.00232308	0.0603692	0.00639231	0.0005	0.000369231	0.0736385	0.000261538	0.000484615	0.00180769	0.000223077	0.0722538	0.0452308	0.0043	0.0104615	0.0147769	0	0	0	0	0.0144077	0.00730769	0.0372077	0.0158462	0.0164923	0.0124615	0.00906923	0.0367462	
0.0998615	0.0910154	0.0520846	0.0371692	0.185454	0.0267615	0.0214154	0.0465	0.0219385	0.00820769	0.225731	0.0242538	0.00241538	0.00177692	0.274646	0.00129231	0.00172308	0.007	0.000992308	0.270415	0.180131	0.0170462	0.0189615	0.0639923	0	0	0	0	0.0543615	0.0268462	0.140315	0.0586077	0.0626385	0.0470385	0.0342385	0.136215	
0.0693615	0.0640462	0.0363	0.0237615	0.136746	0.0159462	0.0124692	0.0283077	0.0124846	0.00472308	0.162462	0.0138	0.00161538	0.00111538	0.189754	0.000984615	0.00118462	0.00465385	0.000576923	0.187054	0.132185	0.00896154	0.0235231	0.0288	0.0861385	0.0385615	0.0144077	0.0543615	0	0	0	0	0.0524154	0.0340385	0.0271692	0.0798462	
0.0347308	0.0311077	0.0179846	0.0118769	0.0683615	0.00751538	0.00630769	0.0135154	0.00616154	0.00236154	0.0805308	0.00664615	0.000692308	0.000507692	0.0941615	0.000338462	0.000484615	0.00223846	0.000361538	0.0926154	0.0648769	0.00446154	0.0119769	0.0143846	0.0425769	0.0189692	0.00730769	0.0268462	0	0	0	0	0.0253615	0.0170615	0.0135538	0.0397231	
0.1753	0.155615	0.0896538	0.0793231	0.263292	0.0715538	0.0561231	0.108923	0.0706462	0.0264615	0.324877	0.0779077	0.004	0.00336923	0.490185	0.00233846	0.00345385	0.0131308	0.00176923	0.481538	0.293008	0.0331308	0.0865154	0.0872385	0.277762	0.0446077	0.0372077	0.140315	0	0	0	0	0.0879231	0.0829692	0.0459538	0.283046	
0.0757846	0.0677154	0.0409615	0.0264769	0.150185	0.0172923	0.0132769	0.0301846	0.0135923	0.00476154	0.177438	0.0151462	0.00175385	0.00151538	0.206815	0.000853846	0.00143846	0.00483846	0.0007	0.203962	0.144592	0.0104462	0.0242385	0.0316615	0.0944692	0.0420154	0.0158462	0.0586077	0	0	0	0	0.0546308	0.0379462	0.0324308	0.0859308	
0.0785077	0.0707154	0.0411462	0.0299615	0.140738	0.0236846	0.0184231	0.0374846	0.0205846	0.00758462	0.169462	0.0227	0.00183077	0.00144615	0.216	0.00105385	0.00143077	0.00561538	0.000692308	0.212592	0.143	0.0125923	0.0300154	0.0347231	0.106846	0.0343538	0.0164923	0.0626385	0.0524154	0.0253615	0.0879231	0.0546308	0	0	0	0	
0.0607846	0.0556846	0.0318	0.0237462	0.106985	0.0191231	0.0156077	0.0303	0.0171154	0.00656154	0.129223	0.0191154	0.00135385	0.00108462	0.168854	0.000723077	0.00102308	0.00447692	0.000607692	0.165908	0.1103	0.00967692	0.0251462	0.0268923	0.0875923	0.0249231	0.0124615	0.0470385	0.0340385	0.0170615	0.0829692	0.0379462	0	0	0	0	
0.0434923	0.0375077	0.0215077	0.0166	0.0758769	0.0128462	0.00992308	0.0204615	0.0108692	0.00396154	0.0920769	0.0122	0.000930769	0.000892308	0.116762	0.000523077	0.000930769	0.00299231	0.000430769	0.114754	0.0788231	0.00617692	0.0159923	0.0181154	0.0572538	0.0185462	0.00906923	0.0342385	0.0271692	0.0135538	0.0459538	0.0324308	0	0	0	0	
0.172392	0.154577	0.0904462	0.0711308	0.294985	0.0566538	0.0442231	0.0926846	0.0543154	0.0202	0.354546	0.0594846	0.00394615	0.00308462	0.4793	0.00221538	0.00317692	0.0117769	0.00167692	0.471915	0.302538	0.0285538	0.0751	0.0823538	0.249254	0.0663308	0.0367462	0.136215	0.0798462	0.0397231	0.283046	0.0859308	0	0	0	0	
