0	0	0	0	0.207908	0.0364154	0.0384923	0.0459462	0.0325231	0.00973846	0.261808	0.0246923	0.00106923	0.000538462	0.326515	0.000638462	0.0007	0.00426923	0.0007	0.323092	0.1929	0.0113077	0.111615	0.0129385	0.225323	0.0256231	0.0400615	0.0377538	0.0272615	0.0203538	0.255392	0.0257538	0.0563462	0.0536538	0.0621308	0.156631	
0	0	0	0	0.227392	0.0398615	0.0421615	0.0494462	0.0348	0.0107846	0.287	0.0262769	0.00110769	0.000661538	0.356377	0.000715385	0.000769231	0.00431538	0.000884615	0.352892	0.209962	0.0127308	0.122538	0.0136308	0.245054	0.0282538	0.0436923	0.0418615	0.0292615	0.0220385	0.280377	0.0271846	0.0615077	0.0588462	0.0672462	0.171262	
0	0	0	0	0.120515	0.0210385	0.0225	0.0260385	0.0184154	0.00536923	0.151346	0.0149615	0.000515385	0.0003	0.188854	0.000423077	0.000353846	0.0025	0.000384615	0.186854	0.110408	0.00724615	0.0653538	0.00708462	0.130277	0.0148077	0.0235077	0.0215	0.0159846	0.0117077	0.147677	0.0147231	0.0320538	0.0314308	0.0357692	0.0908385	
0	0	0	0	0.0772231	0.0136692	0.0147846	0.0166077	0.0117846	0.00410769	0.0977538	0.00863846	0.000276923	0.000230769	0.121515	0.000261538	0.000269231	0.00147692	0.000161538	0.120377	0.0719231	0.00456154	0.0414692	0.00433077	0.0834769	0.00985385	0.0146923	0.0142615	0.0100231	0.00787692	0.0949308	0.00945385	0.0206462	0.0201692	0.0225615	0.0589077	
0.207908	0.227392	0.120515	0.0772231	0	0	0	0	0.0617231	0.0190154	0.505438	0.0468615	0.00181538	0.00103077	0.628723	0.00146923	0.00134615	0.00790769	0.00152308	0.622262	0.371038	0.0222231	0.215692	0.0240846	0.432846	0.0498077	0.0773077	0.0730769	0.0520769	0.0388	0.493069	0.0490923	0.108515	0.103631	0.118515	0.302377	
0.0364154	0.0398615	0.0210385	0.0136692	0	0	0	0	0.0104462	0.00330769	0.0888	0.00843077	0.000307692	0.000153846	0.110354	0.000169231	0.000223077	0.00133077	0.000215385	0.109215	0.0644692	0.00423077	0.0379385	0.00434615	0.0759923	0.0086	0.0133923	0.013	0.00912308	0.00727692	0.0862	0.00838462	0.0187769	0.0180769	0.0215615	0.0525692	
0.0384923	0.0421615	0.0225	0.0147846	0	0	0	0	0.0118692	0.00357692	0.0937769	0.00871538	0.000430769	0.000176923	0.117177	0.000153846	0.000261538	0.00148462	0.000207692	0.115985	0.0692462	0.00421538	0.0401308	0.00434615	0.0807077	0.00951538	0.0143923	0.0133231	0.00963077	0.00723077	0.0918385	0.00923846	0.0197154	0.0194462	0.0222769	0.0565	
0.0459462	0.0494462	0.0260385	0.0166077	0	0	0	0	0.0134846	0.0041	0.109892	0.0105615	0.000415385	0.000369231	0.137008	0.000246154	0.000261538	0.00183846	0.000184615	0.135754	0.0804385	0.00517692	0.0472154	0.00520769	0.0945846	0.0106154	0.0168615	0.0159769	0.0117	0.00866923	0.107269	0.0104	0.0235462	0.0229462	0.0253538	0.0661923	
0.0325231	0.0348	0.0184154	0.0117846	0.0617231	0.0104462	0.0118692	0.0134846	0	0	0	0	0.000338462	0.000146154	0.0968	0.000238462	0.000246154	0.00121538	0.000184615	0.0958769	0.0561769	0.00361538	0.0338308	0.0039	0.0676385	0.00737692	0.0115077	0.011	0.0074	0.00565385	0.0777	0.00676923	0.0121077	0.011	0.0127	0.0617154	
0.00973846	0.0107846	0.00536923	0.00410769	0.0190154	0.00330769	0.00357692	0.0041	0	0	0	0	5.38462e-05	3.84615e-05	0.0298538	5.38462e-05	5.38462e-05	0.000353846	6.92308e-05	0.0295231	0.0168615	0.00104615	0.0109077	0.00118462	0.0207692	0.00226923	0.00353846	0.00342308	0.00232308	0.00176923	0.0235385	0.00236923	0.00395385	0.00365385	0.00396923	0.0184231	
0.261808	0.287	0.151346	0.0977538	0.505438	0.0888	0.0937769	0.109892	0	0	0	0	0.00235385	0.00144615	0.792515	0.00159231	0.00167692	0.00993846	0.00167692	0.784615	0.468077	0.0284538	0.271223	0.0301538	0.544815	0.0629692	0.0978615	0.0922615	0.0669923	0.0503231	0.617862	0.0627308	0.145362	0.141162	0.160823	0.350562	
0.0246923	0.0262769	0.0149615	0.00863846	0.0468615	0.00843077	0.00871538	0.0105615	0	0	0	0	0.000223077	0.0001	0.0740923	0.000153846	0.000115385	0.00105385	0.0002	0.0732	0.0440769	0.00273077	0.0250154	0.00274615	0.0509077	0.00592308	0.00904615	0.00869231	0.00581538	0.00423077	0.0592769	0.00524615	0.00913077	0.00828462	0.0102154	0.0469385	
0.00106923	0.00110769	0.000515385	0.000276923	0.00181538	0.000307692	0.000430769	0.000415385	0.000338462	5.38462e-05	0.00235385	0.000223077	0	0	0	0	1.53846e-05	3.07692e-05	0	0.00292308	0.00171538	7.69231e-05	0.00106154	0.000115385	0.00187692	0.0003	0.000484615	0.000307692	0.000261538	0.0001	0.00236154	0.000246154	0.000515385	0.000438462	0.000553846	0.00146154	
0.000538462	0.000661538	0.0003	0.000230769	0.00103077	0.000153846	0.000176923	0.000369231	0.000146154	3.84615e-05	0.00144615	0.0001	0	0	0	0	0	3.07692e-05	0	0.0017	0.000923077	6.92308e-05	0.000684615	5.38462e-05	0.00113846	0.000169231	0.000215385	0.000207692	0.000130769	6.92308e-05	0.00139231	0.000138462	0.000307692	0.000276923	0.000207692	0.000938462	
0.326515	0.356377	0.188854	0.121515	0.628723	0.110354	0.117177	0.137008	0.0968	0.0298538	0.792515	0.0740923	0	0	0	0	0.00207692	0.0124769	0.00211538	0.976592	0.581369	0.0356692	0.338469	0.0377538	0.679662	0.0779077	0.121085	0.114608	0.082	0.0617231	0.772992	0.0765462	0.169362	0.1631	0.186562	0.474238	
0.000638462	0.000715385	0.000423077	0.000261538	0.00146923	0.000169231	0.000153846	0.000246154	0.000238462	5.38462e-05	0.00159231	0.000153846	0	0	0	0	0	2.30769e-05	1.53846e-05	0.002	0.00118462	3.07692e-05	0.000761538	6.15385e-05	0.00145385	0.000161538	0.000169231	0.000253846	0.000138462	8.46154e-05	0.00163077	0.000184615	0.000369231	0.000284615	0.000384615	0.001	
0.0007	0.000769231	0.000353846	0.000269231	0.00134615	0.000223077	0.000261538	0.000261538	0.000246154	5.38462e-05	0.00167692	0.000115385	1.53846e-05	0	0.00207692	0	0	0	0	0	0.00128462	9.23077e-05	0.000676923	3.84615e-05	0.00147692	0.000169231	0.000223077	0.000223077	0.000153846	0.000115385	0.00168462	0.000138462	0.000323077	0.000361538	0.000376923	0.00103077	
0.00426923	0.00431538	0.0025	0.00147692	0.00790769	0.00133077	0.00148462	0.00183846	0.00121538	0.000353846	0.00993846	0.00105385	3.07692e-05	3.07692e-05	0.0124769	2.30769e-05	0	0	0	0	0.0077	0.000430769	0.00395385	0.000476923	0.00848462	0.00123077	0.00141538	0.00143077	0.001	0.000892308	0.00973077	0.000938462	0.0021	0.00216923	0.00220769	0.00608462	
0.0007	0.000884615	0.000384615	0.000161538	0.00152308	0.000215385	0.000207692	0.000184615	0.000184615	6.92308e-05	0.00167692	0.0002	0	0	0.00211538	1.53846e-05	0	0	0	0	0.00114615	0.0001	0.000830769	5.38462e-05	0.00143846	0.0002	0.000246154	0.000246154	0.000146154	0.000138462	0.00171538	0.000130769	0.000407692	0.000415385	0.000292308	0.00101538	
0.323092	0.352892	0.186854	0.120377	0.622262	0.109215	0.115985	0.135754	0.0958769	0.0295231	0.784615	0.0732	0.00292308	0.0017	0.976592	0.002	0	0	0	0	0.575062	0.0352231	0.335515	0.0374154	0.672731	0.0769385	0.120069	0.113477	0.0812308	0.0608308	0.765246	0.0759077	0.167723	0.161154	0.184831	0.469508	
0.1929	0.209962	0.110408	0.0719231	0.371038	0.0644692	0.0692462	0.0804385	0.0561769	0.0168615	0.468077	0.0440769	0.00171538	0.000923077	0.581369	0.00118462	0.00128462	0.0077	0.00114615	0.575062	0	0	0	0	0.401831	0.0451692	0.0711385	0.0670538	0.0562769	0.0419923	0.433754	0.0531692	0.100408	0.0963615	0.111808	0.276615	
0.0113077	0.0127308	0.00724615	0.00456154	0.0222231	0.00423077	0.00421538	0.00517692	0.00361538	0.00104615	0.0284538	0.00273077	7.69231e-05	6.92308e-05	0.0356692	3.07692e-05	9.23077e-05	0.000430769	0.0001	0.0352231	0	0	0	0	0.0242846	0.00293077	0.00439231	0.00423846	0.00246923	0.00158462	0.0297231	0.00206923	0.00578462	0.00585385	0.00649231	0.0177154	
0.111615	0.122538	0.0653538	0.0414692	0.215692	0.0379385	0.0401308	0.0472154	0.0338308	0.0109077	0.271223	0.0250154	0.00106154	0.000684615	0.338469	0.000761538	0.000676923	0.00395385	0.000830769	0.335515	0	0	0	0	0.232092	0.0272154	0.0419077	0.0397615	0.0214077	0.0166538	0.283469	0.0194462	0.0578154	0.0555538	0.0626231	0.164985	
0.0129385	0.0136308	0.00708462	0.00433077	0.0240846	0.00434615	0.00434615	0.00520769	0.0039	0.00118462	0.0301538	0.00274615	0.000115385	5.38462e-05	0.0377538	6.15385e-05	3.84615e-05	0.000476923	5.38462e-05	0.0374154	0	0	0	0	0.0259231	0.00322308	0.00451538	0.00432308	0.00237692	0.00174615	0.0314308	0.00243077	0.00654615	0.00633077	0.00678462	0.0183231	
0.225323	0.245054	0.130277	0.0834769	0.432846	0.0759923	0.0807077	0.0945846	0.0676385	0.0207692	0.544815	0.0509077	0.00187692	0.00113846	0.679662	0.00145385	0.00147692	0.00848462	0.00143846	0.672731	0.401831	0.0242846	0.232092	0.0259231	0	0	0	0	0.0563462	0.0431846	0.531738	0.0528615	0.116508	0.112346	0.128423	0.326854	
0.0256231	0.0282538	0.0148077	0.00985385	0.0498077	0.0086	0.00951538	0.0106154	0.00737692	0.00226923	0.0629692	0.00592308	0.0003	0.000169231	0.0779077	0.000161538	0.000169231	0.00123077	0.0002	0.0769385	0.0451692	0.00293077	0.0272154	0.00322308	0	0	0	0	0.0066	0.0047	0.0615769	0.00566154	0.0135	0.0128	0.0149	0.0373385	
0.0400615	0.0436923	0.0235077	0.0146923	0.0773077	0.0133923	0.0143923	0.0168615	0.0115077	0.00353846	0.0978615	0.00904615	0.000484615	0.000215385	0.121085	0.000169231	0.000223077	0.00141538	0.000246154	0.120069	0.0711385	0.00439231	0.0419077	0.00451538	0	0	0	0	0.0103923	0.00709231	0.0950077	0.00946154	0.0208154	0.0201615	0.0226	0.0583769	
0.0377538	0.0418615	0.0215	0.0142615	0.0730769	0.013	0.0133231	0.0159769	0.011	0.00342308	0.0922615	0.00869231	0.000307692	0.000207692	0.114608	0.000253846	0.000223077	0.00143077	0.000246154	0.113477	0.0670538	0.00423846	0.0397615	0.00432308	0	0	0	0	0.00919231	0.007	0.0900538	0.00913077	0.0197308	0.0187923	0.0217846	0.0550692	
0.0272615	0.0292615	0.0159846	0.0100231	0.0520769	0.00912308	0.00963077	0.0117	0.0074	0.00232308	0.0669923	0.00581538	0.000261538	0.000130769	0.082	0.000138462	0.000153846	0.001	0.000146154	0.0812308	0.0562769	0.00246923	0.0214077	0.00237692	0.0563462	0.0066	0.0103923	0.00919231	0	0	0	0	0.0172	0.0163462	0.0189615	0.0300231	
0.0203538	0.0220385	0.0117077	0.00787692	0.0388	0.00727692	0.00723077	0.00866923	0.00565385	0.00176923	0.0503231	0.00423077	0.0001	6.92308e-05	0.0617231	8.46154e-05	0.000115385	0.000892308	0.000138462	0.0608308	0.0419923	0.00158462	0.0166538	0.00174615	0.0431846	0.0047	0.00709231	0.007	0	0	0	0	0.0124462	0.0119692	0.0142308	0.0233308	
0.255392	0.280377	0.147677	0.0949308	0.493069	0.0862	0.0918385	0.107269	0.0777	0.0235385	0.617862	0.0592769	0.00236154	0.00139231	0.772992	0.00163077	0.00168462	0.00973077	0.00171538	0.765246	0.433754	0.0297231	0.283469	0.0314308	0.531738	0.0615769	0.0950077	0.0900538	0	0	0	0	0.124815	0.120369	0.136846	0.396346	
0.0257538	0.0271846	0.0147231	0.00945385	0.0490923	0.00838462	0.00923846	0.0104	0.00676923	0.00236923	0.0627308	0.00524615	0.000246154	0.000138462	0.0765462	0.000184615	0.000138462	0.000938462	0.000130769	0.0759077	0.0531692	0.00206923	0.0194462	0.00243077	0.0528615	0.00566154	0.00946154	0.00913077	0	0	0	0	0.0160923	0.0154154	0.0176692	0.0279385	
0.0563462	0.0615077	0.0320538	0.0206462	0.108515	0.0187769	0.0197154	0.0235462	0.0121077	0.00395385	0.145362	0.00913077	0.000515385	0.000307692	0.169362	0.000369231	0.000323077	0.0021	0.000407692	0.167723	0.100408	0.00578462	0.0578154	0.00654615	0.116508	0.0135	0.0208154	0.0197308	0.0172	0.0124462	0.124815	0.0160923	0	0	0	0	
0.0536538	0.0588462	0.0314308	0.0201692	0.103631	0.0180769	0.0194462	0.0229462	0.011	0.00365385	0.141162	0.00828462	0.000438462	0.000276923	0.1631	0.000284615	0.000361538	0.00216923	0.000415385	0.161154	0.0963615	0.00585385	0.0555538	0.00633077	0.112346	0.0128	0.0201615	0.0187923	0.0163462	0.0119692	0.120369	0.0154154	0	0	0	0	
0.0621308	0.0672462	0.0357692	0.0225615	0.118515	0.0215615	0.0222769	0.0253538	0.0127	0.00396923	0.160823	0.0102154	0.000553846	0.000207692	0.186562	0.000384615	0.000376923	0.00220769	0.000292308	0.184831	0.111808	0.00649231	0.0626231	0.00678462	0.128423	0.0149	0.0226	0.0217846	0.0189615	0.0142308	0.136846	0.0176692	0	0	0	0	
0.156631	0.171262	0.0908385	0.0589077	0.302377	0.0525692	0.0565	0.0661923	0.0617154	0.0184231	0.350562	0.0469385	0.00146154	0.000938462	0.474238	0.001	0.00103077	0.00608462	0.00101538	0.469508	0.276615	0.0177154	0.164985	0.0183231	0.326854	0.0373385	0.0583769	0.0550692	0.0300231	0.0233308	0.396346	0.0279385	0	0	0	0	
