0	0	0	0	0.208623	0.0358385	0.0384538	0.0453692	0.0318	0.00911538	0.264492	0.0228769	0.00121538	0.000576923	0.325708	0.000784615	0.000638462	0.0038	0.000838462	0.323008	0.194246	0.0110308	0.110962	0.0120462	0.224431	0.0258385	0.0402615	0.0377538	0.0269385	0.0202923	0.256592	0.0244615	0.0548	0.0548846	0.0615846	0.157015	
0	0	0	0	0.227877	0.0393692	0.0422308	0.0499769	0.0342385	0.0101923	0.289115	0.0259077	0.00124615	0.000592308	0.3568	0.000815385	0.000869231	0.0043	0.000815385	0.353469	0.212515	0.0117154	0.122623	0.0126	0.247138	0.0278615	0.0429615	0.0414923	0.0292	0.0219231	0.281369	0.0269615	0.0609615	0.0585385	0.0672846	0.172669	
0	0	0	0	0.120215	0.0209692	0.0223154	0.0265615	0.0177923	0.00546923	0.153038	0.0137615	0.000615385	0.000346154	0.188808	0.000292308	0.000569231	0.00236154	0.000615385	0.186515	0.1123	0.00632308	0.0646308	0.00680769	0.130285	0.0153077	0.0231	0.0213692	0.0157231	0.0117154	0.148746	0.0138769	0.0325462	0.0308769	0.0363769	0.0902615	
0	0	0	0	0.0770923	0.0135	0.0147769	0.0168308	0.0116	0.00353846	0.0986385	0.00842308	0.000384615	0.000207692	0.121408	0.0002	0.000230769	0.00156154	0.000276923	0.120131	0.0720769	0.00426923	0.0415231	0.00433077	0.0839538	0.00940769	0.0149308	0.0139077	0.0100462	0.00764615	0.0951769	0.00933077	0.0206154	0.0203308	0.0229923	0.0582615	
0.208623	0.227877	0.120215	0.0770923	0	0	0	0	0.0603692	0.0182538	0.510615	0.0445692	0.00223077	0.00112308	0.629146	0.00130769	0.00148462	0.00763846	0.00161538	0.623069	0.374746	0.0211692	0.215131	0.0227615	0.435215	0.0493308	0.0763846	0.0728769	0.0521077	0.0384692	0.4961	0.0471308	0.107277	0.104069	0.118985	0.303477	
0.0358385	0.0393692	0.0209692	0.0135	0	0	0	0	0.0104154	0.00276154	0.0888	0.0077	0.000392308	0.000153846	0.108869	0.000261538	0.000284615	0.00115385	0.000346154	0.107892	0.0648308	0.00383846	0.0373308	0.00367692	0.0749692	0.00899231	0.0132615	0.0124538	0.00896154	0.00722308	0.0852769	0.00821538	0.0193538	0.0177692	0.0204154	0.0521385	
0.0384538	0.0422308	0.0223154	0.0147769	0	0	0	0	0.0114538	0.00340769	0.0941462	0.00876923	0.000407692	0.000161538	0.116992	0.000215385	0.000184615	0.00154615	0.000269231	0.115777	0.0697	0.0038	0.0399846	0.00429231	0.0804538	0.00907692	0.0146154	0.0136308	0.00976923	0.00750769	0.0915077	0.00899231	0.0198846	0.0192462	0.0218769	0.0567692	
0.0453692	0.0499769	0.0265615	0.0168308	0	0	0	0	0.0131923	0.00389231	0.111723	0.00993077	0.000430769	0.000284615	0.137715	0.000307692	0.000353846	0.00168462	0.000315385	0.136385	0.0818615	0.00453077	0.0472923	0.00505385	0.0951692	0.0110154	0.0169923	0.0155615	0.0110692	0.00837692	0.109	0.0102923	0.0224077	0.0235462	0.0269615	0.0658231	
0.0318	0.0342385	0.0177923	0.0116	0.0603692	0.0104154	0.0114538	0.0131923	0	0	0	0	0.000307692	0.000138462	0.0947769	0.000207692	0.0003	0.00123077	0.000261538	0.0936385	0.0553	0.00316923	0.0333692	0.00359231	0.0655692	0.0075	0.0113923	0.0109692	0.00622308	0.0048	0.0783462	0.00606154	0.00861538	0.00810769	0.00918462	0.0695231	
0.00911538	0.0101923	0.00546923	0.00353846	0.0182538	0.00276154	0.00340769	0.00389231	0	0	0	0	0.000115385	6.92308e-05	0.0280846	4.61538e-05	9.23077e-05	0.000223077	7.69231e-05	0.0279231	0.0162231	0.00119231	0.00986923	0.00103077	0.0197154	0.00195385	0.00341538	0.00323077	0.00197692	0.00148462	0.0230769	0.00177692	0.00260769	0.00259231	0.00289231	0.0202231	
0.264492	0.289115	0.153038	0.0986385	0.510615	0.0888	0.0941462	0.111723	0	0	0	0	0.0028	0.00140769	0.799415	0.00166154	0.00173077	0.00959231	0.00194615	0.792015	0.478577	0.0264769	0.271608	0.0286231	0.551785	0.0633846	0.0979154	0.0922	0.0690615	0.0514769	0.622346	0.0624	0.151615	0.147715	0.169508	0.336446	
0.0228769	0.0259077	0.0137615	0.00842308	0.0445692	0.0077	0.00876923	0.00993077	0	0	0	0	0.000238462	0.000107692	0.0704462	0.000176923	0.000184615	0.000976923	0.000261538	0.0695462	0.0410385	0.0025	0.0248923	0.00253846	0.0487385	0.00557692	0.00853077	0.00812308	0.00464615	0.00381538	0.0581154	0.00439231	0.00608462	0.00621538	0.00665385	0.0520154	
0.00121538	0.00124615	0.000615385	0.000384615	0.00223077	0.000392308	0.000407692	0.000430769	0.000307692	0.000115385	0.0028	0.000238462	0	0	0	0	0	2.30769e-05	2.30769e-05	0.00341538	0.00221538	3.84615e-05	0.00107692	0.000130769	0.00244615	0.000269231	0.000369231	0.000376923	0.000323077	0.000230769	0.00272308	0.000184615	0.000492308	0.000653846	0.000769231	0.00154615	
0.000576923	0.000592308	0.000346154	0.000207692	0.00112308	0.000153846	0.000161538	0.000284615	0.000138462	6.92308e-05	0.00140769	0.000107692	0	0	0	0	0	7.69231e-06	3.07692e-05	0.00168462	0.00106923	7.69231e-05	0.000530769	4.61538e-05	0.00115385	0.000138462	0.000230769	0.0002	0.000123077	0.000107692	0.00134615	0.000146154	0.000292308	0.000353846	0.000323077	0.000753846	
0.325708	0.3568	0.188808	0.121408	0.629146	0.108869	0.116992	0.137715	0.0947769	0.0280846	0.799415	0.0704462	0	0	0	0	0.0023	0.0119692	0.00248462	0.975969	0.586592	0.0331462	0.337477	0.0355077	0.6808	0.0778154	0.120415	0.113692	0.0813077	0.0610308	0.776223	0.0741615	0.167846	0.163215	0.186862	0.4748	
0.000784615	0.000815385	0.000292308	0.0002	0.00130769	0.000261538	0.000215385	0.000307692	0.000207692	4.61538e-05	0.00166154	0.000176923	0	0	0	0	7.69231e-06	2.30769e-05	7.69231e-06	0.00205385	0.00126154	7.69231e-05	0.000653846	0.0001	0.00140769	0.000192308	0.000238462	0.000253846	0.000153846	0.000207692	0.00159231	0.000138462	0.000292308	0.000407692	0.000284615	0.00110769	
0.000638462	0.000869231	0.000569231	0.000230769	0.00148462	0.000284615	0.000184615	0.000353846	0.0003	9.23077e-05	0.00173077	0.000184615	0	0	0.0023	7.69231e-06	0	0	0	0	0.00136923	0.000130769	0.000715385	9.23077e-05	0.00160769	0.000146154	0.000315385	0.000238462	0.000169231	0.000107692	0.00183846	0.000192308	0.000369231	0.000338462	0.000384615	0.00121538	
0.0038	0.0043	0.00236154	0.00156154	0.00763846	0.00115385	0.00154615	0.00168462	0.00123077	0.000223077	0.00959231	0.000976923	2.30769e-05	7.69231e-06	0.0119692	2.30769e-05	0	0	0	0	0.00726923	0.000323077	0.00396154	0.000469231	0.0081	0.000946154	0.00152308	0.00145385	0.00101538	0.000730769	0.00939231	0.000884615	0.00216154	0.00210769	0.00227692	0.00547692	
0.000838462	0.000815385	0.000615385	0.000276923	0.00161538	0.000346154	0.000269231	0.000315385	0.000261538	7.69231e-05	0.00194615	0.000261538	2.30769e-05	3.07692e-05	0.00248462	7.69231e-06	0	0	0	0	0.00150769	0.0001	0.0008	0.000138462	0.00163846	0.0003	0.000384615	0.000223077	0.000215385	0.000153846	0.00198462	0.000192308	0.0004	0.000515385	0.000446154	0.00118462	
0.323008	0.353469	0.186515	0.120131	0.623069	0.107892	0.115777	0.136385	0.0936385	0.0279231	0.792015	0.0695462	0.00341538	0.00168462	0.975969	0.00205385	0	0	0	0	0.580992	0.0327846	0.334262	0.0350846	0.674462	0.0770231	0.119031	0.112608	0.0805077	0.0605846	0.768669	0.0733615	0.165992	0.161669	0.185131	0.470331	
0.194246	0.212515	0.1123	0.0720769	0.374746	0.0648308	0.0697	0.0818615	0.0553	0.0162231	0.478577	0.0410385	0.00221538	0.00106923	0.586592	0.00126154	0.00136923	0.00726923	0.00150769	0.580992	0	0	0	0	0.405915	0.0461462	0.0716385	0.0674385	0.0638308	0.0480846	0.421108	0.0581154	0.102846	0.0998385	0.115092	0.273362	
0.0110308	0.0117154	0.00632308	0.00426923	0.0211692	0.00383846	0.0038	0.00453077	0.00316923	0.00119231	0.0264769	0.0025	3.84615e-05	7.69231e-05	0.0331462	7.69231e-05	0.000130769	0.000323077	0.0001	0.0327846	0	0	0	0	0.0224538	0.00238462	0.00428462	0.00421538	0.00148462	0.00107692	0.0293615	0.00141538	0.00540769	0.00527692	0.00607692	0.0165769	
0.110962	0.122623	0.0646308	0.0415231	0.215131	0.0373308	0.0399846	0.0472923	0.0333692	0.00986923	0.271608	0.0248923	0.00107692	0.000530769	0.337477	0.000653846	0.000715385	0.00396154	0.0008	0.334262	0	0	0	0	0.232885	0.0268308	0.0415077	0.0385154	0.0148769	0.0112231	0.299962	0.0136769	0.0547923	0.0539154	0.0604462	0.170585	
0.0120462	0.0126	0.00680769	0.00433077	0.0227615	0.00367692	0.00429231	0.00505385	0.00359231	0.00103077	0.0286231	0.00253846	0.000130769	4.61538e-05	0.0355077	0.0001	9.23077e-05	0.000469231	0.000138462	0.0350846	0	0	0	0	0.0245538	0.00305385	0.00382308	0.00435385	0.00171538	0.00119231	0.0314538	0.00142308	0.00587692	0.0056	0.00662308	0.0176846	
0.224431	0.247138	0.130285	0.0839538	0.435215	0.0749692	0.0804538	0.0951692	0.0655692	0.0197154	0.551785	0.0487385	0.00244615	0.00115385	0.6808	0.00140769	0.00160769	0.0081	0.00163846	0.674462	0.405915	0.0224538	0.232885	0.0245538	0	0	0	0	0.0562308	0.0420846	0.5366	0.0508923	0.115785	0.113162	0.129292	0.327569	
0.0258385	0.0278615	0.0153077	0.00940769	0.0493308	0.00899231	0.00907692	0.0110154	0.0075	0.00195385	0.0633846	0.00557692	0.000269231	0.000138462	0.0778154	0.000192308	0.000146154	0.000946154	0.0003	0.0770231	0.0461462	0.00238462	0.0268308	0.00305385	0	0	0	0	0.00651538	0.00499231	0.0610538	0.00585385	0.0129308	0.0129	0.0154846	0.0371	
0.0402615	0.0429615	0.0231	0.0149308	0.0763846	0.0132615	0.0146154	0.0169923	0.0113923	0.00341538	0.0979154	0.00853077	0.000369231	0.000230769	0.120415	0.000238462	0.000315385	0.00152308	0.000384615	0.119031	0.0716385	0.00428462	0.0415077	0.00382308	0	0	0	0	0.00964615	0.00752308	0.0947462	0.00933846	0.0203846	0.0202385	0.0223615	0.0582692	
0.0377538	0.0414923	0.0213692	0.0139077	0.0728769	0.0124538	0.0136308	0.0155615	0.0109692	0.00323077	0.0922	0.00812308	0.000376923	0.0002	0.113692	0.000253846	0.000238462	0.00145385	0.000223077	0.112608	0.0674385	0.00421538	0.0385154	0.00435385	0	0	0	0	0.00951538	0.00697692	0.0894846	0.00854615	0.0198231	0.0183308	0.0211	0.0552692	
0.0269385	0.0292	0.0157231	0.0100462	0.0521077	0.00896154	0.00976923	0.0110692	0.00622308	0.00197692	0.0690615	0.00464615	0.000323077	0.000123077	0.0813077	0.000153846	0.000169231	0.00101538	0.000215385	0.0805077	0.0638308	0.00148462	0.0148769	0.00171538	0.0562308	0.00651538	0.00964615	0.00951538	0	0	0	0	0.0181385	0.0176308	0.0206154	0.0255231	
0.0202923	0.0219231	0.0117154	0.00764615	0.0384692	0.00722308	0.00750769	0.00837692	0.0048	0.00148462	0.0514769	0.00381538	0.000230769	0.000107692	0.0610308	0.000207692	0.000107692	0.000730769	0.000153846	0.0605846	0.0480846	0.00107692	0.0112231	0.00119231	0.0420846	0.00499231	0.00752308	0.00697692	0	0	0	0	0.0142308	0.0131538	0.0156077	0.0185846	
0.256592	0.281369	0.148746	0.0951769	0.4961	0.0852769	0.0915077	0.109	0.0783462	0.0230769	0.622346	0.0581154	0.00272308	0.00134615	0.776223	0.00159231	0.00183846	0.00939231	0.00198462	0.768669	0.421108	0.0293615	0.299962	0.0314538	0.5366	0.0610538	0.0947462	0.0894846	0	0	0	0	0.118915	0.117515	0.133354	0.4121	
0.0244615	0.0269615	0.0138769	0.00933077	0.0471308	0.00821538	0.00899231	0.0102923	0.00606154	0.00177692	0.0624	0.00439231	0.000184615	0.000146154	0.0741615	0.000138462	0.000192308	0.000884615	0.000192308	0.0733615	0.0581154	0.00141538	0.0136769	0.00142308	0.0508923	0.00585385	0.00933846	0.00854615	0	0	0	0	0.0176385	0.0163308	0.0186615	0.022	
0.0548	0.0609615	0.0325462	0.0206154	0.107277	0.0193538	0.0198846	0.0224077	0.00861538	0.00260769	0.151615	0.00608462	0.000492308	0.000292308	0.167846	0.000292308	0.000369231	0.00216154	0.0004	0.165992	0.102846	0.00540769	0.0547923	0.00587692	0.115785	0.0129308	0.0203846	0.0198231	0.0181385	0.0142308	0.118915	0.0176385	0	0	0	0	
0.0548846	0.0585385	0.0308769	0.0203308	0.104069	0.0177692	0.0192462	0.0235462	0.00810769	0.00259231	0.147715	0.00621538	0.000653846	0.000353846	0.163215	0.000407692	0.000338462	0.00210769	0.000515385	0.161669	0.0998385	0.00527692	0.0539154	0.0056	0.113162	0.0129	0.0202385	0.0183308	0.0176308	0.0131538	0.117515	0.0163308	0	0	0	0	
0.0615846	0.0672846	0.0363769	0.0229923	0.118985	0.0204154	0.0218769	0.0269615	0.00918462	0.00289231	0.169508	0.00665385	0.000769231	0.000323077	0.186862	0.000284615	0.000384615	0.00227692	0.000446154	0.185131	0.115092	0.00607692	0.0604462	0.00662308	0.129292	0.0154846	0.0223615	0.0211	0.0206154	0.0156077	0.133354	0.0186615	0	0	0	0	
0.157015	0.172669	0.0902615	0.0582615	0.303477	0.0521385	0.0567692	0.0658231	0.0695231	0.0202231	0.336446	0.0520154	0.00154615	0.000753846	0.4748	0.00110769	0.00121538	0.00547692	0.00118462	0.470331	0.273362	0.0165769	0.170585	0.0176846	0.327569	0.0371	0.0582692	0.0552692	0.0255231	0.0185846	0.4121	0.022	0	0	0	0	
