0	0	0	0	0.22418	0.04178	0.02773	0.05351	0.03237	0.01745	0.25923	0.03815	0.00381	0.00727	0.33378	0.00234	0.00363	0.00472	0.00359	0.33526	0.21049	0.02517	0.06696	0.04458	0.1659	0.06203	0.03299	0.08628	0.063	0.03727	0.17899	0.06794	0.07112	0.07852	0.04604	0.15152	
0	0	0	0	0.21671	0.03956	0.02723	0.05198	0.03243	0.01724	0.24907	0.03674	0.00343	0.00619	0.324	0.00186	0.00316	0.00396	0.00316	0.3252	0.20347	0.02426	0.06435	0.0434	0.16207	0.05976	0.03113	0.08252	0.06226	0.03518	0.17297	0.06507	0.06951	0.07395	0.0445	0.14752	
0	0	0	0	0.12622	0.02365	0.01511	0.02923	0.01896	0.00933	0.14465	0.02127	0.002	0.00403	0.18712	0.00106	0.00211	0.00232	0.00217	0.18761	0.11761	0.01446	0.03675	0.02539	0.09421	0.03395	0.01809	0.04796	0.03679	0.02026	0.09959	0.03757	0.03892	0.04288	0.0264	0.08601	
0	0	0	0	0.03561	0.0293	0.01937	0.03883	0.01567	0.00766	0.0834	0.01638	0.00101	0.00251	0.11887	0.00072	0.0015	0.00183	0.00134	0.11844	0.07389	0.00911	0.02369	0.01642	0.06082	0.02097	0.01095	0.03037	0.01986	0.01137	0.07154	0.02034	0.02517	0.02755	0.0163	0.05409	
0.22418	0.21671	0.12622	0.03561	0	0	0	0	0.04058	0.02122	0.49382	0.0471	0.00657	0.01193	0.5806	0.00362	0.00607	0.00757	0.00617	0.58291	0.3701	0.04319	0.11321	0.07622	0.28271	0.11328	0.05638	0.15035	0.12534	0.07226	0.27156	0.13356	0.12667	0.13501	0.08192	0.25912	
0.04178	0.03956	0.02365	0.0293	0	0	0	0	0.02217	0.01148	0.07635	0.02429	0.00144	0.0028	0.12931	0.00074	0.00172	0.00174	0.00137	0.12946	0.07935	0.0103	0.02641	0.01823	0.06844	0.02171	0.01193	0.03221	0.01882	0.01048	0.08533	0.01966	0.02627	0.02943	0.01703	0.06156	
0.02773	0.02723	0.01511	0.01937	0	0	0	0	0.01521	0.00778	0.04984	0.01661	0.00074	0.00185	0.08634	0.00051	0.00089	0.00112	0.00097	0.08646	0.05298	0.00666	0.01767	0.01213	0.04618	0.01361	0.00844	0.02121	0.0128	0.00699	0.05684	0.01281	0.01786	0.01974	0.01186	0.03998	
0.05351	0.05198	0.02923	0.03883	0	0	0	0	0.02147	0.0112	0.11634	0.02454	0.0015	0.00342	0.16752	0.00111	0.00172	0.0024	0.00175	0.16768	0.10303	0.01285	0.03446	0.02321	0.08567	0.02811	0.01641	0.04336	0.02495	0.01435	0.10936	0.02489	0.03392	0.03872	0.02243	0.07848	
0.03237	0.03243	0.01896	0.01567	0.04058	0.02217	0.01521	0.02147	0	0	0	0	0.00103	0.00222	0.09553	0.00065	0.00113	0.00131	0.00083	0.09616	0.05853	0.00709	0.02045	0.01336	0.05593	0.01429	0.00811	0.0211	0.01472	0.00814	0.06151	0.01506	0.01947	0.02192	0.01252	0.04552	
0.01745	0.01724	0.00933	0.00766	0.02122	0.01148	0.00778	0.0112	0	0	0	0	0.0005	0.00104	0.04979	0.00035	0.00064	0.00059	0.00045	0.05	0.03111	0.0041	0.01019	0.00628	0.02918	0.00719	0.00419	0.01112	0.00777	0.00445	0.03165	0.00781	0.01017	0.01136	0.00685	0.0233	
0.25923	0.24907	0.14465	0.0834	0.49382	0.07635	0.04984	0.11634	0	0	0	0	0.00767	0.01458	0.70976	0.00434	0.00743	0.00943	0.00791	0.71158	0.44873	0.05361	0.13845	0.09556	0.33466	0.13919	0.07176	0.19074	0.14266	0.08184	0.36119	0.15066	0.15239	0.16463	0.09952	0.31981	
0.03815	0.03674	0.02127	0.01638	0.0471	0.02429	0.01661	0.02454	0	0	0	0	0.00105	0.00216	0.10869	0.00064	0.0012	0.0015	0.00107	0.10877	0.06709	0.0082	0.02266	0.01459	0.06323	0.01604	0.0091	0.02417	0.01676	0.00965	0.06874	0.01739	0.02269	0.02499	0.01435	0.05051	
0.00381	0.00343	0.002	0.00101	0.00657	0.00144	0.00074	0.0015	0.00103	0.0005	0.00767	0.00105	0	0	0	0	0.00011	0.00018	8e-05	0.00988	0.00616	0.00083	0.00202	0.00124	0.00496	0.00184	0.00102	0.00243	0.00188	0.00121	0.00502	0.00214	0.00205	0.00256	0.00135	0.00429	
0.00727	0.00619	0.00403	0.00251	0.01193	0.0028	0.00185	0.00342	0.00222	0.00104	0.01458	0.00216	0	0	0	0	0.0002	0.00026	0.00028	0.01926	0.0123	0.00139	0.00381	0.0025	0.0097	0.00359	0.00182	0.00489	0.00364	0.00208	0.01055	0.00373	0.00417	0.00444	0.00261	0.00878	
0.33378	0.324	0.18712	0.11887	0.5806	0.12931	0.08634	0.16752	0.09553	0.04979	0.70976	0.10869	0	0	0	0	0.01005	0.01224	0.00987	0.93161	0.5833	0.07046	0.18476	0.12525	0.46558	0.17007	0.08973	0.23839	0.17529	0.10027	0.50419	0.18402	0.19726	0.21454	0.12849	0.42348	
0.00234	0.00186	0.00106	0.00072	0.00362	0.00074	0.00051	0.00111	0.00065	0.00035	0.00434	0.00064	0	0	0	0	4e-05	0.00015	3e-05	0.00576	0.0037	0.00032	0.00116	0.0008	0.00276	0.00121	0.00059	0.00142	0.0011	0.00052	0.00333	0.00103	0.00124	0.00136	0.00079	0.00259	
0.00363	0.00316	0.00211	0.0015	0.00607	0.00172	0.00089	0.00172	0.00113	0.00064	0.00743	0.0012	0.00011	0.0002	0.01005	4e-05	0	0	0	0	0.00583	0.00091	0.00208	0.00158	0.00508	0.00177	0.00102	0.00253	0.00171	0.00105	0.0056	0.00204	0.00225	0.00209	0.00136	0.0047	
0.00472	0.00396	0.00232	0.00183	0.00757	0.00174	0.00112	0.0024	0.00131	0.00059	0.00943	0.0015	0.00018	0.00026	0.01224	0.00015	0	0	0	0	0.00781	0.00091	0.00261	0.0015	0.00582	0.00242	0.00125	0.00334	0.00213	0.00145	0.00668	0.00257	0.00259	0.00256	0.00186	0.00582	
0.00359	0.00316	0.00217	0.00134	0.00617	0.00137	0.00097	0.00175	0.00083	0.00045	0.00791	0.00107	8e-05	0.00028	0.00987	3e-05	0	0	0	0	0.00622	0.00075	0.00193	0.00136	0.00518	0.00182	0.00089	0.00237	0.00186	0.00088	0.00559	0.00193	0.00193	0.00235	0.00117	0.00481	
0.33526	0.3252	0.18761	0.11844	0.58291	0.12946	0.08646	0.16768	0.09616	0.05	0.71158	0.10877	0.00988	0.01926	0.93161	0.00576	0	0	0	0	0.5856	0.07043	0.18513	0.12535	0.46692	0.1707	0.09	0.23889	0.17621	0.1007	0.50522	0.18438	0.19795	0.2159	0.12885	0.42381	
0.21049	0.20347	0.11761	0.07389	0.3701	0.07935	0.05298	0.10303	0.05853	0.03111	0.44873	0.06709	0.00616	0.0123	0.5833	0.0037	0.00583	0.00781	0.00622	0.5856	0	0	0	0	0.27769	0.1046	0.05406	0.16911	0.11865	0.06687	0.29509	0.12485	0.12606	0.13605	0.08094	0.26241	
0.02517	0.02426	0.01446	0.00911	0.04319	0.0103	0.00666	0.01285	0.00709	0.0041	0.05361	0.0082	0.00083	0.00139	0.07046	0.00032	0.00091	0.00091	0.00075	0.07043	0	0	0	0	0.03406	0.01268	0.00635	0.01991	0.01129	0.00665	0.04265	0.01241	0.01484	0.01576	0.00932	0.03308	
0.06696	0.06435	0.03675	0.02369	0.11321	0.02641	0.01767	0.03446	0.02045	0.01019	0.13845	0.02266	0.00202	0.00381	0.18476	0.00116	0.00208	0.00261	0.00193	0.18513	0	0	0	0	0.11109	0.03846	0.02116	0.02104	0.03153	0.01802	0.11005	0.03215	0.03789	0.04214	0.02581	0.08591	
0.04458	0.0434	0.02539	0.01642	0.07622	0.01823	0.01213	0.02321	0.01336	0.00628	0.09556	0.01459	0.00124	0.0025	0.12525	0.0008	0.00158	0.0015	0.00136	0.12535	0	0	0	0	0.06016	0.02097	0.01159	0.03707	0.02044	0.01254	0.0753	0.02151	0.02593	0.02895	0.01717	0.05774	
0.1659	0.16207	0.09421	0.06082	0.28271	0.06844	0.04618	0.08567	0.05593	0.02918	0.33466	0.06323	0.00496	0.0097	0.46558	0.00276	0.00508	0.00582	0.00518	0.46692	0.27769	0.03406	0.11109	0.06016	0	0	0	0	0.07961	0.04584	0.27257	0.08498	0.09669	0.10919	0.06357	0.21355	
0.06203	0.05976	0.03395	0.02097	0.11328	0.02171	0.01361	0.02811	0.01429	0.00719	0.13919	0.01604	0.00184	0.00359	0.17007	0.00121	0.00177	0.00242	0.00182	0.1707	0.1046	0.01268	0.03846	0.02097	0	0	0	0	0.04322	0.02485	0.06417	0.04447	0.03792	0.03955	0.02522	0.07402	
0.03299	0.03113	0.01809	0.01095	0.05638	0.01193	0.00844	0.01641	0.00811	0.00419	0.07176	0.0091	0.00102	0.00182	0.08973	0.00059	0.00102	0.00125	0.00089	0.09	0.05406	0.00635	0.02116	0.01159	0	0	0	0	0.01589	0.0088	0.05231	0.01616	0.01924	0.0205	0.01247	0.04095	
0.08628	0.08252	0.04796	0.03037	0.15035	0.03221	0.02121	0.04336	0.0211	0.01112	0.19074	0.02417	0.00243	0.00489	0.23839	0.00142	0.00253	0.00334	0.00237	0.23889	0.16911	0.01991	0.02104	0.03707	0	0	0	0	0.04319	0.02459	0.13404	0.04531	0.05087	0.05366	0.03198	0.11062	
0.063	0.06226	0.03679	0.01986	0.12534	0.01882	0.0128	0.02495	0.01472	0.00777	0.14266	0.01676	0.00188	0.00364	0.17529	0.0011	0.00171	0.00213	0.00186	0.17621	0.11865	0.01129	0.03153	0.02044	0.07961	0.04322	0.01589	0.04319	0	0	0	0	0.04395	0.04275	0.02832	0.06689	
0.03727	0.03518	0.02026	0.01137	0.07226	0.01048	0.00699	0.01435	0.00814	0.00445	0.08184	0.00965	0.00121	0.00208	0.10027	0.00052	0.00105	0.00145	0.00088	0.1007	0.06687	0.00665	0.01802	0.01254	0.04584	0.02485	0.0088	0.02459	0	0	0	0	0.02504	0.02378	0.01674	0.03852	
0.17899	0.17297	0.09959	0.07154	0.27156	0.08533	0.05684	0.10936	0.06151	0.03165	0.36119	0.06874	0.00502	0.01055	0.50419	0.00333	0.0056	0.00668	0.00559	0.50522	0.29509	0.04265	0.11005	0.0753	0.27257	0.06417	0.05231	0.13404	0	0	0	0	0.0899	0.1122	0.05837	0.26262	
0.06794	0.06507	0.03757	0.02034	0.13356	0.01966	0.01281	0.02489	0.01506	0.00781	0.15066	0.01739	0.00214	0.00373	0.18402	0.00103	0.00204	0.00257	0.00193	0.18438	0.12485	0.01241	0.03215	0.02151	0.08498	0.04447	0.01616	0.04531	0	0	0	0	0.04583	0.04417	0.02981	0.07111	
0.07112	0.06951	0.03892	0.02517	0.12667	0.02627	0.01786	0.03392	0.01947	0.01017	0.15239	0.02269	0.00205	0.00417	0.19726	0.00124	0.00225	0.00259	0.00193	0.19795	0.12606	0.01484	0.03789	0.02593	0.09669	0.03792	0.01924	0.05087	0.04395	0.02504	0.0899	0.04583	0	0	0	0	
0.07852	0.07395	0.04288	0.02755	0.13501	0.02943	0.01974	0.03872	0.02192	0.01136	0.16463	0.02499	0.00256	0.00444	0.21454	0.00136	0.00209	0.00256	0.00235	0.2159	0.13605	0.01576	0.04214	0.02895	0.10919	0.03955	0.0205	0.05366	0.04275	0.02378	0.1122	0.04417	0	0	0	0	
0.04604	0.0445	0.0264	0.0163	0.08192	0.01703	0.01186	0.02243	0.01252	0.00685	0.09952	0.01435	0.00135	0.00261	0.12849	0.00079	0.00136	0.00186	0.00117	0.12885	0.08094	0.00932	0.02581	0.01717	0.06357	0.02522	0.01247	0.03198	0.02832	0.01674	0.05837	0.02981	0	0	0	0	
0.15152	0.14752	0.08601	0.05409	0.25912	0.06156	0.03998	0.07848	0.04552	0.0233	0.31981	0.05051	0.00429	0.00878	0.42348	0.00259	0.0047	0.00582	0.00481	0.42381	0.26241	0.03308	0.08591	0.05774	0.21355	0.07402	0.04095	0.11062	0.06689	0.03852	0.26262	0.07111	0	0	0	0	
