0	0	0	0	0.236431	0.0505692	0.0407692	0.0691615	0.0758231	0.0281462	0.228162	0.0648	0.00203077	0.00120769	0.391638	0.00205385	0.00185385	0.00341538	0.0019	0.389762	0.226008	0.00635385	0.100762	0.0638077	0.259115	0.0310923	0.0409846	0.0657385	0.0438846	0.0159	0.289908	0.0472385	0.0780462	0.0412154	0.0346846	0.242985	
0	0	0	0	0.133785	0.0283769	0.0225923	0.0393462	0.0435615	0.0157462	0.128485	0.0363077	0.0011	0.000730769	0.221092	0.00117692	0.00121538	0.00206923	0.00107692	0.219738	0.128608	0.00365385	0.0562538	0.0355846	0.146046	0.0176769	0.0232077	0.0371692	0.0242846	0.009	0.164669	0.0261462	0.0439077	0.0231462	0.0201385	0.136908	
0	0	0	0	0.113992	0.024	0.0191077	0.0337923	0.0374846	0.0133154	0.109469	0.0306231	0.00112308	0.000453846	0.188315	0.001	0.00100769	0.00162308	0.000853846	0.187408	0.109631	0.00310769	0.0483385	0.0298154	0.125385	0.0150923	0.0197769	0.0306385	0.0204385	0.00739231	0.140377	0.0226846	0.0372077	0.0191	0.0170462	0.117538	
0	0	0	0	0.0534923	0.0415077	0.0338385	0.0592385	0.0357769	0.0132385	0.108646	0.0304154	0.000907692	0.000669231	0.185354	0.00114615	0.000946154	0.00163077	0.000861538	0.184638	0.107323	0.00297692	0.0480692	0.0297077	0.122392	0.0146077	0.0199385	0.0311385	0.0201846	0.00789231	0.137746	0.0222538	0.0373	0.0200385	0.0163	0.114438	
0.236431	0.133785	0.113992	0.0534923	0	0	0	0	0.103346	0.0379154	0.308515	0.0879231	0.00267692	0.0017	0.530546	0.00277692	0.00268462	0.00465385	0.00246923	0.527892	0.307631	0.00897692	0.136162	0.0849308	0.351469	0.0420923	0.0558077	0.0883308	0.0579615	0.0215462	0.394269	0.0639231	0.105738	0.0554615	0.0472	0.3293	
0.0505692	0.0283769	0.024	0.0415077	0	0	0	0	0.0283923	0.0102231	0.0823923	0.0234462	0.000838462	0.000446154	0.142462	0.000707692	0.000846154	0.00129231	0.000653846	0.141662	0.0822923	0.00241538	0.0365846	0.0231615	0.0945077	0.0110538	0.0152385	0.0236538	0.0159692	0.00615385	0.105615	0.0167154	0.0275769	0.0153077	0.0125769	0.0889923	
0.0407692	0.0225923	0.0191077	0.0338385	0	0	0	0	0.0222308	0.00842308	0.0670846	0.0185692	0.000730769	0.000353846	0.114485	0.000738462	0.000561538	0.000976923	0.000561538	0.114208	0.0665385	0.00186923	0.0293231	0.0185769	0.0751077	0.00963846	0.0122462	0.0193154	0.0124462	0.00480769	0.0851231	0.0139308	0.0234538	0.0118692	0.0102846	0.0707	
0.0691615	0.0393462	0.0337923	0.0592385	0	0	0	0	0.0386769	0.0138846	0.116769	0.0322077	0.000915385	0.000561538	0.198908	0.00115385	0.000930769	0.00181538	0.00100769	0.197785	0.115108	0.00283077	0.0513538	0.0322462	0.131854	0.0156846	0.0206154	0.0333846	0.0224154	0.00767692	0.147692	0.0237538	0.0396923	0.0208615	0.0181077	0.122877	
0.0758231	0.0435615	0.0374846	0.0357769	0.103346	0.0283923	0.0222308	0.0386769	0	0	0	0	0.00108462	0.000446154	0.190038	0.00107692	0.00111538	0.00167692	0.000915385	0.188938	0.107408	0.00285385	0.0525692	0.0298154	0.144846	0.0107385	0.0139385	0.0231231	0.0133846	0.00493077	0.160446	0.0138846	0.038	0.0196077	0.0165538	0.118485	
0.0281462	0.0157462	0.0133154	0.0132385	0.0379154	0.0102231	0.00842308	0.0138846	0	0	0	0	0.000315385	0.000253846	0.0694538	0.000423077	0.000369231	0.000623077	0.000323077	0.0691308	0.0393615	0.00105385	0.0190154	0.0110154	0.0521846	0.004	0.00543846	0.00882308	0.00467692	0.00186154	0.0587692	0.00513846	0.0135231	0.00744615	0.00669231	0.0427846	
0.228162	0.128485	0.109469	0.108646	0.308515	0.0823923	0.0670846	0.116769	0	0	0	0	0.00286923	0.00178462	0.567277	0.00283077	0.00289231	0.00497692	0.00262308	0.564269	0.334615	0.00961538	0.137508	0.0930231	0.3346	0.0544769	0.0721846	0.1135	0.0799462	0.0293692	0.377731	0.0877154	0.113069	0.0594231	0.0507846	0.351485	
0.0648	0.0363077	0.0306231	0.0304154	0.0879231	0.0234462	0.0185692	0.0322077	0	0	0	0	0.000892308	0.000576923	0.159631	0.00104615	0.000646154	0.00146154	0.000830769	0.159208	0.0901846	0.00256923	0.0443308	0.0250615	0.121308	0.00925385	0.0123462	0.0192385	0.0107846	0.00402308	0.135754	0.0115846	0.0318692	0.0170231	0.0141385	0.0991154	
0.00203077	0.0011	0.00112308	0.000907692	0.00267692	0.000838462	0.000730769	0.000915385	0.00108462	0.000315385	0.00286923	0.000892308	0	0	0	0	1.53846e-05	5.38462e-05	1.53846e-05	0.00507692	0.00307692	6.92308e-05	0.0012	0.000815385	0.00339231	0.000330769	0.000553846	0.000884615	0.000561538	0.000215385	0.00376154	0.000623077	0.000946154	0.000615385	0.000392308	0.00320769	
0.00120769	0.000730769	0.000453846	0.000669231	0.0017	0.000446154	0.000353846	0.000561538	0.000446154	0.000253846	0.00178462	0.000576923	0	0	0	0	3.07692e-05	2.30769e-05	7.69231e-06	0.003	0.00173846	5.38462e-05	0.000753846	0.000515385	0.00198462	0.000276923	0.0004	0.0004	0.000338462	0.000115385	0.00222308	0.000384615	0.000623077	0.0004	0.000246154	0.00179231	
0.391638	0.221092	0.188315	0.185354	0.530546	0.142462	0.114485	0.198908	0.190038	0.0694538	0.567277	0.159631	0	0	0	0	0.00496923	0.0086	0.00464615	0.968185	0.563738	0.0159	0.250031	0.156731	0.644146	0.0774077	0.102369	0.162477	0.107254	0.0396077	0.722777	0.116762	0.193762	0.101938	0.0870538	0.603646	
0.00205385	0.00117692	0.001	0.00114615	0.00277692	0.000707692	0.000738462	0.00115385	0.00107692	0.000423077	0.00283077	0.00104615	0	0	0	0	7.69231e-06	6.15385e-05	2.30769e-05	0.00528462	0.00301538	6.92308e-05	0.00143846	0.000853846	0.00341538	0.000453846	0.000584615	0.000923077	0.000638462	0.000246154	0.00393846	0.000553846	0.00113077	0.000546154	0.000476923	0.00322308	
0.00185385	0.00121538	0.00100769	0.000946154	0.00268462	0.000846154	0.000561538	0.000930769	0.00111538	0.000369231	0.00289231	0.000646154	1.53846e-05	3.07692e-05	0.00496923	7.69231e-06	0	0	0	0	0.00295385	7.69231e-05	0.00131538	0.000676923	0.00323846	0.000376923	0.000484615	0.000923077	0.000538462	0.000261538	0.00366923	0.000553846	0.000976923	0.000515385	0.000484615	0.00304615	
0.00341538	0.00206923	0.00162308	0.00163077	0.00465385	0.00129231	0.000976923	0.00181538	0.00167692	0.000623077	0.00497692	0.00146154	5.38462e-05	2.30769e-05	0.0086	6.15385e-05	0	0	0	0	0.0049	0.000192308	0.0022	0.00144615	0.00578462	0.000730769	0.000807692	0.00141538	0.000846154	0.000338462	0.00656923	0.000984615	0.00166154	0.0009	0.000723077	0.00545385	
0.0019	0.00107692	0.000853846	0.000861538	0.00246923	0.000653846	0.000561538	0.00100769	0.000915385	0.000323077	0.00262308	0.000830769	1.53846e-05	7.69231e-06	0.00464615	2.30769e-05	0	0	0	0	0.00273846	6.92308e-05	0.0011	0.000784615	0.00296154	0.000353846	0.000507692	0.000869231	0.000484615	0.000230769	0.00342308	0.000553846	0.000830769	0.000492308	0.000546154	0.00282308	
0.389762	0.219738	0.187408	0.184638	0.527892	0.141662	0.114208	0.197785	0.188938	0.0691308	0.564269	0.159208	0.00507692	0.003	0.968185	0.00528462	0	0	0	0	0.560977	0.0157538	0.248808	0.156008	0.640954	0.0770077	0.102108	0.161477	0.106923	0.0393538	0.719038	0.116231	0.192992	0.101592	0.0864154	0.600546	
0.226008	0.128608	0.109631	0.107323	0.307631	0.0822923	0.0665385	0.115108	0.107408	0.0393615	0.334615	0.0901846	0.00307692	0.00173846	0.563738	0.00301538	0.00295385	0.0049	0.00273846	0.560977	0	0	0	0	0.342031	0.0521231	0.0682462	0.109169	0.0632154	0.0226538	0.418792	0.0669077	0.112092	0.0586692	0.0502308	0.350577	
0.00635385	0.00365385	0.00310769	0.00297692	0.00897692	0.00241538	0.00186923	0.00283077	0.00285385	0.00105385	0.00961538	0.00256923	6.92308e-05	5.38462e-05	0.0159	6.92308e-05	7.69231e-05	0.000192308	6.92308e-05	0.0157538	0	0	0	0	0.00996923	0.00133077	0.00181538	0.00297692	0.00173077	0.000769231	0.0116077	0.00198462	0.00313846	0.00156923	0.00143077	0.00995385	
0.100762	0.0562538	0.0483385	0.0480692	0.136162	0.0365846	0.0293231	0.0513538	0.0525692	0.0190154	0.137508	0.0443308	0.0012	0.000753846	0.250031	0.00143846	0.00131538	0.0022	0.0011	0.248808	0	0	0	0	0.205862	0.0104	0.0148077	0.0223538	0.0270385	0.0102923	0.186446	0.0296462	0.0495538	0.0264615	0.0229385	0.154469	
0.0638077	0.0355846	0.0298154	0.0297077	0.0849308	0.0231615	0.0185769	0.0322462	0.0298154	0.0110154	0.0930231	0.0250615	0.000815385	0.000515385	0.156731	0.000853846	0.000676923	0.00144615	0.000784615	0.156008	0	0	0	0	0.0950769	0.0146154	0.0190385	0.0301846	0.0168077	0.00646923	0.115854	0.0197846	0.0316769	0.0168	0.0135692	0.0968692	
0.259115	0.146046	0.125385	0.122392	0.351469	0.0945077	0.0751077	0.131854	0.144846	0.0521846	0.3346	0.121308	0.00339231	0.00198462	0.644146	0.00341538	0.00323846	0.00578462	0.00296154	0.640954	0.342031	0.00996923	0.205862	0.0950769	0	0	0	0	0.0688231	0.0254538	0.485677	0.0729846	0.127585	0.0678308	0.0576462	0.399877	
0.0310923	0.0176769	0.0150923	0.0146077	0.0420923	0.0110538	0.00963846	0.0156846	0.0107385	0.004	0.0544769	0.00925385	0.000330769	0.000276923	0.0774077	0.000453846	0.000376923	0.000730769	0.000353846	0.0770077	0.0521231	0.00133077	0.0104	0.0146154	0	0	0	0	0.00942308	0.00331538	0.0555077	0.0102231	0.0152923	0.00822308	0.00676154	0.0481923	
0.0409846	0.0232077	0.0197769	0.0199385	0.0558077	0.0152385	0.0122462	0.0206154	0.0139385	0.00543846	0.0721846	0.0123462	0.000553846	0.0004	0.102369	0.000584615	0.000484615	0.000807692	0.000507692	0.102108	0.0682462	0.00181538	0.0148077	0.0190385	0	0	0	0	0.0121692	0.0044	0.0737923	0.0135462	0.0206538	0.0111231	0.00907692	0.0630538	
0.0657385	0.0371692	0.0306385	0.0311385	0.0883308	0.0236538	0.0193154	0.0333846	0.0231231	0.00882308	0.1135	0.0192385	0.000884615	0.0004	0.162477	0.000923077	0.000923077	0.00141538	0.000869231	0.161477	0.109169	0.00297692	0.0223538	0.0301846	0	0	0	0	0.0183769	0.00701538	0.117723	0.0215692	0.0329308	0.0163231	0.0146846	0.100746	
0.0438846	0.0242846	0.0204385	0.0201846	0.0579615	0.0159692	0.0124462	0.0224154	0.0133846	0.00467692	0.0799462	0.0107846	0.000561538	0.000338462	0.107254	0.000638462	0.000538462	0.000846154	0.000484615	0.106923	0.0632154	0.00173077	0.0270385	0.0168077	0.0688231	0.00942308	0.0121692	0.0183769	0	0	0	0	0.0215538	0.0115077	0.00930769	0.0664231	
0.0159	0.009	0.00739231	0.00789231	0.0215462	0.00615385	0.00480769	0.00767692	0.00493077	0.00186154	0.0293692	0.00402308	0.000215385	0.000115385	0.0396077	0.000246154	0.000261538	0.000338462	0.000230769	0.0393538	0.0226538	0.000769231	0.0102923	0.00646923	0.0254538	0.00331538	0.0044	0.00701538	0	0	0	0	0.00778462	0.00421538	0.00352308	0.0246615	
0.289908	0.164669	0.140377	0.137746	0.394269	0.105615	0.0851231	0.147692	0.160446	0.0587692	0.377731	0.135754	0.00376154	0.00222308	0.722777	0.00393846	0.00366923	0.00656923	0.00342308	0.719038	0.418792	0.0116077	0.186446	0.115854	0.485677	0.0555077	0.0737923	0.117723	0	0	0	0	0.143569	0.0755231	0.0650846	0.448523	
0.0472385	0.0261462	0.0226846	0.0222538	0.0639231	0.0167154	0.0139308	0.0237538	0.0138846	0.00513846	0.0877154	0.0115846	0.000623077	0.000384615	0.116762	0.000553846	0.000553846	0.000984615	0.000553846	0.116231	0.0669077	0.00198462	0.0296462	0.0197846	0.0729846	0.0102231	0.0135462	0.0215692	0	0	0	0	0.0235538	0.0122538	0.0102538	0.0722615	
0.0780462	0.0439077	0.0372077	0.0373	0.105738	0.0275769	0.0234538	0.0396923	0.038	0.0135231	0.113069	0.0318692	0.000946154	0.000623077	0.193762	0.00113077	0.000976923	0.00166154	0.000830769	0.192992	0.112092	0.00313846	0.0495538	0.0316769	0.127585	0.0152923	0.0206538	0.0329308	0.0215538	0.00778462	0.143569	0.0235538	0	0	0	0	
0.0412154	0.0231462	0.0191	0.0200385	0.0554615	0.0153077	0.0118692	0.0208615	0.0196077	0.00744615	0.0594231	0.0170231	0.000615385	0.0004	0.101938	0.000546154	0.000515385	0.0009	0.000492308	0.101592	0.0586692	0.00156923	0.0264615	0.0168	0.0678308	0.00822308	0.0111231	0.0163231	0.0115077	0.00421538	0.0755231	0.0122538	0	0	0	0	
0.0346846	0.0201385	0.0170462	0.0163	0.0472	0.0125769	0.0102846	0.0181077	0.0165538	0.00669231	0.0507846	0.0141385	0.000392308	0.000246154	0.0870538	0.000476923	0.000484615	0.000723077	0.000546154	0.0864154	0.0502308	0.00143077	0.0229385	0.0135692	0.0576462	0.00676154	0.00907692	0.0146846	0.00930769	0.00352308	0.0650846	0.0102538	0	0	0	0	
0.242985	0.136908	0.117538	0.114438	0.3293	0.0889923	0.0707	0.122877	0.118485	0.0427846	0.351485	0.0991154	0.00320769	0.00179231	0.603646	0.00322308	0.00304615	0.00545385	0.00282308	0.600546	0.350577	0.00995385	0.154469	0.0968692	0.399877	0.0481923	0.0630538	0.100746	0.0664231	0.0246615	0.448523	0.0722615	0	0	0	0	
