0	0	0	0	0.236508	0.0489077	0.0400769	0.0703692	0.0768077	0.0273692	0.228915	0.0627692	0.00228462	0.00129231	0.390254	0.00203077	0.00207692	0.00324615	0.00203077	0.388508	0.223977	0.00676923	0.0998077	0.0653077	0.258577	0.0304308	0.0403385	0.0665154	0.0426154	0.0155923	0.290846	0.0468077	0.0774462	0.0411923	0.0348	0.242423	
0	0	0	0	0.137092	0.0278231	0.0221154	0.0398385	0.0438154	0.0156077	0.131808	0.0356385	0.00118462	0.000623077	0.223815	0.00124615	0.00118462	0.00200769	0.000915385	0.222762	0.129192	0.0039	0.0565385	0.0372385	0.148677	0.0173	0.0232538	0.0376385	0.0244538	0.00893846	0.166592	0.0268846	0.0441	0.0238923	0.0205692	0.138308	
0	0	0	0	0.114862	0.0233385	0.0182923	0.0331	0.0367538	0.0137	0.109185	0.0299538	0.000938462	0.000630769	0.187031	0.000992308	0.000915385	0.00183846	0.000846154	0.185992	0.109077	0.00318462	0.0474769	0.0298538	0.1239	0.0145462	0.0197385	0.0314077	0.0210462	0.00773077	0.139008	0.0218077	0.0368692	0.0194846	0.0169231	0.116315	
0	0	0	0	0.0506077	0.0428462	0.0344154	0.0598077	0.0363462	0.0129077	0.108362	0.0300615	0.000923077	0.000515385	0.1851	0.00113846	0.000892308	0.00176923	0.000853846	0.184162	0.106685	0.00318462	0.0471154	0.0306923	0.122477	0.0144077	0.0188077	0.0319846	0.0206077	0.00698462	0.138192	0.0218923	0.0359462	0.0198231	0.0159	0.116008	
0.236508	0.137092	0.114862	0.0506077	0	0	0	0	0.104	0.0378615	0.311538	0.0856692	0.00276154	0.00161538	0.531623	0.00306923	0.00276923	0.00486923	0.00246154	0.528969	0.306923	0.00906923	0.134731	0.0883462	0.352415	0.0407308	0.0555154	0.0904077	0.0589154	0.0216154	0.395623	0.0629154	0.105123	0.0562	0.0479462	0.3298	
0.0489077	0.0278231	0.0233385	0.0428462	0	0	0	0	0.0274385	0.0105692	0.0828231	0.0220846	0.000838462	0.000523077	0.140731	0.000823077	0.000661538	0.00120769	0.000669231	0.140377	0.0815538	0.00264615	0.0354923	0.0232231	0.0933769	0.0110538	0.0142308	0.0242538	0.0156538	0.00573077	0.104662	0.0168692	0.0274385	0.0149385	0.0126692	0.0878692	
0.0400769	0.0221154	0.0182923	0.0344154	0	0	0	0	0.0223385	0.00786154	0.0664769	0.0182231	0.000584615	0.000276923	0.113508	0.000530769	0.000569231	0.000907692	0.0006	0.112823	0.0652385	0.00191538	0.0291692	0.0185769	0.0752923	0.00900769	0.0113308	0.0192692	0.0124077	0.00416154	0.0849769	0.0133538	0.0225	0.0124462	0.00961538	0.0703385	
0.0703692	0.0398385	0.0331	0.0598077	0	0	0	0	0.0399462	0.0132923	0.117431	0.0324462	0.00114615	0.000646154	0.200338	0.000984615	0.00106923	0.00187692	0.000915385	0.199254	0.115215	0.00340769	0.0515462	0.0329462	0.132546	0.0158923	0.0210615	0.0336154	0.0217462	0.00773846	0.149377	0.0242538	0.0393	0.0208077	0.0179615	0.125046	
0.0768077	0.0438154	0.0367538	0.0363462	0.104	0.0274385	0.0223385	0.0399462	0	0	0	0	0.00113077	0.000661538	0.190815	0.00111538	0.00101538	0.00166154	0.000823077	0.190223	0.107377	0.00306154	0.0525077	0.0307769	0.146623	0.0100538	0.0145615	0.0224846	0.0116308	0.00419231	0.165146	0.0127538	0.0372308	0.0201538	0.0172692	0.119069	
0.0273692	0.0156077	0.0137	0.0129077	0.0378615	0.0105692	0.00786154	0.0132923	0	0	0	0	0.000392308	0.0002	0.0685615	0.000430769	0.000230769	0.000661538	0.000330769	0.0683615	0.0383692	0.00112308	0.0186615	0.0114308	0.0526769	0.00383846	0.00511538	0.00795385	0.00406923	0.00159231	0.0595154	0.00440769	0.0135769	0.00750769	0.00607692	0.0424231	
0.228915	0.131808	0.109185	0.108362	0.311538	0.0828231	0.0664769	0.117431	0	0	0	0	0.00299231	0.00174615	0.570523	0.00300769	0.00313077	0.00511538	0.00277692	0.567246	0.335269	0.0102154	0.137192	0.0955923	0.334431	0.0541538	0.0712615	0.118423	0.0836385	0.0300692	0.374715	0.0898462	0.112715	0.0602	0.0513462	0.354008	
0.0627692	0.0356385	0.0299538	0.0300615	0.0856692	0.0220846	0.0182231	0.0324462	0	0	0	0	0.000815385	0.000453846	0.1563	0.000853846	0.000692308	0.00142308	0.000715385	0.155592	0.0879154	0.00263846	0.0425769	0.0252923	0.1199	0.00863846	0.0112	0.0186846	0.00938462	0.00339231	0.135262	0.0103846	0.0308385	0.0165308	0.0135	0.0975538	
0.00228462	0.00118462	0.000938462	0.000923077	0.00276154	0.000838462	0.000584615	0.00114615	0.00113077	0.000392308	0.00299231	0.000815385	0	0	0	0	3.07692e-05	5.38462e-05	3.07692e-05	0.00521538	0.00296154	7.69231e-05	0.00136923	0.000923077	0.00353077	0.000392308	0.000538462	0.000869231	0.000561538	0.000215385	0.00400769	0.000546154	0.000976923	0.000530769	0.000538462	0.00328462	
0.00129231	0.000623077	0.000630769	0.000515385	0.00161538	0.000523077	0.000276923	0.000646154	0.000661538	0.0002	0.00174615	0.000453846	0	0	0	0	7.69231e-06	4.61538e-05	2.30769e-05	0.00298462	0.00178462	6.15385e-05	0.0007	0.000515385	0.00208462	0.000276923	0.000284615	0.000415385	0.000346154	0.000115385	0.00233846	0.000261538	0.000615385	0.000330769	0.000284615	0.00183077	
0.390254	0.223815	0.187031	0.1851	0.531623	0.140731	0.113508	0.200338	0.190815	0.0685615	0.570523	0.1563	0	0	0	0	0.00496154	0.00873077	0.00457692	0.967931	0.561223	0.0168154	0.247446	0.160715	0.644338	0.0756308	0.100854	0.165377	0.107246	0.0386923	0.724308	0.115954	0.191646	0.102892	0.087	0.604662	
0.00203077	0.00124615	0.000992308	0.00113846	0.00306923	0.000823077	0.000530769	0.000984615	0.00111538	0.000430769	0.00300769	0.000853846	0	0	0	0	6.92308e-05	3.07692e-05	1.53846e-05	0.00529231	0.00296154	8.46154e-05	0.00142308	0.000938462	0.00367692	0.000384615	0.000461538	0.000884615	0.000569231	0.000223077	0.00398462	0.000630769	0.00112308	0.000638462	0.000369231	0.00327692	
0.00207692	0.00118462	0.000915385	0.000892308	0.00276923	0.000661538	0.000569231	0.00106923	0.00101538	0.000230769	0.00313077	0.000692308	3.07692e-05	7.69231e-06	0.00496154	6.92308e-05	0	0	0	0	0.00283077	0.000123077	0.00122308	0.000892308	0.0032	0.0004	0.000453846	0.00101538	0.0007	0.000184615	0.00351538	0.000669231	0.0011	0.000492308	0.000407692	0.00306923	
0.00324615	0.00200769	0.00183846	0.00176923	0.00486923	0.00120769	0.000907692	0.00187692	0.00166154	0.000661538	0.00511538	0.00142308	5.38462e-05	4.61538e-05	0.00873077	3.07692e-05	0	0	0	0	0.00495385	0.000115385	0.00216923	0.00162308	0.00579231	0.000684615	0.000853846	0.00153077	0.000892308	0.0004	0.00665385	0.000915385	0.00166923	0.000915385	0.000807692	0.00546923	
0.00203077	0.000915385	0.000846154	0.000853846	0.00246154	0.000669231	0.0006	0.000915385	0.000823077	0.000330769	0.00277692	0.000715385	3.07692e-05	2.30769e-05	0.00457692	1.53846e-05	0	0	0	0	0.00286154	6.92308e-05	0.00105385	0.000661538	0.00308462	0.000376923	0.000438462	0.000746154	0.000561538	0.000192308	0.00337692	0.000515385	0.000907692	0.000538462	0.000384615	0.00281538	
0.388508	0.222762	0.185992	0.184162	0.528969	0.140377	0.112823	0.199254	0.190223	0.0683615	0.567246	0.155592	0.00521538	0.00298462	0.967931	0.00529231	0	0	0	0	0.558285	0.0167308	0.246492	0.159915	0.641554	0.0752231	0.100392	0.164254	0.106569	0.0384692	0.721092	0.115292	0.190685	0.102446	0.0865923	0.6017	
0.223977	0.129192	0.109077	0.106685	0.306923	0.0815538	0.0652385	0.115215	0.107377	0.0383692	0.335269	0.0879154	0.00296154	0.00178462	0.561223	0.00296154	0.00283077	0.00495385	0.00286154	0.558285	0	0	0	0	0.339908	0.0504846	0.0678846	0.110654	0.0627462	0.0225077	0.416569	0.0671077	0.1103	0.0590231	0.0505692	0.349038	
0.00676923	0.0039	0.00318462	0.00318462	0.00906923	0.00264615	0.00191538	0.00340769	0.00306154	0.00112308	0.0102154	0.00263846	7.69231e-05	6.15385e-05	0.0168154	8.46154e-05	0.000123077	0.000115385	6.92308e-05	0.0167308	0	0	0	0	0.0102923	0.00156923	0.00184615	0.00333077	0.00197692	0.000823077	0.0120462	0.00219231	0.00355385	0.00185385	0.00139231	0.0102385	
0.0998077	0.0565385	0.0474769	0.0471154	0.134731	0.0354923	0.0291692	0.0515462	0.0525077	0.0186615	0.137192	0.0425769	0.00136923	0.0007	0.247446	0.00142308	0.00122308	0.00216923	0.00105385	0.246492	0	0	0	0	0.206454	0.00978462	0.0130077	0.0216923	0.0267231	0.00979231	0.185838	0.0285846	0.0490923	0.0264692	0.0216154	0.153762	
0.0653077	0.0372385	0.0298538	0.0306923	0.0883462	0.0232231	0.0185769	0.0329462	0.0307769	0.0114308	0.0955923	0.0252923	0.000923077	0.000515385	0.160715	0.000938462	0.000892308	0.00162308	0.000661538	0.159915	0	0	0	0	0.0969769	0.0148462	0.0194	0.0318692	0.0172769	0.00612308	0.120185	0.0195077	0.0314154	0.0170462	0.0146154	0.100015	
0.258577	0.148677	0.1239	0.122477	0.352415	0.0933769	0.0752923	0.132546	0.146623	0.0526769	0.334431	0.1199	0.00353077	0.00208462	0.644338	0.00367692	0.0032	0.00579231	0.00308462	0.641554	0.339908	0.0102923	0.206454	0.0969769	0	0	0	0	0.0678538	0.0244385	0.488462	0.0728769	0.126892	0.0683769	0.0570538	0.401308	
0.0304308	0.0173	0.0145462	0.0144077	0.0407308	0.0110538	0.00900769	0.0158923	0.0100538	0.00383846	0.0541538	0.00863846	0.000392308	0.000276923	0.0756308	0.000384615	0.0004	0.000684615	0.000376923	0.0752231	0.0504846	0.00156923	0.00978462	0.0148462	0	0	0	0	0.00908462	0.00307692	0.0546615	0.00986154	0.0153692	0.00772308	0.00712308	0.0464692	
0.0403385	0.0232538	0.0197385	0.0188077	0.0555154	0.0142308	0.0113308	0.0210615	0.0145615	0.00511538	0.0712615	0.0112	0.000538462	0.000284615	0.100854	0.000461538	0.000453846	0.000853846	0.000438462	0.100392	0.0678846	0.00184615	0.0130077	0.0194	0	0	0	0	0.0117692	0.00447692	0.0729	0.0129923	0.0194308	0.0108769	0.00886923	0.0629615	
0.0665154	0.0376385	0.0314077	0.0319846	0.0904077	0.0242538	0.0192692	0.0336154	0.0224846	0.00795385	0.118423	0.0186846	0.000869231	0.000415385	0.165377	0.000884615	0.00101538	0.00153077	0.000746154	0.164254	0.110654	0.00333077	0.0216923	0.0318692	0	0	0	0	0.0200154	0.00725385	0.118615	0.0216615	0.0326692	0.0174154	0.0151462	0.102315	
0.0426154	0.0244538	0.0210462	0.0206077	0.0589154	0.0156538	0.0124077	0.0217462	0.0116308	0.00406923	0.0836385	0.00938462	0.000561538	0.000346154	0.107246	0.000569231	0.0007	0.000892308	0.000561538	0.106569	0.0627462	0.00197692	0.0267231	0.0172769	0.0678538	0.00908462	0.0117692	0.0200154	0	0	0	0	0.0210231	0.0112385	0.00938462	0.0670769	
0.0155923	0.00893846	0.00773077	0.00698462	0.0216154	0.00573077	0.00416154	0.00773846	0.00419231	0.00159231	0.0300692	0.00339231	0.000215385	0.000115385	0.0386923	0.000223077	0.000184615	0.0004	0.000192308	0.0384692	0.0225077	0.000823077	0.00979231	0.00612308	0.0244385	0.00307692	0.00447692	0.00725385	0	0	0	0	0.00774615	0.00401538	0.0035	0.0239846	
0.290846	0.166592	0.139008	0.138192	0.395623	0.104662	0.0849769	0.149377	0.165146	0.0595154	0.374715	0.135262	0.00400769	0.00233846	0.724308	0.00398462	0.00351538	0.00665385	0.00337692	0.721092	0.416569	0.0120462	0.185838	0.120185	0.488462	0.0546615	0.0729	0.118615	0	0	0	0	0.143054	0.0765846	0.0644	0.4506	
0.0468077	0.0268846	0.0218077	0.0218923	0.0629154	0.0168692	0.0133538	0.0242538	0.0127538	0.00440769	0.0898462	0.0103846	0.000546154	0.000261538	0.115954	0.000630769	0.000669231	0.000915385	0.000515385	0.115292	0.0671077	0.00219231	0.0285846	0.0195077	0.0728769	0.00986154	0.0129923	0.0216615	0	0	0	0	0.0225385	0.0125538	0.0109077	0.0713923	
0.0774462	0.0441	0.0368692	0.0359462	0.105123	0.0274385	0.0225	0.0393	0.0372308	0.0135769	0.112715	0.0308385	0.000976923	0.000615385	0.191646	0.00112308	0.0011	0.00166923	0.000907692	0.190685	0.1103	0.00355385	0.0490923	0.0314154	0.126892	0.0153692	0.0194308	0.0326692	0.0210231	0.00774615	0.143054	0.0225385	0	0	0	0	
0.0411923	0.0238923	0.0194846	0.0198231	0.0562	0.0149385	0.0124462	0.0208077	0.0201538	0.00750769	0.0602	0.0165308	0.000530769	0.000330769	0.102892	0.000638462	0.000492308	0.000915385	0.000538462	0.102446	0.0590231	0.00185385	0.0264692	0.0170462	0.0683769	0.00772308	0.0108769	0.0174154	0.0112385	0.00401538	0.0765846	0.0125538	0	0	0	0	
0.0348	0.0205692	0.0169231	0.0159	0.0479462	0.0126692	0.00961538	0.0179615	0.0172692	0.00607692	0.0513462	0.0135	0.000538462	0.000284615	0.087	0.000369231	0.000407692	0.000807692	0.000384615	0.0865923	0.0505692	0.00139231	0.0216154	0.0146154	0.0570538	0.00712308	0.00886923	0.0151462	0.00938462	0.0035	0.0644	0.0109077	0	0	0	0	
0.242423	0.138308	0.116315	0.116008	0.3298	0.0878692	0.0703385	0.125046	0.119069	0.0424231	0.354008	0.0975538	0.00328462	0.00183077	0.604662	0.00327692	0.00306923	0.00546923	0.00281538	0.6017	0.349038	0.0102385	0.153762	0.100015	0.401308	0.0464692	0.0629615	0.102315	0.0670769	0.0239846	0.4506	0.0713923	0	0	0	0	
