0	0	0	0	0.238069	0.0494385	0.0382077	0.0678077	0.0734923	0.0266846	0.230854	0.0624923	0.00216923	0.00104615	0.388269	0.00203846	0.00206923	0.00385385	0.00196923	0.385631	0.223762	0.00735385	0.0992154	0.0631923	0.258815	0.0296385	0.0404846	0.0645846	0.0427154	0.0156538	0.289285	0.0458692	0.0772077	0.0398846	0.0350385	0.241392	
0	0	0	0	0.1366	0.0271538	0.0222	0.0385077	0.0428154	0.0155846	0.130592	0.0354692	0.0013	0.000576923	0.221685	0.0009	0.0011	0.00196154	0.000953846	0.220446	0.128223	0.0041	0.0559385	0.0362	0.147138	0.0169231	0.0234923	0.0369077	0.0253	0.00913077	0.164054	0.0259769	0.0435846	0.0229846	0.0197923	0.1381	
0	0	0	0	0.116215	0.0231	0.0192615	0.0325923	0.0365	0.0131231	0.110908	0.0306385	0.00100769	0.000630769	0.188385	0.00114615	0.0009	0.00162308	0.000969231	0.187677	0.108777	0.00326154	0.0488	0.0303308	0.124023	0.0143538	0.0195231	0.0332692	0.0211462	0.00766923	0.140062	0.0222923	0.0378	0.0200923	0.0165692	0.116708	
0	0	0	0	0.0483	0.0442154	0.0353615	0.0629692	0.0359385	0.0132231	0.112138	0.0295462	0.00109231	0.0007	0.188062	0.000992308	0.000953846	0.00156923	0.000815385	0.187508	0.109208	0.00341538	0.0477769	0.0304462	0.1249	0.0150385	0.0194385	0.0314692	0.0208923	0.00746923	0.139523	0.0229615	0.0377692	0.0192308	0.0171	0.116746	
0.238069	0.1366	0.116215	0.0483	0	0	0	0	0.101454	0.0370923	0.313769	0.0868692	0.00291538	0.0015	0.532023	0.00274615	0.00263077	0.00486923	0.00243077	0.529254	0.307531	0.00951538	0.135538	0.0866	0.353146	0.0406923	0.0556923	0.0896538	0.0588615	0.0215385	0.396554	0.0622308	0.1052	0.0557154	0.0478154	0.330454	
0.0494385	0.0271538	0.0231	0.0442154	0	0	0	0	0.0268385	0.00988462	0.0854	0.0217846	0.000876923	0.000523077	0.141862	0.000646154	0.000692308	0.00121538	0.000676923	0.141323	0.0824923	0.00266923	0.0355154	0.0232308	0.0939231	0.0115462	0.0147385	0.0237	0.0164615	0.00562308	0.104685	0.0171385	0.0281154	0.0150231	0.0125692	0.0882	
0.0382077	0.0222	0.0192615	0.0353615	0	0	0	0	0.0215385	0.00792308	0.0673769	0.0181923	0.000769231	0.000376923	0.113315	0.000569231	0.000623077	0.0011	0.000646154	0.112662	0.0652077	0.00203077	0.0296462	0.0181462	0.0758462	0.00866154	0.0114077	0.0191154	0.0128154	0.00450769	0.0841308	0.0135769	0.0238385	0.0112923	0.0104923	0.0694077	
0.0678077	0.0385077	0.0325923	0.0629692	0	0	0	0	0.0389154	0.0137154	0.117946	0.0313	0.00100769	0.000553846	0.1992	0.00111538	0.00107692	0.00182308	0.000953846	0.198023	0.114738	0.00391538	0.0510308	0.0321923	0.131962	0.0150538	0.0211	0.0337615	0.0219154	0.00825385	0.147554	0.0241538	0.0392077	0.0201615	0.0176231	0.124885	
0.0734923	0.0428154	0.0365	0.0359385	0.101454	0.0268385	0.0215385	0.0389154	0	0	0	0	0.000984615	0.000576923	0.186192	0.000992308	0.000915385	0.00154615	0.001	0.185285	0.103685	0.00342308	0.0516154	0.0300231	0.144677	0.0101231	0.0129615	0.0209846	0.0102538	0.00396923	0.163277	0.0112462	0.0373154	0.0196308	0.0165538	0.115246	
0.0266846	0.0155846	0.0131231	0.0132231	0.0370923	0.00988462	0.00792308	0.0137154	0	0	0	0	0.000361538	0.000184615	0.0677077	0.000361538	0.000253846	0.000692308	0.000261538	0.0674077	0.0383385	0.00130769	0.0190154	0.00995385	0.0527846	0.00329231	0.00494615	0.00759231	0.00400769	0.00132308	0.0592769	0.00400769	0.0135	0.00716154	0.00596154	0.0419923	
0.230854	0.130592	0.110908	0.112138	0.313769	0.0854	0.0673769	0.117946	0	0	0	0	0.00331538	0.00159231	0.576715	0.00286923	0.003	0.00540769	0.00275385	0.573331	0.340723	0.0106385	0.137562	0.0955692	0.336315	0.0546846	0.0739538	0.119538	0.0868385	0.0314231	0.373946	0.0922846	0.113938	0.0591077	0.0520923	0.359354	
0.0624923	0.0354692	0.0306385	0.0295462	0.0868692	0.0217846	0.0181923	0.0313	0	0	0	0	0.000907692	0.0006	0.155785	0.000853846	0.000853846	0.00136154	0.000692308	0.155238	0.0872231	0.00276154	0.0435385	0.0246231	0.1211	0.00785385	0.0110769	0.0181154	0.00895385	0.00320769	0.136423	0.00956154	0.0316077	0.0162923	0.0138923	0.0963538	
0.00216923	0.0013	0.00100769	0.00109231	0.00291538	0.000876923	0.000769231	0.00100769	0.000984615	0.000361538	0.00331538	0.000907692	0	0	0	0	2.30769e-05	7.69231e-05	1.53846e-05	0.00545385	0.00320769	0.000107692	0.00133846	0.000915385	0.00357692	0.000369231	0.000692308	0.000930769	0.000723077	0.000269231	0.00389231	0.000684615	0.000961538	0.000561538	0.000546154	0.0035	
0.00104615	0.000576923	0.000630769	0.0007	0.0015	0.000523077	0.000376923	0.000553846	0.000576923	0.000184615	0.00159231	0.0006	0	0	0	0	2.30769e-05	3.07692e-05	2.30769e-05	0.00287692	0.00186154	3.84615e-05	0.000638462	0.000415385	0.00191538	0.000215385	0.000230769	0.000592308	0.000330769	0.000192308	0.00206923	0.000361538	0.000546154	0.000330769	0.000307692	0.00176923	
0.388269	0.221685	0.188385	0.188062	0.532023	0.141862	0.113315	0.1992	0.186192	0.0677077	0.576715	0.155785	0	0	0	0	0.00496154	0.00884615	0.00465385	0.967938	0.561823	0.0179077	0.248677	0.157992	0.646031	0.0750231	0.101492	0.163854	0.108562	0.0392462	0.723146	0.115446	0.193892	0.100785	0.0872077	0.604515	
0.00203846	0.0009	0.00114615	0.000992308	0.00274615	0.000646154	0.000569231	0.00111538	0.000992308	0.000361538	0.00286923	0.000853846	0	0	0	0	1.53846e-05	5.38462e-05	1.53846e-05	0.00499231	0.00307692	7.69231e-05	0.00107692	0.000846154	0.00335385	0.000346154	0.000523077	0.000853846	0.000438462	0.000215385	0.00381538	0.000607692	0.000961538	0.000515385	0.000438462	0.00316154	
0.00206923	0.0011	0.0009	0.000953846	0.00263077	0.000692308	0.000623077	0.00107692	0.000915385	0.000253846	0.003	0.000853846	2.30769e-05	2.30769e-05	0.00496154	1.53846e-05	0	0	0	0	0.00293077	8.46154e-05	0.00114615	0.000861538	0.00319231	0.000376923	0.000576923	0.000876923	0.0006	0.000207692	0.00357692	0.000638462	0.000961538	0.000507692	0.000461538	0.00309231	
0.00385385	0.00196154	0.00162308	0.00156923	0.00486923	0.00121538	0.0011	0.00182308	0.00154615	0.000692308	0.00540769	0.00136154	7.69231e-05	3.07692e-05	0.00884615	5.38462e-05	0	0	0	0	0.00513846	0.000123077	0.00234615	0.0014	0.00575385	0.000592308	0.00102308	0.00163846	0.000907692	0.000392308	0.00663846	0.00106923	0.0018	0.000884615	0.000784615	0.00553846	
0.00196923	0.000953846	0.000969231	0.000815385	0.00243077	0.000676923	0.000646154	0.000953846	0.001	0.000261538	0.00275385	0.000692308	1.53846e-05	2.30769e-05	0.00465385	1.53846e-05	0	0	0	0	0.00246154	0.0001	0.00116923	0.000976923	0.00301538	0.000376923	0.000523077	0.000792308	0.000476923	0.000176923	0.00354615	0.000507692	0.000869231	0.000492308	0.000330769	0.00301538	
0.385631	0.220446	0.187677	0.187508	0.529254	0.141323	0.112662	0.198023	0.185285	0.0674077	0.573331	0.155238	0.00545385	0.00287692	0.967938	0.00499231	0	0	0	0	0.559438	0.0178231	0.247069	0.156931	0.642915	0.0746077	0.100815	0.162923	0.108069	0.0391462	0.719162	0.114885	0.192731	0.100308	0.0869231	0.6013	
0.223762	0.128223	0.108777	0.109208	0.307531	0.0824923	0.0652077	0.114738	0.103685	0.0383385	0.340723	0.0872231	0.00320769	0.00186154	0.561823	0.00307692	0.00293077	0.00513846	0.00246154	0.559438	0	0	0	0	0.337992	0.0515077	0.0688615	0.111608	0.0639	0.0232615	0.415408	0.0674	0.111377	0.0585769	0.0503538	0.349662	
0.00735385	0.0041	0.00326154	0.00341538	0.00951538	0.00266923	0.00203077	0.00391538	0.00342308	0.00130769	0.0106385	0.00276154	0.000107692	3.84615e-05	0.0179077	7.69231e-05	8.46154e-05	0.000123077	0.0001	0.0178231	0	0	0	0	0.0109	0.00146154	0.00215385	0.00361538	0.00193846	0.000676923	0.0133385	0.00217692	0.00341538	0.00191538	0.00157692	0.0112231	
0.0992154	0.0559385	0.0488	0.0477769	0.135538	0.0355154	0.0296462	0.0510308	0.0516154	0.0190154	0.137562	0.0435385	0.00133846	0.000638462	0.248677	0.00107692	0.00114615	0.00234615	0.00116923	0.247069	0	0	0	0	0.211992	0.00871538	0.0118846	0.0191385	0.0267	0.00951538	0.186854	0.0286615	0.0504462	0.0249615	0.0221385	0.154185	
0.0631923	0.0362	0.0303308	0.0304462	0.0866	0.0232308	0.0181462	0.0321923	0.0300231	0.00995385	0.0955692	0.0246231	0.000915385	0.000415385	0.157992	0.000846154	0.000861538	0.0014	0.000976923	0.156931	0	0	0	0	0.0939923	0.0142692	0.0200385	0.0318692	0.0175154	0.00646923	0.117323	0.0188615	0.0311231	0.0167385	0.0144308	0.0978769	
0.258815	0.147138	0.124023	0.1249	0.353146	0.0939231	0.0758462	0.131962	0.144677	0.0527846	0.336315	0.1211	0.00357692	0.00191538	0.646031	0.00335385	0.00319231	0.00575385	0.00301538	0.642915	0.337992	0.0109	0.211992	0.0939923	0	0	0	0	0.0678615	0.0242462	0.490485	0.0722846	0.128669	0.0675154	0.0577462	0.400946	
0.0296385	0.0169231	0.0143538	0.0150385	0.0406923	0.0115462	0.00866154	0.0150538	0.0101231	0.00329231	0.0546846	0.00785385	0.000369231	0.000215385	0.0750231	0.000346154	0.000376923	0.000592308	0.000376923	0.0746077	0.0515077	0.00146154	0.00871538	0.0142692	0	0	0	0	0.00969231	0.00331538	0.0529692	0.00997692	0.0147231	0.00747692	0.00676154	0.0469923	
0.0404846	0.0234923	0.0195231	0.0194385	0.0556923	0.0147385	0.0114077	0.0211	0.0129615	0.00494615	0.0739538	0.0110769	0.000692308	0.000230769	0.101492	0.000523077	0.000576923	0.00102308	0.000523077	0.100815	0.0688615	0.00215385	0.0118846	0.0200385	0	0	0	0	0.0118846	0.0049	0.0728615	0.0132923	0.0205385	0.0107231	0.00947692	0.0622	
0.0645846	0.0369077	0.0332692	0.0314692	0.0896538	0.0237	0.0191154	0.0337615	0.0209846	0.00759231	0.119538	0.0181154	0.000930769	0.000592308	0.163854	0.000853846	0.000876923	0.00163846	0.000792308	0.162923	0.111608	0.00361538	0.0191385	0.0318692	0	0	0	0	0.0206154	0.00746154	0.116608	0.0215462	0.0324308	0.0164769	0.0145154	0.102808	
0.0427154	0.0253	0.0211462	0.0208923	0.0588615	0.0164615	0.0128154	0.0219154	0.0102538	0.00400769	0.0868385	0.00895385	0.000723077	0.000330769	0.108562	0.000438462	0.0006	0.000907692	0.000476923	0.108069	0.0639	0.00193846	0.0267	0.0175154	0.0678615	0.00969231	0.0118846	0.0206154	0	0	0	0	0.0209538	0.0108462	0.0100462	0.0682077	
0.0156538	0.00913077	0.00766923	0.00746923	0.0215385	0.00562308	0.00450769	0.00825385	0.00396923	0.00132308	0.0314231	0.00320769	0.000269231	0.000192308	0.0392462	0.000215385	0.000207692	0.000392308	0.000176923	0.0391462	0.0232615	0.000676923	0.00951538	0.00646923	0.0242462	0.00331538	0.0049	0.00746154	0	0	0	0	0.00797692	0.00411538	0.00327692	0.0245538	
0.289285	0.164054	0.140062	0.139523	0.396554	0.104685	0.0841308	0.147554	0.163277	0.0592769	0.373946	0.136423	0.00389231	0.00206923	0.723146	0.00381538	0.00357692	0.00663846	0.00354615	0.719162	0.415408	0.0133385	0.186854	0.117323	0.490485	0.0529692	0.0728615	0.116608	0	0	0	0	0.144577	0.0751923	0.0645462	0.448608	
0.0458692	0.0259769	0.0222923	0.0229615	0.0622308	0.0171385	0.0135769	0.0241538	0.0112462	0.00400769	0.0922846	0.00956154	0.000684615	0.000361538	0.115446	0.000607692	0.000638462	0.00106923	0.000507692	0.114885	0.0674	0.00217692	0.0286615	0.0188615	0.0722846	0.00997692	0.0132923	0.0215462	0	0	0	0	0.0228538	0.0120385	0.0106308	0.0715769	
0.0772077	0.0435846	0.0378	0.0377692	0.1052	0.0281154	0.0238385	0.0392077	0.0373154	0.0135	0.113938	0.0316077	0.000961538	0.000546154	0.193892	0.000961538	0.000961538	0.0018	0.000869231	0.192731	0.111377	0.00341538	0.0504462	0.0311231	0.128669	0.0147231	0.0205385	0.0324308	0.0209538	0.00797692	0.144577	0.0228538	0	0	0	0	
0.0398846	0.0229846	0.0200923	0.0192308	0.0557154	0.0150231	0.0112923	0.0201615	0.0196308	0.00716154	0.0591077	0.0162923	0.000561538	0.000330769	0.100785	0.000515385	0.000507692	0.000884615	0.000492308	0.100308	0.0585769	0.00191538	0.0249615	0.0167385	0.0675154	0.00747692	0.0107231	0.0164769	0.0108462	0.00411538	0.0751923	0.0120385	0	0	0	0	
0.0350385	0.0197923	0.0165692	0.0171	0.0478154	0.0125692	0.0104923	0.0176231	0.0165538	0.00596154	0.0520923	0.0138923	0.000546154	0.000307692	0.0872077	0.000438462	0.000461538	0.000784615	0.000330769	0.0869231	0.0503538	0.00157692	0.0221385	0.0144308	0.0577462	0.00676154	0.00947692	0.0145154	0.0100462	0.00327692	0.0645462	0.0106308	0	0	0	0	
0.241392	0.1381	0.116708	0.116746	0.330454	0.0882	0.0694077	0.124885	0.115246	0.0419923	0.359354	0.0963538	0.0035	0.00176923	0.604515	0.00316154	0.00309231	0.00553846	0.00301538	0.6013	0.349662	0.0112231	0.154185	0.0978769	0.400946	0.0469923	0.0622	0.102808	0.0682077	0.0245538	0.448608	0.0715769	0	0	0	0	
