0	0	0	0	0.229292	0.0372308	0.0362769	0.0451615	0.0391692	0.0127615	0.265308	0.0307231	0.00150769	0.000761538	0.344838	0.000853846	0.00114615	0.00556154	0.000969231	0.340285	0.201554	0.0138923	0.110992	0.0215231	0.230738	0.0305923	0.0391538	0.0474769	0.0410154	0.0195846	0.256646	0.0307154	0.0703077	0.0503538	0.0546385	0.172662	
0	0	0	0	0.217485	0.0347231	0.0346846	0.0442308	0.0385154	0.0125538	0.251108	0.0289462	0.00140769	0.000784615	0.327954	0.000976923	0.00103077	0.00503077	0.000830769	0.324231	0.190462	0.0132385	0.106592	0.0208308	0.221123	0.0299231	0.0360077	0.0440692	0.0391385	0.0195846	0.242085	0.0303154	0.0683692	0.0481615	0.0526769	0.161915	
0	0	0	0	0.122846	0.0190615	0.0195385	0.0245769	0.0207769	0.00680769	0.141915	0.0165231	0.000769231	0.000430769	0.184377	0.000446154	0.000607692	0.00273846	0.000646154	0.182031	0.107338	0.00739231	0.0599231	0.0113692	0.123631	0.0170308	0.0201923	0.0251692	0.0218923	0.0104692	0.136862	0.0168	0.0378923	0.0265077	0.0290538	0.0925692	
0	0	0	0	0.0360385	0.0306462	0.0295308	0.0386769	0.0192077	0.00613846	0.0946	0.0149462	0.000507692	0.000330769	0.133692	0.000361538	0.000523077	0.00218462	0.0004	0.131785	0.0744077	0.00552308	0.0463769	0.00858462	0.0935308	0.0114923	0.0133231	0.0165462	0.0119154	0.00596154	0.1085	0.00851538	0.0246846	0.0169923	0.0174923	0.0757231	
0.229292	0.217485	0.122846	0.0360385	0	0	0	0	0.0524385	0.0172462	0.495231	0.0407462	0.00236154	0.00153077	0.600177	0.00159231	0.00202308	0.00902308	0.00184615	0.592769	0.360854	0.0231769	0.185477	0.0361538	0.386631	0.0585	0.0721462	0.0883846	0.0891923	0.0434154	0.405246	0.0678077	0.138608	0.0979692	0.105946	0.263138	
0.0372308	0.0347231	0.0190615	0.0306462	0	0	0	0	0.0202846	0.00643077	0.0791769	0.0157692	0.000630769	0.000169231	0.120592	0.000269231	0.000353846	0.00181538	0.000292308	0.1192	0.0657462	0.00514615	0.0426	0.00816923	0.0872615	0.00923077	0.0113462	0.0138231	0.00764615	0.00381538	0.104446	0.00575385	0.0194923	0.0132846	0.0148615	0.0740231	
0.0362769	0.0346846	0.0195385	0.0295308	0	0	0	0	0.0196	0.0064	0.0784154	0.0156154	0.000446154	0.000207692	0.119015	0.000361538	0.000430769	0.00208462	0.000292308	0.117223	0.0646923	0.00503846	0.0422462	0.00805385	0.0858462	0.00952308	0.0108923	0.0137692	0.00761538	0.00369231	0.102969	0.00575385	0.0189769	0.0136308	0.0145308	0.0728923	
0.0451615	0.0442308	0.0245769	0.0386769	0	0	0	0	0.0253462	0.00818462	0.100108	0.0190077	0.000753846	0.0004	0.151077	0.000415385	0.0005	0.00259231	0.000415385	0.149138	0.0824692	0.00668462	0.0535615	0.00993077	0.109285	0.0117846	0.0142923	0.0172846	0.00950769	0.00467692	0.131431	0.00703077	0.0241769	0.0171308	0.0185231	0.0928154	
0.0391692	0.0385154	0.0207769	0.0192077	0.0524385	0.0202846	0.0196	0.0253462	0	0	0	0	0.000492308	0.000253846	0.1167	0.000223077	0.000361538	0.00183077	0.000407692	0.115069	0.0639692	0.00474615	0.0414462	0.00750769	0.0931077	0.00658462	0.00810769	0.00986923	0.0101538	0.00526154	0.0949923	0.00726154	0.0133077	0.00926923	0.00975385	0.0853385	
0.0127615	0.0125538	0.00680769	0.00613846	0.0172462	0.00643077	0.0064	0.00818462	0	0	0	0	0.000153846	7.69231e-05	0.0379077	0.000123077	0.000146154	0.000653846	5.38462e-05	0.0374077	0.0205769	0.00163846	0.0139538	0.00209231	0.0302231	0.00223077	0.00272308	0.00308462	0.00333846	0.0017	0.0308308	0.00239231	0.00428462	0.00293077	0.00326154	0.0277846	
0.265308	0.251108	0.141915	0.0946	0.495231	0.0791769	0.0784154	0.100108	0	0	0	0	0.00318462	0.0018	0.745908	0.00203846	0.00252308	0.0118231	0.00217692	0.736408	0.440215	0.0301	0.235877	0.0467385	0.473554	0.0754308	0.0917231	0.112223	0.0928077	0.0446692	0.544715	0.0707385	0.172869	0.123115	0.133146	0.3238	
0.0307231	0.0289462	0.0165231	0.0149462	0.0407462	0.0157692	0.0156154	0.0190077	0	0	0	0	0.000361538	0.000176923	0.0903462	0.000253846	0.000276923	0.00120769	0.000207692	0.0894462	0.049	0.00356154	0.0326077	0.00596923	0.0721385	0.00479231	0.00612308	0.00808462	0.00766154	0.00396923	0.0735538	0.00595385	0.0107923	0.0067	0.0077	0.0659462	
0.00150769	0.00140769	0.000769231	0.000507692	0.00236154	0.000630769	0.000446154	0.000753846	0.000492308	0.000153846	0.00318462	0.000361538	0	0	0	0	7.69231e-06	4.61538e-05	1.53846e-05	0.00412308	0.00234615	0.000115385	0.00148462	0.000246154	0.00284615	0.000353846	0.000384615	0.000607692	0.000438462	0.000207692	0.00323077	0.000315385	0.000784615	0.000607692	0.000607692	0.00219231	
0.000761538	0.000784615	0.000430769	0.000330769	0.00153077	0.000169231	0.000207692	0.0004	0.000253846	7.69231e-05	0.0018	0.000176923	0	0	0	0	2.30769e-05	4.61538e-05	0	0.00223846	0.00126154	0.000130769	0.000807692	0.000107692	0.00156154	0.0002	0.000269231	0.000276923	0.000323077	0.000184615	0.0016	0.0002	0.000407692	0.000384615	0.000307692	0.00120769	
0.344838	0.327954	0.184377	0.133692	0.600177	0.120592	0.119015	0.151077	0.1167	0.0379077	0.745908	0.0903462	0	0	0	0	0.00327692	0.0154	0.00282308	0.969362	0.568692	0.0396462	0.320723	0.0618	0.662869	0.0882308	0.107708	0.132054	0.112862	0.0550308	0.737323	0.0856462	0.199477	0.140677	0.152431	0.498277	
0.000853846	0.000976923	0.000446154	0.000361538	0.00159231	0.000269231	0.000361538	0.000415385	0.000223077	0.000123077	0.00203846	0.000253846	0	0	0	0	0	2.30769e-05	7.69231e-06	0.00260769	0.00146154	0.000153846	0.000869231	0.000153846	0.00174615	0.000253846	0.000315385	0.000323077	0.000338462	0.000176923	0.00193846	0.000184615	0.000584615	0.000346154	0.000515385	0.00119231	
0.00114615	0.00103077	0.000607692	0.000523077	0.00202308	0.000353846	0.000430769	0.0005	0.000361538	0.000146154	0.00252308	0.000276923	7.69231e-06	2.30769e-05	0.00327692	0	0	0	0	0	0.00192308	0.000169231	0.00102308	0.000192308	0.00215385	0.000284615	0.000376923	0.000492308	0.000392308	0.000176923	0.00246154	0.000276923	0.000615385	0.000492308	0.000523077	0.00167692	
0.00556154	0.00503077	0.00273846	0.00218462	0.00902308	0.00181538	0.00208462	0.00259231	0.00183077	0.000653846	0.0118231	0.00120769	4.61538e-05	4.61538e-05	0.0154	2.30769e-05	0	0	0	0	0.0091	0.000553846	0.00495385	0.000907692	0.0105	0.00126154	0.00166154	0.00209231	0.00177692	0.000815385	0.0116615	0.00126154	0.00310769	0.00211538	0.00240769	0.00788462	
0.000969231	0.000830769	0.000646154	0.0004	0.00184615	0.000292308	0.000292308	0.000415385	0.000407692	5.38462e-05	0.00217692	0.000207692	1.53846e-05	0	0.00282308	7.69231e-06	0	0	0	0	0.00176923	8.46154e-05	0.000838462	0.000153846	0.00192308	0.000292308	0.000330769	0.0003	0.000276923	0.000215385	0.00208462	0.000269231	0.000530769	0.000484615	0.000515385	0.00131538	
0.340285	0.324231	0.182031	0.131785	0.592769	0.1192	0.117223	0.149138	0.115069	0.0374077	0.736408	0.0894462	0.00412308	0.00223846	0.969362	0.00260769	0	0	0	0	0.560969	0.0392385	0.317069	0.0610538	0.654446	0.0872	0.106308	0.130377	0.111515	0.0543923	0.727885	0.0845385	0.197	0.138923	0.150415	0.491992	
0.201554	0.190462	0.107338	0.0744077	0.360854	0.0657462	0.0646923	0.0824692	0.0639692	0.0205769	0.440215	0.049	0.00234615	0.00126154	0.568692	0.00146154	0.00192308	0.0091	0.00176923	0.560969	0	0	0	0	0.345723	0.0615154	0.0750231	0.0915	0.088	0.0429462	0.376208	0.0666077	0.120485	0.0858615	0.0915769	0.275838	
0.0138923	0.0132385	0.00739231	0.00552308	0.0231769	0.00514615	0.00503846	0.00668462	0.00474615	0.00163846	0.0301	0.00356154	0.000115385	0.000130769	0.0396462	0.000153846	0.000169231	0.000553846	8.46154e-05	0.0392385	0	0	0	0	0.0253385	0.00376923	0.00479231	0.00614615	0.00255385	0.00132308	0.0343077	0.00186154	0.00788462	0.00502308	0.00580769	0.0213308	
0.110992	0.106592	0.0599231	0.0463769	0.185477	0.0426	0.0422462	0.0535615	0.0414462	0.0139538	0.235877	0.0326077	0.00148462	0.000807692	0.320723	0.000869231	0.00102308	0.00495385	0.000838462	0.317069	0	0	0	0	0.258062	0.0178692	0.0215	0.0264538	0.0193538	0.00930769	0.280808	0.0144154	0.0608923	0.0427923	0.0470923	0.173108	
0.0215231	0.0208308	0.0113692	0.00858462	0.0361538	0.00816923	0.00805385	0.00993077	0.00750769	0.00209231	0.0467385	0.00596923	0.000246154	0.000107692	0.0618	0.000153846	0.000192308	0.000907692	0.000153846	0.0610538	0	0	0	0	0.0399	0.00588462	0.00736154	0.00916154	0.00405385	0.00202308	0.0527692	0.00346154	0.0119923	0.00833846	0.00938462	0.0325923	
0.230738	0.221123	0.123631	0.0935308	0.386631	0.0872615	0.0858462	0.109285	0.0931077	0.0302231	0.473554	0.0721385	0.00284615	0.00156154	0.662869	0.00174615	0.00215385	0.0105	0.00192308	0.654446	0.345723	0.0253385	0.258062	0.0399	0	0	0	0	0.0600231	0.0296538	0.533515	0.0458308	0.128077	0.0906692	0.0975231	0.352754	
0.0305923	0.0299231	0.0170308	0.0114923	0.0585	0.00923077	0.00952308	0.0117846	0.00658462	0.00223077	0.0754308	0.00479231	0.000353846	0.0002	0.0882308	0.000253846	0.000284615	0.00126154	0.000292308	0.0872	0.0615154	0.00376923	0.0178692	0.00588462	0	0	0	0	0.0149615	0.00725385	0.0560231	0.0108	0.0199923	0.0135077	0.0149308	0.0406077	
0.0391538	0.0360077	0.0201923	0.0133231	0.0721462	0.0113462	0.0108923	0.0142923	0.00810769	0.00272308	0.0917231	0.00612308	0.000384615	0.000269231	0.107708	0.000315385	0.000376923	0.00166154	0.000330769	0.106308	0.0750231	0.00479231	0.0215	0.00736154	0	0	0	0	0.0173077	0.00825385	0.0699385	0.0131769	0.0241462	0.0169538	0.0187308	0.0488462	
0.0474769	0.0440692	0.0251692	0.0165462	0.0883846	0.0138231	0.0137692	0.0172846	0.00986923	0.00308462	0.112223	0.00808462	0.000607692	0.000276923	0.132054	0.000323077	0.000492308	0.00209231	0.0003	0.130377	0.0915	0.00614615	0.0264538	0.00916154	0	0	0	0	0.0216692	0.0104385	0.0846154	0.0165385	0.0290385	0.0208846	0.0226769	0.0606615	
0.0410154	0.0391385	0.0218923	0.0119154	0.0891923	0.00764615	0.00761538	0.00950769	0.0101538	0.00333846	0.0928077	0.00766154	0.000438462	0.000323077	0.112862	0.000338462	0.000392308	0.00177692	0.000276923	0.111515	0.088	0.00255385	0.0193538	0.00405385	0.0600231	0.0149615	0.0173077	0.0216692	0	0	0	0	0.0298538	0.0222769	0.0227846	0.0390462	
0.0195846	0.0195846	0.0104692	0.00596154	0.0434154	0.00381538	0.00369231	0.00467692	0.00526154	0.0017	0.0446692	0.00396923	0.000207692	0.000184615	0.0550308	0.000176923	0.000176923	0.000815385	0.000215385	0.0543923	0.0429462	0.00132308	0.00930769	0.00202308	0.0296538	0.00725385	0.00825385	0.0104385	0	0	0	0	0.0146308	0.0105615	0.0110308	0.0193769	
0.256646	0.242085	0.136862	0.1085	0.405246	0.104446	0.102969	0.131431	0.0949923	0.0308308	0.544715	0.0735538	0.00323077	0.0016	0.737323	0.00193846	0.00246154	0.0116615	0.00208462	0.727885	0.376208	0.0343077	0.280808	0.0527692	0.533515	0.0560231	0.0699385	0.0846154	0	0	0	0	0.133523	0.0936154	0.102685	0.414269	
0.0307154	0.0303154	0.0168	0.00851538	0.0678077	0.00575385	0.00575385	0.00703077	0.00726154	0.00239231	0.0707385	0.00595385	0.000315385	0.0002	0.0856462	0.000184615	0.000276923	0.00126154	0.000269231	0.0845385	0.0666077	0.00186154	0.0144154	0.00346154	0.0458308	0.0108	0.0131769	0.0165385	0	0	0	0	0.0232462	0.0155615	0.0173615	0.0301769	
0.0703077	0.0683692	0.0378923	0.0246846	0.138608	0.0194923	0.0189769	0.0241769	0.0133077	0.00428462	0.172869	0.0107923	0.000784615	0.000407692	0.199477	0.000584615	0.000615385	0.00310769	0.000530769	0.197	0.120485	0.00788462	0.0608923	0.0119923	0.128077	0.0199923	0.0241462	0.0290385	0.0298538	0.0146308	0.133523	0.0232462	0	0	0	0	
0.0503538	0.0481615	0.0265077	0.0169923	0.0979692	0.0132846	0.0136308	0.0171308	0.00926923	0.00293077	0.123115	0.0067	0.000607692	0.000384615	0.140677	0.000346154	0.000492308	0.00211538	0.000484615	0.138923	0.0858615	0.00502308	0.0427923	0.00833846	0.0906692	0.0135077	0.0169538	0.0208846	0.0222769	0.0105615	0.0936154	0.0155615	0	0	0	0	
0.0546385	0.0526769	0.0290538	0.0174923	0.105946	0.0148615	0.0145308	0.0185231	0.00975385	0.00326154	0.133146	0.0077	0.000607692	0.000307692	0.152431	0.000515385	0.000523077	0.00240769	0.000515385	0.150415	0.0915769	0.00580769	0.0470923	0.00938462	0.0975231	0.0149308	0.0187308	0.0226769	0.0227846	0.0110308	0.102685	0.0173615	0	0	0	0	
0.172662	0.161915	0.0925692	0.0757231	0.263138	0.0740231	0.0728923	0.0928154	0.0853385	0.0277846	0.3238	0.0659462	0.00219231	0.00120769	0.498277	0.00119231	0.00167692	0.00788462	0.00131538	0.491992	0.275838	0.0213308	0.173108	0.0325923	0.352754	0.0406077	0.0488462	0.0606615	0.0390462	0.0193769	0.414269	0.0301769	0	0	0	0	
