0	0	0	0	0.231177	0.0445846	0.0381846	0.0479615	0.0432154	0.0117923	0.274669	0.0322308	0.00180769	0.000961538	0.358208	0.000930769	0.00115385	0.00662308	0.000746154	0.353385	0.206415	0.0242154	0.106985	0.0242923	0.240846	0.0377538	0.0256846	0.0576231	0.0617615	0.0216308	0.242977	0.0355385	0.0968692	0.0507769	0.0465692	0.167692	
0	0	0	0	0.2204	0.0431077	0.0369231	0.0460308	0.0411231	0.0115846	0.261854	0.0319	0.00143846	0.000715385	0.343208	0.0011	0.00102308	0.00634615	0.000523077	0.338569	0.197485	0.0233846	0.102938	0.0226538	0.230031	0.0367077	0.0245	0.0552231	0.0593538	0.0197769	0.234077	0.0332538	0.0914769	0.0492692	0.0438	0.161915	
0	0	0	0	0.116915	0.0217077	0.0192308	0.0246923	0.0215462	0.00644615	0.138638	0.0159154	0.000661538	0.000415385	0.180977	0.000492308	0.000530769	0.0034	0.000338462	0.178277	0.103908	0.0126615	0.0540308	0.0119462	0.120831	0.0198923	0.0129385	0.0288846	0.0318231	0.0105077	0.122823	0.0173923	0.0488923	0.0252231	0.0231	0.0853308	
0	0	0	0	0.0540538	0.0184615	0.0162538	0.0203154	0.0142231	0.00392308	0.0801154	0.0108231	0.000507692	0.000253846	0.107969	0.000353846	0.000330769	0.00213077	0.000146154	0.106477	0.0617923	0.00723846	0.0323615	0.00769231	0.0727231	0.0112615	0.0073	0.0178	0.0172615	0.00590769	0.0757692	0.0101462	0.0283308	0.0152615	0.0137692	0.0517231	
0.231177	0.2204	0.116915	0.0540538	0	0	0	0	0.0539769	0.0149308	0.512346	0.0412923	0.00271538	0.00145385	0.616646	0.00173077	0.00196154	0.0116231	0.00103846	0.607923	0.368	0.0404308	0.174854	0.0392615	0.404408	0.0689231	0.0451385	0.104077	0.131292	0.0444154	0.372492	0.0743462	0.175577	0.0935	0.0841462	0.269323	
0.0445846	0.0431077	0.0217077	0.0184615	0	0	0	0	0.0220615	0.00630769	0.0824692	0.0170231	0.000507692	0.000284615	0.126677	0.000392308	0.000407692	0.00233077	0.000176923	0.124946	0.0684615	0.00895385	0.0413	0.00914615	0.0879769	0.0123692	0.00852308	0.0189923	0.0130231	0.00444615	0.102631	0.00776154	0.0308538	0.0161846	0.0145154	0.0663077	
0.0381846	0.0369231	0.0192308	0.0162538	0	0	0	0	0.0195692	0.00553077	0.0712769	0.0142154	0.000569231	0.000292308	0.109508	0.000223077	0.0003	0.002	0.000269231	0.108023	0.0593923	0.00791538	0.0351923	0.00809231	0.0757	0.0110231	0.00768462	0.0161846	0.0114462	0.00408462	0.0889308	0.00613077	0.0262923	0.0138846	0.0127538	0.0576615	
0.0479615	0.0460308	0.0246923	0.0203154	0	0	0	0	0.0245	0.00697692	0.0891846	0.0183385	0.000623077	0.000315385	0.137531	0.000530769	0.000369231	0.00254615	0.000269231	0.135815	0.0737462	0.0102	0.0449692	0.0100846	0.0963462	0.0133	0.00907692	0.0202769	0.0144385	0.00487692	0.111592	0.00809231	0.0328462	0.0169615	0.0158231	0.0733692	
0.0432154	0.0411231	0.0215462	0.0142231	0.0539769	0.0220615	0.0195692	0.0245	0	0	0	0	0.0005	0.000253846	0.118938	0.000415385	0.000423077	0.0022	0.000184615	0.1173	0.0657308	0.00873077	0.0372615	0.00838462	0.0822231	0.0119615	0.00823077	0.0176923	0.016	0.00527692	0.0897308	0.0091	0.0197231	0.0104385	0.00938462	0.0805615	
0.0117923	0.0115846	0.00644615	0.00392308	0.0149308	0.00630769	0.00553077	0.00697692	0	0	0	0	0.000161538	5.38462e-05	0.0334769	5.38462e-05	0.0001	0.000561538	2.30769e-05	0.0330615	0.0184077	0.00229231	0.0108077	0.00223846	0.0231308	0.00354615	0.00209231	0.00497692	0.00478462	0.00146154	0.0248692	0.00263077	0.00582308	0.00263846	0.00291538	0.0223692	
0.274669	0.261854	0.138638	0.0801154	0.512346	0.0824692	0.0712769	0.0891846	0	0	0	0	0.00336923	0.00181538	0.747946	0.00214615	0.00228462	0.0140385	0.00135385	0.7376	0.435154	0.0502308	0.220338	0.0495538	0.4971	0.0810692	0.0537538	0.123354	0.137023	0.0467385	0.493392	0.0781231	0.224631	0.119923	0.107469	0.303254	
0.0322308	0.0319	0.0159154	0.0108231	0.0412923	0.0170231	0.0142154	0.0183385	0	0	0	0	0.000384615	0.000223077	0.09	0.000261538	0.000230769	0.0017	0.000192308	0.0887462	0.0503077	0.00624615	0.0279077	0.00640769	0.0619769	0.00903846	0.00634615	0.0135077	0.0123923	0.00434615	0.0676538	0.00647692	0.0153923	0.00753077	0.00746923	0.0604769	
0.00180769	0.00143846	0.000661538	0.000507692	0.00271538	0.000507692	0.000569231	0.000623077	0.0005	0.000161538	0.00336923	0.000384615	0	0	0	0	1.53846e-05	0.0001	0	0.0043	0.00241538	0.000284615	0.00137692	0.000338462	0.00302308	0.000469231	0.000292308	0.000630769	0.000676923	0.000238462	0.00314615	0.000353846	0.00121538	0.000546154	0.000523077	0.00213077	
0.000961538	0.000715385	0.000415385	0.000253846	0.00145385	0.000284615	0.000292308	0.000315385	0.000253846	5.38462e-05	0.00181538	0.000223077	0	0	0	0	0	4.61538e-05	7.69231e-06	0.00229231	0.00131538	0.000176923	0.000707692	0.000146154	0.00160769	0.000269231	0.000115385	0.000353846	0.000392308	0.000176923	0.00153077	0.000246154	0.000715385	0.000392308	0.000223077	0.00101538	
0.358208	0.343208	0.180977	0.107969	0.616646	0.126677	0.109508	0.137531	0.118938	0.0334769	0.747946	0.09	0	0	0	0	0.00302308	0.0183	0.00173846	0.9673	0.564238	0.0668538	0.293377	0.0658923	0.658085	0.104454	0.0697923	0.158031	0.168723	0.0572	0.668992	0.0954462	0.263008	0.139269	0.126015	0.462069	
0.000930769	0.0011	0.000492308	0.000353846	0.00173077	0.000392308	0.000223077	0.000530769	0.000415385	5.38462e-05	0.00214615	0.000261538	0	0	0	0	0	5.38462e-05	7.69231e-06	0.00281538	0.00163077	0.000184615	0.000853846	0.000207692	0.00171538	0.000423077	0.000223077	0.000515385	0.000407692	0.000207692	0.00197692	0.000284615	0.000630769	0.000323077	0.000476923	0.00144615	
0.00115385	0.00102308	0.000530769	0.000330769	0.00196154	0.000407692	0.0003	0.000369231	0.000423077	0.0001	0.00228462	0.000230769	1.53846e-05	0	0.00302308	0	0	0	0	0	0.00171538	0.000223077	0.000861538	0.000238462	0.00209231	0.000346154	0.000169231	0.000430769	0.000553846	0.000223077	0.00200769	0.000253846	0.000830769	0.000369231	0.000338462	0.0015	
0.00662308	0.00634615	0.0034	0.00213077	0.0116231	0.00233077	0.002	0.00254615	0.0022	0.000561538	0.0140385	0.0017	0.0001	4.61538e-05	0.0183	5.38462e-05	0	0	0	0	0.0105769	0.00121538	0.00553077	0.00117692	0.0122231	0.00203846	0.00135385	0.00288462	0.00303846	0.00113846	0.0126231	0.0017	0.00476923	0.00242308	0.00251538	0.00879231	
0.000746154	0.000523077	0.000338462	0.000146154	0.00103846	0.000176923	0.000269231	0.000269231	0.000184615	2.30769e-05	0.00135385	0.000192308	0	7.69231e-06	0.00173846	7.69231e-06	0	0	0	0	0.000984615	0.0001	0.000530769	0.000138462	0.00125385	0.000184615	6.15385e-05	0.000253846	0.000192308	9.23077e-05	0.00127692	0.000192308	0.000461538	0.000330769	0.000215385	0.000746154	
0.353385	0.338569	0.178277	0.106477	0.607923	0.124946	0.108023	0.135815	0.1173	0.0330615	0.7376	0.0887462	0.0043	0.00229231	0.9673	0.00281538	0	0	0	0	0.556323	0.0659615	0.289392	0.0650308	0.648862	0.103046	0.0688385	0.155962	0.166415	0.0563692	0.659738	0.0941846	0.259508	0.137408	0.124169	0.455623	
0.206415	0.197485	0.103908	0.0617923	0.368	0.0684615	0.0593923	0.0737462	0.0657308	0.0184077	0.435154	0.0503077	0.00241538	0.00131538	0.564238	0.00163077	0.00171538	0.0105769	0.000984615	0.556323	0	0	0	0	0.368192	0.0630462	0.0423462	0.0960154	0.126869	0.0435615	0.327254	0.0719154	0.158162	0.0842	0.0752077	0.252031	
0.0242154	0.0233846	0.0126615	0.00723846	0.0404308	0.00895385	0.00791538	0.0102	0.00873077	0.00229231	0.0502308	0.00624615	0.000284615	0.000176923	0.0668538	0.000184615	0.000223077	0.00121538	0.0001	0.0659615	0	0	0	0	0.0463231	0.0067	0.00442308	0.0100538	0.00655385	0.0021	0.0549154	0.00393077	0.0167077	0.00903846	0.00799231	0.0337615	
0.106985	0.102938	0.0540308	0.0323615	0.174854	0.0413	0.0351923	0.0449692	0.0372615	0.0108077	0.220338	0.0279077	0.00137692	0.000707692	0.293377	0.000853846	0.000861538	0.00553077	0.000530769	0.289392	0	0	0	0	0.204177	0.0290077	0.0191769	0.0439538	0.0301615	0.0100615	0.239292	0.0168	0.0749923	0.0384615	0.0359462	0.146915	
0.0242923	0.0226538	0.0119462	0.00769231	0.0392615	0.00914615	0.00809231	0.0100846	0.00838462	0.00223846	0.0495538	0.00640769	0.000338462	0.000146154	0.0658923	0.000207692	0.000238462	0.00117692	0.000138462	0.0650308	0	0	0	0	0.0457385	0.00686154	0.00447692	0.00950769	0.00661538	0.0021	0.0541846	0.00368462	0.0157077	0.00883077	0.00809231	0.0339538	
0.240846	0.230031	0.120831	0.0727231	0.404408	0.0879769	0.0757	0.0963462	0.0822231	0.0231308	0.4971	0.0619769	0.00302308	0.00160769	0.658085	0.00171538	0.00209231	0.0122231	0.00125385	0.648862	0.368192	0.0463231	0.204177	0.0457385	0	0	0	0	0.0921308	0.0313231	0.488769	0.0522077	0.171477	0.0909692	0.0821231	0.319862	
0.0377538	0.0367077	0.0198923	0.0112615	0.0689231	0.0123692	0.0110231	0.0133	0.0119615	0.00354615	0.0810692	0.00903846	0.000469231	0.000269231	0.104454	0.000423077	0.000346154	0.00203846	0.000184615	0.103046	0.0630462	0.0067	0.0290077	0.00686154	0	0	0	0	0.0244692	0.00838462	0.0586154	0.0141462	0.0291615	0.0161231	0.0136154	0.0467154	
0.0256846	0.0245	0.0129385	0.0073	0.0451385	0.00852308	0.00768462	0.00907692	0.00823077	0.00209231	0.0537538	0.00634615	0.000292308	0.000115385	0.0697923	0.000223077	0.000169231	0.00135385	6.15385e-05	0.0688385	0.0423462	0.00442308	0.0191769	0.00447692	0	0	0	0	0.0163385	0.00575385	0.0392538	0.00907692	0.0193538	0.0104846	0.00998462	0.0306	
0.0576231	0.0552231	0.0288846	0.0178	0.104077	0.0189923	0.0161846	0.0202769	0.0176923	0.00497692	0.123354	0.0135077	0.000630769	0.000353846	0.158031	0.000515385	0.000430769	0.00288462	0.000253846	0.155962	0.0960154	0.0100538	0.0439538	0.00950769	0	0	0	0	0.0372615	0.0123615	0.0890077	0.0209	0.0455769	0.0229538	0.0215154	0.0694846	
0.0617615	0.0593538	0.0318231	0.0172615	0.131292	0.0130231	0.0114462	0.0144385	0.016	0.00478462	0.137023	0.0123923	0.000676923	0.000392308	0.168723	0.000407692	0.000553846	0.00303846	0.000192308	0.166415	0.126869	0.00655385	0.0301615	0.00661538	0.0921308	0.0244692	0.0163385	0.0372615	0	0	0	0	0.0596077	0.0313692	0.0277538	0.0514692	
0.0216308	0.0197769	0.0105077	0.00590769	0.0444154	0.00444615	0.00408462	0.00487692	0.00527692	0.00146154	0.0467385	0.00434615	0.000238462	0.000176923	0.0572	0.000207692	0.000223077	0.00113846	9.23077e-05	0.0563692	0.0435615	0.0021	0.0100615	0.0021	0.0313231	0.00838462	0.00575385	0.0123615	0	0	0	0	0.0199077	0.0107231	0.0100308	0.0171615	
0.242977	0.234077	0.122823	0.0757692	0.372492	0.102631	0.0889308	0.111592	0.0897308	0.0248692	0.493392	0.0676538	0.00314615	0.00153077	0.668992	0.00197692	0.00200769	0.0126231	0.00127692	0.659738	0.327254	0.0549154	0.239292	0.0541846	0.488769	0.0586154	0.0392538	0.0890077	0	0	0	0	0.152	0.0803615	0.0733538	0.369931	
0.0355385	0.0332538	0.0173923	0.0101462	0.0743462	0.00776154	0.00613077	0.00809231	0.0091	0.00263077	0.0781231	0.00647692	0.000353846	0.000246154	0.0954462	0.000284615	0.000253846	0.0017	0.000192308	0.0941846	0.0719154	0.00393077	0.0168	0.00368462	0.0522077	0.0141462	0.00907692	0.0209	0	0	0	0	0.0340538	0.0180769	0.0161	0.0281	
0.0968692	0.0914769	0.0488923	0.0283308	0.175577	0.0308538	0.0262923	0.0328462	0.0197231	0.00582308	0.224631	0.0153923	0.00121538	0.000715385	0.263008	0.000630769	0.000830769	0.00476923	0.000461538	0.259508	0.158162	0.0167077	0.0749923	0.0157077	0.171477	0.0291615	0.0193538	0.0455769	0.0596077	0.0199077	0.152	0.0340538	0	0	0	0	
0.0507769	0.0492692	0.0252231	0.0152615	0.0935	0.0161846	0.0138846	0.0169615	0.0104385	0.00263846	0.119923	0.00753077	0.000546154	0.000392308	0.139269	0.000323077	0.000369231	0.00242308	0.000330769	0.137408	0.0842	0.00903846	0.0384615	0.00883077	0.0909692	0.0161231	0.0104846	0.0229538	0.0313692	0.0107231	0.0803615	0.0180769	0	0	0	0	
0.0465692	0.0438	0.0231	0.0137692	0.0841462	0.0145154	0.0127538	0.0158231	0.00938462	0.00291538	0.107469	0.00746923	0.000523077	0.000223077	0.126015	0.000476923	0.000338462	0.00251538	0.000215385	0.124169	0.0752077	0.00799231	0.0359462	0.00809231	0.0821231	0.0136154	0.00998462	0.0215154	0.0277538	0.0100308	0.0733538	0.0161	0	0	0	0	
0.167692	0.161915	0.0853308	0.0517231	0.269323	0.0663077	0.0576615	0.0733692	0.0805615	0.0223692	0.303254	0.0604769	0.00213077	0.00101538	0.462069	0.00144615	0.0015	0.00879231	0.000746154	0.455623	0.252031	0.0337615	0.146915	0.0339538	0.319862	0.0467154	0.0306	0.0694846	0.0514692	0.0171615	0.369931	0.0281	0	0	0	0	
