0	0	0	0	0.222477	0.0370154	0.0374538	0.0450154	0.0408154	0.0123	0.258023	0.0308231	0.00117692	0.0009	0.338746	0.00113846	0.00123846	0.0134615	0.00131538	0.325946	0.202792	0.0161077	0.102938	0.0201231	0.228708	0.0293538	0.0400308	0.0438692	0.0370615	0.0232077	0.249423	0.0322692	0.0649462	0.05	0.0593769	0.167638	
0	0	0	0	0.221092	0.0366538	0.0358846	0.0435538	0.0395231	0.0125154	0.2547	0.0304462	0.00135385	0.000984615	0.333869	0.000976923	0.00125385	0.0130154	0.00113846	0.321777	0.198362	0.0155846	0.102862	0.0203769	0.225246	0.0293308	0.0395154	0.0430923	0.0376538	0.0232385	0.244131	0.0321615	0.0652846	0.049	0.0589385	0.163962	
0	0	0	0	0.1211	0.0198462	0.0199462	0.0240308	0.0217385	0.00706154	0.138715	0.0174077	0.0007	0.000561538	0.182946	0.000715385	0.000676923	0.00753846	0.000538462	0.176169	0.110977	0.00806154	0.0554154	0.0104692	0.122615	0.0167077	0.0215692	0.0240308	0.0204	0.0132308	0.133531	0.0177615	0.0357462	0.0280615	0.0325846	0.0885308	
0	0	0	0	0.0384	0.0303923	0.0310385	0.0361	0.0203385	0.00626923	0.0936	0.0157231	0.000630769	0.000376923	0.134492	0.000430769	0.000392308	0.00519231	0.000361538	0.129985	0.0782077	0.00606923	0.0438462	0.00780769	0.0909077	0.0120154	0.0158231	0.0171846	0.0125385	0.00723846	0.105454	0.0107	0.0252538	0.0184462	0.0230846	0.0691462	
0.222477	0.221092	0.1211	0.0384	0	0	0	0	0.0522769	0.0161462	0.494754	0.0398923	0.0024	0.00173846	0.596877	0.00205385	0.00206154	0.0235	0.00199231	0.575515	0.363262	0.0285538	0.174792	0.0364615	0.397462	0.0543538	0.0718	0.0794538	0.0794615	0.0491	0.4057	0.0688077	0.122369	0.0937308	0.110415	0.276554	
0.0370154	0.0366538	0.0198462	0.0303923	0	0	0	0	0.0212308	0.00714615	0.0780769	0.0174538	0.000446154	0.000346154	0.122762	0.000353846	0.000530769	0.00475385	0.000476923	0.118146	0.0714	0.00530769	0.0404077	0.00679231	0.0838846	0.0104692	0.0138462	0.0157077	0.00903846	0.00568462	0.101669	0.00751538	0.0212308	0.0163077	0.0197769	0.0665923	
0.0374538	0.0358846	0.0199462	0.0310385	0	0	0	0	0.0226462	0.00683077	0.0779846	0.0168615	0.000430769	0.000369231	0.123085	0.000438462	0.000376923	0.00505385	0.000407692	0.118485	0.0712846	0.00546923	0.0403154	0.00725385	0.0849231	0.0106	0.0140769	0.0147231	0.00893846	0.00523077	0.102546	0.00760769	0.0214615	0.0161615	0.0199615	0.0667385	
0.0450154	0.0435538	0.0240308	0.0361	0	0	0	0	0.0262615	0.00802308	0.0942231	0.0201923	0.000584615	0.000369231	0.147331	0.000415385	0.000592308	0.0059	0.000476923	0.141731	0.0843923	0.00649231	0.0495462	0.00826923	0.101208	0.0119846	0.0172154	0.0182923	0.0102154	0.0069	0.122623	0.00896154	0.0261692	0.0193077	0.0238308	0.0793923	
0.0408154	0.0395231	0.0217385	0.0203385	0.0522769	0.0212308	0.0226462	0.0262615	0	0	0	0	0.000376923	0.000346154	0.121231	0.000461538	0.000469231	0.00481538	0.000376923	0.116754	0.0713846	0.00523846	0.0392154	0.00657692	0.0830385	0.0100769	0.0143615	0.0149385	0.0106462	0.00641538	0.0963692	0.00898462	0.0147615	0.0116308	0.0135308	0.0824923	
0.0123	0.0125154	0.00706154	0.00626923	0.0161462	0.00714615	0.00683077	0.00802308	0	0	0	0	0.000123077	0.000115385	0.0378	0.000107692	0.000161538	0.00145385	6.15385e-05	0.0364692	0.0222077	0.00161538	0.0120846	0.00223846	0.0256231	0.00327692	0.00453846	0.00470769	0.00336923	0.00182308	0.0300308	0.00292308	0.00498462	0.00353077	0.00439231	0.0252385	
0.258023	0.2547	0.138715	0.0936	0.494754	0.0780769	0.0779846	0.0942231	0	0	0	0	0.00302308	0.00211538	0.737523	0.00237692	0.00261538	0.0293	0.00256923	0.710554	0.4423	0.0345769	0.223723	0.0444385	0.495331	0.0657769	0.0871154	0.0968154	0.0853769	0.0534	0.532423	0.0738385	0.160438	0.121277	0.145346	0.317977	
0.0308231	0.0304462	0.0174077	0.0157231	0.0398923	0.0174538	0.0168615	0.0201923	0	0	0	0	0.000338462	0.000246154	0.0935	0.000315385	0.000315385	0.00363846	0.000346154	0.0901	0.0544462	0.00439231	0.0300385	0.00552308	0.0634846	0.00827692	0.0109231	0.0117154	0.00826154	0.00527692	0.0737154	0.00714615	0.0110462	0.00906923	0.0107154	0.0635692	
0.00117692	0.00135385	0.0007	0.000630769	0.0024	0.000446154	0.000430769	0.000584615	0.000376923	0.000123077	0.00302308	0.000338462	0	0	0	0	7.69231e-06	0.000107692	0	0.00374615	0.00235385	0.000207692	0.00110769	0.000192308	0.00263846	0.000369231	0.000453846	0.0004	0.000284615	0.000353846	0.00290769	0.000315385	0.000715385	0.000515385	0.000684615	0.00194615	
0.0009	0.000984615	0.000561538	0.000376923	0.00173846	0.000346154	0.000369231	0.000369231	0.000346154	0.000115385	0.00211538	0.000246154	0	0	0	0	7.69231e-06	0.000123077	7.69231e-06	0.00268462	0.00165385	0.000169231	0.0008	0.0002	0.0018	0.000315385	0.000346154	0.000361538	0.000353846	0.000176923	0.00199231	0.0003	0.000476923	0.000338462	0.000523077	0.00148462	
0.338746	0.333869	0.182946	0.134492	0.596877	0.122762	0.123085	0.147331	0.121231	0.0378	0.737523	0.0935	0	0	0	0	0.00351538	0.0388538	0.00333846	0.944346	0.584323	0.0452769	0.302238	0.0582154	0.660692	0.0865231	0.115854	0.126985	0.106662	0.0661462	0.725262	0.0919846	0.189408	0.144254	0.172131	0.484262	
0.00113846	0.000976923	0.000715385	0.000430769	0.00205385	0.000353846	0.000438462	0.000415385	0.000461538	0.000107692	0.00237692	0.000315385	0	0	0	0	3.07692e-05	0.000123077	7.69231e-06	0.0031	0.00200769	0.000169231	0.000915385	0.000169231	0.00234615	0.0002	0.000284615	0.000430769	0.000353846	0.000238462	0.00237692	0.000292308	0.000630769	0.0004	0.000646154	0.00158462	
0.00123846	0.00125385	0.000676923	0.000392308	0.00206154	0.000530769	0.000376923	0.000592308	0.000469231	0.000161538	0.00261538	0.000315385	7.69231e-06	7.69231e-06	0.00351538	3.07692e-05	0	0	0	0	0.00211538	0.000153846	0.00108462	0.000207692	0.00244615	0.000215385	0.000330769	0.000569231	0.000446154	0.000238462	0.00260769	0.000269231	0.000769231	0.000453846	0.000638462	0.0017	
0.0134615	0.0130154	0.00753846	0.00519231	0.0235	0.00475385	0.00505385	0.0059	0.00481538	0.00145385	0.0293	0.00363846	0.000107692	0.000123077	0.0388538	0.000123077	0	0	0	0	0.0228769	0.00186154	0.0122538	0.00221538	0.0261923	0.00345385	0.00473077	0.00483077	0.00401538	0.00272308	0.0289615	0.00350769	0.00756154	0.00553846	0.00726154	0.0188462	
0.00131538	0.00113846	0.000538462	0.000361538	0.00199231	0.000476923	0.000407692	0.000476923	0.000376923	6.15385e-05	0.00256923	0.000346154	0	7.69231e-06	0.00333846	7.69231e-06	0	0	0	0	0.00200769	0.000230769	0.000976923	0.000138462	0.00214615	0.000253846	0.000438462	0.000515385	0.0003	0.000230769	0.00250769	0.000315385	0.000584615	0.0005	0.000607692	0.00166154	
0.325946	0.321777	0.176169	0.129985	0.575515	0.118146	0.118485	0.141731	0.116754	0.0364692	0.710554	0.0901	0.00374615	0.00268462	0.944346	0.0031	0	0	0	0	0.563338	0.0435769	0.290746	0.0562154	0.636692	0.0834846	0.111438	0.122262	0.102892	0.0637231	0.698462	0.0888	0.182315	0.139015	0.165477	0.467069	
0.202792	0.198362	0.110977	0.0782077	0.363262	0.0714	0.0712846	0.0843923	0.0713846	0.0222077	0.4423	0.0544462	0.00235385	0.00165385	0.584323	0.00200769	0.00211538	0.0228769	0.00200769	0.563338	0	0	0	0	0.390269	0.0526923	0.0709154	0.0764615	0.0782231	0.0481692	0.3963	0.0676462	0.116392	0.0878538	0.105131	0.280962	
0.0161077	0.0155846	0.00806154	0.00606923	0.0285538	0.00530769	0.00546923	0.00649231	0.00523846	0.00161538	0.0345769	0.00439231	0.000207692	0.000169231	0.0452769	0.000169231	0.000153846	0.00186154	0.000230769	0.0435769	0	0	0	0	0.0303	0.00429231	0.00523846	0.00599231	0.00626154	0.00370769	0.0305385	0.00531538	0.00883077	0.00706154	0.00853077	0.0214	
0.102938	0.102862	0.0554154	0.0438462	0.174792	0.0404077	0.0403154	0.0495462	0.0392154	0.0120846	0.223723	0.0300385	0.00110769	0.0008	0.302238	0.000915385	0.00108462	0.0122538	0.000976923	0.290746	0	0	0	0	0.207923	0.0249846	0.0340462	0.0381077	0.0153462	0.0100923	0.266423	0.0132	0.0543923	0.0417538	0.0496385	0.159277	
0.0201231	0.0203769	0.0104692	0.00780769	0.0364615	0.00679231	0.00725385	0.00826923	0.00657692	0.00223846	0.0444385	0.00552308	0.000192308	0.0002	0.0582154	0.000169231	0.000207692	0.00221538	0.000138462	0.0562154	0	0	0	0	0.0389846	0.00543846	0.00673846	0.00761538	0.00782308	0.00494615	0.0392769	0.00673077	0.0116154	0.00883846	0.0106846	0.0276385	
0.228708	0.225246	0.122615	0.0909077	0.397462	0.0838846	0.0849231	0.101208	0.0830385	0.0256231	0.495331	0.0634846	0.00263846	0.0018	0.660692	0.00234615	0.00244615	0.0261923	0.00214615	0.636692	0.390269	0.0303	0.207923	0.0389846	0	0	0	0	0.0621923	0.0387077	0.513162	0.0534154	0.125046	0.0962923	0.113769	0.332369	
0.0293538	0.0293308	0.0167077	0.0120154	0.0543538	0.0104692	0.0106	0.0119846	0.0100769	0.00327692	0.0657769	0.00827692	0.000369231	0.000315385	0.0865231	0.0002	0.000215385	0.00345385	0.000253846	0.0834846	0.0526923	0.00429231	0.0249846	0.00543846	0	0	0	0	0.0116846	0.00751538	0.0583385	0.00986923	0.0173077	0.0127769	0.0157615	0.0415615	
0.0400308	0.0395154	0.0215692	0.0158231	0.0718	0.0138462	0.0140769	0.0172154	0.0143615	0.00453846	0.0871154	0.0109231	0.000453846	0.000346154	0.115854	0.000284615	0.000330769	0.00473077	0.000438462	0.111438	0.0709154	0.00523846	0.0340462	0.00673846	0	0	0	0	0.0155231	0.0102462	0.0771923	0.0139769	0.0235692	0.0170538	0.0208538	0.0554615	
0.0438692	0.0430923	0.0240308	0.0171846	0.0794538	0.0157077	0.0147231	0.0182923	0.0149385	0.00470769	0.0968154	0.0117154	0.0004	0.000361538	0.126985	0.000430769	0.000569231	0.00483077	0.000515385	0.122262	0.0764615	0.00599231	0.0381077	0.00761538	0	0	0	0	0.0182538	0.0104462	0.0838462	0.0156308	0.0253077	0.0193846	0.0236	0.0598846	
0.0370615	0.0376538	0.0204	0.0125385	0.0794615	0.00903846	0.00893846	0.0102154	0.0106462	0.00336923	0.0853769	0.00826154	0.000284615	0.000353846	0.106662	0.000353846	0.000446154	0.00401538	0.0003	0.102892	0.0782231	0.00626154	0.0153462	0.00782308	0.0621923	0.0116846	0.0155231	0.0182538	0	0	0	0	0.0277615	0.0210538	0.0234462	0.0353923	
0.0232077	0.0232385	0.0132308	0.00723846	0.0491	0.00568462	0.00523077	0.0069	0.00641538	0.00182308	0.0534	0.00527692	0.000353846	0.000176923	0.0661462	0.000238462	0.000238462	0.00272308	0.000230769	0.0637231	0.0481692	0.00370769	0.0100923	0.00494615	0.0387077	0.00751538	0.0102462	0.0104462	0	0	0	0	0.0168769	0.0128231	0.0150462	0.0221692	
0.249423	0.244131	0.133531	0.105454	0.4057	0.101669	0.102546	0.122623	0.0963692	0.0300308	0.532423	0.0737154	0.00290769	0.00199231	0.725262	0.00237692	0.00260769	0.0289615	0.00250769	0.698462	0.3963	0.0305385	0.266423	0.0392769	0.513162	0.0583385	0.0771923	0.0838462	0	0	0	0	0.123069	0.0946	0.113992	0.400877	
0.0322692	0.0321615	0.0177615	0.0107	0.0688077	0.00751538	0.00760769	0.00896154	0.00898462	0.00292308	0.0738385	0.00714615	0.000315385	0.0003	0.0919846	0.000292308	0.000269231	0.00350769	0.000315385	0.0888	0.0676462	0.00531538	0.0132	0.00673077	0.0534154	0.00986923	0.0139769	0.0156308	0	0	0	0	0.0235231	0.0170308	0.0215	0.0308385	
0.0649462	0.0652846	0.0357462	0.0252538	0.122369	0.0212308	0.0214615	0.0261692	0.0147615	0.00498462	0.160438	0.0110462	0.000715385	0.000476923	0.189408	0.000630769	0.000769231	0.00756154	0.000584615	0.182315	0.116392	0.00883077	0.0543923	0.0116154	0.125046	0.0173077	0.0235692	0.0253077	0.0277615	0.0168769	0.123069	0.0235231	0	0	0	0	
0.05	0.049	0.0280615	0.0184462	0.0937308	0.0163077	0.0161615	0.0193077	0.0116308	0.00353077	0.121277	0.00906923	0.000515385	0.000338462	0.144254	0.0004	0.000453846	0.00553846	0.0005	0.139015	0.0878538	0.00706154	0.0417538	0.00883846	0.0962923	0.0127769	0.0170538	0.0193846	0.0210538	0.0128231	0.0946	0.0170308	0	0	0	0	
0.0593769	0.0589385	0.0325846	0.0230846	0.110415	0.0197769	0.0199615	0.0238308	0.0135308	0.00439231	0.145346	0.0107154	0.000684615	0.000523077	0.172131	0.000646154	0.000638462	0.00726154	0.000607692	0.165477	0.105131	0.00853077	0.0496385	0.0106846	0.113769	0.0157615	0.0208538	0.0236	0.0234462	0.0150462	0.113992	0.0215	0	0	0	0	
0.167638	0.163962	0.0885308	0.0691462	0.276554	0.0665923	0.0667385	0.0793923	0.0824923	0.0252385	0.317977	0.0635692	0.00194615	0.00148462	0.484262	0.00158462	0.0017	0.0188462	0.00166154	0.467069	0.280962	0.0214	0.159277	0.0276385	0.332369	0.0415615	0.0554615	0.0598846	0.0353923	0.0221692	0.400877	0.0308385	0	0	0	0	
