0	0	0	0	0.20223	0.03609	0.0402	0.04521	0.03105	0.00856	0.26165	0.02247	0.00123	0.00083	0.32077	0.0009	0.001	0.0054	0.00077	0.31656	0.18607	0.01108	0.11469	0.01189	0.21935	0.02638	0.04198	0.03602	0.02901	0.02127	0.24775	0.0257	0.0578	0.05093	0.06389	0.15111	
0	0	0	0	0.22624	0.04022	0.04396	0.05172	0.03313	0.00958	0.29415	0.02528	0.0012	0.00072	0.3592	0.00102	0.0011	0.00605	0.00103	0.35396	0.20807	0.01261	0.12879	0.01267	0.24501	0.02982	0.04617	0.04114	0.03285	0.02378	0.27587	0.02964	0.06488	0.05729	0.07075	0.16922	
0	0	0	0	0.11989	0.02189	0.02369	0.02593	0.01811	0.00478	0.15583	0.01268	0.00086	0.00047	0.18953	0.00054	0.00057	0.00306	0.00047	0.1873	0.10832	0.00708	0.06941	0.00659	0.12935	0.01552	0.02459	0.02194	0.01722	0.01313	0.14555	0.0155	0.0341	0.0307	0.03723	0.08937	
0	0	0	0	0.07765	0.01323	0.01512	0.01673	0.0113	0.00312	0.10045	0.00786	0.00043	0.00036	0.12167	0.00027	0.00044	0.00197	0.00048	0.11984	0.07074	0.00435	0.04326	0.00438	0.08228	0.01022	0.01637	0.01386	0.01083	0.00814	0.09402	0.00974	0.02172	0.01941	0.02437	0.05723	
0.20223	0.22624	0.11989	0.07765	0	0	0	0	0.04525	0.01218	0.53585	0.03273	0.0024	0.00151	0.62043	0.00167	0.00192	0.01031	0.00168	0.6121	0.3656	0.02192	0.21665	0.02184	0.42522	0.05091	0.0798	0.07008	0.06805	0.04963	0.44847	0.05986	0.12461	0.10967	0.13704	0.25469	
0.03609	0.04022	0.02189	0.01323	0	0	0	0	0.01413	0.00427	0.08236	0.01067	0.00042	0.00024	0.11041	0.00036	0.00034	0.00176	0.00032	0.10901	0.06207	0.00404	0.04155	0.00377	0.07457	0.00918	0.0147	0.01298	0.00648	0.00501	0.09371	0.00623	0.01608	0.01465	0.01744	0.06326	
0.0402	0.04396	0.02369	0.01512	0	0	0	0	0.0161	0.00448	0.0907	0.01169	0.00047	0.0002	0.12198	0.00032	0.00046	0.00208	0.00033	0.1201	0.06932	0.00436	0.04493	0.00436	0.08267	0.01019	0.01613	0.01398	0.00748	0.00581	0.103	0.00668	0.01786	0.01617	0.01924	0.0697	
0.04521	0.05172	0.02593	0.01673	0	0	0	0	0.01811	0.00511	0.10317	0.0132	0.00043	0.00043	0.13835	0.00038	0.00039	0.00233	0.00042	0.13645	0.07621	0.0048	0.05302	0.00556	0.09353	0.01166	0.01848	0.01592	0.0079	0.00587	0.11801	0.00781	0.01995	0.01784	0.02252	0.07928	
0.03105	0.03313	0.01811	0.0113	0.04525	0.01413	0.0161	0.01811	0	0	0	0	0.00039	0.00015	0.09276	0.00029	0.00022	0.00155	0.00035	0.09147	0.05357	0.00301	0.03397	0.00304	0.06361	0.00742	0.01191	0.01065	0.00682	0.00477	0.07583	0.00617	0.00825	0.00694	0.00895	0.06945	
0.00856	0.00958	0.00478	0.00312	0.01218	0.00427	0.00448	0.00511	0	0	0	0	0.00011	0.0001	0.02575	8e-05	7e-05	0.00043	8e-05	0.02546	0.01431	0.00103	0.00964	0.00106	0.01752	0.00201	0.00376	0.00275	0.00176	0.00135	0.02111	0.00182	0.00232	0.00194	0.00253	0.01925	
0.26165	0.29415	0.15583	0.10045	0.53585	0.08236	0.0907	0.10317	0	0	0	0	0.00295	0.00195	0.80502	0.00216	0.0026	0.01327	0.00215	0.79406	0.46729	0.02878	0.28704	0.02897	0.54819	0.06676	0.10509	0.09204	0.07634	0.05659	0.61067	0.06848	0.16175	0.14419	0.17789	0.32825	
0.02247	0.02528	0.01268	0.00786	0.03273	0.01067	0.01169	0.0132	0	0	0	0	0.00027	0.00018	0.06764	0.0002	0.00022	0.00123	0.00017	0.06667	0.03803	0.0023	0.0255	0.00246	0.04667	0.00575	0.00835	0.00752	0.00499	0.00361	0.05558	0.00411	0.00618	0.00526	0.00687	0.04998	
0.00123	0.0012	0.00086	0.00043	0.0024	0.00042	0.00047	0.00043	0.00039	0.00011	0.00295	0.00027	0	0	0	0	0	5e-05	0	0.00367	0.00209	0.00014	0.00138	0.00011	0.00261	0.00031	0.00031	0.00049	0.00031	0.00027	0.00274	0.0004	0.00075	0.00059	0.0008	0.00158	
0.00083	0.00072	0.00047	0.00036	0.00151	0.00024	0.0002	0.00043	0.00015	0.0001	0.00195	0.00018	0	0	0	0	1e-05	4e-05	2e-05	0.00231	0.00137	8e-05	0.00078	0.00015	0.00169	0.00017	0.00027	0.00025	0.00024	0.00017	0.00178	0.00019	0.00047	0.00034	0.00043	0.00114	
0.32077	0.3592	0.18953	0.12167	0.62043	0.11041	0.12198	0.13835	0.09276	0.02575	0.80502	0.06764	0	0	0	0	0.0031	0.01636	0.00273	0.96898	0.56813	0.03486	0.35303	0.03515	0.6698	0.08123	0.12813	0.11201	0.08916	0.06569	0.75656	0.07976	0.17678	0.15701	0.19455	0.46283	
0.0009	0.00102	0.00054	0.00027	0.00167	0.00036	0.00032	0.00038	0.00029	8e-05	0.00216	0.0002	0	0	0	0	0	3e-05	0	0.0027	0.00161	4e-05	0.00096	0.00012	0.00189	0.00023	0.0004	0.00021	0.0002	0.00019	0.00211	0.00023	0.0005	0.00039	0.00046	0.00138	
0.001	0.0011	0.00057	0.00044	0.00192	0.00034	0.00046	0.00039	0.00022	7e-05	0.0026	0.00022	0	1e-05	0.0031	0	0	0	0	0	0.00188	0.00011	0.001	0.00012	0.00213	0.00022	0.00046	0.0003	0.00034	0.0002	0.00233	0.00024	0.00069	0.00051	0.0006	0.00131	
0.0054	0.00605	0.00306	0.00197	0.01031	0.00176	0.00208	0.00233	0.00155	0.00043	0.01327	0.00123	5e-05	4e-05	0.01636	3e-05	0	0	0	0	0.00976	0.00066	0.00536	0.0007	0.01098	0.00146	0.00207	0.00197	0.00151	0.0013	0.0124	0.00127	0.00293	0.00284	0.003	0.00771	
0.00077	0.00103	0.00047	0.00048	0.00168	0.00032	0.00033	0.00042	0.00035	8e-05	0.00215	0.00017	0	2e-05	0.00273	0	0	0	0	0	0.00159	0.00012	0.00095	9e-05	0.00185	0.00025	0.00036	0.00029	0.00029	0.00019	0.00201	0.00026	0.0005	0.00039	0.0006	0.00126	
0.31656	0.35396	0.1873	0.11984	0.6121	0.10901	0.1201	0.13645	0.09147	0.02546	0.79406	0.06667	0.00367	0.00231	0.96898	0.0027	0	0	0	0	0.55997	0.03423	0.34884	0.03462	0.66103	0.08001	0.12622	0.1104	0.08777	0.06463	0.74645	0.07881	0.17438	0.15459	0.19204	0.45665	
0.18607	0.20807	0.10832	0.07074	0.3656	0.06207	0.06932	0.07621	0.05357	0.01431	0.46729	0.03803	0.00209	0.00137	0.56813	0.00161	0.00188	0.00976	0.00159	0.55997	0	0	0	0	0.38656	0.04745	0.07451	0.06468	0.06952	0.05151	0.39019	0.06198	0.10616	0.09427	0.11483	0.25794	
0.01108	0.01261	0.00708	0.00435	0.02192	0.00404	0.00436	0.0048	0.00301	0.00103	0.02878	0.0023	0.00014	8e-05	0.03486	4e-05	0.00011	0.00066	0.00012	0.03423	0	0	0	0	0.02357	0.00286	0.00453	0.00416	0.00181	0.00119	0.03078	0.00134	0.00608	0.0054	0.00672	0.01692	
0.11469	0.12879	0.06941	0.04326	0.21665	0.04155	0.04493	0.05302	0.03397	0.00964	0.28704	0.0255	0.00138	0.00078	0.35303	0.00096	0.001	0.00536	0.00095	0.34884	0	0	0	0	0.24154	0.02891	0.04568	0.04002	0.01707	0.01243	0.31111	0.01554	0.06002	0.05346	0.06787	0.1748	
0.01189	0.01267	0.00659	0.00438	0.02184	0.00377	0.00436	0.00556	0.00304	0.00106	0.02897	0.00246	0.00011	0.00015	0.03515	0.00012	0.00012	0.0007	9e-05	0.03462	0	0	0	0	0.02432	0.00272	0.00439	0.0041	0.00151	0.00119	0.03111	0.00172	0.00624	0.0052	0.00682	0.01727	
0.21935	0.24501	0.12935	0.08228	0.42522	0.07457	0.08267	0.09353	0.06361	0.01752	0.54819	0.04667	0.00261	0.00169	0.6698	0.00189	0.00213	0.01098	0.00185	0.66103	0.38656	0.02357	0.24154	0.02432	0	0	0	0	0.06048	0.04503	0.51625	0.05423	0.12135	0.10609	0.13228	0.31627	
0.02638	0.02982	0.01552	0.01022	0.05091	0.00918	0.01019	0.01166	0.00742	0.00201	0.06676	0.00575	0.00031	0.00017	0.08123	0.00023	0.00022	0.00146	0.00025	0.08001	0.04745	0.00286	0.02891	0.00272	0	0	0	0	0.00731	0.00541	0.06244	0.00678	0.01465	0.01336	0.01544	0.03849	
0.04198	0.04617	0.02459	0.01637	0.0798	0.0147	0.01613	0.01848	0.01191	0.00376	0.10509	0.00835	0.00031	0.00027	0.12813	0.0004	0.00046	0.00207	0.00036	0.12622	0.07451	0.00453	0.04568	0.00439	0	0	0	0	0.01164	0.00858	0.09852	0.01037	0.02237	0.02094	0.02614	0.05966	
0.03602	0.04114	0.02194	0.01386	0.07008	0.01298	0.01398	0.01592	0.01065	0.00275	0.09204	0.00752	0.00049	0.00025	0.11201	0.00021	0.0003	0.00197	0.00029	0.1104	0.06468	0.00416	0.04002	0.0041	0	0	0	0	0.01048	0.0073	0.08598	0.0092	0.02013	0.01794	0.02238	0.05251	
0.02901	0.03285	0.01722	0.01083	0.06805	0.00648	0.00748	0.0079	0.00682	0.00176	0.07634	0.00499	0.00031	0.00024	0.08916	0.0002	0.00034	0.00151	0.00029	0.08777	0.06952	0.00181	0.01707	0.00151	0.06048	0.00731	0.01164	0.01048	0	0	0	0	0.02149	0.0181	0.02368	0.02664	
0.02127	0.02378	0.01313	0.00814	0.04963	0.00501	0.00581	0.00587	0.00477	0.00135	0.05659	0.00361	0.00027	0.00017	0.06569	0.00019	0.0002	0.0013	0.00019	0.06463	0.05151	0.00119	0.01243	0.00119	0.04503	0.00541	0.00858	0.0073	0	0	0	0	0.01575	0.01417	0.01692	0.01948	
0.24775	0.27587	0.14555	0.09402	0.44847	0.09371	0.103	0.11801	0.07583	0.02111	0.61067	0.05558	0.00274	0.00178	0.75656	0.00211	0.00233	0.0124	0.00201	0.74645	0.39019	0.03078	0.31111	0.03111	0.51625	0.06244	0.09852	0.08598	0	0	0	0	0.1228	0.10951	0.1342	0.39668	
0.0257	0.02964	0.0155	0.00974	0.05986	0.00623	0.00668	0.00781	0.00617	0.00182	0.06848	0.00411	0.0004	0.00019	0.07976	0.00023	0.00024	0.00127	0.00026	0.07881	0.06198	0.00134	0.01554	0.00172	0.05423	0.00678	0.01037	0.0092	0	0	0	0	0.01846	0.01655	0.02144	0.02413	
0.0578	0.06488	0.0341	0.02172	0.12461	0.01608	0.01786	0.01995	0.00825	0.00232	0.16175	0.00618	0.00075	0.00047	0.17678	0.0005	0.00069	0.00293	0.0005	0.17438	0.10616	0.00608	0.06002	0.00624	0.12135	0.01465	0.02237	0.02013	0.02149	0.01575	0.1228	0.01846	0	0	0	0	
0.05093	0.05729	0.0307	0.01941	0.10967	0.01465	0.01617	0.01784	0.00694	0.00194	0.14419	0.00526	0.00059	0.00034	0.15701	0.00039	0.00051	0.00284	0.00039	0.15459	0.09427	0.0054	0.05346	0.0052	0.10609	0.01336	0.02094	0.01794	0.0181	0.01417	0.10951	0.01655	0	0	0	0	
0.06389	0.07075	0.03723	0.02437	0.13704	0.01744	0.01924	0.02252	0.00895	0.00253	0.17789	0.00687	0.0008	0.00043	0.19455	0.00046	0.0006	0.003	0.0006	0.19204	0.11483	0.00672	0.06787	0.00682	0.13228	0.01544	0.02614	0.02238	0.02368	0.01692	0.1342	0.02144	0	0	0	0	
0.15111	0.16922	0.08937	0.05723	0.25469	0.06326	0.0697	0.07928	0.06945	0.01925	0.32825	0.04998	0.00158	0.00114	0.46283	0.00138	0.00131	0.00771	0.00126	0.45665	0.25794	0.01692	0.1748	0.01727	0.31627	0.03849	0.05966	0.05251	0.02664	0.01948	0.39668	0.02413	0	0	0	0	
