0	0	0	0	0.20226	0.03665	0.04035	0.04632	0.02914	0.00843	0.26599	0.02202	0.00127	0.00054	0.32291	0.00086	0.00097	0.00552	0.00094	0.31815	0.18616	0.01135	0.11606	0.01201	0.22039	0.02652	0.04117	0.0375	0.02977	0.02126	0.24806	0.02649	0.05692	0.05293	0.06446	0.15127	
0	0	0	0	0.22539	0.04132	0.04477	0.05064	0.03246	0.00988	0.29613	0.02365	0.00158	0.00069	0.35894	0.00091	0.00115	0.00597	0.00102	0.35398	0.20837	0.01256	0.12885	0.01234	0.24539	0.02974	0.0454	0.04159	0.03215	0.02492	0.27537	0.02968	0.06418	0.05736	0.07146	0.16912	
0	0	0	0	0.11877	0.02089	0.02279	0.02663	0.01777	0.00495	0.15322	0.01314	0.00086	0.00036	0.18735	0.00051	0.00068	0.00319	0.00044	0.18477	0.10872	0.00673	0.06685	0.00678	0.12677	0.01576	0.02441	0.02214	0.01732	0.01269	0.14366	0.01541	0.03343	0.02961	0.03751	0.08853	
0	0	0	0	0.07661	0.01434	0.01514	0.01713	0.0112	0.00325	0.10042	0.00835	0.00048	0.0002	0.12223	0.00031	0.00032	0.00185	0.0003	0.12075	0.07115	0.00424	0.0437	0.00413	0.08371	0.01002	0.01556	0.01393	0.01084	0.00857	0.09384	0.00997	0.02294	0.01879	0.0245	0.05699	
0.20226	0.22539	0.11877	0.07661	0	0	0	0	0.053	0.01513	0.51612	0.03878	0.00269	0.00109	0.61765	0.0016	0.00181	0.01006	0.00177	0.60939	0.35932	0.02178	0.22009	0.02184	0.4204	0.05126	0.07964	0.07173	0.05871	0.04478	0.4654	0.05414	0.11416	0.10238	0.12756	0.27893	
0.03665	0.04132	0.02089	0.01434	0	0	0	0	0.01115	0.0033	0.0901	0.00865	0.00047	0.00022	0.11224	0.00027	0.00044	0.00213	0.00028	0.11035	0.06484	0.00389	0.04034	0.00413	0.07674	0.00925	0.01399	0.01322	0.00959	0.00639	0.08907	0.00815	0.01902	0.01727	0.02105	0.05586	
0.04035	0.04477	0.02279	0.01514	0	0	0	0	0.01241	0.0039	0.09769	0.00905	0.00049	0.00019	0.12199	0.00038	0.0004	0.00214	0.00031	0.1202	0.06982	0.00428	0.0444	0.00455	0.08354	0.00967	0.01536	0.01448	0.00998	0.00774	0.09665	0.00868	0.02018	0.01794	0.02298	0.06195	
0.04632	0.05064	0.02663	0.01713	0	0	0	0	0.01401	0.00418	0.11185	0.01068	0.00054	0.00029	0.13955	0.00034	0.00047	0.0022	0.00034	0.13771	0.08042	0.00493	0.05063	0.00474	0.09558	0.01186	0.01755	0.01573	0.0118	0.00853	0.10981	0.01058	0.02411	0.0211	0.02634	0.06917	
0.02914	0.03246	0.01777	0.0112	0.053	0.01115	0.01241	0.01401	0	0	0	0	0.00043	0.00019	0.08977	0.00018	0.00033	0.00122	0.00031	0.08871	0.051	0.00324	0.0333	0.00303	0.06082	0.00742	0.01153	0.0108	0.00689	0.00484	0.07257	0.00627	0.00833	0.00732	0.00886	0.06606	
0.00843	0.00988	0.00495	0.00325	0.01513	0.0033	0.0039	0.00418	0	0	0	0	0.00012	7e-05	0.02625	7e-05	9e-05	0.00056	7e-05	0.02579	0.01478	0.00105	0.00982	0.00086	0.01813	0.00237	0.00347	0.00254	0.00215	0.00153	0.02091	0.00192	0.00244	0.00216	0.00273	0.01918	
0.26599	0.29613	0.15322	0.10042	0.51612	0.0901	0.09769	0.11185	0	0	0	0	0.00337	0.00145	0.80876	0.00218	0.00246	0.01377	0.00217	0.79736	0.47097	0.02835	0.28759	0.02885	0.5516	0.06663	0.10326	0.09427	0.07619	0.05715	0.61381	0.06861	0.16072	0.14373	0.17959	0.33172	
0.02202	0.02365	0.01314	0.00835	0.03878	0.00865	0.00905	0.01068	0	0	0	0	0.00027	8e-05	0.06665	0.00016	0.00024	0.00098	0.00015	0.06579	0.03765	0.00224	0.02475	0.00252	0.04571	0.00562	0.00828	0.00755	0.00485	0.00392	0.05364	0.00475	0.00598	0.00548	0.00675	0.04895	
0.00127	0.00158	0.00086	0.00048	0.00269	0.00047	0.00049	0.00054	0.00043	0.00012	0.00337	0.00027	0	0	0	0	1e-05	4e-05	2e-05	0.00412	0.00235	0.00019	0.00149	0.00016	0.00289	0.00036	0.00045	0.00049	0.00033	0.00029	0.00322	0.00035	0.0007	0.00067	0.00097	0.00185	
0.00054	0.00069	0.00036	0.0002	0.00109	0.00022	0.00019	0.00029	0.00019	7e-05	0.00145	8e-05	0	0	0	0	2e-05	2e-05	0	0.00175	0.00091	4e-05	0.00076	8e-05	0.00132	0.0001	0.00018	0.00019	0.00016	0.00015	0.00143	5e-05	0.0003	0.00024	0.0004	0.00085	
0.32291	0.35894	0.18735	0.12223	0.61765	0.11224	0.12199	0.13955	0.08977	0.02625	0.80876	0.06665	0	0	0	0	0.00306	0.01641	0.00266	0.9693	0.56948	0.03458	0.35246	0.03491	0.67028	0.0814	0.12558	0.11417	0.08935	0.06677	0.7544	0.08091	0.17598	0.15733	0.19608	0.46204	
0.00086	0.00091	0.00051	0.00031	0.0016	0.00027	0.00038	0.00034	0.00018	7e-05	0.00218	0.00016	0	0	0	0	3e-05	6e-05	2e-05	0.00248	0.00166	7e-05	0.00075	0.00011	0.00177	0.00018	0.00033	0.00031	0.00024	0.00023	0.00188	0.00024	0.00049	0.00045	0.00048	0.00117	
0.00097	0.00115	0.00068	0.00032	0.00181	0.00044	0.0004	0.00047	0.00033	9e-05	0.00246	0.00024	1e-05	2e-05	0.00306	3e-05	0	0	0	0	0.00175	6e-05	0.00113	0.00018	0.00221	0.00021	0.0003	0.0004	0.00014	0.0002	0.00259	0.00019	0.00054	0.00044	0.0006	0.00154	
0.00552	0.00597	0.00319	0.00185	0.01006	0.00213	0.00214	0.0022	0.00122	0.00056	0.01377	0.00098	4e-05	2e-05	0.01641	6e-05	0	0	0	0	0.00953	0.00061	0.00571	0.00068	0.01148	0.00126	0.00192	0.00187	0.00144	0.00107	0.01269	0.00133	0.00302	0.00272	0.00307	0.00772	
0.00094	0.00102	0.00044	0.0003	0.00177	0.00028	0.00031	0.00034	0.00031	7e-05	0.00217	0.00015	2e-05	0	0.00266	2e-05	0	0	0	0	0.00159	0.00011	0.00092	8e-05	0.00193	0.00021	0.00032	0.00024	0.00029	0.00017	0.00198	0.00026	0.00054	0.00036	0.00052	0.00128	
0.31815	0.35398	0.18477	0.12075	0.60939	0.11035	0.1202	0.13771	0.08871	0.02579	0.79736	0.06579	0.00412	0.00175	0.9693	0.00248	0	0	0	0	0.56153	0.0341	0.3477	0.03432	0.66064	0.08036	0.124	0.11265	0.08821	0.066	0.74367	0.07977	0.17337	0.15517	0.19374	0.45537	
0.18616	0.20837	0.10872	0.07115	0.35932	0.06484	0.06982	0.08042	0.051	0.01478	0.47097	0.03765	0.00235	0.00091	0.56948	0.00166	0.00175	0.00953	0.00159	0.56153	0	0	0	0	0.38793	0.04672	0.07261	0.06714	0.07038	0.05195	0.38831	0.06376	0.10446	0.09386	0.11769	0.25839	
0.01135	0.01256	0.00673	0.00424	0.02178	0.00389	0.00428	0.00493	0.00324	0.00105	0.02835	0.00224	0.00019	4e-05	0.03458	7e-05	6e-05	0.00061	0.00011	0.0341	0	0	0	0	0.02372	0.00291	0.00464	0.00361	0.00139	0.00134	0.0308	0.00135	0.00612	0.00524	0.00632	0.0172	
0.11606	0.12885	0.06685	0.0437	0.22009	0.04034	0.0444	0.05063	0.0333	0.00982	0.28759	0.02475	0.00149	0.00076	0.35246	0.00075	0.00113	0.00571	0.00092	0.3477	0	0	0	0	0.2407	0.02938	0.04483	0.04055	0.01649	0.01285	0.31121	0.01491	0.06101	0.05418	0.06721	0.17306	
0.01201	0.01234	0.00678	0.00413	0.02184	0.00413	0.00455	0.00474	0.00303	0.00086	0.02885	0.00252	0.00016	8e-05	0.03491	0.00011	0.00018	0.00068	8e-05	0.03432	0	0	0	0	0.02391	0.00303	0.00446	0.00386	0.00182	0.0013	0.03061	0.00153	0.00588	0.00541	0.00671	0.01726	
0.22039	0.24539	0.12677	0.08371	0.4204	0.07674	0.08354	0.09558	0.06082	0.01813	0.5516	0.04571	0.00289	0.00132	0.67028	0.00177	0.00221	0.01148	0.00193	0.66064	0.38793	0.02372	0.2407	0.02391	0	0	0	0	0.06159	0.04524	0.51476	0.05467	0.12018	0.10749	0.13355	0.31504	
0.02652	0.02974	0.01576	0.01002	0.05126	0.00925	0.00967	0.01186	0.00742	0.00237	0.06663	0.00562	0.00036	0.0001	0.0814	0.00018	0.00021	0.00126	0.00021	0.08036	0.04672	0.00291	0.02938	0.00303	0	0	0	0	0.00726	0.00559	0.06249	0.0067	0.01441	0.01238	0.01604	0.03921	
0.04117	0.0454	0.02441	0.01556	0.07964	0.01399	0.01536	0.01755	0.01153	0.00347	0.10326	0.00828	0.00045	0.00018	0.12558	0.00033	0.0003	0.00192	0.00032	0.124	0.07261	0.00464	0.04483	0.00446	0	0	0	0	0.01131	0.00843	0.09655	0.01025	0.02228	0.02052	0.02557	0.05817	
0.0375	0.04159	0.02214	0.01393	0.07173	0.01322	0.01448	0.01573	0.0108	0.00254	0.09427	0.00755	0.00049	0.00019	0.11417	0.00031	0.0004	0.00187	0.00024	0.11265	0.06714	0.00361	0.04055	0.00386	0	0	0	0	0.00992	0.00818	0.08713	0.00993	0.0206	0.0183	0.02277	0.05349	
0.02977	0.03215	0.01732	0.01084	0.05871	0.00959	0.00998	0.0118	0.00689	0.00215	0.07619	0.00485	0.00033	0.00016	0.08935	0.00024	0.00014	0.00144	0.00029	0.08821	0.07038	0.00139	0.01649	0.00182	0.06159	0.00726	0.01131	0.00992	0	0	0	0	0.02082	0.01805	0.02339	0.02782	
0.02126	0.02492	0.01269	0.00857	0.04478	0.00639	0.00774	0.00853	0.00484	0.00153	0.05715	0.00392	0.00029	0.00015	0.06677	0.00023	0.0002	0.00107	0.00017	0.066	0.05195	0.00134	0.01285	0.0013	0.04524	0.00559	0.00843	0.00818	0	0	0	0	0.01581	0.01385	0.01718	0.0206	
0.24806	0.27537	0.14366	0.09384	0.4654	0.08907	0.09665	0.10981	0.07257	0.02091	0.61381	0.05364	0.00322	0.00143	0.7544	0.00188	0.00259	0.01269	0.00198	0.74367	0.38831	0.0308	0.31121	0.03061	0.51476	0.06249	0.09655	0.08713	0	0	0	0	0.12234	0.11039	0.13658	0.39162	
0.02649	0.02968	0.01541	0.00997	0.05414	0.00815	0.00868	0.01058	0.00627	0.00192	0.06861	0.00475	0.00035	5e-05	0.08091	0.00024	0.00019	0.00133	0.00026	0.07977	0.06376	0.00135	0.01491	0.00153	0.05467	0.0067	0.01025	0.00993	0	0	0	0	0.0185	0.0164	0.02078	0.02587	
0.05692	0.06418	0.03343	0.02294	0.11416	0.01902	0.02018	0.02411	0.00833	0.00244	0.16072	0.00598	0.0007	0.0003	0.17598	0.00049	0.00054	0.00302	0.00054	0.17337	0.10446	0.00612	0.06101	0.00588	0.12018	0.01441	0.02228	0.0206	0.02082	0.01581	0.12234	0.0185	0	0	0	0	
0.05293	0.05736	0.02961	0.01879	0.10238	0.01727	0.01794	0.0211	0.00732	0.00216	0.14373	0.00548	0.00067	0.00024	0.15733	0.00045	0.00044	0.00272	0.00036	0.15517	0.09386	0.00524	0.05418	0.00541	0.10749	0.01238	0.02052	0.0183	0.01805	0.01385	0.11039	0.0164	0	0	0	0	
0.06446	0.07146	0.03751	0.0245	0.12756	0.02105	0.02298	0.02634	0.00886	0.00273	0.17959	0.00675	0.00097	0.0004	0.19608	0.00048	0.0006	0.00307	0.00052	0.19374	0.11769	0.00632	0.06721	0.00671	0.13355	0.01604	0.02557	0.02277	0.02339	0.01718	0.13658	0.02078	0	0	0	0	
0.15127	0.16912	0.08853	0.05699	0.27893	0.05586	0.06195	0.06917	0.06606	0.01918	0.33172	0.04895	0.00185	0.00085	0.46204	0.00117	0.00154	0.00772	0.00128	0.45537	0.25839	0.0172	0.17306	0.01726	0.31504	0.03921	0.05817	0.05349	0.02782	0.0206	0.39162	0.02587	0	0	0	0	
