0	0	0	0	0.223738	0.0535077	0.0426846	0.0745077	0.0754154	0.0265692	0.230638	0.0618154	0.0019	0.00113846	0.389231	0.00216923	0.00203846	0.00351538	0.00175385	0.387131	0.221915	0.00796154	0.0995385	0.0650231	0.256023	0.0305462	0.0410538	0.0668154	0.0437231	0.0157231	0.287492	0.0475	0.0775923	0.0423154	0.0337615	0.240769	
0	0	0	0	0.145608	0.0258538	0.0206385	0.0339923	0.0443692	0.0145231	0.132785	0.0344154	0.00111538	0.000646154	0.223131	0.0012	0.00118462	0.00190769	0.00110769	0.221892	0.128054	0.00439231	0.0572692	0.0363769	0.145454	0.0178154	0.0238154	0.0390077	0.0253615	0.00951538	0.162615	0.0286	0.0460615	0.0246462	0.0204538	0.134931	
0	0	0	0	0.122254	0.0216462	0.0175462	0.0292923	0.0373231	0.0126	0.112362	0.0284538	0.000946154	0.000653846	0.188215	0.000923077	0.000830769	0.00187692	0.000969231	0.187062	0.108308	0.00356154	0.0478231	0.0310462	0.122592	0.0151077	0.0201615	0.0328769	0.0224077	0.00779231	0.137208	0.0233308	0.0388692	0.0208923	0.0169923	0.113985	
0	0	0	0	0.0492538	0.0428462	0.0357154	0.0609154	0.035	0.0140462	0.108023	0.0316615	0.000953846	0.000592308	0.186315	0.000869231	0.00101538	0.00175385	0.000946154	0.185015	0.108038	0.00385385	0.0473154	0.0295231	0.129677	0.0133538	0.0176077	0.0280923	0.0168538	0.00603077	0.147538	0.0183077	0.0352154	0.0187154	0.0143462	0.120454	
0.223738	0.145608	0.122254	0.0492538	0	0	0	0	0.107785	0.0312077	0.328469	0.0733923	0.00269231	0.00166154	0.5336	0.0029	0.00275385	0.00473846	0.00252308	0.530838	0.302877	0.0106231	0.1325	0.0948538	0.324454	0.0475231	0.0644308	0.104446	0.0743	0.0268538	0.358762	0.0809385	0.118792	0.0644462	0.0524692	0.305146	
0.0535077	0.0258538	0.0216462	0.0428462	0	0	0	0	0.0359231	0.0109077	0.0735923	0.0234308	0.000684615	0.000476923	0.1419	0.000792308	0.000707692	0.00139231	0.000723077	0.141031	0.0826538	0.00263077	0.0378769	0.0206923	0.104123	0.00930769	0.0114692	0.0189538	0.0100846	0.00360769	0.119077	0.0110846	0.0241923	0.0127846	0.00993077	0.0969462	
0.0426846	0.0206385	0.0175462	0.0357154	0	0	0	0	0.0286769	0.00845385	0.0600308	0.0194231	0.000546154	0.000330769	0.115046	0.000661538	0.000638462	0.000992308	0.000569231	0.114385	0.0671692	0.0025	0.0307308	0.0161846	0.0848923	0.00717692	0.00936154	0.0151538	0.00836154	0.00283077	0.0961846	0.00920769	0.0195154	0.0106846	0.00809231	0.0782923	
0.0745077	0.0339923	0.0292923	0.0609154	0	0	0	0	0.0197231	0.0171692	0.121715	0.0401	0.000992308	0.000561538	0.196346	0.000807692	0.000969231	0.00193077	0.000961538	0.194846	0.113615	0.00401538	0.0508385	0.0302385	0.140277	0.0128154	0.0173769	0.0282385	0.0156	0.00576923	0.160831	0.0165077	0.0352385	0.0186538	0.0150615	0.129754	
0.0754154	0.0443692	0.0373231	0.035	0.107785	0.0359231	0.0286769	0.0197231	0	0	0	0	0.000869231	0.000569231	0.189746	0.000923077	0.000961538	0.00160769	0.000969231	0.188569	0.1068	0.00417692	0.0608692	0.0202615	0.148192	0.00968462	0.0128385	0.0213923	0.00972308	0.00356923	0.168562	0.0102538	0.0274231	0.0149	0.0118385	0.137946	
0.0265692	0.0145231	0.0126	0.0140462	0.0312077	0.0109077	0.00845385	0.0171692	0	0	0	0	0.0004	0.000215385	0.0666846	0.000438462	0.000315385	0.000615385	0.000215385	0.0665923	0.0373538	0.00185385	0.0217538	0.00677692	0.0533692	0.0033	0.00401538	0.00705385	0.00311538	0.00113077	0.0600231	0.00346923	0.0100154	0.00496154	0.00420769	0.0485538	
0.230638	0.132785	0.112362	0.108023	0.328469	0.0735923	0.0600308	0.121715	0	0	0	0	0.00292308	0.00180769	0.576085	0.00299231	0.0031	0.00526923	0.00283846	0.5726	0.335223	0.0101154	0.119738	0.118731	0.330008	0.0561923	0.0753538	0.122254	0.0882385	0.0318615	0.367615	0.0960923	0.138131	0.0750923	0.0602692	0.310315	
0.0618154	0.0344154	0.0284538	0.0316615	0.0733923	0.0234308	0.0194231	0.0401	0	0	0	0	0.000723077	0.000438462	0.154377	0.000807692	0.000692308	0.00156154	0.000753846	0.153338	0.0869385	0.00362308	0.0495846	0.0162	0.122177	0.00764615	0.0104308	0.0160923	0.00726923	0.0025	0.138654	0.00792308	0.0221692	0.0116154	0.00923846	0.113323	
0.0019	0.00111538	0.000946154	0.000953846	0.00269231	0.000684615	0.000546154	0.000992308	0.000869231	0.0004	0.00292308	0.000723077	0	0	0	0	3.07692e-05	6.92308e-05	2.30769e-05	0.00479231	0.00282308	0.000115385	0.00113846	0.000838462	0.00319231	0.0004	0.000546154	0.000776923	0.0005	0.000161538	0.00370769	0.000546154	0.000946154	0.000476923	0.000484615	0.00300769	
0.00113846	0.000646154	0.000653846	0.000592308	0.00166154	0.000476923	0.000330769	0.000561538	0.000569231	0.000215385	0.00180769	0.000438462	0	0	0	0	7.69231e-06	1.53846e-05	3.07692e-05	0.00297692	0.00169231	5.38462e-05	0.0009	0.000384615	0.00200769	0.000169231	0.000330769	0.000523077	0.000230769	0.000153846	0.00221538	0.000430769	0.0006	0.000307692	0.000292308	0.00183077	
0.389231	0.223131	0.188215	0.186315	0.5336	0.1419	0.115046	0.196346	0.189746	0.0666846	0.576085	0.154377	0	0	0	0	0.005	0.00890769	0.0047	0.968285	0.558846	0.0194538	0.248615	0.159977	0.645092	0.0758923	0.101308	0.1646	0.107046	0.0385769	0.725015	0.116254	0.195177	0.105108	0.0843538	0.602254	
0.00216923	0.0012	0.000923077	0.000869231	0.0029	0.000792308	0.000661538	0.000807692	0.000923077	0.000438462	0.00299231	0.000807692	0	0	0	0	3.07692e-05	6.15385e-05	2.30769e-05	0.00504615	0.00295385	0.000146154	0.00129231	0.000769231	0.00345385	0.000361538	0.000453846	0.000892308	0.000569231	0.000169231	0.00391538	0.000507692	0.00101538	0.000676923	0.000423077	0.00304615	
0.00203846	0.00118462	0.000830769	0.00101538	0.00275385	0.000707692	0.000638462	0.000969231	0.000961538	0.000315385	0.0031	0.000692308	3.07692e-05	7.69231e-06	0.005	3.07692e-05	0	0	0	0	0.00283846	0.000107692	0.00142308	0.0007	0.00326923	0.000376923	0.000515385	0.000907692	0.0006	0.000161538	0.00360769	0.0007	0.000953846	0.000476923	0.000415385	0.00322308	
0.00351538	0.00190769	0.00187692	0.00175385	0.00473846	0.00139231	0.000992308	0.00193077	0.00160769	0.000615385	0.00526923	0.00156154	6.92308e-05	1.53846e-05	0.00890769	6.15385e-05	0	0	0	0	0.00513846	0.000176923	0.00224615	0.00149231	0.00613077	0.000630769	0.000807692	0.00148462	0.00114615	0.0003	0.00658462	0.00102308	0.00166154	0.000946154	0.000669231	0.00577692	
0.00175385	0.00110769	0.000969231	0.000946154	0.00252308	0.000723077	0.000569231	0.000961538	0.000969231	0.000215385	0.00283846	0.000753846	2.30769e-05	3.07692e-05	0.0047	2.30769e-05	0	0	0	0	0.0028	9.23077e-05	0.00106154	0.000823077	0.00299231	0.000461538	0.000461538	0.000861538	0.000415385	0.000223077	0.0036	0.000538462	0.000938462	0.000453846	0.000476923	0.00290769	
0.387131	0.221892	0.187062	0.185015	0.530838	0.141031	0.114385	0.194846	0.188569	0.0665923	0.5726	0.153338	0.00479231	0.00297692	0.968285	0.00504615	0	0	0	0	0.555538	0.0193923	0.247215	0.158954	0.641354	0.0753538	0.100854	0.163538	0.106185	0.0383769	0.721062	0.115477	0.194185	0.104692	0.0839923	0.598231	
0.221915	0.128054	0.108308	0.108038	0.302877	0.0826538	0.0671692	0.113615	0.1068	0.0373538	0.335223	0.0869385	0.00282308	0.00169231	0.558846	0.00295385	0.00283846	0.00513846	0.0028	0.555538	0	0	0	0	0.359823	0.0458308	0.0613	0.0993615	0.0776692	0.0283692	0.374431	0.0858462	0.127438	0.0687846	0.0553692	0.314723	
0.00796154	0.00439231	0.00356154	0.00385385	0.0106231	0.00263077	0.0025	0.00401538	0.00417692	0.00185385	0.0101154	0.00362308	0.000115385	5.38462e-05	0.0194538	0.000146154	0.000107692	0.000176923	9.23077e-05	0.0193923	0	0	0	0	0.0130308	0.00143077	0.00210769	0.0032	0.00117692	0.000492308	0.0166692	0.00143077	0.003	0.0018	0.00137692	0.0135923	
0.0995385	0.0572692	0.0478231	0.0473154	0.1325	0.0378769	0.0307308	0.0508385	0.0608692	0.0217538	0.119738	0.0495846	0.00113846	0.0009	0.248615	0.00129231	0.00142308	0.00224615	0.00106154	0.247215	0	0	0	0	0.215069	0.00829231	0.011	0.0175846	0.0156385	0.00533077	0.214938	0.0160385	0.0392385	0.0201462	0.0161615	0.1764	
0.0650231	0.0363769	0.0310462	0.0295231	0.0948538	0.0206923	0.0161846	0.0302385	0.0202615	0.00677692	0.118731	0.0162	0.000838462	0.000384615	0.159977	0.000769231	0.0007	0.00149231	0.000823077	0.158954	0	0	0	0	0.0658231	0.0212692	0.0282308	0.0466462	0.0138615	0.00486923	0.128815	0.0144231	0.0280615	0.0158385	0.0126462	0.105423	
0.256023	0.145454	0.122592	0.129677	0.324454	0.104123	0.0848923	0.140277	0.148192	0.0533692	0.330008	0.122177	0.00319231	0.00200769	0.645092	0.00345385	0.00326923	0.00613077	0.00299231	0.641354	0.359823	0.0130308	0.215069	0.0658231	0	0	0	0	0.0634231	0.0223538	0.499615	0.0683538	0.122938	0.0664615	0.0502692	0.414077	
0.0305462	0.0178154	0.0151077	0.0133538	0.0475231	0.00930769	0.00717692	0.0128154	0.00968462	0.0033	0.0561923	0.00764615	0.0004	0.000169231	0.0758923	0.000361538	0.000376923	0.000630769	0.000461538	0.0753538	0.0458308	0.00143077	0.00829231	0.0212692	0	0	0	0	0.00976154	0.00349231	0.0529615	0.0106077	0.0168	0.00887692	0.00757692	0.0435692	
0.0410538	0.0238154	0.0201615	0.0176077	0.0644308	0.0114692	0.00936154	0.0173769	0.0128385	0.00401538	0.0753538	0.0104308	0.000546154	0.000330769	0.101308	0.000453846	0.000515385	0.000807692	0.000461538	0.100854	0.0613	0.00210769	0.011	0.0282308	0	0	0	0	0.0131385	0.00516923	0.0698538	0.0144769	0.0224615	0.0115846	0.0104846	0.0581077	
0.0668154	0.0390077	0.0328769	0.0280923	0.104446	0.0189538	0.0151538	0.0282385	0.0213923	0.00705385	0.122254	0.0160923	0.000776923	0.000523077	0.1646	0.000892308	0.000907692	0.00148462	0.000861538	0.163538	0.0993615	0.0032	0.0175846	0.0466462	0	0	0	0	0.0220231	0.00804615	0.112423	0.0243	0.0355385	0.0196462	0.0172231	0.0943846	
0.0437231	0.0253615	0.0224077	0.0168538	0.0743	0.0100846	0.00836154	0.0156	0.00972308	0.00311538	0.0882385	0.00726923	0.0005	0.000230769	0.107046	0.000569231	0.0006	0.00114615	0.000415385	0.106185	0.0776692	0.00117692	0.0156385	0.0138615	0.0634231	0.00976154	0.0131385	0.0220231	0	0	0	0	0.0293538	0.0160538	0.0129154	0.0500231	
0.0157231	0.00951538	0.00779231	0.00603077	0.0268538	0.00360769	0.00283077	0.00576923	0.00356923	0.00113077	0.0318615	0.0025	0.000161538	0.000153846	0.0385769	0.000169231	0.000161538	0.0003	0.000223077	0.0383769	0.0283692	0.000492308	0.00533077	0.00486923	0.0223538	0.00349231	0.00516923	0.00804615	0	0	0	0	0.0104154	0.00541538	0.00475385	0.0184769	
0.287492	0.162615	0.137208	0.147538	0.358762	0.119077	0.0961846	0.160831	0.168562	0.0600231	0.367615	0.138654	0.00370769	0.00221538	0.725015	0.00391538	0.00360769	0.00658462	0.0036	0.721062	0.374431	0.0166692	0.214938	0.128815	0.499615	0.0529615	0.0698538	0.112423	0	0	0	0	0.125008	0.0677077	0.0532769	0.488862	
0.0475	0.0286	0.0233308	0.0183077	0.0809385	0.0110846	0.00920769	0.0165077	0.0102538	0.00346923	0.0960923	0.00792308	0.000546154	0.000430769	0.116254	0.000507692	0.0007	0.00102308	0.000538462	0.115477	0.0858462	0.00143077	0.0160385	0.0144231	0.0683538	0.0106077	0.0144769	0.0243	0	0	0	0	0.0329615	0.0173923	0.0146077	0.0527769	
0.0775923	0.0460615	0.0388692	0.0352154	0.118792	0.0241923	0.0195154	0.0352385	0.0274231	0.0100154	0.138131	0.0221692	0.000946154	0.0006	0.195177	0.00101538	0.000953846	0.00166154	0.000938462	0.194185	0.127438	0.003	0.0392385	0.0280615	0.122938	0.0168	0.0224615	0.0355385	0.0293538	0.0104154	0.125008	0.0329615	0	0	0	0	
0.0423154	0.0246462	0.0208923	0.0187154	0.0644462	0.0127846	0.0106846	0.0186538	0.0149	0.00496154	0.0750923	0.0116154	0.000476923	0.000307692	0.105108	0.000676923	0.000476923	0.000946154	0.000453846	0.104692	0.0687846	0.0018	0.0201462	0.0158385	0.0664615	0.00887692	0.0115846	0.0196462	0.0160538	0.00541538	0.0677077	0.0173923	0	0	0	0	
0.0337615	0.0204538	0.0169923	0.0143462	0.0524692	0.00993077	0.00809231	0.0150615	0.0118385	0.00420769	0.0602692	0.00923846	0.000484615	0.000292308	0.0843538	0.000423077	0.000415385	0.000669231	0.000476923	0.0839923	0.0553692	0.00137692	0.0161615	0.0126462	0.0502692	0.00757692	0.0104846	0.0172231	0.0129154	0.00475385	0.0532769	0.0146077	0	0	0	0	
0.240769	0.134931	0.113985	0.120454	0.305146	0.0969462	0.0782923	0.129754	0.137946	0.0485538	0.310315	0.113323	0.00300769	0.00183077	0.602254	0.00304615	0.00322308	0.00577692	0.00290769	0.598231	0.314723	0.0135923	0.1764	0.105423	0.414077	0.0435692	0.0581077	0.0943846	0.0500231	0.0184769	0.488862	0.0527769	0	0	0	0	
