0	0	0	0	0.20454	0.05288	0.0551	0.05745	0.05787	0.02712	0.23665	0.04833	0.00026	3e-05	0.3696	8e-05	0.00013	0.00331	6e-05	0.36647	0.221	0.00583	0.12357	0.01957	0.27028	0.02452	0.03856	0.03661	0.03129	0.01059	0.30412	0.02397	0.04981	0.04516	0.02528	0.24972	
0	0	0	0	0.14442	0.03854	0.03941	0.04106	0.04242	0.01921	0.16776	0.03404	0.00017	0	0.26322	4e-05	7e-05	0.00247	4e-05	0.26085	0.15667	0.00451	0.08829	0.01396	0.19148	0.01753	0.02749	0.02693	0.02333	0.00665	0.2158	0.01765	0.03641	0.0312	0.01766	0.17816	
0	0	0	0	0.10232	0.02656	0.02786	0.02969	0.02951	0.01415	0.11817	0.0246	0.00018	1e-05	0.18619	5e-05	9e-05	0.00192	2e-05	0.1844	0.1118	0.00256	0.0624	0.00967	0.13631	0.0126	0.0193	0.01822	0.01567	0.00496	0.15301	0.01279	0.02552	0.02204	0.01349	0.12538	
0	0	0	0	0.05016	0.04132	0.04428	0.04441	0.02863	0.01367	0.11367	0.0242	0.0001	0	0.18001	6e-05	0.00011	0.00181	5e-05	0.1782	0.10949	0.00263	0.05848	0.00957	0.13088	0.01241	0.01897	0.01791	0.01553	0.00506	0.14787	0.01171	0.02405	0.02164	0.01204	0.12244	
0.20454	0.14442	0.10232	0.05016	0	0	0	0	0.0801	0.03617	0.31998	0.06519	0.00034	0	0.50097	0.00013	0.00024	0.00475	8e-05	0.49637	0.29836	0.00757	0.16882	0.02669	0.36551	0.03346	0.05177	0.0507	0.04465	0.01407	0.40882	0.0339	0.06965	0.0609	0.03563	0.33526	
0.05288	0.03854	0.02656	0.04132	0	0	0	0	0.02547	0.01251	0.10005	0.02127	0.00013	1e-05	0.15914	2e-05	6e-05	0.00162	2e-05	0.1576	0.09558	0.00248	0.05238	0.00886	0.11544	0.01117	0.01691	0.01578	0.01272	0.00417	0.13204	0.01037	0.02133	0.01878	0.01004	0.10915	
0.0551	0.03941	0.02786	0.04428	0	0	0	0	0.02628	0.01235	0.10601	0.02201	0.00012	2e-05	0.16647	4e-05	5e-05	0.00173	2e-05	0.16485	0.10169	0.00257	0.05406	0.00833	0.12116	0.0112	0.01777	0.01652	0.01386	0.00459	0.13727	0.01093	0.02193	0.02009	0.01131	0.11332	
0.05745	0.04106	0.02969	0.04441	0	0	0	0	0.02658	0.01312	0.11021	0.0227	0.00012	1e-05	0.17244	4e-05	5e-05	0.00141	5e-05	0.1711	0.10333	0.00291	0.05748	0.00889	0.12684	0.01123	0.01787	0.01667	0.01459	0.00443	0.14267	0.01092	0.02288	0.02027	0.01149	0.11797	
0.05787	0.04242	0.02951	0.02863	0.0801	0.02547	0.02628	0.02658	0	0	0	0	0.00012	0	0.15822	9e-05	3e-05	0.00154	1e-05	0.15685	0.10271	0.00199	0.04638	0.00735	0.11729	0.00976	0.01641	0.01497	0.01319	0.00428	0.13146	0.0095	0.01484	0.01317	0.00742	0.123	
0.02712	0.01921	0.01415	0.01367	0.03617	0.01251	0.01235	0.01312	0	0	0	0	9e-05	1e-05	0.07404	1e-05	4e-05	0.00058	0	0.07353	0.04856	0.00106	0.02092	0.00361	0.05483	0.00507	0.00741	0.00684	0.00605	0.00221	0.06097	0.00492	0.00714	0.00625	0.00355	0.05721	
0.23665	0.16776	0.11817	0.11367	0.31998	0.10005	0.10601	0.11021	0	0	0	0	0.00042	3e-05	0.6357	0.0001	0.00031	0.00604	0.00011	0.62979	0.36182	0.01062	0.2282	0.03561	0.45956	0.04399	0.06774	0.06496	0.05629	0.01762	0.51899	0.04335	0.10203	0.08934	0.05108	0.3938	
0.04833	0.03404	0.0246	0.0242	0.06519	0.02127	0.02201	0.0227	0	0	0	0	8e-05	0	0.13106	3e-05	2e-05	0.00135	5e-05	0.12975	0.08587	0.00186	0.03724	0.0062	0.09727	0.00824	0.01276	0.0129	0.01029	0.00315	0.10938	0.00835	0.01178	0.01128	0.00642	0.10169	
0.00026	0.00017	0.00018	0.0001	0.00034	0.00013	0.00012	0.00012	0.00012	9e-05	0.00042	8e-05	0	0	0	0	0	1e-05	0	0.0007	0.00044	1e-05	0.00022	4e-05	0.00047	4e-05	0.00012	8e-05	5e-05	2e-05	0.00058	6e-05	9e-05	5e-05	3e-05	0.00054	
3e-05	0	1e-05	0	0	1e-05	2e-05	1e-05	0	1e-05	3e-05	0	0	0	0	0	0	0	0	4e-05	3e-05	0	0	1e-05	3e-05	0	1e-05	0	1e-05	0	3e-05	0	0	0	2e-05	2e-05	
0.3696	0.26322	0.18619	0.18001	0.50097	0.15914	0.16647	0.17244	0.15822	0.07404	0.6357	0.13106	0	0	0	0	0.0004	0.00949	0.00017	0.98896	0.59834	0.01552	0.33247	0.05269	0.72826	0.06701	0.10418	0.09957	0.08576	0.02723	0.81998	0.06605	0.13568	0.11997	0.06842	0.67495	
8e-05	4e-05	5e-05	6e-05	0.00013	2e-05	4e-05	4e-05	9e-05	1e-05	0.0001	3e-05	0	0	0	0	0	1e-05	0	0.00022	0.00015	0	5e-05	3e-05	0.00019	1e-05	1e-05	2e-05	0	1e-05	0.00021	1e-05	2e-05	2e-05	0	0.00019	
0.00013	7e-05	9e-05	0.00011	0.00024	6e-05	5e-05	5e-05	3e-05	4e-05	0.00031	2e-05	0	0	0.0004	0	0	0	0	0	0.00024	1e-05	0.0001	5e-05	0.00034	3e-05	1e-05	2e-05	5e-05	1e-05	0.00029	5e-05	4e-05	6e-05	3e-05	0.00027	
0.00331	0.00247	0.00192	0.00181	0.00475	0.00162	0.00173	0.00141	0.00154	0.00058	0.00604	0.00135	1e-05	0	0.00949	1e-05	0	0	0	0	0.00561	0.00016	0.00319	0.00055	0.00691	0.00063	0.00102	0.00095	0.0008	0.00043	0.00765	0.00063	0.00136	0.00109	0.00064	0.00642	
6e-05	4e-05	2e-05	5e-05	8e-05	2e-05	2e-05	5e-05	1e-05	0	0.00011	5e-05	0	0	0.00017	0	0	0	0	0	0.00011	0	5e-05	1e-05	0.00014	0	1e-05	2e-05	0	0	0.00016	1e-05	0	2e-05	0	0.00015	
0.36647	0.26085	0.1844	0.1782	0.49637	0.1576	0.16485	0.1711	0.15685	0.07353	0.62979	0.12975	0.0007	4e-05	0.98896	0.00022	0	0	0	0	0.593	0.01536	0.3294	0.05216	0.72156	0.0664	0.10328	0.09868	0.08497	0.02682	0.8127	0.06543	0.13439	0.11887	0.0678	0.66886	
0.221	0.15667	0.1118	0.10949	0.29836	0.09558	0.10169	0.10333	0.10271	0.04856	0.36182	0.08587	0.00044	3e-05	0.59834	0.00015	0.00024	0.00561	0.00011	0.593	0	0	0	0	0.43713	0.04039	0.06176	0.05968	0.06909	0.0217	0.45491	0.05326	0.09657	0.08517	0.04846	0.36876	
0.00583	0.00451	0.00256	0.00263	0.00757	0.00248	0.00257	0.00291	0.00199	0.00106	0.01062	0.00186	1e-05	0	0.01552	0	1e-05	0.00016	0	0.01536	0	0	0	0	0.01139	0.00101	0.00163	0.0015	0.00062	0.00024	0.01412	0.00055	0.0015	0.00129	0.00078	0.01196	
0.12357	0.08829	0.0624	0.05848	0.16882	0.05238	0.05406	0.05748	0.04638	0.02092	0.2282	0.03724	0.00022	0	0.33247	5e-05	0.0001	0.00319	5e-05	0.3294	0	0	0	0	0.24216	0.02184	0.03556	0.03318	0.01378	0.00464	0.30368	0.01064	0.03248	0.02899	0.01662	0.25465	
0.01957	0.01396	0.00967	0.00957	0.02669	0.00886	0.00833	0.00889	0.00735	0.00361	0.03561	0.0062	4e-05	1e-05	0.05269	3e-05	5e-05	0.00055	1e-05	0.05216	0	0	0	0	0.03827	0.00382	0.00537	0.00531	0.00233	0.00068	0.04809	0.00167	0.00524	0.00459	0.00261	0.04033	
0.27028	0.19148	0.13631	0.13088	0.36551	0.11544	0.12116	0.12684	0.11729	0.05483	0.45956	0.09727	0.00047	3e-05	0.72826	0.00019	0.00034	0.00691	0.00014	0.72156	0.43713	0.01139	0.24216	0.03827	0	0	0	0	0.06249	0.01996	0.59861	0.04789	0.09895	0.08693	0.0498	0.49327	
0.02452	0.01753	0.0126	0.01241	0.03346	0.01117	0.0112	0.01123	0.00976	0.00507	0.04399	0.00824	4e-05	0	0.06701	1e-05	3e-05	0.00063	0	0.0664	0.04039	0.00101	0.02184	0.00382	0	0	0	0	0.00565	0.00171	0.05494	0.00476	0.00949	0.00791	0.0046	0.04506	
0.03856	0.02749	0.0193	0.01897	0.05177	0.01691	0.01777	0.01787	0.01641	0.00741	0.06774	0.01276	0.00012	1e-05	0.10418	1e-05	1e-05	0.00102	1e-05	0.10328	0.06176	0.00163	0.03556	0.00537	0	0	0	0	0.00874	0.00304	0.08567	0.00687	0.01399	0.01273	0.0073	0.0703	
0.03661	0.02693	0.01822	0.01791	0.0507	0.01578	0.01652	0.01667	0.01497	0.00684	0.06496	0.0129	8e-05	0	0.09957	2e-05	2e-05	0.00095	2e-05	0.09868	0.05968	0.0015	0.03318	0.00531	0	0	0	0	0.00894	0.00255	0.08158	0.0066	0.01336	0.01247	0.00677	0.06707	
0.03129	0.02333	0.01567	0.01553	0.04465	0.01272	0.01386	0.01459	0.01319	0.00605	0.05629	0.01029	5e-05	1e-05	0.08576	0	5e-05	0.0008	0	0.08497	0.06909	0.00062	0.01378	0.00233	0.06249	0.00565	0.00874	0.00894	0	0	0	0	0.0205	0.01772	0.00996	0.03764	
0.01059	0.00665	0.00496	0.00506	0.01407	0.00417	0.00459	0.00443	0.00428	0.00221	0.01762	0.00315	2e-05	0	0.02723	1e-05	1e-05	0.00043	0	0.02682	0.0217	0.00024	0.00464	0.00068	0.01996	0.00171	0.00304	0.00255	0	0	0	0	0.0064	0.00589	0.00316	0.01181	
0.30412	0.2158	0.15301	0.14787	0.40882	0.13204	0.13727	0.14267	0.13146	0.06097	0.51899	0.10938	0.00058	3e-05	0.81998	0.00021	0.00029	0.00765	0.00016	0.8127	0.45491	0.01412	0.30368	0.04809	0.59861	0.05494	0.08567	0.08158	0	0	0	0	0.09329	0.08296	0.04737	0.59718	
0.02397	0.01765	0.01279	0.01171	0.0339	0.01037	0.01093	0.01092	0.0095	0.00492	0.04335	0.00835	6e-05	0	0.06605	1e-05	5e-05	0.00063	1e-05	0.06543	0.05326	0.00055	0.01064	0.00167	0.04789	0.00476	0.00687	0.0066	0	0	0	0	0.0156	0.01347	0.00798	0.02907	
0.04981	0.03641	0.02552	0.02405	0.06965	0.02133	0.02193	0.02288	0.01484	0.00714	0.10203	0.01178	9e-05	0	0.13568	2e-05	4e-05	0.00136	0	0.13439	0.09657	0.0015	0.03248	0.00524	0.09895	0.00949	0.01399	0.01336	0.0205	0.0064	0.09329	0.0156	0	0	0	0	
0.04516	0.0312	0.02204	0.02164	0.0609	0.01878	0.02009	0.02027	0.01317	0.00625	0.08934	0.01128	5e-05	0	0.11997	2e-05	6e-05	0.00109	2e-05	0.11887	0.08517	0.00129	0.02899	0.00459	0.08693	0.00791	0.01273	0.01247	0.01772	0.00589	0.08296	0.01347	0	0	0	0	
0.02528	0.01766	0.01349	0.01204	0.03563	0.01004	0.01131	0.01149	0.00742	0.00355	0.05108	0.00642	3e-05	2e-05	0.06842	0	3e-05	0.00064	0	0.0678	0.04846	0.00078	0.01662	0.00261	0.0498	0.0046	0.0073	0.00677	0.00996	0.00316	0.04737	0.00798	0	0	0	0	
0.24972	0.17816	0.12538	0.12244	0.33526	0.10915	0.11332	0.11797	0.123	0.05721	0.3938	0.10169	0.00054	2e-05	0.67495	0.00019	0.00027	0.00642	0.00015	0.66886	0.36876	0.01196	0.25465	0.04033	0.49327	0.04506	0.0703	0.06707	0.03764	0.01181	0.59718	0.02907	0	0	0	0	
