0	0	0	0	0.20602	0.05182	0.05527	0.0574	0.05842	0.02669	0.23799	0.04741	0.00027	3e-05	0.37015	6e-05	0.00012	0.0033	2e-05	0.36707	0.22038	0.00568	0.12391	0.02054	0.27197	0.02532	0.03643	0.03679	0.03341	0.01017	0.30217	0.02476	0.0516	0.04417	0.02586	0.24888	
0	0	0	0	0.14774	0.03819	0.03769	0.04084	0.04195	0.0184	0.16962	0.03449	0.00026	0	0.26416	4e-05	0.00012	0.00263	4e-05	0.26167	0.15758	0.00399	0.08885	0.01404	0.19525	0.01759	0.02646	0.02516	0.02328	0.00715	0.21619	0.01784	0.03649	0.03132	0.01827	0.17838	
0	0	0	0	0.10407	0.02672	0.02799	0.02941	0.0298	0.01407	0.11989	0.02443	0.0001	0	0.18803	6e-05	4e-05	0.00178	6e-05	0.18631	0.11213	0.00281	0.06349	0.00976	0.1384	0.01269	0.01942	0.01768	0.01684	0.0049	0.15346	0.01299	0.02603	0.02318	0.01297	0.12601	
0	0	0	0	0.05169	0.04167	0.0417	0.04178	0.02858	0.01285	0.1128	0.02261	7e-05	1e-05	0.1767	6e-05	5e-05	0.00168	4e-05	0.17507	0.10795	0.00235	0.05701	0.00953	0.12975	0.01163	0.01847	0.01699	0.01384	0.00476	0.14661	0.01163	0.02309	0.01934	0.01133	0.12308	
0.20602	0.14774	0.10407	0.05169	0	0	0	0	0.07944	0.03495	0.33059	0.06454	0.00034	2e-05	0.50907	9e-05	0.00018	0.00498	9e-05	0.50427	0.2894	0.00838	0.18239	0.02935	0.37473	0.03404	0.05066	0.05009	0.051	0.01579	0.40445	0.03828	0.07671	0.06575	0.03827	0.32879	
0.05182	0.03819	0.02672	0.04167	0	0	0	0	0.02563	0.01197	0.09932	0.02148	0.00013	0	0.15823	4e-05	6e-05	0.00136	4e-05	0.15694	0.09976	0.0023	0.04849	0.00785	0.11631	0.01096	0.01614	0.01499	0.01176	0.0036	0.13346	0.00958	0.01945	0.01703	0.00969	0.11223	
0.05527	0.03769	0.02799	0.0417	0	0	0	0	0.02614	0.01203	0.10358	0.0209	9e-05	1e-05	0.1625	5e-05	5e-05	0.00148	0	0.16112	0.10262	0.0019	0.05057	0.00756	0.12002	0.01065	0.01648	0.0155	0.01208	0.00384	0.1372	0.00953	0.01977	0.01699	0.01007	0.11582	
0.0574	0.04084	0.02941	0.04178	0	0	0	0	0.02754	0.01306	0.10681	0.02202	0.00014	1e-05	0.16924	4e-05	4e-05	0.00157	3e-05	0.16779	0.10626	0.00225	0.05181	0.00911	0.12431	0.01158	0.0175	0.01604	0.01253	0.00375	0.14332	0.00983	0.02128	0.01824	0.0104	0.11951	
0.05842	0.04195	0.0298	0.02858	0.07944	0.02563	0.02614	0.02754	0	0	0	0	9e-05	0	0.15863	3e-05	3e-05	0.00147	1e-05	0.15724	0.10321	0.00203	0.04605	0.00746	0.12434	0.00854	0.01301	0.01286	0.0131	0.00397	0.13198	0.0097	0.01505	0.01237	0.00784	0.12349	
0.02669	0.0184	0.01407	0.01285	0.03495	0.01197	0.01203	0.01306	0	0	0	0	9e-05	0	0.0719	2e-05	2e-05	0.00069	0	0.0713	0.04718	0.00086	0.02072	0.00325	0.05613	0.00415	0.00628	0.00545	0.00596	0.00188	0.05955	0.00462	0.00689	0.00589	0.00353	0.0557	
0.23799	0.16962	0.11989	0.1128	0.33059	0.09932	0.10358	0.10681	0	0	0	0	0.00045	3e-05	0.63972	0.0001	0.00021	0.00609	0.00014	0.63386	0.36385	0.01041	0.22866	0.03738	0.45435	0.0471	0.07083	0.06802	0.0578	0.0178	0.52022	0.04448	0.10282	0.08867	0.05076	0.39805	
0.04741	0.03449	0.02443	0.02261	0.06454	0.02148	0.0209	0.02202	0	0	0	0	7e-05	1e-05	0.12879	7e-05	7e-05	0.00114	1e-05	0.12772	0.0838	0.00153	0.03783	0.00578	0.10055	0.00744	0.01066	0.01029	0.01051	0.00333	0.10668	0.00842	0.01245	0.01108	0.0063	0.09911	
0.00027	0.00026	0.0001	7e-05	0.00034	0.00013	9e-05	0.00014	9e-05	9e-05	0.00045	7e-05	0	0	0	0	0	0	0	0.0007	0.00045	1e-05	0.00021	3e-05	0.00049	7e-05	4e-05	0.0001	6e-05	2e-05	0.00052	0.0001	9e-05	8e-05	8e-05	0.00045	
3e-05	0	0	1e-05	2e-05	0	1e-05	1e-05	0	0	3e-05	1e-05	0	0	0	0	0	0	0	4e-05	2e-05	0	2e-05	0	2e-05	0	1e-05	1e-05	0	0	3e-05	1e-05	1e-05	0	1e-05	2e-05	
0.37015	0.26416	0.18803	0.1767	0.50907	0.15823	0.1625	0.16924	0.15863	0.0719	0.63972	0.12879	0	0	0	0	0.00033	0.00939	0.00016	0.98916	0.59742	0.0148	0.33298	0.05384	0.7347	0.06715	0.1007	0.09649	0.08731	0.02695	0.8177	0.06708	0.13708	0.11791	0.06831	0.67574	
6e-05	4e-05	6e-05	6e-05	9e-05	4e-05	5e-05	4e-05	3e-05	2e-05	0.0001	7e-05	0	0	0	0	0	0	0	0.00022	0.00015	2e-05	5e-05	0	0.00016	1e-05	3e-05	2e-05	0	1e-05	0.00018	3e-05	3e-05	2e-05	3e-05	0.00014	
0.00012	0.00012	4e-05	5e-05	0.00018	6e-05	5e-05	4e-05	3e-05	2e-05	0.00021	7e-05	0	0	0.00033	0	0	0	0	0	0.00018	0	0.00015	0	0.00026	2e-05	4e-05	1e-05	1e-05	0	0.0003	2e-05	5e-05	5e-05	1e-05	0.00022	
0.0033	0.00263	0.00178	0.00168	0.00498	0.00136	0.00148	0.00157	0.00147	0.00069	0.00609	0.00114	0	0	0.00939	0	0	0	0	0	0.00553	0.00015	0.00312	0.00059	0.00684	0.00054	0.0012	0.00081	0.0007	0.00025	0.00772	0.00072	0.0013	0.0012	0.00064	0.00625	
2e-05	4e-05	6e-05	4e-05	9e-05	4e-05	0	3e-05	1e-05	0	0.00014	1e-05	0	0	0.00016	0	0	0	0	0	0.00011	0	5e-05	0	0.00012	1e-05	1e-05	2e-05	1e-05	0	0.00014	1e-05	3e-05	4e-05	0	9e-05	
0.36707	0.26167	0.18631	0.17507	0.50427	0.15694	0.16112	0.16779	0.15724	0.0713	0.63386	0.12772	0.0007	4e-05	0.98916	0.00022	0	0	0	0	0.59222	0.01468	0.32994	0.05328	0.72815	0.06666	0.09953	0.09578	0.08665	0.02673	0.81027	0.06647	0.13583	0.11672	0.06778	0.66979	
0.22038	0.15758	0.11213	0.10795	0.2894	0.09976	0.10262	0.10626	0.10321	0.04718	0.36385	0.0838	0.00045	2e-05	0.59742	0.00015	0.00018	0.00553	0.00011	0.59222	0	0	0	0	0.44241	0.03963	0.05934	0.05666	0.06906	0.02144	0.45359	0.05395	0.0973	0.08376	0.0483	0.36868	
0.00568	0.00399	0.00281	0.00235	0.00838	0.0023	0.0019	0.00225	0.00203	0.00086	0.01041	0.00153	1e-05	0	0.0148	2e-05	0	0.00015	0	0.01468	0	0	0	0	0.01099	0.00086	0.0015	0.00148	0.00069	0.0002	0.01352	0.00042	0.00172	0.00116	0.00078	0.01117	
0.12391	0.08885	0.06349	0.05701	0.18239	0.04849	0.05057	0.05181	0.04605	0.02072	0.22866	0.03783	0.00021	2e-05	0.33298	5e-05	0.00015	0.00312	5e-05	0.32994	0	0	0	0	0.24261	0.023	0.03442	0.03323	0.01531	0.00469	0.30214	0.01112	0.03286	0.02841	0.01678	0.25521	
0.02054	0.01404	0.00976	0.00953	0.02935	0.00785	0.00756	0.00911	0.00746	0.00325	0.03738	0.00578	3e-05	0	0.05384	0	0	0.00059	0	0.05328	0	0	0	0	0.03936	0.00374	0.00552	0.00525	0.00231	0.00065	0.04918	0.00173	0.00533	0.00468	0.00257	0.04129	
0.27197	0.19525	0.1384	0.12975	0.37473	0.11631	0.12002	0.12431	0.12434	0.05613	0.45435	0.10055	0.00049	2e-05	0.7347	0.00016	0.00026	0.00684	0.00012	0.72815	0.44241	0.01099	0.24261	0.03936	0	0	0	0	0.06447	0.02012	0.60114	0.04964	0.10039	0.0855	0.05037	0.49911	
0.02532	0.01759	0.01269	0.01163	0.03404	0.01096	0.01065	0.01158	0.00854	0.00415	0.0471	0.00744	7e-05	0	0.06715	1e-05	2e-05	0.00054	1e-05	0.06666	0.03963	0.00086	0.023	0.00374	0	0	0	0	0.00575	0.00168	0.05536	0.00444	0.00927	0.00783	0.00446	0.04567	
0.03643	0.02646	0.01942	0.01847	0.05066	0.01614	0.01648	0.0175	0.01301	0.00628	0.07083	0.01066	4e-05	1e-05	0.1007	3e-05	4e-05	0.0012	1e-05	0.09953	0.05934	0.0015	0.03442	0.00552	0	0	0	0	0.00838	0.00273	0.08318	0.00649	0.01413	0.0121	0.00693	0.06762	
0.03679	0.02516	0.01768	0.01699	0.05009	0.01499	0.0155	0.01604	0.01286	0.00545	0.06802	0.01029	0.0001	1e-05	0.09649	2e-05	1e-05	0.00081	2e-05	0.09578	0.05666	0.00148	0.03323	0.00525	0	0	0	0	0.00877	0.00245	0.07875	0.00665	0.01342	0.01258	0.00667	0.06395	
0.03341	0.02328	0.01684	0.01384	0.051	0.01176	0.01208	0.01253	0.0131	0.00596	0.0578	0.01051	6e-05	0	0.08731	0	1e-05	0.0007	1e-05	0.08665	0.06906	0.00069	0.01531	0.00231	0.06447	0.00575	0.00838	0.00877	0	0	0	0	0.02098	0.01761	0.01015	0.03863	
0.01017	0.00715	0.0049	0.00476	0.01579	0.0036	0.00384	0.00375	0.00397	0.00188	0.0178	0.00333	2e-05	0	0.02695	1e-05	0	0.00025	0	0.02673	0.02144	0.0002	0.00469	0.00065	0.02012	0.00168	0.00273	0.00245	0	0	0	0	0.00654	0.00581	0.00315	0.01148	
0.30217	0.21619	0.15346	0.14661	0.40445	0.13346	0.1372	0.14332	0.13198	0.05955	0.52022	0.10668	0.00052	3e-05	0.8177	0.00018	0.0003	0.00772	0.00014	0.81027	0.45359	0.01352	0.30214	0.04918	0.60114	0.05536	0.08318	0.07875	0	0	0	0	0.09384	0.0807	0.04701	0.59688	
0.02476	0.01784	0.01299	0.01163	0.03828	0.00958	0.00953	0.00983	0.0097	0.00462	0.04448	0.00842	0.0001	1e-05	0.06708	3e-05	2e-05	0.00072	1e-05	0.06647	0.05395	0.00042	0.01112	0.00173	0.04964	0.00444	0.00649	0.00665	0	0	0	0	0.01585	0.01389	0.00812	0.02936	
0.0516	0.03649	0.02603	0.02309	0.07671	0.01945	0.01977	0.02128	0.01505	0.00689	0.10282	0.01245	9e-05	1e-05	0.13708	3e-05	5e-05	0.0013	3e-05	0.13583	0.0973	0.00172	0.03286	0.00533	0.10039	0.00927	0.01413	0.01342	0.02098	0.00654	0.09384	0.01585	0	0	0	0	
0.04417	0.03132	0.02318	0.01934	0.06575	0.01703	0.01699	0.01824	0.01237	0.00589	0.08867	0.01108	8e-05	0	0.11791	2e-05	5e-05	0.0012	4e-05	0.11672	0.08376	0.00116	0.02841	0.00468	0.0855	0.00783	0.0121	0.01258	0.01761	0.00581	0.0807	0.01389	0	0	0	0	
0.02586	0.01827	0.01297	0.01133	0.03827	0.00969	0.01007	0.0104	0.00784	0.00353	0.05076	0.0063	8e-05	1e-05	0.06831	3e-05	1e-05	0.00064	0	0.06778	0.0483	0.00078	0.01678	0.00257	0.05037	0.00446	0.00693	0.00667	0.01015	0.00315	0.04701	0.00812	0	0	0	0	
0.24888	0.17838	0.12601	0.12308	0.32879	0.11223	0.11582	0.11951	0.12349	0.0557	0.39805	0.09911	0.00045	2e-05	0.67574	0.00014	0.00022	0.00625	9e-05	0.66979	0.36868	0.01117	0.25521	0.04129	0.49911	0.04567	0.06762	0.06395	0.03863	0.01148	0.59688	0.02936	0	0	0	0	
