0	0	0	0	0.20785	0.05091	0.05301	0.05635	0.05704	0.02615	0.23663	0.0483	0.00024	2e-05	0.36777	9e-05	0.0002	0.00364	9e-05	0.36419	0.22011	0.00526	0.12287	0.01988	0.27103	0.02478	0.03735	0.03496	0.03369	0.00996	0.29933	0.02514	0.05117	0.04445	0.02404	0.24846	
0	0	0	0	0.15109	0.03804	0.03726	0.04082	0.04281	0.01907	0.17004	0.03529	0.00018	4e-05	0.26693	6e-05	0.00016	0.00258	3e-05	0.26444	0.15828	0.00413	0.09049	0.01431	0.19676	0.01705	0.02713	0.02627	0.02457	0.00694	0.21742	0.01828	0.03702	0.03187	0.018	0.18032	
0	0	0	0	0.10542	0.02691	0.02697	0.02866	0.02934	0.01348	0.12056	0.02458	0.00013	1e-05	0.18776	6e-05	7e-05	0.00167	6e-05	0.18616	0.11117	0.00259	0.06421	0.00999	0.13795	0.01308	0.01881	0.01812	0.01622	0.00506	0.15435	0.01233	0.02502	0.02255	0.01297	0.12742	
0	0	0	0	0.05196	0.04023	0.04173	0.04279	0.02809	0.01231	0.11301	0.0233	0.00015	3e-05	0.17651	2e-05	9e-05	0.00158	1e-05	0.17503	0.10906	0.00257	0.05601	0.00907	0.13059	0.01196	0.01715	0.01701	0.01366	0.00458	0.14787	0.0106	0.02284	0.0198	0.01126	0.12281	
0.20785	0.15109	0.10542	0.05196	0	0	0	0	0.07805	0.03568	0.33727	0.06532	0.00035	5e-05	0.5158	0.00012	0.00028	0.00514	0.00012	0.51078	0.28775	0.00827	0.18992	0.03038	0.38001	0.03443	0.05156	0.05032	0.05472	0.016	0.40402	0.04158	0.07915	0.06879	0.03856	0.32982	
0.05091	0.03804	0.02691	0.04023	0	0	0	0	0.02519	0.01146	0.09833	0.02111	8e-05	2e-05	0.15598	1e-05	7e-05	0.00136	1e-05	0.15465	0.09961	0.00201	0.0469	0.00757	0.11472	0.01073	0.01578	0.01486	0.01059	0.00348	0.13386	0.00816	0.01839	0.01622	0.00909	0.11239	
0.05301	0.03726	0.02697	0.04173	0	0	0	0	0.02594	0.01144	0.09996	0.02163	0.00012	2e-05	0.1588	3e-05	0.00011	0.00127	2e-05	0.15757	0.10185	0.0022	0.04784	0.00708	0.11715	0.01057	0.0163	0.01495	0.0112	0.00366	0.13606	0.00805	0.0189	0.0159	0.00921	0.11496	
0.05635	0.04082	0.02866	0.04279	0	0	0	0	0.0281	0.01243	0.10468	0.02341	0.00015	1e-05	0.16839	7e-05	6e-05	0.0017	4e-05	0.16682	0.10941	0.00207	0.04892	0.00822	0.12445	0.01114	0.0168	0.01623	0.01163	0.0034	0.14503	0.00856	0.01961	0.01776	0.00941	0.12184	
0.05704	0.04281	0.02934	0.02809	0.07805	0.02519	0.02594	0.0281	0	0	0	0	0.00015	0	0.15712	1e-05	7e-05	0.00148	9e-05	0.15564	0.10237	0.00208	0.04556	0.00727	0.12489	0.00866	0.01154	0.01219	0.01305	0.00394	0.13077	0.00952	0.01506	0.01248	0.00727	0.12247	
0.02615	0.01907	0.01348	0.01231	0.03568	0.01146	0.01144	0.01243	0	0	0	0	0	0	0.07098	3e-05	3e-05	0.00079	2e-05	0.07017	0.04596	0.00081	0.02099	0.00325	0.05645	0.00348	0.00594	0.00514	0.00584	0.0017	0.05907	0.0044	0.00681	0.00575	0.00351	0.05494	
0.23663	0.17004	0.12056	0.11301	0.33727	0.09833	0.09996	0.10468	0	0	0	0	0.00051	0.0001	0.63947	0.00016	0.00037	0.00602	6e-05	0.63379	0.36502	0.01009	0.22843	0.0367	0.45088	0.04752	0.07264	0.0692	0.05794	0.01782	0.51984	0.04464	0.10227	0.08915	0.04928	0.39954	
0.0483	0.03529	0.02458	0.0233	0.06532	0.02111	0.02163	0.02341	0	0	0	0	4e-05	0	0.1314	3e-05	5e-05	0.00118	2e-05	0.13022	0.08527	0.00157	0.0386	0.00603	0.10411	0.00721	0.01032	0.00983	0.01131	0.00308	0.10929	0.00779	0.01191	0.01129	0.00621	0.10206	
0.00024	0.00018	0.00013	0.00015	0.00035	8e-05	0.00012	0.00015	0.00015	0	0.00051	4e-05	0	0	0	0	0	1e-05	0	0.00069	0.00052	3e-05	0.00012	3e-05	0.00054	4e-05	6e-05	6e-05	4e-05	5e-05	0.00054	7e-05	9e-05	9e-05	5e-05	0.00047	
2e-05	4e-05	1e-05	3e-05	5e-05	2e-05	2e-05	1e-05	0	0	0.0001	0	0	0	0	0	0	0	0	0.0001	6e-05	0	2e-05	2e-05	6e-05	1e-05	2e-05	1e-05	1e-05	0	9e-05	0	1e-05	0	1e-05	8e-05	
0.36777	0.26693	0.18776	0.17651	0.5158	0.15598	0.1588	0.16839	0.15712	0.07098	0.63947	0.1314	0	0	0	0	0.00052	0.00946	0.00019	0.9888	0.59787	0.01452	0.33338	0.0532	0.73554	0.06681	0.10034	0.09628	0.08806	0.02649	0.81816	0.06626	0.13589	0.11857	0.06619	0.67832	
9e-05	6e-05	6e-05	2e-05	0.00012	1e-05	3e-05	7e-05	1e-05	3e-05	0.00016	3e-05	0	0	0	0	0	0	0	0.00023	0.00017	0	6e-05	0	0.00019	1e-05	2e-05	1e-05	3e-05	0	0.00018	2e-05	6e-05	1e-05	2e-05	0.00014	
0.0002	0.00016	7e-05	9e-05	0.00028	7e-05	0.00011	6e-05	7e-05	3e-05	0.00037	5e-05	0	0	0.00052	0	0	0	0	0	0.00035	0	0.00016	1e-05	0.00039	4e-05	4e-05	5e-05	4e-05	2e-05	0.00041	5e-05	8e-05	5e-05	3e-05	0.00036	
0.00364	0.00258	0.00167	0.00158	0.00514	0.00136	0.00127	0.0017	0.00148	0.00079	0.00602	0.00118	1e-05	0	0.00946	0	0	0	0	0	0.00588	9e-05	0.00301	0.00049	0.00721	0.00054	0.00081	0.00091	0.00086	0.00031	0.00768	0.00062	0.00118	0.00114	0.00067	0.00648	
9e-05	3e-05	6e-05	1e-05	0.00012	1e-05	2e-05	4e-05	9e-05	2e-05	6e-05	2e-05	0	0	0.00019	0	0	0	0	0	0.00014	0	4e-05	1e-05	0.00014	2e-05	1e-05	2e-05	3e-05	0	0.00015	1e-05	3e-05	3e-05	1e-05	0.00012	
0.36419	0.26444	0.18616	0.17503	0.51078	0.15465	0.15757	0.16682	0.15564	0.07017	0.63379	0.13022	0.00069	0.0001	0.9888	0.00023	0	0	0	0	0.59225	0.01446	0.33037	0.05274	0.72859	0.06627	0.09958	0.09538	0.08721	0.02621	0.81073	0.06567	0.13476	0.11745	0.06556	0.67205	
0.22011	0.15828	0.11117	0.10906	0.28775	0.09961	0.10185	0.10941	0.10237	0.04596	0.36502	0.08527	0.00052	6e-05	0.59787	0.00017	0.00035	0.00588	0.00014	0.59225	0	0	0	0	0.44316	0.03984	0.05958	0.05604	0.06936	0.02074	0.45585	0.05267	0.09606	0.084	0.04693	0.37163	
0.00526	0.00413	0.00259	0.00257	0.00827	0.00201	0.0022	0.00207	0.00208	0.00081	0.01009	0.00157	3e-05	0	0.01452	0	0	9e-05	0	0.01446	0	0	0	0	0.01103	0.00099	0.00129	0.00124	0.00067	0.00017	0.01319	0.00052	0.00141	0.0012	0.00066	0.01128	
0.12287	0.09049	0.06421	0.05601	0.18992	0.0469	0.04784	0.04892	0.04556	0.02099	0.22843	0.0386	0.00012	2e-05	0.33338	6e-05	0.00016	0.00301	4e-05	0.33037	0	0	0	0	0.24357	0.02226	0.03411	0.03364	0.01586	0.00473	0.30165	0.01134	0.03301	0.02888	0.016	0.25569	
0.01988	0.01431	0.00999	0.00907	0.03038	0.00757	0.00708	0.00822	0.00727	0.00325	0.0367	0.00603	3e-05	2e-05	0.0532	0	1e-05	0.00049	1e-05	0.05274	0	0	0	0	0.03857	0.00378	0.00546	0.00544	0.00225	0.0009	0.04828	0.00182	0.00557	0.00459	0.00268	0.04041	
0.27103	0.19676	0.13795	0.13059	0.38001	0.11472	0.11715	0.12445	0.12489	0.05645	0.45088	0.10411	0.00054	6e-05	0.73554	0.00019	0.00039	0.00721	0.00014	0.72859	0.44316	0.01103	0.24357	0.03857	0	0	0	0	0.0653	0.01956	0.60263	0.04884	0.09932	0.08649	0.048	0.50252	
0.02478	0.01705	0.01308	0.01196	0.03443	0.01073	0.01057	0.01114	0.00866	0.00348	0.04752	0.00721	4e-05	1e-05	0.06681	1e-05	4e-05	0.00054	2e-05	0.06627	0.03984	0.00099	0.02226	0.00378	0	0	0	0	0.0057	0.00174	0.05512	0.00431	0.00914	0.00802	0.00473	0.04498	
0.03735	0.02713	0.01881	0.01715	0.05156	0.01578	0.0163	0.0168	0.01154	0.00594	0.07264	0.01032	6e-05	2e-05	0.10034	2e-05	4e-05	0.00081	1e-05	0.09958	0.05958	0.00129	0.03411	0.00546	0	0	0	0	0.00881	0.00284	0.08162	0.00717	0.0146	0.01232	0.00685	0.06667	
0.03496	0.02627	0.01812	0.01701	0.05032	0.01486	0.01495	0.01623	0.01219	0.00514	0.0692	0.00983	6e-05	1e-05	0.09628	1e-05	5e-05	0.00091	2e-05	0.09538	0.05604	0.00124	0.03364	0.00544	0	0	0	0	0.00833	0.0024	0.0796	0.00603	0.01299	0.01184	0.00669	0.06484	
0.03369	0.02457	0.01622	0.01366	0.05472	0.01059	0.0112	0.01163	0.01305	0.00584	0.05794	0.01131	4e-05	1e-05	0.08806	3e-05	4e-05	0.00086	3e-05	0.08721	0.06936	0.00067	0.01586	0.00225	0.0653	0.0057	0.00881	0.00833	0	0	0	0	0.02105	0.01788	0.01033	0.03888	
0.00996	0.00694	0.00506	0.00458	0.016	0.00348	0.00366	0.0034	0.00394	0.0017	0.01782	0.00308	5e-05	0	0.02649	0	2e-05	0.00031	0	0.02621	0.02074	0.00017	0.00473	0.0009	0.01956	0.00174	0.00284	0.0024	0	0	0	0	0.00611	0.00547	0.00339	0.01157	
0.29933	0.21742	0.15435	0.14787	0.40402	0.13386	0.13606	0.14503	0.13077	0.05907	0.51984	0.10929	0.00054	9e-05	0.81816	0.00018	0.00041	0.00768	0.00015	0.81073	0.45585	0.01319	0.30165	0.04828	0.60263	0.05512	0.08162	0.0796	0	0	0	0	0.09273	0.08135	0.04509	0.5998	
0.02514	0.01828	0.01233	0.0106	0.04158	0.00816	0.00805	0.00856	0.00952	0.0044	0.04464	0.00779	7e-05	0	0.06626	2e-05	5e-05	0.00062	1e-05	0.06567	0.05267	0.00052	0.01134	0.00182	0.04884	0.00431	0.00717	0.00603	0	0	0	0	0.01616	0.01397	0.00746	0.02876	
0.05117	0.03702	0.02502	0.02284	0.07915	0.01839	0.0189	0.01961	0.01506	0.00681	0.10227	0.01191	9e-05	1e-05	0.13589	6e-05	8e-05	0.00118	3e-05	0.13476	0.09606	0.00141	0.03301	0.00557	0.09932	0.00914	0.0146	0.01299	0.02105	0.00611	0.09273	0.01616	0	0	0	0	
0.04445	0.03187	0.02255	0.0198	0.06879	0.01622	0.0159	0.01776	0.01248	0.00575	0.08915	0.01129	9e-05	0	0.11857	1e-05	5e-05	0.00114	3e-05	0.11745	0.084	0.0012	0.02888	0.00459	0.08649	0.00802	0.01232	0.01184	0.01788	0.00547	0.08135	0.01397	0	0	0	0	
0.02404	0.018	0.01297	0.01126	0.03856	0.00909	0.00921	0.00941	0.00727	0.00351	0.04928	0.00621	5e-05	1e-05	0.06619	2e-05	3e-05	0.00067	1e-05	0.06556	0.04693	0.00066	0.016	0.00268	0.048	0.00473	0.00685	0.00669	0.01033	0.00339	0.04509	0.00746	0	0	0	0	
0.24846	0.18032	0.12742	0.12281	0.32982	0.11239	0.11496	0.12184	0.12247	0.05494	0.39954	0.10206	0.00047	8e-05	0.67832	0.00014	0.00036	0.00648	0.00012	0.67205	0.37163	0.01128	0.25569	0.04041	0.50252	0.04498	0.06667	0.06484	0.03888	0.01157	0.5998	0.02876	0	0	0	0	
