0	0	0	0	0.21046	0.05156	0.05244	0.05469	0.05763	0.02649	0.23773	0.0473	0.00029	0	0.36881	5e-05	0.00015	0.00325	6e-05	0.36569	0.21946	0.00543	0.12398	0.02028	0.27257	0.02457	0.03712	0.03489	0.03421	0.01012	0.29956	0.02526	0.04969	0.04474	0.02563	0.24909	
0	0	0	0	0.14836	0.03682	0.03846	0.03953	0.04128	0.01835	0.16948	0.03406	0.00022	2e-05	0.26287	6e-05	8e-05	0.00212	5e-05	0.26092	0.15764	0.00403	0.08771	0.01379	0.19393	0.01779	0.02588	0.02557	0.02533	0.00708	0.21281	0.01795	0.03641	0.0329	0.01899	0.17487	
0	0	0	0	0.10803	0.02676	0.02754	0.0283	0.02921	0.0141	0.12247	0.02485	0.00016	0	0.19045	2e-05	7e-05	0.00187	3e-05	0.18866	0.11392	0.00273	0.06367	0.01031	0.14044	0.01275	0.01888	0.01856	0.01781	0.00528	0.15409	0.01345	0.02691	0.0229	0.0132	0.12762	
0	0	0	0	0.05155	0.04032	0.04115	0.04403	0.02781	0.01324	0.11252	0.02348	8e-05	1e-05	0.17693	3e-05	5e-05	0.00136	2e-05	0.17562	0.11015	0.00274	0.05569	0.00847	0.13121	0.01111	0.01781	0.01692	0.01358	0.00458	0.14874	0.01015	0.02208	0.01914	0.01167	0.12416	
0.21046	0.14836	0.10803	0.05155	0	0	0	0	0.07722	0.03643	0.34027	0.06448	0.00035	1e-05	0.51799	5e-05	0.00017	0.0044	7e-05	0.51376	0.28816	0.00843	0.19133	0.03048	0.38261	0.03463	0.05182	0.04934	0.05763	0.01683	0.40112	0.04282	0.08001	0.07127	0.0408	0.32632	
0.05156	0.03682	0.02676	0.04032	0	0	0	0	0.02593	0.01142	0.09692	0.02119	0.00011	0	0.15533	2e-05	0.0001	0.00146	2e-05	0.15388	0.10111	0.00204	0.04499	0.00732	0.11474	0.01018	0.01508	0.01546	0.01066	0.00325	0.13342	0.00813	0.0178	0.01546	0.00899	0.11321	
0.05244	0.03846	0.02754	0.04115	0	0	0	0	0.02584	0.01177	0.10064	0.02134	0.00015	2e-05	0.1594	2e-05	6e-05	0.00145	2e-05	0.15806	0.10337	0.00217	0.04665	0.0074	0.11814	0.01049	0.01587	0.01509	0.01117	0.00324	0.13721	0.00797	0.01852	0.01584	0.00952	0.11571	
0.05469	0.03953	0.0283	0.04403	0	0	0	0	0.02694	0.01256	0.10437	0.02268	0.00014	0	0.16634	7e-05	2e-05	0.00129	5e-05	0.16519	0.10853	0.00229	0.04808	0.00765	0.12266	0.01092	0.01692	0.01605	0.01147	0.00374	0.14345	0.00789	0.01876	0.01711	0.01018	0.1205	
0.05763	0.04128	0.02921	0.02781	0.07722	0.02593	0.02584	0.02694	0	0	0	0	0.0001	0	0.15582	1e-05	9e-05	0.00141	4e-05	0.15439	0.1019	0.00212	0.04443	0.00748	0.1251	0.0081	0.01144	0.01129	0.01235	0.00381	0.13053	0.00924	0.0145	0.01297	0.00729	0.12117	
0.02649	0.01835	0.0141	0.01324	0.03643	0.01142	0.01177	0.01256	0	0	0	0	6e-05	0	0.0721	2e-05	2e-05	0.00066	0	0.0715	0.04756	0.00108	0.02037	0.00317	0.05805	0.00364	0.0053	0.00519	0.00589	0.00162	0.06031	0.00436	0.00634	0.00598	0.00368	0.05618	
0.23773	0.16948	0.12247	0.11252	0.34027	0.09692	0.10064	0.10437	0	0	0	0	0.0005	3e-05	0.64161	6e-05	0.00021	0.00539	8e-05	0.63652	0.36687	0.01	0.2291	0.03623	0.45111	0.0481	0.073	0.06999	0.06177	0.01852	0.51609	0.04582	0.10262	0.09015	0.05213	0.3973	
0.0473	0.03406	0.02485	0.02348	0.06448	0.02119	0.02134	0.02268	0	0	0	0	9e-05	0	0.12953	7e-05	3e-05	0.00114	4e-05	0.12848	0.08484	0.00173	0.03715	0.00597	0.10389	0.00638	0.00995	0.00947	0.01092	0.00311	0.10827	0.00739	0.01163	0.01058	0.00639	0.10109	
0.00029	0.00022	0.00016	8e-05	0.00035	0.00011	0.00015	0.00014	0.0001	6e-05	0.0005	9e-05	0	0	0	0	0	0	0	0.00075	0.00042	1e-05	0.00028	4e-05	0.00048	6e-05	0.00012	9e-05	7e-05	1e-05	0.00059	8e-05	0.0001	6e-05	1e-05	0.00058	
0	2e-05	0	1e-05	1e-05	0	2e-05	0	0	0	3e-05	0	0	0	0	0	0	0	0	3e-05	2e-05	0	1e-05	0	2e-05	0	1e-05	0	0	1e-05	2e-05	0	1e-05	1e-05	0	1e-05	
0.36881	0.26287	0.19045	0.17693	0.51799	0.15533	0.1594	0.16634	0.15582	0.0721	0.64161	0.12953	0	0	0	0	0.00035	0.0086	0.00016	0.98995	0.60067	0.01492	0.33067	0.0528	0.73753	0.06616	0.09953	0.09584	0.09085	0.02704	0.81444	0.06673	0.13497	0.1196	0.06948	0.67501	
5e-05	6e-05	2e-05	3e-05	5e-05	2e-05	2e-05	7e-05	1e-05	2e-05	6e-05	7e-05	0	0	0	0	0	0	0	0.00016	6e-05	0	9e-05	1e-05	0.00012	0	3e-05	1e-05	1e-05	0	0.00015	0	1e-05	1e-05	0	0.00014	
0.00015	8e-05	7e-05	5e-05	0.00017	0.0001	6e-05	2e-05	9e-05	2e-05	0.00021	3e-05	0	0	0.00035	0	0	0	0	0	0.00022	1e-05	0.00012	0	0.00024	0	7e-05	4e-05	3e-05	2e-05	0.00028	2e-05	5e-05	4e-05	3e-05	0.00023	
0.00325	0.00212	0.00187	0.00136	0.0044	0.00146	0.00145	0.00129	0.00141	0.00066	0.00539	0.00114	0	0	0.0086	0	0	0	0	0	0.00528	0.00016	0.00268	0.00048	0.0063	0.00058	0.00091	0.00081	0.00076	0.0002	0.00705	0.00059	0.00136	0.00091	0.00051	0.00582	
6e-05	5e-05	3e-05	2e-05	7e-05	2e-05	2e-05	5e-05	4e-05	0	8e-05	4e-05	0	0	0.00016	0	0	0	0	0	8e-05	0	7e-05	1e-05	0.00014	0	0	2e-05	1e-05	0	0.00015	0	0	2e-05	1e-05	0.00013	
0.36569	0.26092	0.18866	0.17562	0.51376	0.15388	0.15806	0.16519	0.15439	0.0715	0.63652	0.12848	0.00075	3e-05	0.98995	0.00016	0	0	0	0	0.59559	0.01476	0.32818	0.05236	0.73147	0.06564	0.09871	0.09507	0.09013	0.02684	0.80772	0.0662	0.13368	0.11871	0.06894	0.66956	
0.21946	0.15764	0.11392	0.11015	0.28816	0.10111	0.10337	0.10853	0.1019	0.04756	0.36687	0.08484	0.00042	2e-05	0.60067	6e-05	0.00022	0.00528	8e-05	0.59559	0	0	0	0	0.44589	0.03936	0.05951	0.05641	0.072	0.02169	0.45481	0.05267	0.09584	0.0858	0.04945	0.37008	
0.00543	0.00403	0.00273	0.00274	0.00843	0.00204	0.00217	0.00229	0.00212	0.00108	0.01	0.00173	1e-05	0	0.01492	0	1e-05	0.00016	0	0.01476	0	0	0	0	0.01114	0.00088	0.00153	0.00138	0.00069	0.0002	0.01351	0.00053	0.00129	0.00126	0.00071	0.01167	
0.12398	0.08771	0.06367	0.05569	0.19133	0.04499	0.04665	0.04808	0.04443	0.02037	0.2291	0.03715	0.00028	1e-05	0.33067	9e-05	0.00012	0.00268	7e-05	0.32818	0	0	0	0	0.24263	0.02249	0.03338	0.03255	0.01579	0.00449	0.29912	0.01165	0.03252	0.02798	0.01666	0.25389	
0.02028	0.01379	0.01031	0.00847	0.03048	0.00732	0.0074	0.00765	0.00748	0.00317	0.03623	0.00597	4e-05	0	0.0528	1e-05	0	0.00048	1e-05	0.05236	0	0	0	0	0.03849	0.00349	0.00527	0.0056	0.00245	0.00068	0.04776	0.00196	0.00544	0.00464	0.00267	0.0401	
0.27257	0.19393	0.14044	0.13121	0.38261	0.11474	0.11814	0.12266	0.1251	0.05805	0.45111	0.10389	0.00048	2e-05	0.73753	0.00012	0.00024	0.0063	0.00014	0.73147	0.44589	0.01114	0.24263	0.03849	0	0	0	0	0.06662	0.02015	0.60262	0.04876	0.09793	0.08716	0.05083	0.50223	
0.02457	0.01779	0.01275	0.01111	0.03463	0.01018	0.01049	0.01092	0.0081	0.00364	0.0481	0.00638	6e-05	0	0.06616	0	0	0.00058	0	0.06564	0.03936	0.00088	0.02249	0.00349	0	0	0	0	0.0067	0.00188	0.05309	0.00455	0.00973	0.00851	0.00472	0.04326	
0.03712	0.02588	0.01888	0.01781	0.05182	0.01508	0.01587	0.01692	0.01144	0.0053	0.073	0.00995	0.00012	1e-05	0.09953	3e-05	7e-05	0.00091	0	0.09871	0.05951	0.00153	0.03338	0.00527	0	0	0	0	0.00873	0.00255	0.08161	0.0068	0.01412	0.01202	0.00713	0.06642	
0.03489	0.02557	0.01856	0.01692	0.04934	0.01546	0.01509	0.01605	0.01129	0.00519	0.06999	0.00947	9e-05	0	0.09584	1e-05	4e-05	0.00081	2e-05	0.09507	0.05641	0.00138	0.03255	0.0056	0	0	0	0	0.00888	0.00248	0.07788	0.0067	0.01331	0.01199	0.00681	0.06383	
0.03421	0.02533	0.01781	0.01358	0.05763	0.01066	0.01117	0.01147	0.01235	0.00589	0.06177	0.01092	7e-05	0	0.09085	1e-05	3e-05	0.00076	1e-05	0.09013	0.072	0.00069	0.01579	0.00245	0.06662	0.0067	0.00873	0.00888	0	0	0	0	0.02131	0.01912	0.01114	0.03936	
0.01012	0.00708	0.00528	0.00458	0.01683	0.00325	0.00324	0.00374	0.00381	0.00162	0.01852	0.00311	1e-05	1e-05	0.02704	0	2e-05	0.0002	0	0.02684	0.02169	0.0002	0.00449	0.00068	0.02015	0.00188	0.00255	0.00248	0	0	0	0	0.0066	0.00547	0.00318	0.01181	
0.29956	0.21281	0.15409	0.14874	0.40112	0.13342	0.13721	0.14345	0.13053	0.06031	0.51609	0.10827	0.00059	2e-05	0.81444	0.00015	0.00028	0.00705	0.00015	0.80772	0.45481	0.01351	0.29912	0.04776	0.60262	0.05309	0.08161	0.07788	0	0	0	0	0.091	0.08076	0.04744	0.596	
0.02526	0.01795	0.01345	0.01015	0.04282	0.00813	0.00797	0.00789	0.00924	0.00436	0.04582	0.00739	8e-05	0	0.06673	0	2e-05	0.00059	0	0.0662	0.05267	0.00053	0.01165	0.00196	0.04876	0.00455	0.0068	0.0067	0	0	0	0	0.01618	0.01433	0.00773	0.02857	
0.04969	0.03641	0.02691	0.02208	0.08001	0.0178	0.01852	0.01876	0.0145	0.00634	0.10262	0.01163	0.0001	1e-05	0.13497	1e-05	5e-05	0.00136	0	0.13368	0.09584	0.00129	0.03252	0.00544	0.09793	0.00973	0.01412	0.01331	0.02131	0.0066	0.091	0.01618	0	0	0	0	
0.04474	0.0329	0.0229	0.01914	0.07127	0.01546	0.01584	0.01711	0.01297	0.00598	0.09015	0.01058	6e-05	1e-05	0.1196	1e-05	4e-05	0.00091	2e-05	0.11871	0.0858	0.00126	0.02798	0.00464	0.08716	0.00851	0.01202	0.01199	0.01912	0.00547	0.08076	0.01433	0	0	0	0	
0.02563	0.01899	0.0132	0.01167	0.0408	0.00899	0.00952	0.01018	0.00729	0.00368	0.05213	0.00639	1e-05	0	0.06948	0	3e-05	0.00051	1e-05	0.06894	0.04945	0.00071	0.01666	0.00267	0.05083	0.00472	0.00713	0.00681	0.01114	0.00318	0.04744	0.00773	0	0	0	0	
0.24909	0.17487	0.12762	0.12416	0.32632	0.11321	0.11571	0.1205	0.12117	0.05618	0.3973	0.10109	0.00058	1e-05	0.67501	0.00014	0.00023	0.00582	0.00013	0.66956	0.37008	0.01167	0.25389	0.0401	0.50223	0.04326	0.06642	0.06383	0.03936	0.01181	0.596	0.02857	0	0	0	0	
