0	0	0	0	0.20707	0.05018	0.05454	0.05619	0.05798	0.02726	0.23515	0.04759	0.00029	3e-05	0.36754	0.00012	0.00012	0.0033	0.00011	0.36445	0.21957	0.00493	0.12317	0.02031	0.27253	0.0244	0.03611	0.03494	0.03373	0.01031	0.29885	0.02509	0.05106	0.04411	0.02475	0.24806	
0	0	0	0	0.15209	0.03754	0.03957	0.03965	0.04252	0.019	0.17149	0.03584	0.00026	1e-05	0.26855	3e-05	6e-05	0.00262	4e-05	0.26613	0.15948	0.00414	0.09115	0.01408	0.19782	0.01829	0.02696	0.02578	0.02474	0.00744	0.21811	0.01856	0.038	0.03257	0.018	0.18028	
0	0	0	0	0.10486	0.02598	0.02694	0.02785	0.02989	0.01352	0.11694	0.02528	0.0002	1e-05	0.18538	4e-05	8e-05	0.00185	2e-05	0.18368	0.1109	0.00274	0.06203	0.00996	0.13746	0.01204	0.01827	0.01786	0.01667	0.00504	0.15114	0.01278	0.02517	0.02208	0.01287	0.12551	
0	0	0	0	0.05242	0.03988	0.04221	0.04303	0.02806	0.0136	0.11192	0.02396	0.00015	4e-05	0.17732	3e-05	6e-05	0.00155	5e-05	0.17588	0.11016	0.00229	0.05591	0.00918	0.13169	0.01169	0.01756	0.0166	0.01411	0.00442	0.14817	0.01084	0.02184	0.02027	0.01145	0.12398	
0.20707	0.15209	0.10486	0.05242	0	0	0	0	0.07893	0.0366	0.33538	0.06553	0.00044	1e-05	0.51585	0.00014	0.00014	0.00477	0.00011	0.51142	0.28678	0.00802	0.19123	0.03041	0.38113	0.03496	0.05167	0.04868	0.0567	0.01727	0.39976	0.04271	0.08041	0.06979	0.03882	0.32742	
0.05018	0.03754	0.02598	0.03988	0	0	0	0	0.02533	0.01143	0.09538	0.02144	0.00014	4e-05	0.15338	2e-05	3e-05	0.00159	7e-05	0.15189	0.09961	0.00181	0.04489	0.00727	0.11402	0.00966	0.01513	0.01477	0.01046	0.00308	0.13204	0.008	0.01759	0.01563	0.00876	0.1116	
0.05454	0.03957	0.02694	0.04221	0	0	0	0	0.02674	0.0124	0.10145	0.02267	0.00015	2e-05	0.16305	4e-05	0.00011	0.00147	3e-05	0.16165	0.10483	0.0021	0.04826	0.00807	0.12007	0.01099	0.01628	0.01592	0.0107	0.00339	0.14115	0.00802	0.01917	0.01663	0.00961	0.11785	
0.05619	0.03965	0.02785	0.04303	0	0	0	0	0.02745	0.01295	0.10329	0.02303	0.00017	2e-05	0.16651	2e-05	4e-05	0.00149	1e-05	0.16518	0.10889	0.00217	0.04788	0.00778	0.12428	0.01081	0.01582	0.01581	0.01139	0.00347	0.14332	0.00854	0.0189	0.01698	0.00988	0.12096	
0.05798	0.04252	0.02989	0.02806	0.07893	0.02533	0.02674	0.02745	0	0	0	0	0.00021	1e-05	0.15819	4e-05	7e-05	0.00163	0	0.15675	0.10279	0.00198	0.04617	0.00751	0.12635	0.00816	0.01214	0.0118	0.0124	0.00363	0.13281	0.00961	0.01557	0.01305	0.00751	0.12232	
0.02726	0.019	0.01352	0.0136	0.0366	0.01143	0.0124	0.01295	0	0	0	0	6e-05	2e-05	0.0733	0	0	0.00075	4e-05	0.07259	0.04725	0.00092	0.0214	0.00381	0.05823	0.00369	0.00573	0.00573	0.00562	0.00189	0.06135	0.00452	0.00707	0.00586	0.00295	0.0575	
0.23515	0.17149	0.11694	0.11192	0.33538	0.09538	0.10145	0.10329	0	0	0	0	0.00053	6e-05	0.63475	0.00016	0.00024	0.0057	0.00014	0.62942	0.36295	0.00951	0.22686	0.03618	0.44874	0.04797	0.07101	0.06778	0.06052	0.01822	0.51175	0.04501	0.10119	0.08906	0.05025	0.395	
0.04759	0.03584	0.02528	0.02396	0.06553	0.02144	0.02267	0.02303	0	0	0	0	0.0001	0	0.13255	2e-05	1e-05	0.00124	4e-05	0.13138	0.08712	0.00169	0.03783	0.00603	0.10618	0.0066	0.01002	0.00987	0.01071	0.00347	0.11036	0.00813	0.01224	0.01106	0.00636	0.10301	
0.00029	0.00026	0.0002	0.00015	0.00044	0.00014	0.00015	0.00017	0.00021	6e-05	0.00053	0.0001	0	0	0	0	0	2e-05	0	0.00088	0.00049	1e-05	0.00035	5e-05	0.00069	5e-05	7e-05	9e-05	4e-05	0	0.00081	5e-05	0.00014	7e-05	5e-05	0.00064	
3e-05	1e-05	1e-05	4e-05	1e-05	4e-05	2e-05	2e-05	1e-05	2e-05	6e-05	0	0	0	0	0	0	0	0	9e-05	6e-05	0	3e-05	0	5e-05	1e-05	2e-05	1e-05	0	0	9e-05	0	0	2e-05	1e-05	6e-05	
0.36754	0.26855	0.18538	0.17732	0.51585	0.15338	0.16305	0.16651	0.15819	0.0733	0.63475	0.13255	0	0	0	0	0.00032	0.0093	0.00022	0.98895	0.59947	0.01407	0.33181	0.05344	0.73859	0.06634	0.0988	0.09506	0.08919	0.02721	0.81519	0.0672	0.13588	0.11892	0.06699	0.677	
0.00012	3e-05	4e-05	3e-05	0.00014	2e-05	4e-05	2e-05	4e-05	0	0.00016	2e-05	0	0	0	0	0	0	0	0.00022	9e-05	2e-05	7e-05	4e-05	0.00017	2e-05	1e-05	2e-05	2e-05	0	0.00018	2e-05	5e-05	2e-05	2e-05	0.00013	
0.00012	6e-05	8e-05	6e-05	0.00014	3e-05	0.00011	4e-05	7e-05	0	0.00024	1e-05	0	0	0.00032	0	0	0	0	0	0.00019	0	0.0001	3e-05	0.00024	1e-05	4e-05	3e-05	4e-05	1e-05	0.00026	1e-05	4e-05	5e-05	1e-05	0.00022	
0.0033	0.00262	0.00185	0.00155	0.00477	0.00159	0.00147	0.00149	0.00163	0.00075	0.0057	0.00124	2e-05	0	0.0093	0	0	0	0	0	0.00582	0.00013	0.00287	0.0005	0.00673	0.00068	0.00108	0.00083	0.00084	0.00031	0.00752	0.00065	0.0013	0.00112	0.00043	0.00647	
0.00011	4e-05	2e-05	5e-05	0.00011	7e-05	3e-05	1e-05	0	4e-05	0.00014	4e-05	0	0	0.00022	0	0	0	0	0	0.00012	1e-05	9e-05	0	0.00018	0	2e-05	2e-05	1e-05	0	0.00019	2e-05	2e-05	3e-05	2e-05	0.00015	
0.36445	0.26613	0.18368	0.17588	0.51142	0.15189	0.16165	0.16518	0.15675	0.07259	0.62942	0.13138	0.00088	9e-05	0.98895	0.00022	0	0	0	0	0.59398	0.01396	0.3292	0.053	0.73235	0.06573	0.09776	0.0943	0.08836	0.02689	0.8083	0.06659	0.13471	0.11783	0.06661	0.67099	
0.21957	0.15948	0.1109	0.11016	0.28678	0.09961	0.10483	0.10889	0.10279	0.04725	0.36295	0.08712	0.00049	6e-05	0.59947	9e-05	0.00019	0.00582	0.00012	0.59398	0	0	0	0	0.44647	0.03882	0.05824	0.05658	0.07107	0.02198	0.45391	0.05315	0.09672	0.08467	0.048	0.37072	
0.00493	0.00414	0.00274	0.00229	0.00802	0.00181	0.0021	0.00217	0.00198	0.00092	0.00951	0.00169	1e-05	0	0.01407	2e-05	0	0.00013	1e-05	0.01396	0	0	0	0	0.01065	0.00105	0.00105	0.00135	0.00074	0.00015	0.01279	0.00042	0.00148	0.00128	0.00071	0.01063	
0.12317	0.09115	0.06203	0.05591	0.19123	0.04489	0.04826	0.04788	0.04617	0.0214	0.22686	0.03783	0.00035	3e-05	0.33181	7e-05	0.0001	0.00287	9e-05	0.3292	0	0	0	0	0.24351	0.02279	0.03388	0.03208	0.0151	0.00434	0.30103	0.01179	0.03242	0.02868	0.01575	0.25541	
0.02031	0.01408	0.00996	0.00918	0.03041	0.00727	0.00807	0.00778	0.00751	0.00381	0.03618	0.00603	5e-05	0	0.05344	4e-05	3e-05	0.0005	0	0.053	0	0	0	0	0.03887	0.00376	0.00573	0.00517	0.00234	0.00074	0.04854	0.00191	0.00545	0.0044	0.00261	0.04107	
0.27253	0.19782	0.13746	0.13169	0.38113	0.11402	0.12007	0.12428	0.12635	0.05823	0.44874	0.10618	0.00069	5e-05	0.73859	0.00017	0.00024	0.00673	0.00018	0.73235	0.44647	0.01065	0.24351	0.03887	0	0	0	0	0.06574	0.01986	0.60446	0.04944	0.09855	0.08602	0.04858	0.50635	
0.0244	0.01829	0.01204	0.01169	0.03496	0.00966	0.01099	0.01081	0.00816	0.00369	0.04797	0.0066	5e-05	1e-05	0.06634	2e-05	1e-05	0.00068	0	0.06573	0.03882	0.00105	0.02279	0.00376	0	0	0	0	0.00632	0.00182	0.05367	0.00461	0.00943	0.00897	0.00457	0.04345	
0.03611	0.02696	0.01827	0.01756	0.05167	0.01513	0.01628	0.01582	0.01214	0.00573	0.07101	0.01002	7e-05	2e-05	0.0988	1e-05	4e-05	0.00108	2e-05	0.09776	0.05824	0.00105	0.03388	0.00573	0	0	0	0	0.00872	0.00278	0.08083	0.00657	0.01449	0.01179	0.00711	0.06551	
0.03494	0.02578	0.01786	0.0166	0.04868	0.01477	0.01592	0.01581	0.0118	0.00573	0.06778	0.00987	9e-05	1e-05	0.09506	2e-05	3e-05	0.00083	2e-05	0.0943	0.05658	0.00135	0.03208	0.00517	0	0	0	0	0.00847	0.00275	0.07731	0.00665	0.0136	0.01225	0.00681	0.06252	
0.03373	0.02474	0.01667	0.01411	0.0567	0.01046	0.0107	0.01139	0.0124	0.00562	0.06052	0.01071	4e-05	0	0.08919	2e-05	4e-05	0.00084	1e-05	0.08836	0.07107	0.00074	0.0151	0.00234	0.06574	0.00632	0.00872	0.00847	0	0	0	0	0.0215	0.01847	0.01032	0.03896	
0.01031	0.00744	0.00504	0.00442	0.01727	0.00308	0.00339	0.00347	0.00363	0.00189	0.01822	0.00347	0	0	0.02721	0	1e-05	0.00031	0	0.02689	0.02198	0.00015	0.00434	0.00074	0.01986	0.00182	0.00278	0.00275	0	0	0	0	0.00657	0.00588	0.00318	0.01158	
0.29885	0.21811	0.15114	0.14817	0.39976	0.13204	0.14115	0.14332	0.13281	0.06135	0.51175	0.11036	0.00081	9e-05	0.81519	0.00018	0.00026	0.00752	0.00019	0.8083	0.45391	0.01279	0.30103	0.04854	0.60446	0.05367	0.08083	0.07731	0	0	0	0	0.09213	0.08057	0.04561	0.59796	
0.02509	0.01856	0.01278	0.01084	0.04271	0.008	0.00802	0.00854	0.00961	0.00452	0.04501	0.00813	5e-05	0	0.0672	2e-05	1e-05	0.00065	2e-05	0.06659	0.05315	0.00042	0.01179	0.00191	0.04944	0.00461	0.00657	0.00665	0	0	0	0	0.01587	0.01411	0.00796	0.02933	
0.05106	0.038	0.02517	0.02184	0.08041	0.01759	0.01917	0.0189	0.01557	0.00707	0.10119	0.01224	0.00014	0	0.13588	5e-05	4e-05	0.0013	2e-05	0.13471	0.09672	0.00148	0.03242	0.00545	0.09855	0.00943	0.01449	0.0136	0.0215	0.00657	0.09213	0.01587	0	0	0	0	
0.04411	0.03257	0.02208	0.02027	0.06979	0.01563	0.01663	0.01698	0.01305	0.00586	0.08906	0.01106	7e-05	2e-05	0.11892	2e-05	5e-05	0.00112	3e-05	0.11783	0.08467	0.00128	0.02868	0.0044	0.08602	0.00897	0.01179	0.01225	0.01847	0.00588	0.08057	0.01411	0	0	0	0	
0.02475	0.018	0.01287	0.01145	0.03882	0.00876	0.00961	0.00988	0.00751	0.00295	0.05025	0.00636	5e-05	1e-05	0.06699	2e-05	1e-05	0.00043	2e-05	0.06661	0.048	0.00071	0.01575	0.00261	0.04858	0.00457	0.00711	0.00681	0.01032	0.00318	0.04561	0.00796	0	0	0	0	
0.24806	0.18028	0.12551	0.12398	0.32742	0.1116	0.11785	0.12096	0.12232	0.0575	0.395	0.10301	0.00064	6e-05	0.677	0.00013	0.00022	0.00647	0.00015	0.67099	0.37072	0.01063	0.25541	0.04107	0.50635	0.04345	0.06551	0.06252	0.03896	0.01158	0.59796	0.02933	0	0	0	0	
