0	0	0	0	0.20867	0.05083	0.05355	0.05444	0.05794	0.02617	0.23547	0.04791	0.00022	4e-05	0.3671	0.00013	0.00013	0.00336	9e-05	0.36391	0.21826	0.00499	0.12451	0.01973	0.27081	0.02359	0.03722	0.03587	0.03362	0.01021	0.29876	0.0249	0.05046	0.04401	0.02436	0.24866	
0	0	0	0	0.14732	0.03815	0.0385	0.03943	0.04207	0.01935	0.16844	0.03354	0.00024	5e-05	0.26306	5e-05	0.00011	0.00251	1e-05	0.26077	0.15755	0.00396	0.08803	0.01386	0.19509	0.01737	0.02596	0.02498	0.02484	0.00786	0.21247	0.01823	0.03562	0.03139	0.01883	0.17756	
0	0	0	0	0.10843	0.02676	0.02739	0.02725	0.03024	0.01429	0.12135	0.02395	0.00013	2e-05	0.18963	5e-05	0.0001	0.00167	8e-05	0.18798	0.11274	0.00289	0.06344	0.01076	0.13969	0.01262	0.01927	0.01825	0.01759	0.00537	0.15372	0.01315	0.02636	0.02292	0.01275	0.1278	
0	0	0	0	0.05353	0.04037	0.04203	0.04335	0.02883	0.01309	0.11256	0.0248	0.00015	1e-05	0.17911	1e-05	4e-05	0.00187	2e-05	0.17735	0.11098	0.0025	0.05634	0.00946	0.13259	0.0119	0.01761	0.01718	0.01462	0.00474	0.14971	0.01021	0.02285	0.0192	0.01136	0.12587	
0.20867	0.14732	0.10843	0.05353	0	0	0	0	0.07926	0.03619	0.33822	0.06428	0.00038	6e-05	0.51736	0.00015	0.00022	0.00479	7e-05	0.51287	0.28569	0.00855	0.19323	0.03048	0.38089	0.03416	0.05253	0.05037	0.05813	0.01777	0.39932	0.04273	0.08005	0.06957	0.04053	0.3278	
0.05083	0.03815	0.02676	0.04037	0	0	0	0	0.02609	0.01189	0.09718	0.02095	0.00014	2e-05	0.1559	5e-05	5e-05	0.0015	3e-05	0.15453	0.10197	0.00186	0.04476	0.00752	0.11579	0.01026	0.01544	0.01462	0.0105	0.00333	0.13464	0.00764	0.0181	0.0156	0.00881	0.1136	
0.05355	0.0385	0.02739	0.04203	0	0	0	0	0.02656	0.01211	0.10068	0.02212	0.0001	2e-05	0.16133	2e-05	7e-05	0.00146	3e-05	0.15991	0.10532	0.00192	0.04644	0.00779	0.11954	0.01068	0.01595	0.0153	0.01105	0.00353	0.13883	0.00806	0.01823	0.01612	0.00925	0.11787	
0.05444	0.03943	0.02725	0.04335	0	0	0	0	0.02717	0.01271	0.10174	0.02285	0.00012	2e-05	0.16431	2e-05	4e-05	0.00166	7e-05	0.1627	0.10655	0.00201	0.04789	0.00802	0.12196	0.01038	0.01614	0.01599	0.01099	0.00355	0.14187	0.00806	0.01891	0.01623	0.00871	0.12062	
0.05794	0.04207	0.03024	0.02883	0.07926	0.02609	0.02656	0.02717	0	0	0	0	0.0001	2e-05	0.15893	3e-05	6e-05	0.00156	2e-05	0.15744	0.10293	0.00219	0.04665	0.00731	0.12711	0.00801	0.01217	0.01179	0.0124	0.00407	0.13415	0.00846	0.01479	0.0126	0.00717	0.12452	
0.02617	0.01935	0.01429	0.01309	0.03619	0.01189	0.01211	0.01271	0	0	0	0	5e-05	0	0.07284	1e-05	3e-05	0.00072	2e-05	0.07213	0.04746	0.00096	0.02121	0.00327	0.05841	0.00377	0.00539	0.00533	0.00557	0.00169	0.06127	0.00437	0.00713	0.00582	0.00321	0.05674	
0.23547	0.16844	0.12135	0.11256	0.33822	0.09718	0.10068	0.10174	0	0	0	0	0.00049	8e-05	0.63709	0.00016	0.00022	0.00582	0.00015	0.63163	0.36457	0.00965	0.22612	0.03748	0.44786	0.0475	0.07273	0.06973	0.0628	0.01934	0.50927	0.04641	0.10162	0.08806	0.05059	0.39755	
0.04791	0.03354	0.02395	0.0248	0.06428	0.02095	0.02212	0.02285	0	0	0	0	0.0001	2e-05	0.13004	4e-05	7e-05	0.00131	1e-05	0.12881	0.08457	0.00154	0.03834	0.00575	0.1048	0.0062	0.00977	0.00943	0.0099	0.00308	0.10997	0.00725	0.01175	0.01104	0.00633	0.10108	
0.00022	0.00024	0.00013	0.00015	0.00038	0.00014	0.0001	0.00012	0.0001	5e-05	0.00049	0.0001	0	0	0	0	0	0	0	0.00074	0.0004	0	0.00029	5e-05	0.00054	5e-05	5e-05	0.0001	5e-05	3e-05	0.00063	3e-05	0.00011	9e-05	3e-05	0.00051	
4e-05	5e-05	2e-05	1e-05	6e-05	2e-05	2e-05	2e-05	2e-05	0	8e-05	2e-05	0	0	0	0	0	0	1e-05	0.00011	8e-05	1e-05	3e-05	0	7e-05	0	2e-05	3e-05	1e-05	0	0.0001	1e-05	2e-05	2e-05	2e-05	6e-05	
0.3671	0.26306	0.18963	0.17911	0.51736	0.1559	0.16133	0.16431	0.15893	0.07284	0.63709	0.13004	0	0	0	0	0.00038	0.00941	0.00018	0.98893	0.59895	0.01432	0.33188	0.05375	0.73742	0.06539	0.09996	0.09613	0.09058	0.02815	0.81375	0.06642	0.13514	0.11738	0.06723	0.67915	
0.00013	5e-05	5e-05	1e-05	0.00015	5e-05	2e-05	2e-05	3e-05	1e-05	0.00016	4e-05	0	0	0	0	0	0	1e-05	0.00023	0.0001	1e-05	0.00012	1e-05	0.00015	4e-05	3e-05	2e-05	3e-05	0	0.00018	3e-05	2e-05	3e-05	2e-05	0.00017	
0.00013	0.00011	0.0001	4e-05	0.00022	5e-05	7e-05	4e-05	6e-05	3e-05	0.00022	7e-05	0	0	0.00038	0	0	0	0	0	0.0002	0	0.00016	2e-05	0.00029	5e-05	3e-05	1e-05	5e-05	0	0.0003	3e-05	8e-05	6e-05	0	0.00024	
0.00336	0.00251	0.00167	0.00187	0.00479	0.0015	0.00146	0.00166	0.00156	0.00072	0.00582	0.00131	0	0	0.00941	0	0	0	0	0	0.00554	0.00018	0.00324	0.00045	0.00699	0.00063	0.0009	0.00089	0.0008	0.00032	0.00756	0.00073	0.00122	0.00114	0.00055	0.0065	
9e-05	1e-05	8e-05	2e-05	7e-05	3e-05	3e-05	7e-05	2e-05	2e-05	0.00015	1e-05	0	1e-05	0.00018	1e-05	0	0	0	0	8e-05	0	0.00012	0	0.00015	2e-05	0	3e-05	1e-05	0	0.00019	0	1e-05	1e-05	0	0.00018	
0.36391	0.26077	0.18798	0.17735	0.51287	0.15453	0.15991	0.1627	0.15744	0.07213	0.63163	0.12881	0.00074	0.00011	0.98893	0.00023	0	0	0	0	0.59371	0.01416	0.3288	0.05334	0.73075	0.06478	0.09913	0.09535	0.08981	0.02786	0.80661	0.06573	0.13398	0.11631	0.06675	0.67297	
0.21826	0.15755	0.11274	0.11098	0.28569	0.10197	0.10532	0.10655	0.10293	0.04746	0.36457	0.08457	0.0004	8e-05	0.59895	0.0001	0.0002	0.00554	8e-05	0.59371	0	0	0	0	0.44349	0.03898	0.05943	0.05763	0.07161	0.0224	0.45269	0.05283	0.09724	0.0845	0.04795	0.36984	
0.00499	0.00396	0.00289	0.0025	0.00855	0.00186	0.00192	0.00201	0.00219	0.00096	0.00965	0.00154	0	1e-05	0.01432	1e-05	0	0.00018	0	0.01416	0	0	0	0	0.01032	0.00102	0.0015	0.0015	0.00068	0.0002	0.01292	0.00054	0.00146	0.00098	0.00064	0.01126	
0.12451	0.08803	0.06344	0.05634	0.19323	0.04476	0.04644	0.04789	0.04665	0.02121	0.22612	0.03834	0.00029	3e-05	0.33188	0.00012	0.00016	0.00324	0.00012	0.3288	0	0	0	0	0.24476	0.02186	0.03347	0.03223	0.01576	0.00467	0.30073	0.01116	0.03127	0.02766	0.01618	0.25721	
0.01973	0.01386	0.01076	0.00946	0.03048	0.00752	0.00779	0.00802	0.00731	0.00327	0.03748	0.00575	5e-05	0	0.05375	1e-05	2e-05	0.00045	0	0.05334	0	0	0	0	0.03961	0.00362	0.00566	0.00492	0.00262	0.00091	0.04832	0.00196	0.00532	0.00438	0.00253	0.04158	
0.27081	0.19509	0.13969	0.13259	0.38089	0.11579	0.11954	0.12196	0.12711	0.05841	0.44786	0.1048	0.00054	7e-05	0.73742	0.00015	0.00029	0.00699	0.00015	0.73075	0.44349	0.01032	0.24476	0.03961	0	0	0	0	0.06575	0.02023	0.60368	0.04852	0.09841	0.08448	0.04875	0.50654	
0.02359	0.01737	0.01262	0.0119	0.03416	0.01026	0.01068	0.01038	0.00801	0.00377	0.0475	0.0062	5e-05	0	0.06539	4e-05	5e-05	0.00063	2e-05	0.06478	0.03898	0.00102	0.02186	0.00362	0	0	0	0	0.00596	0.00186	0.05317	0.00449	0.00878	0.00804	0.00451	0.04415	
0.03722	0.02596	0.01927	0.01761	0.05253	0.01544	0.01595	0.01614	0.01217	0.00539	0.07273	0.00977	5e-05	2e-05	0.09996	3e-05	3e-05	0.0009	0	0.09913	0.05943	0.0015	0.03347	0.00566	0	0	0	0	0.00921	0.00318	0.08088	0.00679	0.0141	0.0127	0.00683	0.06643	
0.03587	0.02498	0.01825	0.01718	0.05037	0.01462	0.0153	0.01599	0.01179	0.00533	0.06973	0.00943	0.0001	3e-05	0.09613	2e-05	1e-05	0.00089	3e-05	0.09535	0.05763	0.0015	0.03223	0.00492	0	0	0	0	0.00975	0.00291	0.07693	0.00669	0.014	0.0123	0.00721	0.06277	
0.03362	0.02484	0.01759	0.01462	0.05813	0.0105	0.01105	0.01099	0.0124	0.00557	0.0628	0.0099	5e-05	1e-05	0.09058	3e-05	5e-05	0.0008	1e-05	0.08981	0.07161	0.00068	0.01576	0.00262	0.06575	0.00596	0.00921	0.00975	0	0	0	0	0.02133	0.01882	0.01128	0.03924	
0.01021	0.00786	0.00537	0.00474	0.01777	0.00333	0.00353	0.00355	0.00407	0.00169	0.01934	0.00308	3e-05	0	0.02815	0	0	0.00032	0	0.02786	0.0224	0.0002	0.00467	0.00091	0.02023	0.00186	0.00318	0.00291	0	0	0	0	0.0067	0.00592	0.00375	0.01181	
0.29876	0.21247	0.15372	0.14971	0.39932	0.13464	0.13883	0.14187	0.13415	0.06127	0.50927	0.10997	0.00063	0.0001	0.81375	0.00018	0.0003	0.00756	0.00019	0.80661	0.45269	0.01292	0.30073	0.04832	0.60368	0.05317	0.08088	0.07693	0	0	0	0	0.0913	0.07823	0.04431	0.60082	
0.0249	0.01823	0.01315	0.01021	0.04273	0.00764	0.00806	0.00806	0.00846	0.00437	0.04641	0.00725	3e-05	1e-05	0.06642	3e-05	3e-05	0.00073	0	0.06573	0.05283	0.00054	0.01116	0.00196	0.04852	0.00449	0.00679	0.00669	0	0	0	0	0.01596	0.01455	0.00796	0.02802	
0.05046	0.03562	0.02636	0.02285	0.08005	0.0181	0.01823	0.01891	0.01479	0.00713	0.10162	0.01175	0.00011	2e-05	0.13514	2e-05	8e-05	0.00122	1e-05	0.13398	0.09724	0.00146	0.03127	0.00532	0.09841	0.00878	0.0141	0.014	0.02133	0.0067	0.0913	0.01596	0	0	0	0	
0.04401	0.03139	0.02292	0.0192	0.06957	0.0156	0.01612	0.01623	0.0126	0.00582	0.08806	0.01104	9e-05	2e-05	0.11738	3e-05	6e-05	0.00114	1e-05	0.11631	0.0845	0.00098	0.02766	0.00438	0.08448	0.00804	0.0127	0.0123	0.01882	0.00592	0.07823	0.01455	0	0	0	0	
0.02436	0.01883	0.01275	0.01136	0.04053	0.00881	0.00925	0.00871	0.00717	0.00321	0.05059	0.00633	3e-05	2e-05	0.06723	2e-05	0	0.00055	0	0.06675	0.04795	0.00064	0.01618	0.00253	0.04875	0.00451	0.00683	0.00721	0.01128	0.00375	0.04431	0.00796	0	0	0	0	
0.24866	0.17756	0.1278	0.12587	0.3278	0.1136	0.11787	0.12062	0.12452	0.05674	0.39755	0.10108	0.00051	6e-05	0.67915	0.00017	0.00024	0.0065	0.00018	0.67297	0.36984	0.01126	0.25721	0.04158	0.50654	0.04415	0.06643	0.06277	0.03924	0.01181	0.60082	0.02802	0	0	0	0	
