0	0	0	0	0.20911	0.05292	0.05259	0.05563	0.05722	0.02667	0.23764	0.04872	0.00028	2e-05	0.36986	9e-05	0.00014	0.0034	0.00011	0.3666	0.22048	0.00538	0.12484	0.01955	0.27273	0.02384	0.03753	0.03615	0.03436	0.0106	0.30024	0.02505	0.0513	0.04415	0.02592	0.24888	
0	0	0	0	0.15016	0.03768	0.03668	0.03926	0.04205	0.01918	0.16865	0.0339	0.0002	2e-05	0.26347	9e-05	0.00011	0.00252	3e-05	0.26112	0.15716	0.00405	0.08936	0.01321	0.19508	0.01677	0.02607	0.02586	0.02397	0.00742	0.21454	0.01785	0.03582	0.03236	0.0177	0.1779	
0	0	0	0	0.10521	0.02638	0.02804	0.02764	0.02959	0.01317	0.11985	0.02466	9e-05	1e-05	0.18712	5e-05	8e-05	0.00183	2e-05	0.18534	0.11149	0.00304	0.06246	0.01028	0.13764	0.01256	0.01868	0.01839	0.01693	0.00534	0.15259	0.01241	0.02489	0.02376	0.01257	0.12605	
0	0	0	0	0.05134	0.04156	0.04166	0.04414	0.0283	0.01373	0.11284	0.02383	0.00012	2e-05	0.17851	5e-05	7e-05	0.00189	1e-05	0.17673	0.11163	0.00249	0.05586	0.00872	0.1326	0.01166	0.01748	0.01696	0.01376	0.00401	0.15	0.01093	0.02272	0.01965	0.01077	0.12556	
0.20911	0.15016	0.10521	0.05134	0	0	0	0	0.07702	0.03544	0.33817	0.06519	0.00031	3e-05	0.51533	0.00015	0.00021	0.00479	9e-05	0.51073	0.28578	0.00877	0.19129	0.02998	0.37903	0.03289	0.05193	0.05197	0.05715	0.01743	0.39907	0.04217	0.07987	0.07064	0.03963	0.32568	
0.05292	0.03768	0.02638	0.04156	0	0	0	0	0.02655	0.01225	0.09846	0.02128	0.00012	2e-05	0.15836	4e-05	7e-05	0.00175	3e-05	0.15669	0.10244	0.00212	0.04696	0.00702	0.11792	0.0103	0.01546	0.01486	0.01055	0.00343	0.13654	0.00802	0.01841	0.0163	0.00907	0.11476	
0.05259	0.03668	0.02804	0.04166	0	0	0	0	0.02642	0.01293	0.09838	0.02124	0.00012	1e-05	0.15883	1e-05	3e-05	0.00147	2e-05	0.15745	0.10355	0.00186	0.04635	0.00721	0.11786	0.01045	0.01522	0.01544	0.01009	0.00308	0.13787	0.00793	0.01767	0.01615	0.00916	0.11599	
0.05563	0.03926	0.02764	0.04414	0	0	0	0	0.02717	0.01213	0.10397	0.0234	0.00014	1e-05	0.16644	8e-05	9e-05	0.00163	3e-05	0.16492	0.10899	0.00221	0.04792	0.00755	0.12324	0.01119	0.01715	0.01509	0.01123	0.00343	0.14389	0.00812	0.01878	0.01683	0.0091	0.12196	
0.05722	0.04205	0.02959	0.0283	0.07702	0.02655	0.02642	0.02717	0	0	0	0	0.00012	1e-05	0.15699	4e-05	5e-05	0.00144	0	0.15567	0.10374	0.00183	0.04461	0.00698	0.12565	0.00762	0.01225	0.01164	0.01165	0.00346	0.13343	0.00862	0.01442	0.01334	0.00725	0.12215	
0.02667	0.01918	0.01317	0.01373	0.03544	0.01225	0.01293	0.01213	0	0	0	0	7e-05	0	0.07267	1e-05	2e-05	0.00095	2e-05	0.07176	0.04741	0.00097	0.02142	0.00295	0.05807	0.00375	0.00562	0.00531	0.00476	0.0015	0.06264	0.00385	0.00704	0.00573	0.00322	0.05676	
0.23764	0.16865	0.11985	0.11284	0.33817	0.09846	0.09838	0.10397	0	0	0	0	0.00037	5e-05	0.63837	0.00019	0.00029	0.00595	9e-05	0.63265	0.36459	0.01046	0.22819	0.03574	0.44895	0.04716	0.07214	0.07073	0.06364	0.01917	0.50914	0.04703	0.10128	0.09049	0.0504	0.39681	
0.04872	0.0339	0.02466	0.02383	0.06519	0.02128	0.02124	0.0234	0	0	0	0	0.00013	1e-05	0.13093	4e-05	4e-05	0.0013	6e-05	0.12971	0.08502	0.0017	0.0383	0.00609	0.10538	0.0063	0.00975	0.00968	0.00897	0.00324	0.11216	0.00674	0.01199	0.01036	0.00609	0.10267	
0.00028	0.0002	9e-05	0.00012	0.00031	0.00012	0.00012	0.00014	0.00012	7e-05	0.00037	0.00013	0	0	0	0	0	1e-05	0	0.00068	0.00043	0	0.00026	0	0.00049	5e-05	8e-05	7e-05	2e-05	3e-05	0.0006	4e-05	6e-05	7e-05	2e-05	0.00054	
2e-05	2e-05	1e-05	2e-05	3e-05	2e-05	1e-05	1e-05	1e-05	0	5e-05	1e-05	0	0	0	0	0	1e-05	0	6e-05	5e-05	0	2e-05	0	5e-05	1e-05	1e-05	0	1e-05	0	6e-05	0	1e-05	1e-05	1e-05	4e-05	
0.36986	0.26347	0.18712	0.17851	0.51533	0.15836	0.15883	0.16644	0.15699	0.07267	0.63837	0.13093	0	0	0	0	0.0004	0.00962	0.00017	0.98877	0.60009	0.01496	0.33217	0.05174	0.7373	0.06475	0.09964	0.09727	0.08894	0.02734	0.81649	0.06619	0.13463	0.11981	0.06688	0.67764	
9e-05	9e-05	5e-05	5e-05	0.00015	4e-05	1e-05	8e-05	4e-05	1e-05	0.00019	4e-05	0	0	0	0	0	0	0	0.00028	0.00019	0	7e-05	2e-05	0.00021	2e-05	3e-05	2e-05	5e-05	0	0.00022	1e-05	3e-05	3e-05	5e-05	0.00017	
0.00014	0.00011	8e-05	7e-05	0.00021	7e-05	3e-05	9e-05	5e-05	2e-05	0.00029	4e-05	0	0	0.0004	0	0	0	0	0	0.00027	1e-05	0.0001	2e-05	0.00033	2e-05	2e-05	3e-05	4e-05	2e-05	0.00033	1e-05	6e-05	6e-05	4e-05	0.00024	
0.0034	0.00252	0.00183	0.00189	0.00479	0.00175	0.00147	0.00163	0.00144	0.00095	0.00595	0.0013	1e-05	1e-05	0.00962	0	0	0	0	0	0.00569	0.00027	0.00313	0.00055	0.00683	0.00066	0.00109	0.00106	0.0008	0.0003	0.00796	0.00058	0.00125	0.00117	0.0006	0.00662	
0.00011	3e-05	2e-05	1e-05	9e-05	3e-05	2e-05	3e-05	0	2e-05	9e-05	6e-05	0	0	0.00017	0	0	0	0	0	0.00011	0	4e-05	2e-05	0.00011	3e-05	2e-05	1e-05	1e-05	1e-05	0.00014	1e-05	4e-05	2e-05	0	0.00011	
0.3666	0.26112	0.18534	0.17673	0.51073	0.15669	0.15745	0.16492	0.15567	0.07176	0.63265	0.12971	0.00068	6e-05	0.98877	0.00028	0	0	0	0	0.59469	0.01468	0.32925	0.05117	0.73078	0.06412	0.09863	0.09626	0.08817	0.02704	0.80894	0.06564	0.13338	0.11867	0.06632	0.67142	
0.22048	0.15716	0.11149	0.11163	0.28578	0.10244	0.10355	0.10899	0.10374	0.04741	0.36459	0.08502	0.00043	5e-05	0.60009	0.00019	0.00027	0.00569	0.00011	0.59469	0	0	0	0	0.4446	0.03852	0.05925	0.05839	0.07041	0.02125	0.45633	0.05277	0.0963	0.08506	0.04749	0.37191	
0.00538	0.00405	0.00304	0.00249	0.00877	0.00212	0.00186	0.00221	0.00183	0.00097	0.01046	0.0017	0	0	0.01496	0	1e-05	0.00027	0	0.01468	0	0	0	0	0.01106	0.00084	0.00157	0.00149	0.00058	0.00027	0.01366	0.00045	0.0012	0.00128	0.00077	0.01171	
0.12484	0.08936	0.06246	0.05586	0.19129	0.04696	0.04635	0.04792	0.04461	0.02142	0.22819	0.0383	0.00026	2e-05	0.33217	7e-05	0.0001	0.00313	4e-05	0.32925	0	0	0	0	0.24457	0.02177	0.03364	0.03254	0.01556	0.0049	0.30087	0.01119	0.03247	0.02889	0.01584	0.25532	
0.01955	0.01321	0.01028	0.00872	0.02998	0.00702	0.00721	0.00755	0.00698	0.00295	0.03574	0.00609	0	0	0.05174	2e-05	2e-05	0.00055	2e-05	0.05117	0	0	0	0	0.03782	0.0037	0.0053	0.00494	0.00247	0.00095	0.04651	0.00183	0.00476	0.00469	0.00286	0.03945	
0.27273	0.19508	0.13764	0.1326	0.37903	0.11792	0.11786	0.12324	0.12565	0.05807	0.44895	0.10538	0.00049	5e-05	0.7373	0.00021	0.00033	0.00683	0.00011	0.73078	0.4446	0.01106	0.24457	0.03782	0	0	0	0	0.06533	0.01969	0.6047	0.04833	0.09722	0.08668	0.049	0.50515	
0.02384	0.01677	0.01256	0.01166	0.03289	0.0103	0.01045	0.01119	0.00762	0.00375	0.04716	0.0063	5e-05	1e-05	0.06475	2e-05	2e-05	0.00066	3e-05	0.06412	0.03852	0.00084	0.02177	0.0037	0	0	0	0	0.00589	0.00196	0.05244	0.00454	0.00919	0.00781	0.00452	0.04331	
0.03753	0.02607	0.01868	0.01748	0.05193	0.01546	0.01522	0.01715	0.01225	0.00562	0.07214	0.00975	8e-05	1e-05	0.09964	3e-05	2e-05	0.00109	2e-05	0.09863	0.05925	0.00157	0.03364	0.0053	0	0	0	0	0.00895	0.00274	0.08115	0.00692	0.01448	0.01279	0.00672	0.06577	
0.03615	0.02586	0.01839	0.01696	0.05197	0.01486	0.01544	0.01509	0.01164	0.00531	0.07073	0.00968	7e-05	0	0.09727	2e-05	3e-05	0.00106	1e-05	0.09626	0.05839	0.00149	0.03254	0.00494	0	0	0	0	0.00885	0.00298	0.07908	0.00645	0.01384	0.01264	0.00672	0.06416	
0.03436	0.02397	0.01693	0.01376	0.05715	0.01055	0.01009	0.01123	0.01165	0.00476	0.06364	0.00897	2e-05	1e-05	0.08894	5e-05	4e-05	0.0008	1e-05	0.08817	0.07041	0.00058	0.01556	0.00247	0.06533	0.00589	0.00895	0.00885	0	0	0	0	0.02124	0.01889	0.01039	0.0385	
0.0106	0.00742	0.00534	0.00401	0.01743	0.00343	0.00308	0.00343	0.00346	0.0015	0.01917	0.00324	3e-05	0	0.02734	0	2e-05	0.0003	1e-05	0.02704	0.02125	0.00027	0.0049	0.00095	0.01969	0.00196	0.00274	0.00298	0	0	0	0	0.0067	0.00577	0.00317	0.01173	
0.30024	0.21454	0.15259	0.15	0.39907	0.13654	0.13787	0.14389	0.13343	0.06264	0.50914	0.11216	0.0006	6e-05	0.81649	0.00022	0.00033	0.00796	0.00014	0.80894	0.45633	0.01366	0.30087	0.04651	0.6047	0.05244	0.08115	0.07908	0	0	0	0	0.09046	0.08137	0.04528	0.60026	
0.02505	0.01785	0.01241	0.01093	0.04217	0.00802	0.00793	0.00812	0.00862	0.00385	0.04703	0.00674	4e-05	0	0.06619	1e-05	1e-05	0.00058	1e-05	0.06564	0.05277	0.00045	0.01119	0.00183	0.04833	0.00454	0.00692	0.00645	0	0	0	0	0.01633	0.01389	0.00812	0.0279	
0.0513	0.03582	0.02489	0.02272	0.07987	0.01841	0.01767	0.01878	0.01442	0.00704	0.10128	0.01199	6e-05	1e-05	0.13463	3e-05	6e-05	0.00125	4e-05	0.13338	0.0963	0.0012	0.03247	0.00476	0.09722	0.00919	0.01448	0.01384	0.02124	0.0067	0.09046	0.01633	0	0	0	0	
0.04415	0.03236	0.02376	0.01965	0.07064	0.0163	0.01615	0.01683	0.01334	0.00573	0.09049	0.01036	7e-05	1e-05	0.11981	3e-05	6e-05	0.00117	2e-05	0.11867	0.08506	0.00128	0.02889	0.00469	0.08668	0.00781	0.01279	0.01264	0.01889	0.00577	0.08137	0.01389	0	0	0	0	
0.02592	0.0177	0.01257	0.01077	0.03963	0.00907	0.00916	0.0091	0.00725	0.00322	0.0504	0.00609	2e-05	1e-05	0.06688	5e-05	4e-05	0.0006	0	0.06632	0.04749	0.00077	0.01584	0.00286	0.049	0.00452	0.00672	0.00672	0.01039	0.00317	0.04528	0.00812	0	0	0	0	
0.24888	0.1779	0.12605	0.12556	0.32568	0.11476	0.11599	0.12196	0.12215	0.05676	0.39681	0.10267	0.00054	4e-05	0.67764	0.00017	0.00024	0.00662	0.00011	0.67142	0.37191	0.01171	0.25532	0.03945	0.50515	0.04331	0.06577	0.06416	0.0385	0.01173	0.60026	0.0279	0	0	0	0	
