0	0	0	0	0.20838	0.05188	0.05383	0.05495	0.05843	0.02665	0.23629	0.04767	0.00029	2e-05	0.36866	7e-05	0.0001	0.00344	0.00011	0.36539	0.22024	0.00546	0.1235	0.01984	0.27162	0.02471	0.03753	0.03518	0.03378	0.01062	0.30015	0.02449	0.05011	0.04399	0.02545	0.24949	
0	0	0	0	0.15041	0.03703	0.03825	0.03989	0.04133	0.01895	0.17074	0.03456	0.00021	2e-05	0.26529	6e-05	0.0001	0.0027	9e-05	0.26269	0.15765	0.00406	0.08967	0.0142	0.1956	0.01789	0.02674	0.02535	0.02451	0.00759	0.21502	0.01846	0.03693	0.03096	0.01818	0.17951	
0	0	0	0	0.10725	0.02511	0.02686	0.02823	0.02876	0.01265	0.12187	0.02417	9e-05	4e-05	0.1873	2e-05	5e-05	0.00174	3e-05	0.18563	0.11296	0.00268	0.06142	0.01039	0.13711	0.01244	0.01944	0.01846	0.01767	0.00534	0.15149	0.01295	0.02662	0.02221	0.01304	0.12558	
0	0	0	0	0.05073	0.04078	0.04228	0.04414	0.02868	0.01334	0.11291	0.023	0.00021	1e-05	0.17768	3e-05	8e-05	0.00181	1e-05	0.17603	0.11136	0.0024	0.05554	0.00863	0.13172	0.0113	0.0178	0.01711	0.01333	0.00423	0.15008	0.01029	0.02219	0.0194	0.0112	0.12514	
0.20838	0.15041	0.10725	0.05073	0	0	0	0	0.07785	0.03506	0.3395	0.06436	0.0004	6e-05	0.51623	8e-05	0.00016	0.0051	8e-05	0.51143	0.28674	0.00835	0.19083	0.03085	0.37927	0.0347	0.05344	0.04936	0.05801	0.01802	0.39889	0.04185	0.08091	0.06965	0.04084	0.32537	
0.05188	0.03703	0.02511	0.04078	0	0	0	0	0.02482	0.0115	0.09679	0.02169	8e-05	0	0.15472	0	4e-05	0.00151	3e-05	0.15322	0.10109	0.00235	0.04426	0.0071	0.11469	0.00988	0.0149	0.01533	0.00993	0.00322	0.13372	0.00793	0.01777	0.01507	0.00857	0.11339	
0.05383	0.03825	0.02686	0.04228	0	0	0	0	0.02718	0.01226	0.10035	0.02143	0.00012	1e-05	0.16105	4e-05	8e-05	0.00153	9e-05	0.15952	0.10598	0.00185	0.04611	0.00728	0.11867	0.01039	0.0168	0.01536	0.01068	0.00296	0.13949	0.00809	0.01854	0.01553	0.00924	0.11791	
0.05495	0.03989	0.02823	0.04414	0	0	0	0	0.02735	0.01277	0.10517	0.02192	0.0002	2e-05	0.16693	6e-05	5e-05	0.00155	4e-05	0.16557	0.1084	0.00205	0.04893	0.00783	0.12342	0.01137	0.01637	0.01605	0.01067	0.00358	0.14464	0.00832	0.01863	0.01631	0.00922	0.12305	
0.05843	0.04133	0.02876	0.02868	0.07785	0.02482	0.02718	0.02735	0	0	0	0	0.00011	3e-05	0.15702	4e-05	3e-05	0.00157	4e-05	0.15556	0.10192	0.00207	0.04588	0.00733	0.12481	0.00825	0.01242	0.01172	0.00983	0.00309	0.13696	0.00732	0.01573	0.01247	0.00745	0.12155	
0.02665	0.01895	0.01265	0.01334	0.03506	0.0115	0.01226	0.01277	0	0	0	0	7e-05	1e-05	0.07151	0	3e-05	0.00063	2e-05	0.07091	0.04643	0.00092	0.02084	0.0034	0.05707	0.0034	0.00583	0.00529	0.00439	0.00133	0.06251	0.00336	0.00658	0.0057	0.00321	0.0561	
0.23629	0.17074	0.12187	0.11291	0.3395	0.09679	0.10035	0.10517	0	0	0	0	0.00047	4e-05	0.6412	0.0001	0.0002	0.00628	0.00017	0.63516	0.36959	0.0102	0.22594	0.03608	0.45161	0.04813	0.07269	0.06938	0.06653	0.02081	0.50515	0.04932	0.10178	0.08787	0.05088	0.40128	
0.04767	0.03456	0.02417	0.023	0.06436	0.02169	0.02143	0.02192	0	0	0	0	0.00015	1e-05	0.1292	4e-05	7e-05	0.00121	1e-05	0.12811	0.08427	0.00141	0.03747	0.00625	0.10256	0.00656	0.01057	0.00971	0.00854	0.00255	0.11212	0.00619	0.01176	0.01052	0.00633	0.10079	
0.00029	0.00021	9e-05	0.00021	0.0004	8e-05	0.00012	0.0002	0.00011	7e-05	0.00047	0.00015	0	0	0	0	0	0	0	0.0008	0.00056	0	0.00023	1e-05	0.00063	3e-05	7e-05	7e-05	0.00012	2e-05	0.00062	4e-05	8e-05	0.00012	4e-05	0.00056	
2e-05	2e-05	4e-05	1e-05	6e-05	0	1e-05	2e-05	3e-05	1e-05	4e-05	1e-05	0	0	0	0	0	0	0	9e-05	4e-05	0	5e-05	0	6e-05	2e-05	0	1e-05	0	0	8e-05	1e-05	0	0	1e-05	8e-05	
0.36866	0.26529	0.1873	0.17768	0.51623	0.15472	0.16105	0.16693	0.15702	0.07151	0.6412	0.1292	0	0	0	0	0.00033	0.00968	0.00024	0.98868	0.60152	0.0146	0.32976	0.05305	0.73525	0.06629	0.10142	0.09597	0.08916	0.02776	0.81588	0.06613	0.13575	0.11643	0.06781	0.67894	
7e-05	6e-05	2e-05	3e-05	8e-05	0	4e-05	6e-05	4e-05	0	0.0001	4e-05	0	0	0	0	0	1e-05	0	0.00017	9e-05	0	9e-05	0	0.00011	0	2e-05	5e-05	1e-05	0	0.00016	1e-05	2e-05	1e-05	1e-05	0.00014	
0.0001	0.0001	5e-05	8e-05	0.00016	4e-05	8e-05	5e-05	3e-05	3e-05	0.0002	7e-05	0	0	0.00033	0	0	0	0	0	0.00025	1e-05	7e-05	0	0.00024	0	5e-05	4e-05	2e-05	0	0.0003	1e-05	2e-05	5e-05	2e-05	0.00024	
0.00344	0.0027	0.00174	0.00181	0.0051	0.00151	0.00153	0.00155	0.00157	0.00063	0.00628	0.00121	0	0	0.00968	1e-05	0	0	0	0	0.00591	0.00015	0.00309	0.00054	0.00728	0.00061	0.00095	0.00085	0.00085	0.00022	0.00798	0.00064	0.00136	0.00111	0.00065	0.00657	
0.00011	9e-05	3e-05	1e-05	8e-05	3e-05	9e-05	4e-05	4e-05	2e-05	0.00017	1e-05	0	0	0.00024	0	0	0	0	0	0.00016	0	7e-05	1e-05	0.00022	1e-05	1e-05	0	3e-05	1e-05	0.00019	1e-05	7e-05	3e-05	1e-05	0.00013	
0.36539	0.26269	0.18563	0.17603	0.51143	0.15322	0.15952	0.16557	0.15556	0.07091	0.63516	0.12811	0.0008	9e-05	0.98868	0.00017	0	0	0	0	0.59589	0.01444	0.3269	0.05251	0.72831	0.06572	0.1005	0.09521	0.08839	0.02755	0.80827	0.06553	0.1344	0.11537	0.06719	0.67278	
0.22024	0.15765	0.11296	0.11136	0.28674	0.10109	0.10598	0.1084	0.10192	0.04643	0.36959	0.08427	0.00056	4e-05	0.60152	9e-05	0.00025	0.00591	0.00016	0.59589	0	0	0	0	0.44523	0.03925	0.06067	0.05706	0.07024	0.02197	0.45766	0.05234	0.09737	0.08342	0.04948	0.37194	
0.00546	0.00406	0.00268	0.0024	0.00835	0.00235	0.00185	0.00205	0.00207	0.00092	0.0102	0.00141	0	0	0.0146	0	1e-05	0.00015	0	0.01444	0	0	0	0	0.01088	0.00107	0.00133	0.00132	0.00074	0.00021	0.01314	0.00051	0.00158	0.00118	0.00061	0.01123	
0.1235	0.08967	0.06142	0.05554	0.19083	0.04426	0.04611	0.04893	0.04588	0.02084	0.22594	0.03747	0.00023	5e-05	0.32976	9e-05	7e-05	0.00309	7e-05	0.3269	0	0	0	0	0.24146	0.02247	0.03388	0.03232	0.01561	0.0047	0.29831	0.01151	0.0317	0.02752	0.01535	0.25556	
0.01984	0.0142	0.01039	0.00863	0.03085	0.0071	0.00728	0.00783	0.00733	0.0034	0.03608	0.00625	1e-05	0	0.05305	0	0	0.00054	1e-05	0.05251	0	0	0	0	0.03848	0.00355	0.00563	0.0054	0.0027	0.0009	0.04763	0.00183	0.0052	0.00444	0.00243	0.04099	
0.27162	0.1956	0.13711	0.13172	0.37927	0.11469	0.11867	0.12342	0.12481	0.05707	0.45161	0.10256	0.00063	6e-05	0.73525	0.00011	0.00024	0.00728	0.00022	0.72831	0.44523	0.01088	0.24146	0.03848	0	0	0	0	0.06448	0.02037	0.60323	0.04797	0.09878	0.08533	0.049	0.50294	
0.02471	0.01789	0.01244	0.0113	0.0347	0.00988	0.01039	0.01137	0.00825	0.0034	0.04813	0.00656	3e-05	2e-05	0.06629	0	0	0.00061	1e-05	0.06572	0.03925	0.00107	0.02247	0.00355	0	0	0	0	0.00585	0.00193	0.05391	0.00465	0.00981	0.00781	0.00476	0.04396	
0.03753	0.02674	0.01944	0.0178	0.05344	0.0149	0.0168	0.01637	0.01242	0.00583	0.07269	0.01057	7e-05	0	0.10142	2e-05	5e-05	0.00095	1e-05	0.1005	0.06067	0.00133	0.03388	0.00563	0	0	0	0	0.00926	0.00284	0.08223	0.00718	0.01408	0.01207	0.00736	0.068	
0.03518	0.02535	0.01846	0.01711	0.04936	0.01533	0.01536	0.01605	0.01172	0.00529	0.06938	0.00971	7e-05	1e-05	0.09597	5e-05	4e-05	0.00085	0	0.09521	0.05706	0.00132	0.03232	0.0054	0	0	0	0	0.0097	0.00264	0.07737	0.00639	0.01318	0.01135	0.00675	0.06482	
0.03378	0.02451	0.01767	0.01333	0.05801	0.00993	0.01068	0.01067	0.00983	0.00439	0.06653	0.00854	0.00012	0	0.08916	1e-05	2e-05	0.00085	3e-05	0.08839	0.07024	0.00074	0.01561	0.0027	0.06448	0.00585	0.00926	0.0097	0	0	0	0	0.02157	0.01826	0.01054	0.03892	
0.01062	0.00759	0.00534	0.00423	0.01802	0.00322	0.00296	0.00358	0.00309	0.00133	0.02081	0.00255	2e-05	0	0.02776	0	0	0.00022	1e-05	0.02755	0.02197	0.00021	0.0047	0.0009	0.02037	0.00193	0.00284	0.00264	0	0	0	0	0.00667	0.00547	0.00319	0.01245	
0.30015	0.21502	0.15149	0.15008	0.39889	0.13372	0.13949	0.14464	0.13696	0.06251	0.50515	0.11212	0.00062	8e-05	0.81588	0.00016	0.0003	0.00798	0.00019	0.80827	0.45766	0.01314	0.29831	0.04763	0.60323	0.05391	0.08223	0.07737	0	0	0	0	0.09158	0.07898	0.04583	0.60035	
0.02449	0.01846	0.01295	0.01029	0.04185	0.00793	0.00809	0.00832	0.00732	0.00336	0.04932	0.00619	4e-05	1e-05	0.06613	1e-05	1e-05	0.00064	1e-05	0.06553	0.05234	0.00051	0.01151	0.00183	0.04797	0.00465	0.00718	0.00639	0	0	0	0	0.01603	0.01385	0.00831	0.028	
0.05011	0.03693	0.02662	0.02219	0.08091	0.01777	0.01854	0.01863	0.01573	0.00658	0.10178	0.01176	8e-05	0	0.13575	2e-05	2e-05	0.00136	7e-05	0.1344	0.09737	0.00158	0.0317	0.0052	0.09878	0.00981	0.01408	0.01318	0.02157	0.00667	0.09158	0.01603	0	0	0	0	
0.04399	0.03096	0.02221	0.0194	0.06965	0.01507	0.01553	0.01631	0.01247	0.0057	0.08787	0.01052	0.00012	0	0.11643	1e-05	5e-05	0.00111	3e-05	0.11537	0.08342	0.00118	0.02752	0.00444	0.08533	0.00781	0.01207	0.01135	0.01826	0.00547	0.07898	0.01385	0	0	0	0	
0.02545	0.01818	0.01304	0.0112	0.04084	0.00857	0.00924	0.00922	0.00745	0.00321	0.05088	0.00633	4e-05	1e-05	0.06781	1e-05	2e-05	0.00065	1e-05	0.06719	0.04948	0.00061	0.01535	0.00243	0.049	0.00476	0.00736	0.00675	0.01054	0.00319	0.04583	0.00831	0	0	0	0	
0.24949	0.17951	0.12558	0.12514	0.32537	0.11339	0.11791	0.12305	0.12155	0.0561	0.40128	0.10079	0.00056	8e-05	0.67894	0.00014	0.00024	0.00657	0.00013	0.67278	0.37194	0.01123	0.25556	0.04099	0.50294	0.04396	0.068	0.06482	0.03892	0.01245	0.60035	0.028	0	0	0	0	
