0	0	0	0	0.20952	0.05164	0.05285	0.05623	0.0592	0.02702	0.23662	0.0474	0.00043	3e-05	0.3697	8e-05	0.00012	0.00339	7e-05	0.36666	0.22117	0.00551	0.12358	0.01998	0.27501	0.02457	0.03599	0.03467	0.03226	0.00943	0.30456	0.02399	0.0504	0.04242	0.02501	0.25241	
0	0	0	0	0.15206	0.03669	0.03864	0.03849	0.04218	0.01926	0.1692	0.03524	0.00016	2e-05	0.26564	6e-05	7e-05	0.0024	7e-05	0.26334	0.15889	0.00423	0.08846	0.0143	0.1957	0.0173	0.02662	0.02626	0.02299	0.00707	0.21842	0.0174	0.03497	0.03212	0.018	0.18079	
0	0	0	0	0.10754	0.02687	0.02652	0.02844	0.02994	0.01422	0.1201	0.02511	0.00016	2e-05	0.18918	1e-05	3e-05	0.00175	3e-05	0.18756	0.11273	0.00267	0.06364	0.01033	0.14045	0.012	0.01867	0.01825	0.01611	0.00489	0.15633	0.01204	0.02531	0.02267	0.01259	0.1288	
0	0	0	0	0.05076	0.04009	0.04139	0.04227	0.02778	0.01258	0.1112	0.02295	0.00014	2e-05	0.17431	4e-05	4e-05	0.00186	5e-05	0.17256	0.1052	0.00264	0.05764	0.00903	0.12869	0.01134	0.01735	0.01713	0.01586	0.00493	0.14245	0.01127	0.02444	0.02087	0.01141	0.11779	
0.20952	0.15206	0.10754	0.05076	0	0	0	0	0.083	0.0379	0.33083	0.06815	0.00051	6e-05	0.51923	8e-05	0.00013	0.00473	9e-05	0.51493	0.30944	0.00772	0.17403	0.02869	0.38491	0.03417	0.05107	0.04973	0.04466	0.01355	0.42757	0.0341	0.0696	0.06187	0.03454	0.35387	
0.05164	0.03669	0.02687	0.04009	0	0	0	0	0.02485	0.01195	0.09816	0.02033	0.0001	2e-05	0.15513	4e-05	5e-05	0.0015	5e-05	0.15369	0.09319	0.0023	0.05197	0.00783	0.11396	0.01049	0.01539	0.01545	0.01367	0.00415	0.12739	0.01008	0.02151	0.01784	0.01067	0.10527	
0.05285	0.03864	0.02652	0.04139	0	0	0	0	0.02547	0.01145	0.10176	0.02072	0.00013	1e-05	0.15923	3e-05	3e-05	0.00168	5e-05	0.15764	0.09642	0.00231	0.05213	0.00854	0.11854	0.0099	0.0158	0.01516	0.01394	0.00431	0.13098	0.01017	0.02176	0.01809	0.01066	0.10889	
0.05623	0.03849	0.02844	0.04227	0	0	0	0	0.02578	0.01178	0.10637	0.0215	0.00015	0	0.16524	4e-05	5e-05	0.00149	3e-05	0.16386	0.09894	0.00272	0.05519	0.00858	0.12244	0.01065	0.01637	0.01597	0.01495	0.00431	0.13582	0.01035	0.02225	0.02028	0.01114	0.11176	
0.0592	0.04218	0.02994	0.02778	0.083	0.02485	0.02547	0.02578	0	0	0	0	0.00012	2e-05	0.15894	2e-05	5e-05	0.0015	4e-05	0.15751	0.10023	0.00221	0.04825	0.00841	0.118	0.01036	0.01554	0.0152	0.0133	0.00382	0.13224	0.00974	0.01547	0.01298	0.00784	0.12281	
0.02702	0.01926	0.01422	0.01258	0.0379	0.01195	0.01145	0.01178	0	0	0	0	3e-05	0	0.07304	1e-05	1e-05	0.00063	1e-05	0.07243	0.0453	0.00104	0.02313	0.00361	0.05343	0.0047	0.00742	0.00753	0.00607	0.00187	0.06083	0.00431	0.00712	0.006	0.00343	0.05653	
0.23662	0.1692	0.1201	0.1112	0.33083	0.09816	0.10176	0.10637	0	0	0	0	0.00071	7e-05	0.63621	0.00013	0.00014	0.00603	0.00012	0.63083	0.37024	0.00969	0.22184	0.03535	0.47193	0.04174	0.06248	0.06097	0.0574	0.01732	0.51975	0.04265	0.10018	0.08831	0.04946	0.39917	
0.0474	0.03524	0.02511	0.02295	0.06815	0.02033	0.02072	0.0215	0	0	0	0	3e-05	0	0.13064	3e-05	6e-05	0.00124	5e-05	0.12935	0.08222	0.00211	0.0401	0.00627	0.09649	0.00841	0.01319	0.01261	0.01045	0.00331	0.10894	0.008	0.01235	0.01079	0.00628	0.10128	
0.00043	0.00016	0.00016	0.00014	0.00051	0.0001	0.00013	0.00015	0.00012	3e-05	0.00071	3e-05	0	0	0	0	0	2e-05	0	0.00087	0.00056	2e-05	0.00028	3e-05	0.00069	3e-05	9e-05	8e-05	9e-05	2e-05	0.00071	7e-05	0.00016	0.00016	4e-05	0.00053	
3e-05	2e-05	2e-05	2e-05	6e-05	2e-05	1e-05	0	2e-05	0	7e-05	0	0	0	0	0	0	0	0	9e-05	6e-05	0	3e-05	0	7e-05	2e-05	0	0	0	0	8e-05	1e-05	1e-05	1e-05	1e-05	6e-05	
0.3697	0.26564	0.18918	0.17431	0.51923	0.15513	0.15923	0.16524	0.15894	0.07304	0.63621	0.13064	0	0	0	0	0.00026	0.00938	0.00022	0.98897	0.59727	0.01503	0.33295	0.05358	0.73894	0.06514	0.09853	0.09622	0.08712	0.0263	0.82079	0.06462	0.13495	0.1179	0.06695	0.67903	
8e-05	6e-05	1e-05	4e-05	8e-05	4e-05	3e-05	4e-05	2e-05	1e-05	0.00013	3e-05	0	0	0	0	0	0	0	0.00019	0.0001	0	6e-05	3e-05	0.00015	2e-05	1e-05	1e-05	1e-05	0	0.00018	0	0	1e-05	1e-05	0.00017	
0.00012	7e-05	3e-05	4e-05	0.00013	5e-05	3e-05	5e-05	5e-05	1e-05	0.00014	6e-05	0	0	0.00026	0	0	0	0	0	0.00016	0	7e-05	3e-05	0.00021	0	4e-05	1e-05	1e-05	1e-05	0.00022	2e-05	5e-05	2e-05	1e-05	0.00018	
0.00339	0.0024	0.00175	0.00186	0.00473	0.0015	0.00168	0.00149	0.0015	0.00063	0.00603	0.00124	2e-05	0	0.00938	0	0	0	0	0	0.00535	0.00015	0.00332	0.00058	0.00674	0.00062	0.00093	0.00111	0.00082	0.0002	0.00786	0.00052	0.00128	0.00118	0.00056	0.00638	
7e-05	7e-05	3e-05	5e-05	9e-05	5e-05	5e-05	3e-05	4e-05	1e-05	0.00012	5e-05	0	0	0.00022	0	0	0	0	0	0.00015	0	6e-05	1e-05	0.00015	1e-05	4e-05	2e-05	3e-05	1e-05	0.00018	0	4e-05	1e-05	0	0.00017	
0.36666	0.26334	0.18756	0.17256	0.51493	0.15369	0.15764	0.16386	0.15751	0.07243	0.63083	0.12935	0.00087	9e-05	0.98897	0.00019	0	0	0	0	0.59233	0.0149	0.32987	0.05302	0.73275	0.06458	0.09762	0.09517	0.08636	0.0261	0.8135	0.06416	0.13375	0.11687	0.06644	0.67306	
0.22117	0.15889	0.11273	0.1052	0.30944	0.09319	0.09642	0.09894	0.10023	0.0453	0.37024	0.08222	0.00056	6e-05	0.59727	0.0001	0.00016	0.00535	0.00015	0.59233	0	0	0	0	0.44274	0.03942	0.05904	0.05679	0.07003	0.02091	0.4551	0.05195	0.09531	0.08335	0.04746	0.37187	
0.00551	0.00423	0.00267	0.00264	0.00772	0.0023	0.00231	0.00272	0.00221	0.00104	0.00969	0.00211	2e-05	0	0.01503	0	0	0.00015	0	0.0149	0	0	0	0	0.01086	0.00097	0.00171	0.00151	0.00064	0.00018	0.01387	0.00036	0.00155	0.00136	0.00068	0.01146	
0.12358	0.08846	0.06364	0.05764	0.17403	0.05197	0.05213	0.05519	0.04825	0.02313	0.22184	0.0401	0.00028	3e-05	0.33295	6e-05	7e-05	0.00332	6e-05	0.32987	0	0	0	0	0.24663	0.02148	0.03281	0.0324	0.01415	0.00453	0.30385	0.01079	0.03303	0.02899	0.01605	0.25525	
0.01998	0.0143	0.01033	0.00903	0.02869	0.00783	0.00854	0.00858	0.00841	0.00361	0.03535	0.00627	3e-05	0	0.05358	3e-05	3e-05	0.00058	1e-05	0.05302	0	0	0	0	0.03962	0.00334	0.00507	0.00561	0.0024	0.0007	0.04894	0.0016	0.00523	0.00438	0.00282	0.04121	
0.27501	0.1957	0.14045	0.12869	0.38491	0.11396	0.11854	0.12244	0.118	0.05343	0.47193	0.09649	0.00069	7e-05	0.73894	0.00015	0.00021	0.00674	0.00015	0.73275	0.44274	0.01086	0.24663	0.03962	0	0	0	0	0.06456	0.0193	0.60805	0.04794	0.09925	0.08727	0.05024	0.50309	
0.02457	0.0173	0.012	0.01134	0.03417	0.01049	0.0099	0.01065	0.01036	0.0047	0.04174	0.00841	3e-05	2e-05	0.06514	2e-05	0	0.00062	1e-05	0.06458	0.03942	0.00097	0.02148	0.00334	0	0	0	0	0.00581	0.00165	0.05346	0.00429	0.00875	0.00784	0.00456	0.04406	
0.03599	0.02662	0.01867	0.01735	0.05107	0.01539	0.0158	0.01637	0.01554	0.00742	0.06248	0.01319	9e-05	0	0.09853	1e-05	4e-05	0.00093	4e-05	0.09762	0.05904	0.00171	0.03281	0.00507	0	0	0	0	0.00865	0.00278	0.08084	0.00636	0.01355	0.01167	0.0063	0.06711	
0.03467	0.02626	0.01825	0.01713	0.04973	0.01545	0.01516	0.01597	0.0152	0.00753	0.06097	0.01261	8e-05	0	0.09622	1e-05	1e-05	0.00111	2e-05	0.09517	0.05679	0.00151	0.0324	0.00561	0	0	0	0	0.0082	0.00259	0.07941	0.00611	0.01357	0.0113	0.00591	0.06553	
0.03226	0.02299	0.01611	0.01586	0.04466	0.01367	0.01394	0.01495	0.0133	0.00607	0.0574	0.01045	9e-05	0	0.08712	1e-05	1e-05	0.00082	3e-05	0.08636	0.07003	0.00064	0.01415	0.0024	0.06456	0.00581	0.00865	0.0082	0	0	0	0	0.02091	0.01728	0.00983	0.0392	
0.00943	0.00707	0.00489	0.00493	0.01355	0.00415	0.00431	0.00431	0.00382	0.00187	0.01732	0.00331	2e-05	0	0.0263	0	1e-05	0.0002	1e-05	0.0261	0.02091	0.00018	0.00453	0.0007	0.0193	0.00165	0.00278	0.00259	0	0	0	0	0.0059	0.00515	0.00301	0.01226	
0.30456	0.21842	0.15633	0.14245	0.42757	0.12739	0.13098	0.13582	0.13224	0.06083	0.51975	0.10894	0.00071	8e-05	0.82079	0.00018	0.00022	0.00786	0.00018	0.8135	0.4551	0.01387	0.30385	0.04894	0.60805	0.05346	0.08084	0.07941	0	0	0	0	0.09321	0.08212	0.04725	0.59918	
0.02399	0.0174	0.01204	0.01127	0.0341	0.01008	0.01017	0.01035	0.00974	0.00431	0.04265	0.008	7e-05	1e-05	0.06462	0	2e-05	0.00052	0	0.06416	0.05195	0.00036	0.01079	0.0016	0.04794	0.00429	0.00636	0.00611	0	0	0	0	0.0151	0.01353	0.00692	0.02915	
0.0504	0.03497	0.02531	0.02444	0.0696	0.02151	0.02176	0.02225	0.01547	0.00712	0.10018	0.01235	0.00016	1e-05	0.13495	0	5e-05	0.00128	4e-05	0.13375	0.09531	0.00155	0.03303	0.00523	0.09925	0.00875	0.01355	0.01357	0.02091	0.0059	0.09321	0.0151	0	0	0	0	
0.04242	0.03212	0.02267	0.02087	0.06187	0.01784	0.01809	0.02028	0.01298	0.006	0.08831	0.01079	0.00016	1e-05	0.1179	1e-05	2e-05	0.00118	1e-05	0.11687	0.08335	0.00136	0.02899	0.00438	0.08727	0.00784	0.01167	0.0113	0.01728	0.00515	0.08212	0.01353	0	0	0	0	
0.02501	0.018	0.01259	0.01141	0.03454	0.01067	0.01066	0.01114	0.00784	0.00343	0.04946	0.00628	4e-05	1e-05	0.06695	1e-05	1e-05	0.00056	0	0.06644	0.04746	0.00068	0.01605	0.00282	0.05024	0.00456	0.0063	0.00591	0.00983	0.00301	0.04725	0.00692	0	0	0	0	
0.25241	0.18079	0.1288	0.11779	0.35387	0.10527	0.10889	0.11176	0.12281	0.05653	0.39917	0.10128	0.00053	6e-05	0.67903	0.00017	0.00018	0.00638	0.00017	0.67306	0.37187	0.01146	0.25525	0.04121	0.50309	0.04406	0.06711	0.06553	0.0392	0.01226	0.59918	0.02915	0	0	0	0	
