0	0	0	0	0.20773	0.05073	0.05327	0.05649	0.0579	0.026	0.2354	0.04892	0.00035	0	0.36784	3e-05	0.0002	0.0035	8e-05	0.36444	0.22051	0.00541	0.12291	0.01939	0.27178	0.02423	0.03709	0.03512	0.03219	0.01002	0.30278	0.02323	0.05057	0.04428	0.02509	0.24828	
0	0	0	0	0.15003	0.03784	0.03778	0.04019	0.04189	0.01922	0.16958	0.03515	0.00025	2e-05	0.26552	5e-05	0.00012	0.00245	0.00011	0.26316	0.15971	0.00407	0.08807	0.01399	0.19657	0.01778	0.02627	0.02522	0.02347	0.007	0.21719	0.01818	0.03562	0.03151	0.01803	0.18068	
0	0	0	0	0.1069	0.02596	0.02614	0.02876	0.02897	0.01408	0.12093	0.02378	0.00012	1e-05	0.18762	1e-05	8e-05	0.00169	4e-05	0.18595	0.11281	0.00293	0.06175	0.01027	0.13908	0.01228	0.01857	0.01783	0.01644	0.00483	0.15332	0.01317	0.02599	0.02274	0.01249	0.12654	
0	0	0	0	0.05152	0.04034	0.04203	0.04429	0.02861	0.01298	0.11362	0.02297	0.00019	0	0.17793	6e-05	4e-05	0.00195	1e-05	0.17618	0.10596	0.00305	0.05945	0.00972	0.13085	0.0124	0.01747	0.01746	0.01483	0.00445	0.14734	0.01156	0.02531	0.02061	0.01205	0.12021	
0.20773	0.15003	0.1069	0.05152	0	0	0	0	0.08149	0.03702	0.3303	0.06737	0.00041	1e-05	0.51568	8e-05	0.00026	0.00488	0.00014	0.5109	0.30937	0.00778	0.17134	0.02769	0.38129	0.03425	0.05146	0.04918	0.04513	0.0135	0.42326	0.03429	0.07042	0.06107	0.03461	0.35008	
0.05073	0.03784	0.02596	0.04034	0	0	0	0	0.02472	0.0114	0.0983	0.02045	0.00017	0	0.15468	2e-05	9e-05	0.00153	3e-05	0.15322	0.0931	0.00264	0.05133	0.0078	0.11468	0.01022	0.01521	0.01476	0.01288	0.00398	0.12748	0.01053	0.02201	0.01825	0.01049	0.10412	
0.05327	0.03778	0.02614	0.04203	0	0	0	0	0.02452	0.01136	0.10215	0.02119	0.00022	1e-05	0.15897	2e-05	4e-05	0.00158	4e-05	0.15756	0.09631	0.00234	0.05184	0.00873	0.1176	0.01086	0.01588	0.01488	0.01417	0.00427	0.13063	0.01015	0.02176	0.01965	0.01121	0.1066	
0.05649	0.04019	0.02876	0.04429	0	0	0	0	0.02664	0.0125	0.10878	0.02181	0.00011	1e-05	0.16958	3e-05	5e-05	0.0016	3e-05	0.16805	0.10021	0.0027	0.05767	0.00915	0.12471	0.01136	0.01685	0.01681	0.01475	0.00455	0.13926	0.01117	0.0233	0.02017	0.01135	0.11491	
0.0579	0.04189	0.02897	0.02861	0.08149	0.02472	0.02452	0.02664	0	0	0	0	0.00014	0	0.15721	2e-05	7e-05	0.00146	4e-05	0.1558	0.0988	0.00234	0.04859	0.00764	0.1168	0.01024	0.01521	0.01512	0.01292	0.00418	0.13033	0.00994	0.01536	0.01289	0.00764	0.12148	
0.026	0.01922	0.01408	0.01298	0.03702	0.0114	0.01136	0.0125	0	0	0	0	5e-05	0	0.07222	1e-05	4e-05	0.00073	4e-05	0.07147	0.04463	0.00096	0.02315	0.00354	0.05338	0.00486	0.00704	0.007	0.0055	0.00185	0.06014	0.00479	0.00716	0.00606	0.0034	0.05566	
0.2354	0.16958	0.12093	0.11362	0.3303	0.0983	0.10215	0.10878	0	0	0	0	0.00062	3e-05	0.63877	0.00011	0.00027	0.00615	0.00014	0.63297	0.37417	0.01027	0.21924	0.03585	0.47114	0.04325	0.06398	0.06116	0.0582	0.01707	0.52073	0.04353	0.10277	0.08913	0.05069	0.39694	
0.04892	0.03515	0.02378	0.02297	0.06737	0.02045	0.02119	0.02181	0	0	0	0	0.0001	0	0.13071	1e-05	6e-05	0.00125	2e-05	0.12949	0.08139	0.00189	0.0412	0.00634	0.09696	0.00834	0.01317	0.01235	0.01031	0.0032	0.10943	0.00788	0.0122	0.01106	0.00593	0.10163	
0.00035	0.00025	0.00012	0.00019	0.00041	0.00017	0.00022	0.00011	0.00014	5e-05	0.00062	0.0001	0	0	0	0	0	1e-05	0	0.0009	0.00056	1e-05	0.0003	4e-05	0.00063	5e-05	0.00014	9e-05	8e-05	5e-05	0.00074	4e-05	0.00018	0.00012	5e-05	0.00056	
0	2e-05	1e-05	0	1e-05	0	1e-05	1e-05	0	0	3e-05	0	0	0	0	0	0	1e-05	0	2e-05	1e-05	0	2e-05	0	3e-05	0	0	0	0	0	2e-05	1e-05	1e-05	1e-05	0	1e-05	
0.36784	0.26552	0.18762	0.17793	0.51568	0.15468	0.15897	0.16958	0.15721	0.07222	0.63877	0.13071	0	0	0	0	0.00044	0.00957	0.00024	0.98866	0.5983	0.01545	0.33183	0.05333	0.73751	0.06662	0.09925	0.09553	0.08683	0.02624	0.81975	0.06609	0.13727	0.11901	0.06761	0.67502	
3e-05	5e-05	1e-05	6e-05	8e-05	2e-05	2e-05	3e-05	2e-05	1e-05	0.00011	1e-05	0	0	0	0	0	0	0	0.00015	0.00012	0	3e-05	0	0.00011	2e-05	1e-05	1e-05	2e-05	1e-05	0.00012	0	3e-05	0	0	0.00012	
0.0002	0.00012	8e-05	4e-05	0.00026	9e-05	4e-05	5e-05	7e-05	4e-05	0.00027	6e-05	0	0	0.00044	0	0	0	0	0	0.00024	1e-05	0.00018	1e-05	0.00029	3e-05	7e-05	5e-05	6e-05	1e-05	0.00029	8e-05	5e-05	5e-05	1e-05	0.00033	
0.0035	0.00245	0.00169	0.00195	0.00488	0.00153	0.00158	0.0016	0.00146	0.00073	0.00615	0.00125	1e-05	1e-05	0.00957	0	0	0	0	0	0.00581	0.00011	0.00326	0.00041	0.00688	0.00069	0.001	0.00102	0.00081	0.00019	0.0078	0.00079	0.0013	0.00113	0.0008	0.00636	
8e-05	0.00011	4e-05	1e-05	0.00014	3e-05	4e-05	3e-05	4e-05	4e-05	0.00014	2e-05	0	0	0.00024	0	0	0	0	0	0.00013	0	0.0001	1e-05	0.00019	1e-05	3e-05	1e-05	2e-05	1e-05	0.0002	1e-05	2e-05	2e-05	2e-05	0.00018	
0.36444	0.26316	0.18595	0.17618	0.5109	0.15322	0.15756	0.16805	0.1558	0.07147	0.63297	0.12949	0.0009	2e-05	0.98866	0.00015	0	0	0	0	0.59281	0.01534	0.32864	0.05294	0.73092	0.06596	0.0983	0.09455	0.08604	0.02609	0.81234	0.06526	0.13612	0.11794	0.06683	0.66884	
0.22051	0.15971	0.11281	0.10596	0.30937	0.0931	0.09631	0.10021	0.0988	0.04463	0.37417	0.08139	0.00056	1e-05	0.5983	0.00012	0.00024	0.00581	0.00013	0.59281	0	0	0	0	0.44263	0.03992	0.05993	0.05651	0.07068	0.02136	0.45376	0.05319	0.09704	0.08526	0.04809	0.3686	
0.00541	0.00407	0.00293	0.00305	0.00778	0.00264	0.00234	0.0027	0.00234	0.00096	0.01027	0.00189	1e-05	0	0.01545	0	1e-05	0.00011	0	0.01534	0	0	0	0	0.01142	0.00103	0.00135	0.00166	0.00046	0.0002	0.01429	0.00051	0.00162	0.00122	0.00083	0.01179	
0.12291	0.08807	0.06175	0.05945	0.17134	0.05133	0.05184	0.05767	0.04859	0.02315	0.21924	0.0412	0.0003	2e-05	0.33183	3e-05	0.00018	0.00326	0.0001	0.32864	0	0	0	0	0.24505	0.02224	0.03261	0.03228	0.01359	0.00395	0.30401	0.01063	0.03332	0.02834	0.01601	0.25451	
0.01939	0.01399	0.01027	0.00972	0.02769	0.0078	0.00873	0.00915	0.00764	0.00354	0.03585	0.00634	4e-05	0	0.05333	0	1e-05	0.00041	1e-05	0.05294	0	0	0	0	0.03918	0.0035	0.00551	0.00518	0.0022	0.00079	0.04857	0.00181	0.00551	0.00432	0.00273	0.04081	
0.27178	0.19657	0.13908	0.13085	0.38129	0.11468	0.1176	0.12471	0.1168	0.05338	0.47114	0.09696	0.00063	3e-05	0.73751	0.00011	0.00029	0.00688	0.00019	0.73092	0.44263	0.01142	0.24505	0.03918	0	0	0	0	0.06494	0.01922	0.60511	0.04901	0.10113	0.08842	0.0502	0.49853	
0.02423	0.01778	0.01228	0.0124	0.03425	0.01022	0.01086	0.01136	0.01024	0.00486	0.04325	0.00834	5e-05	0	0.06662	2e-05	3e-05	0.00069	1e-05	0.06596	0.03992	0.00103	0.02224	0.0035	0	0	0	0	0.00582	0.00171	0.05507	0.00409	0.00933	0.00807	0.0042	0.04509	
0.03709	0.02627	0.01857	0.01747	0.05146	0.01521	0.01588	0.01685	0.01521	0.00704	0.06398	0.01317	0.00014	0	0.09925	1e-05	7e-05	0.001	3e-05	0.0983	0.05993	0.00135	0.03261	0.00551	0	0	0	0	0.00819	0.00293	0.08175	0.00653	0.01417	0.01154	0.00668	0.06701	
0.03512	0.02522	0.01783	0.01746	0.04918	0.01476	0.01488	0.01681	0.01512	0.007	0.06116	0.01235	9e-05	0	0.09553	1e-05	5e-05	0.00102	1e-05	0.09455	0.05651	0.00166	0.03228	0.00518	0	0	0	0	0.00798	0.00244	0.0787	0.00651	0.01286	0.01111	0.00658	0.06508	
0.03219	0.02347	0.01644	0.01483	0.04513	0.01288	0.01417	0.01475	0.01292	0.0055	0.0582	0.01031	8e-05	0	0.08683	2e-05	6e-05	0.00081	2e-05	0.08604	0.07068	0.00046	0.01359	0.0022	0.06494	0.00582	0.00819	0.00798	0	0	0	0	0.02023	0.01735	0.01019	0.03916	
0.01002	0.007	0.00483	0.00445	0.0135	0.00398	0.00427	0.00455	0.00418	0.00185	0.01707	0.0032	5e-05	0	0.02624	1e-05	1e-05	0.00019	1e-05	0.02609	0.02136	0.0002	0.00395	0.00079	0.01922	0.00171	0.00293	0.00244	0	0	0	0	0.00596	0.0052	0.00316	0.01198	
0.30278	0.21719	0.15332	0.14734	0.42326	0.12748	0.13063	0.13926	0.13033	0.06014	0.52073	0.10943	0.00074	2e-05	0.81975	0.00012	0.00029	0.0078	0.0002	0.81234	0.45376	0.01429	0.30401	0.04857	0.60511	0.05507	0.08175	0.0787	0	0	0	0	0.09534	0.08292	0.04731	0.59506	
0.02323	0.01818	0.01317	0.01156	0.03429	0.01053	0.01015	0.01117	0.00994	0.00479	0.04353	0.00788	4e-05	1e-05	0.06609	0	8e-05	0.00079	1e-05	0.06526	0.05319	0.00051	0.01063	0.00181	0.04901	0.00409	0.00653	0.00651	0	0	0	0	0.01596	0.01367	0.007	0.02951	
0.05057	0.03562	0.02599	0.02531	0.07042	0.02201	0.02176	0.0233	0.01536	0.00716	0.10277	0.0122	0.00018	1e-05	0.13727	3e-05	5e-05	0.0013	2e-05	0.13612	0.09704	0.00162	0.03332	0.00551	0.10113	0.00933	0.01417	0.01286	0.02023	0.00596	0.09534	0.01596	0	0	0	0	
0.04428	0.03151	0.02274	0.02061	0.06107	0.01825	0.01965	0.02017	0.01289	0.00606	0.08913	0.01106	0.00012	1e-05	0.11901	0	5e-05	0.00113	2e-05	0.11794	0.08526	0.00122	0.02834	0.00432	0.08842	0.00807	0.01154	0.01111	0.01735	0.0052	0.08292	0.01367	0	0	0	0	
0.02509	0.01803	0.01249	0.01205	0.03461	0.01049	0.01121	0.01135	0.00764	0.0034	0.05069	0.00593	5e-05	0	0.06761	0	1e-05	0.0008	2e-05	0.06683	0.04809	0.00083	0.01601	0.00273	0.0502	0.0042	0.00668	0.00658	0.01019	0.00316	0.04731	0.007	0	0	0	0	
0.24828	0.18068	0.12654	0.12021	0.35008	0.10412	0.1066	0.11491	0.12148	0.05566	0.39694	0.10163	0.00056	1e-05	0.67502	0.00012	0.00033	0.00636	0.00018	0.66884	0.3686	0.01179	0.25451	0.04081	0.49853	0.04509	0.06701	0.06508	0.03916	0.01198	0.59506	0.02951	0	0	0	0	
