0	0	0	0	0.21011	0.05031	0.05209	0.0551	0.05788	0.02642	0.23529	0.04802	0.00028	2e-05	0.36722	9e-05	0.00016	0.00357	0.00013	0.36375	0.21892	0.00538	0.12295	0.02036	0.27102	0.02515	0.03549	0.03595	0.03173	0.00987	0.30181	0.0242	0.04897	0.04455	0.02407	0.25002	
0	0	0	0	0.15112	0.03642	0.03898	0.03989	0.04217	0.01948	0.16918	0.03558	0.00029	0	0.26607	5e-05	6e-05	0.0026	0.00013	0.26362	0.15927	0.00374	0.08908	0.01432	0.19644	0.01783	0.02642	0.02572	0.02336	0.00702	0.21883	0.0172	0.03518	0.03183	0.01819	0.18121	
0	0	0	0	0.10905	0.02577	0.0267	0.02853	0.02928	0.01382	0.12251	0.02444	0.00021	2e-05	0.18974	8e-05	9e-05	0.00158	6e-05	0.18832	0.11428	0.00271	0.06332	0.00974	0.14045	0.01255	0.01915	0.0179	0.01698	0.00488	0.15586	0.01233	0.02731	0.02335	0.01291	0.12648	
0	0	0	0	0.05077	0.04063	0.04115	0.04338	0.02785	0.0131	0.11219	0.02279	0.0001	1e-05	0.17578	4e-05	9e-05	0.00193	5e-05	0.17386	0.10432	0.00281	0.05918	0.00962	0.12932	0.01225	0.01795	0.01641	0.01592	0.00477	0.14358	0.01166	0.02381	0.02073	0.01174	0.11965	
0.21011	0.15112	0.10905	0.05077	0	0	0	0	0.08179	0.03785	0.33405	0.06736	0.00055	3e-05	0.52032	0.00015	0.00022	0.00479	0.00021	0.51583	0.31201	0.00723	0.17377	0.02804	0.38363	0.0359	0.05095	0.05057	0.04553	0.0136	0.42768	0.03424	0.07084	0.06349	0.03452	0.3522	
0.05031	0.03642	0.02577	0.04063	0	0	0	0	0.02444	0.01098	0.09796	0.01975	0.0001	0	0.15298	5e-05	4e-05	0.00167	5e-05	0.15137	0.09046	0.00241	0.05195	0.00831	0.1131	0.01005	0.01571	0.01427	0.01421	0.00384	0.12531	0.00977	0.0204	0.01847	0.01027	0.10399	
0.05209	0.03898	0.0267	0.04115	0	0	0	0	0.02508	0.01167	0.10072	0.02145	0.00013	0	0.15877	2e-05	8e-05	0.00151	8e-05	0.15725	0.09538	0.00245	0.05266	0.00843	0.11727	0.01057	0.01556	0.01552	0.01347	0.00451	0.12995	0.01099	0.02186	0.01899	0.01112	0.10695	
0.0551	0.03989	0.02853	0.04338	0	0	0	0	0.02587	0.01232	0.10644	0.02227	0.0001	2e-05	0.16674	4e-05	6e-05	0.00171	3e-05	0.1651	0.09894	0.00255	0.05615	0.00926	0.12323	0.01126	0.01679	0.01562	0.01478	0.00459	0.13714	0.01039	0.02217	0.01951	0.011	0.11422	
0.05788	0.04217	0.02928	0.02785	0.08179	0.02444	0.02508	0.02587	0	0	0	0	0.00018	0	0.15696	4e-05	4e-05	0.00167	5e-05	0.15542	0.099	0.00206	0.04829	0.00783	0.11643	0.01044	0.01558	0.01473	0.01289	0.00401	0.13074	0.00954	0.01541	0.01363	0.00692	0.12122	
0.02642	0.01948	0.01382	0.0131	0.03785	0.01098	0.01167	0.01232	0	0	0	0	2e-05	1e-05	0.07276	3e-05	5e-05	0.00072	2e-05	0.07203	0.04631	0.001	0.02184	0.00367	0.05375	0.00483	0.00711	0.00713	0.00616	0.00169	0.0607	0.00427	0.0069	0.00633	0.00345	0.05614	
0.23529	0.16918	0.12251	0.11219	0.33405	0.09796	0.10072	0.10644	0	0	0	0	0.00052	4e-05	0.63843	0.00018	0.00024	0.00605	0.00025	0.63263	0.36948	0.00977	0.22391	0.03601	0.47072	0.04341	0.06333	0.06171	0.05802	0.01753	0.52025	0.04337	0.10083	0.08951	0.0503	0.39853	
0.04802	0.03558	0.02444	0.02279	0.06736	0.01975	0.02145	0.02227	0	0	0	0	0.00016	0	0.13066	1e-05	7e-05	0.00124	5e-05	0.12947	0.082	0.00181	0.04049	0.00653	0.09633	0.0091	0.01299	0.01241	0.01092	0.00331	0.10839	0.00821	0.01213	0.01099	0.00624	0.10147	
0.00028	0.00029	0.00021	0.0001	0.00055	0.0001	0.00013	0.0001	0.00018	2e-05	0.00052	0.00016	0	0	0	0	0	0	0	0.00088	0.00051	0	0.00034	3e-05	0.00065	4e-05	0.0001	9e-05	4e-05	1e-05	0.00078	5e-05	0.00011	0.00019	5e-05	0.00053	
2e-05	0	2e-05	1e-05	3e-05	0	0	2e-05	0	1e-05	4e-05	0	0	0	0	0	0	0	0	5e-05	2e-05	0	2e-05	1e-05	4e-05	0	1e-05	0	0	0	5e-05	0	0	2e-05	0	3e-05	
0.36722	0.26607	0.18974	0.17578	0.52032	0.15298	0.15877	0.16674	0.15696	0.07276	0.63843	0.13066	0	0	0	0	0.0004	0.00968	0.00037	0.98836	0.5961	0.01464	0.33409	0.05398	0.73637	0.06773	0.09885	0.09586	0.08793	0.02653	0.81901	0.06534	0.13511	0.12021	0.06684	0.67665	
9e-05	5e-05	8e-05	4e-05	0.00015	5e-05	2e-05	4e-05	4e-05	3e-05	0.00018	1e-05	0	0	0	0	0	0	0	0.00026	0.00016	0	8e-05	2e-05	0.00017	1e-05	5e-05	3e-05	2e-05	0	0.00024	0	5e-05	4e-05	2e-05	0.00015	
0.00016	6e-05	9e-05	9e-05	0.00022	4e-05	8e-05	6e-05	4e-05	5e-05	0.00024	7e-05	0	0	0.0004	0	0	0	0	0	0.00027	0	0.00011	2e-05	0.0003	0	7e-05	3e-05	2e-05	0	0.00035	3e-05	6e-05	6e-05	1e-05	0.00027	
0.00357	0.0026	0.00158	0.00193	0.00479	0.00167	0.00151	0.00171	0.00167	0.00072	0.00605	0.00124	0	0	0.00968	0	0	0	0	0	0.00575	9e-05	0.00323	0.00061	0.00715	0.00058	0.00104	0.00091	0.00092	0.00017	0.00796	0.00063	0.00127	0.00089	0.00065	0.00687	
0.00013	0.00013	6e-05	5e-05	0.00021	5e-05	8e-05	3e-05	5e-05	2e-05	0.00025	5e-05	0	0	0.00037	0	0	0	0	0	0.00023	1e-05	0.00012	1e-05	0.00031	0	4e-05	2e-05	4e-05	1e-05	0.00028	4e-05	8e-05	3e-05	2e-05	0.00024	
0.36375	0.26362	0.18832	0.17386	0.51583	0.15137	0.15725	0.1651	0.15542	0.07203	0.63263	0.12947	0.00088	5e-05	0.98836	0.00026	0	0	0	0	0.59054	0.01454	0.33107	0.0534	0.72947	0.0672	0.09786	0.09502	0.08701	0.02636	0.81149	0.06469	0.13386	0.11948	0.06623	0.66998	
0.21892	0.15927	0.11428	0.10432	0.31201	0.09046	0.09538	0.09894	0.099	0.04631	0.36948	0.082	0.00051	2e-05	0.5961	0.00016	0.00027	0.00575	0.00023	0.59054	0	0	0	0	0.43979	0.04087	0.0587	0.05743	0.07075	0.02144	0.45197	0.05263	0.09559	0.08492	0.04716	0.36912	
0.00538	0.00374	0.00271	0.00281	0.00723	0.00241	0.00245	0.00255	0.00206	0.001	0.00977	0.00181	0	0	0.01464	0	0	9e-05	1e-05	0.01454	0	0	0	0	0.01096	0.0009	0.00157	0.00121	0.00061	0.00014	0.01333	0.00056	0.00137	0.00112	0.00055	0.0116	
0.12295	0.08908	0.06332	0.05918	0.17377	0.05195	0.05266	0.05615	0.04829	0.02184	0.22391	0.04049	0.00034	2e-05	0.33409	8e-05	0.00011	0.00323	0.00012	0.33107	0	0	0	0	0.24644	0.02243	0.03359	0.03207	0.01414	0.00439	0.30567	0.01033	0.03293	0.02956	0.01659	0.25545	
0.02036	0.01432	0.00974	0.00962	0.02804	0.00831	0.00843	0.00926	0.00783	0.00367	0.03601	0.00653	3e-05	1e-05	0.05398	2e-05	2e-05	0.00061	1e-05	0.0534	0	0	0	0	0.04004	0.00358	0.00515	0.00527	0.00249	0.00057	0.04911	0.00187	0.00538	0.00486	0.00261	0.04119	
0.27102	0.19644	0.14045	0.12932	0.38363	0.1131	0.11727	0.12323	0.11643	0.05375	0.47072	0.09633	0.00065	4e-05	0.73637	0.00017	0.0003	0.00715	0.00031	0.72947	0.43979	0.01096	0.24644	0.04004	0	0	0	0	0.06485	0.01946	0.60464	0.04828	0.09934	0.08925	0.0496	0.49904	
0.02515	0.01783	0.01255	0.01225	0.0359	0.01005	0.01057	0.01126	0.01044	0.00483	0.04341	0.0091	4e-05	0	0.06773	1e-05	0	0.00058	0	0.0672	0.04087	0.0009	0.02243	0.00358	0	0	0	0	0.00585	0.00196	0.05587	0.0041	0.00943	0.00794	0.00428	0.04613	
0.03549	0.02642	0.01915	0.01795	0.05095	0.01571	0.01556	0.01679	0.01558	0.00711	0.06333	0.01299	0.0001	1e-05	0.09885	5e-05	7e-05	0.00104	4e-05	0.09786	0.0587	0.00157	0.03359	0.00515	0	0	0	0	0.00877	0.00265	0.08113	0.00646	0.01319	0.01192	0.00706	0.06684	
0.03595	0.02572	0.0179	0.01641	0.05057	0.01427	0.01552	0.01562	0.01473	0.00713	0.06171	0.01241	9e-05	0	0.09586	3e-05	3e-05	0.00091	2e-05	0.09502	0.05743	0.00121	0.03207	0.00527	0	0	0	0	0.00852	0.00247	0.07844	0.00655	0.01331	0.01135	0.00597	0.06535	
0.03173	0.02336	0.01698	0.01592	0.04553	0.01421	0.01347	0.01478	0.01289	0.00616	0.05802	0.01092	4e-05	0	0.08793	2e-05	2e-05	0.00092	4e-05	0.08701	0.07075	0.00061	0.01414	0.00249	0.06485	0.00585	0.00877	0.00852	0	0	0	0	0.02038	0.0179	0.00996	0.03975	
0.00987	0.00702	0.00488	0.00477	0.0136	0.00384	0.00451	0.00459	0.00401	0.00169	0.01753	0.00331	1e-05	0	0.02653	0	0	0.00017	1e-05	0.02636	0.02144	0.00014	0.00439	0.00057	0.01946	0.00196	0.00265	0.00247	0	0	0	0	0.00564	0.00548	0.00334	0.01208	
0.30181	0.21883	0.15586	0.14358	0.42768	0.12531	0.12995	0.13714	0.13074	0.0607	0.52025	0.10839	0.00078	5e-05	0.81901	0.00024	0.00035	0.00796	0.00028	0.81149	0.45197	0.01333	0.30567	0.04911	0.60464	0.05587	0.08113	0.07844	0	0	0	0	0.09448	0.0833	0.04656	0.59574	
0.0242	0.0172	0.01233	0.01166	0.03424	0.00977	0.01099	0.01039	0.00954	0.00427	0.04337	0.00821	5e-05	0	0.06534	0	3e-05	0.00063	4e-05	0.06469	0.05263	0.00056	0.01033	0.00187	0.04828	0.0041	0.00646	0.00655	0	0	0	0	0.01477	0.01378	0.00705	0.02979	
0.04897	0.03518	0.02731	0.02381	0.07084	0.0204	0.02186	0.02217	0.01541	0.0069	0.10083	0.01213	0.00011	0	0.13511	5e-05	6e-05	0.00127	8e-05	0.13386	0.09559	0.00137	0.03293	0.00538	0.09934	0.00943	0.01319	0.01331	0.02038	0.00564	0.09448	0.01477	0	0	0	0	
0.04455	0.03183	0.02335	0.02073	0.06349	0.01847	0.01899	0.01951	0.01363	0.00633	0.08951	0.01099	0.00019	2e-05	0.12021	4e-05	6e-05	0.00089	3e-05	0.11948	0.08492	0.00112	0.02956	0.00486	0.08925	0.00794	0.01192	0.01135	0.0179	0.00548	0.0833	0.01378	0	0	0	0	
0.02407	0.01819	0.01291	0.01174	0.03452	0.01027	0.01112	0.011	0.00692	0.00345	0.0503	0.00624	5e-05	0	0.06684	2e-05	1e-05	0.00065	2e-05	0.06623	0.04716	0.00055	0.01659	0.00261	0.0496	0.00428	0.00706	0.00597	0.00996	0.00334	0.04656	0.00705	0	0	0	0	
0.25002	0.18121	0.12648	0.11965	0.3522	0.10399	0.10695	0.11422	0.12122	0.05614	0.39853	0.10147	0.00053	3e-05	0.67665	0.00015	0.00027	0.00687	0.00024	0.66998	0.36912	0.0116	0.25545	0.04119	0.49904	0.04613	0.06684	0.06535	0.03975	0.01208	0.59574	0.02979	0	0	0	0	
