0	0	0	0	0.20764	0.05159	0.05261	0.05537	0.05763	0.02643	0.23493	0.04822	0.00028	3e-05	0.36681	9e-05	9e-05	0.00336	7e-05	0.36369	0.22182	0.00555	0.11991	0.01993	0.27011	0.0241	0.03713	0.03587	0.03225	0.00968	0.30178	0.0235	0.04944	0.04311	0.02435	0.25031	
0	0	0	0	0.14926	0.0384	0.03824	0.03904	0.04167	0.01866	0.16977	0.03484	0.00028	2e-05	0.2646	4e-05	0.00013	0.00263	5e-05	0.26213	0.15857	0.004	0.08835	0.01402	0.19549	0.0175	0.02618	0.02577	0.02307	0.0072	0.21723	0.01744	0.03478	0.03153	0.01844	0.18019	
0	0	0	0	0.10785	0.02696	0.02741	0.0281	0.02979	0.0133	0.12242	0.02481	0.00014	1e-05	0.19013	4e-05	9e-05	0.00194	1e-05	0.18828	0.1135	0.00287	0.06309	0.01086	0.14033	0.01248	0.01945	0.01806	0.01693	0.00488	0.15606	0.01245	0.02618	0.02273	0.01303	0.12838	
0	0	0	0	0.05169	0.03983	0.0425	0.04351	0.02667	0.01303	0.11466	0.02317	0.00012	1e-05	0.17737	3e-05	8e-05	0.00181	5e-05	0.17559	0.10626	0.0024	0.05953	0.00934	0.12992	0.01199	0.01833	0.01729	0.01603	0.00473	0.14507	0.0117	0.02386	0.02022	0.01259	0.12086	
0.20764	0.14926	0.10785	0.05169	0	0	0	0	0.08065	0.03667	0.33146	0.06766	0.00041	3e-05	0.51589	0.00011	0.0002	0.00505	0.0001	0.51109	0.3102	0.00745	0.17087	0.02792	0.38028	0.03428	0.0522	0.04968	0.04538	0.01366	0.42444	0.03296	0.06958	0.06061	0.0348	0.35145	
0.05159	0.0384	0.02696	0.03983	0	0	0	0	0.0242	0.01152	0.10036	0.0207	0.00015	0	0.15663	0	4e-05	0.00155	4e-05	0.15515	0.0933	0.00237	0.05255	0.00856	0.11437	0.01087	0.01593	0.01561	0.01377	0.00429	0.1282	0.01052	0.02124	0.01828	0.01094	0.10632	
0.05261	0.03824	0.02741	0.0425	0	0	0	0	0.02468	0.01133	0.10334	0.02141	0.00012	3e-05	0.16058	3e-05	9e-05	0.00146	3e-05	0.15918	0.09748	0.00246	0.05225	0.00857	0.11865	0.01061	0.01574	0.01576	0.01431	0.00426	0.1314	0.01079	0.02128	0.01915	0.01154	0.10879	
0.05537	0.03904	0.0281	0.04351	0	0	0	0	0.02623	0.0119	0.10662	0.02127	0.00014	1e-05	0.16581	6e-05	6e-05	0.00168	1e-05	0.16427	0.09917	0.00254	0.05521	0.0091	0.12255	0.01031	0.01722	0.01594	0.01482	0.00428	0.1361	0.01082	0.02216	0.01955	0.01113	0.11318	
0.05763	0.04167	0.02979	0.02667	0.08065	0.0242	0.02468	0.02623	0	0	0	0	0.00011	2e-05	0.15559	4e-05	7e-05	0.00154	3e-05	0.15412	0.10136	0.00214	0.04467	0.00759	0.11525	0.01031	0.01534	0.01486	0.01314	0.00384	0.12903	0.00975	0.01438	0.01265	0.00738	0.12135	
0.02643	0.01866	0.0133	0.01303	0.03667	0.01152	0.01133	0.0119	0	0	0	0	4e-05	0	0.07136	2e-05	3e-05	0.00065	1e-05	0.07073	0.04723	0.00105	0.01985	0.00329	0.05225	0.00508	0.00743	0.00666	0.00634	0.00181	0.05883	0.00444	0.00675	0.00583	0.00334	0.0555	
0.23493	0.16977	0.12242	0.11466	0.33146	0.10036	0.10334	0.10662	0	0	0	0	0.00055	3e-05	0.64107	0.00013	0.0002	0.00626	0.00012	0.6352	0.36613	0.01027	0.22845	0.03693	0.47177	0.04193	0.06543	0.06265	0.05804	0.01771	0.52296	0.04307	0.10081	0.08812	0.05114	0.40171	
0.04822	0.03484	0.02481	0.02317	0.06766	0.0207	0.02141	0.02127	0	0	0	0	0.00012	2e-05	0.13089	1e-05	9e-05	0.00129	2e-05	0.12964	0.08543	0.00136	0.03791	0.00634	0.09658	0.00875	0.01289	0.01282	0.01076	0.00313	0.10932	0.00783	0.01232	0.01099	0.00655	0.10118	
0.00028	0.00028	0.00014	0.00012	0.00041	0.00015	0.00012	0.00014	0.00011	4e-05	0.00055	0.00012	0	0	0	0	0	0	0	0.00082	0.00052	2e-05	0.00022	6e-05	0.00059	6e-05	8e-05	9e-05	9e-05	1e-05	0.00064	8e-05	0.00013	0.00016	7e-05	0.00046	
3e-05	2e-05	1e-05	1e-05	3e-05	0	3e-05	1e-05	2e-05	0	3e-05	2e-05	0	0	0	0	0	0	0	7e-05	4e-05	0	1e-05	2e-05	6e-05	0	1e-05	0	0	0	6e-05	1e-05	2e-05	0	0	5e-05	
0.36681	0.2646	0.19013	0.17737	0.51589	0.15663	0.16058	0.16581	0.15559	0.07136	0.64107	0.13089	0	0	0	0	0.00039	0.00974	0.00018	0.9886	0.59947	0.0148	0.3306	0.05404	0.73503	0.06601	0.10098	0.09689	0.08818	0.02648	0.81926	0.06499	0.13409	0.11742	0.06832	0.67908	
9e-05	4e-05	4e-05	3e-05	0.00011	0	3e-05	6e-05	4e-05	2e-05	0.00013	1e-05	0	0	0	0	0	0	0	0.0002	0.00012	0	5e-05	3e-05	0.00017	0	2e-05	1e-05	1e-05	0	0.00018	1e-05	2e-05	1e-05	2e-05	0.00015	
9e-05	0.00013	9e-05	8e-05	0.0002	4e-05	9e-05	6e-05	7e-05	3e-05	0.0002	9e-05	0	0	0.00039	0	0	0	0	0	0.00022	0	0.00016	1e-05	0.00033	1e-05	3e-05	2e-05	6e-05	1e-05	0.00031	1e-05	3e-05	5e-05	3e-05	0.00028	
0.00336	0.00263	0.00194	0.00181	0.00505	0.00155	0.00146	0.00168	0.00154	0.00065	0.00626	0.00129	0	0	0.00974	0	0	0	0	0	0.0059	0.00013	0.00321	0.0005	0.00738	0.00064	0.00098	0.00074	0.00089	0.00017	0.00813	0.00055	0.00139	0.00102	0.0005	0.00683	
7e-05	5e-05	1e-05	5e-05	0.0001	4e-05	3e-05	1e-05	3e-05	1e-05	0.00012	2e-05	0	0	0.00018	0	0	0	0	0	0.00011	0	7e-05	0	0.00013	2e-05	3e-05	0	2e-05	0	0.00012	4e-05	3e-05	1e-05	0	0.00014	
0.36369	0.26213	0.18828	0.17559	0.51109	0.15515	0.15918	0.16427	0.15412	0.07073	0.6352	0.12964	0.00082	7e-05	0.9886	0.0002	0	0	0	0	0.59392	0.01469	0.32744	0.05364	0.72801	0.0654	0.10005	0.09623	0.08731	0.02631	0.81158	0.06449	0.13281	0.11651	0.06788	0.67249	
0.22182	0.15857	0.1135	0.10626	0.3102	0.0933	0.09748	0.09917	0.10136	0.04723	0.36613	0.08543	0.00052	4e-05	0.59947	0.00012	0.00022	0.0059	0.00011	0.59392	0	0	0	0	0.44127	0.03897	0.06148	0.05843	0.07085	0.02114	0.45571	0.05245	0.09537	0.08419	0.0487	0.37189	
0.00555	0.004	0.00287	0.0024	0.00745	0.00237	0.00246	0.00254	0.00214	0.00105	0.01027	0.00136	2e-05	0	0.0148	0	0	0.00013	0	0.01469	0	0	0	0	0.01123	0.00088	0.00146	0.00125	0.00053	0.00025	0.01342	0.00062	0.00156	0.00132	0.00065	0.01129	
0.11991	0.08835	0.06309	0.05953	0.17087	0.05255	0.05225	0.05521	0.04467	0.01985	0.22845	0.03791	0.00022	1e-05	0.3306	5e-05	0.00016	0.00321	7e-05	0.32744	0	0	0	0	0.24371	0.02245	0.0325	0.03222	0.0142	0.00413	0.30218	0.01037	0.03191	0.02751	0.01664	0.25482	
0.01993	0.01402	0.01086	0.00934	0.02792	0.00856	0.00857	0.0091	0.00759	0.00329	0.03693	0.00634	6e-05	2e-05	0.05404	3e-05	1e-05	0.0005	0	0.05364	0	0	0	0	0.03964	0.00377	0.00565	0.00509	0.0027	0.00097	0.04883	0.00165	0.00542	0.00457	0.00242	0.04174	
0.27011	0.19549	0.14033	0.12992	0.38028	0.11437	0.11865	0.12255	0.11525	0.05225	0.47177	0.09658	0.00059	6e-05	0.73503	0.00017	0.00033	0.00738	0.00013	0.72801	0.44127	0.01123	0.24371	0.03964	0	0	0	0	0.06489	0.01926	0.60355	0.04815	0.09933	0.08605	0.0505	0.49997	
0.0241	0.0175	0.01248	0.01199	0.03428	0.01087	0.01061	0.01031	0.01031	0.00508	0.04193	0.00875	6e-05	0	0.06601	0	1e-05	0.00064	2e-05	0.0654	0.03897	0.00088	0.02245	0.00377	0	0	0	0	0.00542	0.00167	0.0547	0.00428	0.00822	0.00758	0.0042	0.04607	
0.03713	0.02618	0.01945	0.01833	0.0522	0.01593	0.01574	0.01722	0.01534	0.00743	0.06543	0.01289	8e-05	1e-05	0.10098	2e-05	3e-05	0.00098	3e-05	0.10005	0.06148	0.00146	0.0325	0.00565	0	0	0	0	0.00909	0.00297	0.08247	0.00656	0.0137	0.0123	0.00681	0.06828	
0.03587	0.02577	0.01806	0.01729	0.04968	0.01561	0.01576	0.01594	0.01486	0.00666	0.06265	0.01282	9e-05	0	0.09689	1e-05	2e-05	0.00074	0	0.09623	0.05843	0.00125	0.03222	0.00509	0	0	0	0	0.00888	0.00259	0.07942	0.0061	0.01301	0.01166	0.0069	0.06542	
0.03225	0.02307	0.01693	0.01603	0.04538	0.01377	0.01431	0.01482	0.01314	0.00634	0.05804	0.01076	9e-05	0	0.08818	1e-05	6e-05	0.00089	2e-05	0.08731	0.07085	0.00053	0.0142	0.0027	0.06489	0.00542	0.00909	0.00888	0	0	0	0	0.02052	0.01815	0.01029	0.03932	
0.00968	0.0072	0.00488	0.00473	0.01366	0.00429	0.00426	0.00428	0.00384	0.00181	0.01771	0.00313	1e-05	0	0.02648	0	1e-05	0.00017	0	0.02631	0.02114	0.00025	0.00413	0.00097	0.01926	0.00167	0.00297	0.00259	0	0	0	0	0.00613	0.00531	0.00321	0.01184	
0.30178	0.21723	0.15606	0.14507	0.42444	0.1282	0.1314	0.1361	0.12903	0.05883	0.52296	0.10932	0.00064	6e-05	0.81926	0.00018	0.00031	0.00813	0.00012	0.81158	0.45571	0.01342	0.30218	0.04883	0.60355	0.0547	0.08247	0.07942	0	0	0	0	0.09284	0.08052	0.04736	0.59942	
0.0235	0.01744	0.01245	0.0117	0.03296	0.01052	0.01079	0.01082	0.00975	0.00444	0.04307	0.00783	8e-05	1e-05	0.06499	1e-05	1e-05	0.00055	4e-05	0.06449	0.05245	0.00062	0.01037	0.00165	0.04815	0.00428	0.00656	0.0061	0	0	0	0	0.01477	0.01361	0.00755	0.02916	
0.04944	0.03478	0.02618	0.02386	0.06958	0.02124	0.02128	0.02216	0.01438	0.00675	0.10081	0.01232	0.00013	2e-05	0.13409	2e-05	3e-05	0.00139	3e-05	0.13281	0.09537	0.00156	0.03191	0.00542	0.09933	0.00822	0.0137	0.01301	0.02052	0.00613	0.09284	0.01477	0	0	0	0	
0.04311	0.03153	0.02273	0.02022	0.06061	0.01828	0.01915	0.01955	0.01265	0.00583	0.08812	0.01099	0.00016	0	0.11742	1e-05	5e-05	0.00102	1e-05	0.11651	0.08419	0.00132	0.02751	0.00457	0.08605	0.00758	0.0123	0.01166	0.01815	0.00531	0.08052	0.01361	0	0	0	0	
0.02435	0.01844	0.01303	0.01259	0.0348	0.01094	0.01154	0.01113	0.00738	0.00334	0.05114	0.00655	7e-05	0	0.06832	2e-05	3e-05	0.0005	0	0.06788	0.0487	0.00065	0.01664	0.00242	0.0505	0.0042	0.00681	0.0069	0.01029	0.00321	0.04736	0.00755	0	0	0	0	
0.25031	0.18019	0.12838	0.12086	0.35145	0.10632	0.10879	0.11318	0.12135	0.0555	0.40171	0.10118	0.00046	5e-05	0.67908	0.00015	0.00028	0.00683	0.00014	0.67249	0.37189	0.01129	0.25482	0.04174	0.49997	0.04607	0.06828	0.06542	0.03932	0.01184	0.59942	0.02916	0	0	0	0	
