0	0	0	0	0.151323	0.0633923	0.0562077	0.0740308	0.0679923	0.0519154	0.153362	0.0716846	0.000153846	6.92308e-05	0.344685	4.61538e-05	8.46154e-05	0.0074	2.30769e-05	0.337446	0.188438	0.0131077	0.129662	0.0137462	0.217415	0.0545462	0.0315923	0.0414	0.0117308	0.00123077	0.3284	0.00359231	0.0136308	0.0521538	0.00983846	0.269331	
0	0	0	0	0.110769	0.0460538	0.0406	0.0537846	0.0493077	0.0371077	0.111662	0.0531308	0.000107692	6.15385e-05	0.250985	5.38462e-05	0.000107692	0.00545385	6.92308e-05	0.245577	0.138423	0.00947692	0.0930385	0.0102692	0.157123	0.0394923	0.0239846	0.0306077	0.00904615	0.0011	0.238285	0.00277692	0.00969231	0.0373385	0.00702308	0.197154	
0	0	0	0	0.0904385	0.0384385	0.0335462	0.0445538	0.0404615	0.0316692	0.0914692	0.0433769	6.15385e-05	2.30769e-05	0.206869	2.30769e-05	3.84615e-05	0.00464615	4.61538e-05	0.202246	0.112415	0.00772308	0.0786231	0.00821538	0.130808	0.0327308	0.0187231	0.0247154	0.00746923	0.000853846	0.196615	0.00203846	0.00796923	0.0309846	0.00635385	0.161669	
0	0	0	0	0.0340308	0.053	0.0474154	0.0624154	0.0386462	0.0317077	0.0818154	0.0446923	0.0001	7.69231e-05	0.196631	5.38462e-05	4.61538e-05	0.00439231	3.07692e-05	0.192392	0.108131	0.00751538	0.0732077	0.00800769	0.123838	0.0312462	0.0180154	0.0237615	0.00723846	0.000707692	0.186715	0.0022	0.00735385	0.0294923	0.00566923	0.154346	
0.151323	0.110769	0.0904385	0.0340308	0	0	0	0	0.0701615	0.0494385	0.198108	0.0688538	0.000146154	8.46154e-05	0.386277	5.38462e-05	0.000123077	0.00836923	5.38462e-05	0.378015	0.211485	0.0147462	0.145	0.0153308	0.2412	0.0611923	0.0359154	0.0482538	0.0132846	0.00151538	0.3677	0.00406154	0.0154077	0.0571385	0.0117	0.302315	
0.0633923	0.0460538	0.0384385	0.053	0	0	0	0	0.0465538	0.0329923	0.0754154	0.0459231	7.69231e-05	5.38462e-05	0.200738	1.53846e-05	5.38462e-05	0.00454615	3.07692e-05	0.196254	0.109785	0.00746923	0.0758077	0.00782308	0.126585	0.0317538	0.0187154	0.0238308	0.00730769	0.000838462	0.190715	0.00202308	0.00777692	0.0303615	0.00569231	0.157054	
0.0562077	0.0406	0.0335462	0.0474154	0	0	0	0	0.0417923	0.0281615	0.0680923	0.0397231	6.92308e-05	3.07692e-05	0.177623	4.61538e-05	2.30769e-05	0.00372308	2.30769e-05	0.174	0.0978769	0.00638462	0.0662769	0.00723077	0.112254	0.0284615	0.0163385	0.0207154	0.00617692	0.000615385	0.169123	0.00185385	0.00641538	0.0266077	0.00478462	0.139962	
0.0740308	0.0537846	0.0445538	0.0624154	0	0	0	0	0.0379	0.0418077	0.0966923	0.0583846	0.000130769	6.15385e-05	0.234531	6.15385e-05	7.69231e-05	0.00525385	6.15385e-05	0.229392	0.128262	0.00922308	0.0874462	0.00985385	0.149146	0.0366077	0.0213462	0.0276846	0.00871538	0.000923077	0.222477	0.00266923	0.00904615	0.0358615	0.00670769	0.183169	
0.0679923	0.0493077	0.0404615	0.0386462	0.0701615	0.0465538	0.0417923	0.0379	0	0	0	0	0.0001	5.38462e-05	0.196223	3.07692e-05	6.15385e-05	0.00417692	4.61538e-05	0.192123	0.107692	0.00729231	0.0738077	0.00761538	0.128815	0.0289308	0.0163385	0.0223231	0.00671538	0.000830769	0.186608	0.00225385	0.00786923	0.0295154	0.00566154	0.153362	
0.0519154	0.0371077	0.0316692	0.0317077	0.0494385	0.0329923	0.0281615	0.0418077	0	0	0	0	5.38462e-05	6.15385e-05	0.152262	2.30769e-05	6.15385e-05	0.00334615	3.07692e-05	0.148962	0.0827615	0.00610769	0.0572385	0.00629231	0.100608	0.0221308	0.0131077	0.0165538	0.00523846	0.000646154	0.144869	0.00164615	0.00599231	0.0227846	0.00444615	0.119177	
0.153362	0.111662	0.0914692	0.0818154	0.198108	0.0754154	0.0680923	0.0966923	0	0	0	0	0.000169231	7.69231e-05	0.437977	8.46154e-05	0.000123077	0.00983077	5.38462e-05	0.4283	0.241415	0.0163692	0.162362	0.0181615	0.260385	0.0759231	0.0443385	0.0576615	0.0160231	0.0017	0.416015	0.00456923	0.0167308	0.0654846	0.0128154	0.343277	
0.0716846	0.0531308	0.0433769	0.0446923	0.0688538	0.0459231	0.0397231	0.0583846	0	0	0	0	0.0001	3.84615e-05	0.212708	3.84615e-05	3.07692e-05	0.00453846	3.84615e-05	0.208277	0.115538	0.00805385	0.0811231	0.00816923	0.139377	0.0310308	0.0185308	0.0239462	0.00750769	0.000715385	0.202523	0.00213846	0.00805385	0.0321846	0.00596154	0.166685	
0.000153846	0.000107692	6.15385e-05	0.0001	0.000146154	7.69231e-05	6.92308e-05	0.000130769	0.0001	5.38462e-05	0.000169231	0.0001	0	0	0	0	0	1.53846e-05	0	0.000407692	0.000223077	1.53846e-05	0.000176923	7.69231e-06	0.000269231	6.92308e-05	4.61538e-05	3.84615e-05	4.61538e-05	0	0.000376923	0	0	7.69231e-05	1.53846e-05	0.000330769	
6.92308e-05	6.15385e-05	2.30769e-05	7.69231e-05	8.46154e-05	5.38462e-05	3.07692e-05	6.15385e-05	5.38462e-05	6.15385e-05	7.69231e-05	3.84615e-05	0	0	0	0	7.69231e-06	0	0	0.000223077	0.000130769	7.69231e-06	7.69231e-05	1.53846e-05	0.000130769	3.07692e-05	3.84615e-05	3.07692e-05	7.69231e-06	0	0.000207692	1.53846e-05	2.30769e-05	2.30769e-05	7.69231e-06	0.000176923	
0.344685	0.250985	0.206869	0.196631	0.386277	0.200738	0.177623	0.234531	0.196223	0.152262	0.437977	0.212708	0	0	0	0	0.000269231	0.0218769	0.000169231	0.976854	0.546969	0.0378	0.374192	0.0402077	0.628685	0.157885	0.0922154	0.120385	0.0354231	0.00389231	0.949269	0.0105846	0.0386231	0.149846	0.0288615	0.781838	
4.61538e-05	5.38462e-05	2.30769e-05	5.38462e-05	5.38462e-05	1.53846e-05	4.61538e-05	6.15385e-05	3.07692e-05	2.30769e-05	8.46154e-05	3.84615e-05	0	0	0	0	0	0	0	0.000176923	8.46154e-05	0	8.46154e-05	7.69231e-06	0.0001	3.07692e-05	1.53846e-05	3.07692e-05	7.69231e-06	0	0.000161538	7.69231e-06	0	2.30769e-05	0	0.000153846	
8.46154e-05	0.000107692	3.84615e-05	4.61538e-05	0.000123077	5.38462e-05	2.30769e-05	7.69231e-05	6.15385e-05	6.15385e-05	0.000123077	3.07692e-05	0	7.69231e-06	0.000269231	0	0	0	0	0	0.000146154	7.69231e-06	0.000123077	0	0.000169231	6.15385e-05	7.69231e-06	3.84615e-05	1.53846e-05	0	0.000261538	0	7.69231e-06	4.61538e-05	7.69231e-06	0.000215385	
0.0074	0.00545385	0.00464615	0.00439231	0.00836923	0.00454615	0.00372308	0.00525385	0.00417692	0.00334615	0.00983077	0.00453846	1.53846e-05	0	0.0218769	0	0	0	0	0	0.0120615	0.000907692	0.00801538	0.000907692	0.0138	0.00335385	0.00187692	0.00286154	0.000738462	5.38462e-05	0.0208769	0.000223077	0.000884615	0.00336923	0.000507692	0.0171308	
2.30769e-05	6.92308e-05	4.61538e-05	3.07692e-05	5.38462e-05	3.07692e-05	2.30769e-05	6.15385e-05	4.61538e-05	3.07692e-05	5.38462e-05	3.84615e-05	0	0	0.000169231	0	0	0	0	0	8.46154e-05	0	7.69231e-05	7.69231e-06	0.0001	2.30769e-05	7.69231e-06	3.84615e-05	7.69231e-06	0	0.000161538	0	7.69231e-06	0	0	0.000161538	
0.337446	0.245577	0.202246	0.192392	0.378015	0.196254	0.174	0.229392	0.192123	0.148962	0.4283	0.208277	0.000407692	0.000223077	0.976854	0.000176923	0	0	0	0	0.535115	0.0369077	0.366315	0.0393231	0.615115	0.154577	0.0904231	0.117546	0.0347231	0.00383846	0.928715	0.0103846	0.0377462	0.146554	0.0283692	0.764992	
0.188438	0.138423	0.112415	0.108131	0.211485	0.109785	0.0978769	0.128262	0.107692	0.0827615	0.241415	0.115538	0.000223077	0.000130769	0.546969	8.46154e-05	0.000146154	0.0120615	8.46154e-05	0.535115	0	0	0	0	0.306085	0.103069	0.0607077	0.0775462	0.0194462	0.00206154	0.520008	0.00589231	0.0213692	0.0816769	0.0159462	0.428415	
0.0131077	0.00947692	0.00772308	0.00751538	0.0147462	0.00746923	0.00638462	0.00922308	0.00729231	0.00610769	0.0163692	0.00805385	1.53846e-05	7.69231e-06	0.0378	0	7.69231e-06	0.000907692	0	0.0369077	0	0	0	0	0.0208462	0.00706154	0.00400769	0.00590769	0.00120769	0.000130769	0.0360615	0.000423077	0.00148462	0.00585385	0.00111538	0.0293692	
0.129662	0.0930385	0.0786231	0.0732077	0.145	0.0758077	0.0662769	0.0874462	0.0738077	0.0572385	0.162362	0.0811231	0.000176923	7.69231e-05	0.374192	8.46154e-05	0.000123077	0.00801538	7.69231e-05	0.366315	0	0	0	0	0.279515	0.0407231	0.0231923	0.0311	0.0134462	0.00153077	0.355662	0.00389231	0.0142462	0.0562769	0.0105231	0.293485	
0.0137462	0.0102692	0.00821538	0.00800769	0.0153308	0.00782308	0.00723077	0.00985385	0.00761538	0.00629231	0.0181615	0.00816923	7.69231e-06	1.53846e-05	0.0402077	7.69231e-06	0	0.000907692	7.69231e-06	0.0393231	0	0	0	0	0.0227385	0.00716154	0.00440769	0.00593077	0.00138462	0.000169231	0.0382846	0.0004	0.00154615	0.00616154	0.0013	0.0312308	
0.217415	0.157123	0.130808	0.123838	0.2412	0.126585	0.112254	0.149146	0.128815	0.100608	0.260385	0.139377	0.000269231	0.000130769	0.628685	0.0001	0.000169231	0.0138	0.0001	0.615115	0.306085	0.0208462	0.279515	0.0227385	0	0	0	0	0.0224308	0.00256154	0.597669	0.00652308	0.0244615	0.0938	0.0178615	0.493062	
0.0545462	0.0394923	0.0327308	0.0312462	0.0611923	0.0317538	0.0284615	0.0366077	0.0289308	0.0221308	0.0759231	0.0310308	6.92308e-05	3.07692e-05	0.157885	3.07692e-05	6.15385e-05	0.00335385	2.30769e-05	0.154577	0.103069	0.00706154	0.0407231	0.00716154	0	0	0	0	0.00542308	0.000569231	0.150331	0.00169231	0.00630769	0.0237154	0.0046	0.123392	
0.0315923	0.0239846	0.0187231	0.0180154	0.0359154	0.0187154	0.0163385	0.0213462	0.0163385	0.0131077	0.0443385	0.0185308	4.61538e-05	3.84615e-05	0.0922154	1.53846e-05	7.69231e-06	0.00187692	7.69231e-06	0.0904231	0.0607077	0.00400769	0.0231923	0.00440769	0	0	0	0	0.00339231	0.000276923	0.0877077	0.000938462	0.0036	0.0142231	0.0026	0.0718923	
0.0414	0.0306077	0.0247154	0.0237615	0.0482538	0.0238308	0.0207154	0.0276846	0.0223231	0.0165538	0.0576615	0.0239462	3.84615e-05	3.07692e-05	0.120385	3.07692e-05	3.84615e-05	0.00286154	3.84615e-05	0.117546	0.0775462	0.00590769	0.0311	0.00593077	0	0	0	0	0.00423846	0.000484615	0.114308	0.00145385	0.00427692	0.0182308	0.00382308	0.0941538	
0.0117308	0.00904615	0.00746923	0.00723846	0.0132846	0.00730769	0.00617692	0.00871538	0.00671538	0.00523846	0.0160231	0.00750769	4.61538e-05	7.69231e-06	0.0354231	7.69231e-06	1.53846e-05	0.000738462	7.69231e-06	0.0347231	0.0194462	0.00120769	0.0134462	0.00138462	0.0224308	0.00542308	0.00339231	0.00423846	0	0	0	0	0.00136923	0.00508462	0.00103846	0.0279923	
0.00123077	0.0011	0.000853846	0.000707692	0.00151538	0.000838462	0.000615385	0.000923077	0.000830769	0.000646154	0.0017	0.000715385	0	0	0.00389231	0	0	5.38462e-05	0	0.00383846	0.00206154	0.000130769	0.00153077	0.000169231	0.00256154	0.000569231	0.000276923	0.000484615	0	0	0	0	0.0001	0.000623077	0.000138462	0.00303077	
0.3284	0.238285	0.196615	0.186715	0.3677	0.190715	0.169123	0.222477	0.186608	0.144869	0.416015	0.202523	0.000376923	0.000207692	0.949269	0.000161538	0.000261538	0.0208769	0.000161538	0.928715	0.520008	0.0360615	0.355662	0.0382846	0.597669	0.150331	0.0877077	0.114308	0	0	0	0	0.0366846	0.142662	0.0275077	0.743162	
0.00359231	0.00277692	0.00203846	0.0022	0.00406154	0.00202308	0.00185385	0.00266923	0.00225385	0.00164615	0.00456923	0.00213846	0	1.53846e-05	0.0105846	7.69231e-06	0	0.000223077	0	0.0103846	0.00589231	0.000423077	0.00389231	0.0004	0.00652308	0.00169231	0.000938462	0.00145385	0	0	0	0	0.000492308	0.0016	0.0002	0.00831538	
0.0136308	0.00969231	0.00796923	0.00735385	0.0154077	0.00777692	0.00641538	0.00904615	0.00786923	0.00599231	0.0167308	0.00805385	0	2.30769e-05	0.0386231	0	7.69231e-06	0.000884615	7.69231e-06	0.0377462	0.0213692	0.00148462	0.0142462	0.00154615	0.0244615	0.00630769	0.0036	0.00427692	0.00136923	0.0001	0.0366846	0.000492308	0	0	0	0	
0.0521538	0.0373385	0.0309846	0.0294923	0.0571385	0.0303615	0.0266077	0.0358615	0.0295154	0.0227846	0.0654846	0.0321846	7.69231e-05	2.30769e-05	0.149846	2.30769e-05	4.61538e-05	0.00336923	0	0.146554	0.0816769	0.00585385	0.0562769	0.00616154	0.0938	0.0237154	0.0142231	0.0182308	0.00508462	0.000623077	0.142662	0.0016	0	0	0	0	
0.00983846	0.00702308	0.00635385	0.00566923	0.0117	0.00569231	0.00478462	0.00670769	0.00566154	0.00444615	0.0128154	0.00596154	1.53846e-05	7.69231e-06	0.0288615	0	7.69231e-06	0.000507692	0	0.0283692	0.0159462	0.00111538	0.0105231	0.0013	0.0178615	0.0046	0.0026	0.00382308	0.00103846	0.000138462	0.0275077	0.0002	0	0	0	0	
0.269331	0.197154	0.161669	0.154346	0.302315	0.157054	0.139962	0.183169	0.153362	0.119177	0.343277	0.166685	0.000330769	0.000176923	0.781838	0.000153846	0.000215385	0.0171308	0.000161538	0.764992	0.428415	0.0293692	0.293485	0.0312308	0.493062	0.123392	0.0718923	0.0941538	0.0279923	0.00303077	0.743162	0.00831538	0	0	0	0	
