0	0	0	0	0.151346	0.0627	0.0561923	0.0746077	0.0629923	0.0492077	0.1651	0.0675462	0.000130769	9.23077e-05	0.344538	8.46154e-05	0.000123077	0.00769231	5.38462e-05	0.336977	0.185646	0.0140077	0.130631	0.0145615	0.215769	0.0549154	0.0320077	0.0421538	0.0121923	0.00151538	0.327385	0.00375385	0.0137538	0.0515077	0.0107846	0.2688	
0	0	0	0	0.107777	0.0469846	0.0426923	0.0551769	0.0513462	0.039	0.107562	0.0547231	0.000176923	5.38462e-05	0.252362	3.84615e-05	6.92308e-05	0.00573846	2.30769e-05	0.2468	0.135969	0.0103	0.0959462	0.0104154	0.159631	0.0395692	0.0231846	0.0302462	0.00908462	0.000992308	0.239477	0.00307692	0.00962308	0.0384	0.00748462	0.197123	
0	0	0	0	0.0903769	0.0376692	0.0338923	0.0455231	0.0409	0.0328	0.0886462	0.0451154	9.23077e-05	3.84615e-05	0.207292	3.84615e-05	7.69231e-05	0.00457692	5.38462e-05	0.202754	0.111723	0.00796154	0.0794231	0.00835385	0.130308	0.0327462	0.0193538	0.0250538	0.00720769	0.00107692	0.197038	0.00213846	0.00832308	0.0312846	0.00635385	0.1615	
0	0	0	0	0.0329846	0.0530538	0.0465923	0.0624308	0.0403154	0.0328769	0.0754385	0.0464308	4.61538e-05	2.30769e-05	0.194977	1.53846e-05	4.61538e-05	0.00405385	2.30769e-05	0.190938	0.108631	0.00703077	0.0716615	0.00773846	0.122723	0.0307231	0.0185308	0.0230846	0.00686154	0.000923077	0.185008	0.00226923	0.00768462	0.0289077	0.00616154	0.152308	
0.151346	0.107777	0.0903769	0.0329846	0	0	0	0	0.0717077	0.0466692	0.198808	0.0653	0.000192308	8.46154e-05	0.3821	0.000107692	0.000115385	0.0084	6.15385e-05	0.373908	0.193908	0.0161923	0.155362	0.0170231	0.240177	0.0608154	0.0354769	0.0460154	0.0131923	0.00168462	0.363192	0.00441538	0.0152308	0.0586154	0.0118769	0.296762	
0.0627	0.0469846	0.0376692	0.0530538	0	0	0	0	0.0491462	0.0331231	0.0729923	0.0451462	9.23077e-05	3.84615e-05	0.200269	7.69231e-06	5.38462e-05	0.00457692	4.61538e-05	0.195731	0.112292	0.00742308	0.0729231	0.00776923	0.126769	0.0316692	0.0184538	0.0235154	0.00720769	0.000869231	0.190208	0.00212308	0.00754615	0.0294615	0.00615385	0.157246	
0.0561923	0.0426923	0.0338923	0.0465923	0	0	0	0	0.0448923	0.0288615	0.0644385	0.0411769	9.23077e-05	3.07692e-05	0.179215	3.07692e-05	6.15385e-05	0.00388462	1.53846e-05	0.175408	0.100892	0.00683846	0.0645231	0.00711538	0.1127	0.0281462	0.0165615	0.0219615	0.00634615	0.000707692	0.170454	0.00186154	0.00698462	0.0263462	0.00555385	0.140485	
0.0746077	0.0551769	0.0455231	0.0624308	0	0	0	0	0.0298077	0.0452308	0.100508	0.0621923	6.92308e-05	5.38462e-05	0.237585	3.07692e-05	8.46154e-05	0.0052	3.07692e-05	0.232423	0.134877	0.00884615	0.0848538	0.00916154	0.148785	0.0373231	0.0225846	0.0290462	0.0086	0.00124615	0.225054	0.00283846	0.00962308	0.0356769	0.0072	0.185238	
0.0629923	0.0513462	0.0409	0.0403154	0.0717077	0.0491462	0.0448923	0.0298077	0	0	0	0	6.92308e-05	4.61538e-05	0.195415	2.30769e-05	7.69231e-05	0.00448462	3.07692e-05	0.190962	0.105477	0.00737692	0.0746923	0.00800769	0.129569	0.0283462	0.0166462	0.0209923	0.00687692	0.000876923	0.185608	0.00219231	0.00713846	0.0275385	0.00554615	0.155331	
0.0492077	0.039	0.0328	0.0328769	0.0466692	0.0331231	0.0288615	0.0452308	0	0	0	0	3.84615e-05	5.38462e-05	0.153746	4.61538e-05	6.92308e-05	0.00312308	3.84615e-05	0.150654	0.0835077	0.00567692	0.0585615	0.00613846	0.102138	0.0221308	0.0132385	0.0163769	0.00559231	0.000669231	0.1459	0.00172308	0.00567692	0.0215385	0.00429231	0.122377	
0.1651	0.107562	0.0886462	0.0754385	0.198808	0.0729923	0.0644385	0.100508	0	0	0	0	0.000223077	8.46154e-05	0.436362	7.69231e-05	0.000115385	0.00974615	5.38462e-05	0.426831	0.237092	0.0181308	0.163292	0.0182308	0.256015	0.0766615	0.0450538	0.0590154	0.0153	0.0019	0.4147	0.00484615	0.0187923	0.0718615	0.0144692	0.331623	
0.0675462	0.0547231	0.0451154	0.0464308	0.0653	0.0451462	0.0411769	0.0621923	0	0	0	0	0.000115385	2.30769e-05	0.213646	3.07692e-05	5.38462e-05	0.00470769	3.07692e-05	0.209023	0.115892	0.00811538	0.0811154	0.00869231	0.140708	0.0308154	0.0181385	0.0241538	0.00757692	0.00106154	0.2027	0.00247692	0.00777692	0.0291615	0.00647692	0.1704	
0.000130769	0.000176923	9.23077e-05	4.61538e-05	0.000192308	9.23077e-05	9.23077e-05	6.92308e-05	6.92308e-05	3.84615e-05	0.000223077	0.000115385	0	0	0	0	0	1.53846e-05	0	0.000430769	0.000223077	1.53846e-05	0.000192308	1.53846e-05	0.000276923	0.000123077	2.30769e-05	2.30769e-05	7.69231e-06	0	0.000430769	7.69231e-06	0	7.69231e-05	0	0.000369231	
9.23077e-05	5.38462e-05	3.84615e-05	2.30769e-05	8.46154e-05	3.84615e-05	3.07692e-05	5.38462e-05	4.61538e-05	5.38462e-05	8.46154e-05	2.30769e-05	0	0	0	0	0	7.69231e-06	0	0.0002	6.92308e-05	7.69231e-06	0.000107692	2.30769e-05	0.000130769	1.53846e-05	3.84615e-05	2.30769e-05	7.69231e-06	0	0.000192308	7.69231e-06	1.53846e-05	7.69231e-06	1.53846e-05	0.000169231	
0.344538	0.252362	0.207292	0.194977	0.3821	0.200269	0.179215	0.237585	0.195415	0.153746	0.436362	0.213646	0	0	0	0	0.000315385	0.0220308	0.000153846	0.976669	0.541569	0.0392692	0.377308	0.0410231	0.627915	0.157792	0.0929923	0.120469	0.0353308	0.00450769	0.948108	0.0112231	0.0393692	0.149992	0.0307615	0.779046	
8.46154e-05	3.84615e-05	3.84615e-05	1.53846e-05	0.000107692	7.69231e-06	3.07692e-05	3.07692e-05	2.30769e-05	4.61538e-05	7.69231e-05	3.07692e-05	0	0	0	0	0	7.69231e-06	0	0.000169231	0.000107692	7.69231e-06	5.38462e-05	7.69231e-06	0.000107692	2.30769e-05	2.30769e-05	2.30769e-05	0	0	0.000176923	0	0	2.30769e-05	7.69231e-06	0.000146154	
0.000123077	6.92308e-05	7.69231e-05	4.61538e-05	0.000115385	5.38462e-05	6.15385e-05	8.46154e-05	7.69231e-05	6.92308e-05	0.000115385	5.38462e-05	0	0	0.000315385	0	0	0	0	0	0.000169231	1.53846e-05	0.000123077	7.69231e-06	0.000207692	5.38462e-05	1.53846e-05	3.84615e-05	7.69231e-06	0	0.000307692	0	1.53846e-05	2.30769e-05	1.53846e-05	0.000261538	
0.00769231	0.00573846	0.00457692	0.00405385	0.0084	0.00457692	0.00388462	0.0052	0.00448462	0.00312308	0.00974615	0.00470769	1.53846e-05	7.69231e-06	0.0220308	7.69231e-06	0	0	0	0	0.0122769	0.000815385	0.00804615	0.000923077	0.0137692	0.00364615	0.00203077	0.00261538	0.000815385	7.69231e-05	0.0209154	0.000253846	0.000961538	0.00319231	0.000638462	0.0172692	
5.38462e-05	2.30769e-05	5.38462e-05	2.30769e-05	6.15385e-05	4.61538e-05	1.53846e-05	3.07692e-05	3.07692e-05	3.84615e-05	5.38462e-05	3.07692e-05	0	0	0.000153846	0	0	0	0	0	6.15385e-05	0	8.46154e-05	7.69231e-06	0.000107692	1.53846e-05	7.69231e-06	2.30769e-05	7.69231e-06	0	0.000146154	0	0	3.07692e-05	0	0.000123077	
0.336977	0.2468	0.202754	0.190938	0.373908	0.195731	0.175408	0.232423	0.190962	0.150654	0.426831	0.209023	0.000430769	0.0002	0.976669	0.000169231	0	0	0	0	0.529462	0.0384692	0.369408	0.0401308	0.614346	0.154238	0.0910231	0.117862	0.0345154	0.00443077	0.927538	0.0109846	0.0384077	0.146854	0.0301308	0.762077	
0.185646	0.135969	0.111723	0.108631	0.193908	0.112292	0.100892	0.134877	0.105477	0.0835077	0.237092	0.115892	0.000223077	6.92308e-05	0.541569	0.000107692	0.000169231	0.0122769	6.15385e-05	0.529462	0	0	0	0	0.302831	0.101215	0.0603385	0.0775846	0.0190231	0.00249231	0.514392	0.00606154	0.0206231	0.0797538	0.0160231	0.425569	
0.0140077	0.0103	0.00796154	0.00703077	0.0161923	0.00742308	0.00683846	0.00884615	0.00737692	0.00567692	0.0181308	0.00811538	1.53846e-05	7.69231e-06	0.0392692	7.69231e-06	1.53846e-05	0.000815385	0	0.0384692	0	0	0	0	0.0217385	0.00777692	0.00427692	0.00550769	0.00144615	0.000176923	0.0371846	0.000492308	0.00152308	0.00568462	0.00117692	0.0309154	
0.130631	0.0959462	0.0794231	0.0716615	0.155362	0.0729231	0.0645231	0.0848538	0.0746923	0.0585615	0.163292	0.0811154	0.000192308	0.000107692	0.377308	5.38462e-05	0.000123077	0.00804615	8.46154e-05	0.369408	0	0	0	0	0.281131	0.0413692	0.0235923	0.0315692	0.0134462	0.00163077	0.358238	0.00434615	0.0154769	0.0584308	0.0123692	0.291385	
0.0145615	0.0104154	0.00835385	0.00773846	0.0170231	0.00776923	0.00711538	0.00916154	0.00800769	0.00613846	0.0182308	0.00869231	1.53846e-05	2.30769e-05	0.0410231	7.69231e-06	7.69231e-06	0.000923077	7.69231e-06	0.0401308	0	0	0	0	0.0227308	0.00759231	0.00486923	0.00587692	0.00143077	0.000207692	0.0390923	0.000338462	0.00176154	0.00623077	0.00121538	0.0318615	
0.215769	0.159631	0.130308	0.122723	0.240177	0.126769	0.1127	0.148785	0.129569	0.102138	0.256015	0.140708	0.000276923	0.000130769	0.627915	0.000107692	0.000207692	0.0137692	0.000107692	0.614346	0.302831	0.0217385	0.281131	0.0227308	0	0	0	0	0.0223923	0.00293846	0.5961	0.007	0.0267846	0.102108	0.0208154	0.478723	
0.0549154	0.0395692	0.0327462	0.0307231	0.0608154	0.0316692	0.0281462	0.0373231	0.0283462	0.0221308	0.0766615	0.0308154	0.000123077	1.53846e-05	0.157792	2.30769e-05	5.38462e-05	0.00364615	1.53846e-05	0.154238	0.101215	0.00777692	0.0413692	0.00759231	0	0	0	0	0.00566154	0.000676923	0.1498	0.00181538	0.00520769	0.0204154	0.00414615	0.128185	
0.0320077	0.0231846	0.0193538	0.0185308	0.0354769	0.0184538	0.0165615	0.0225846	0.0166462	0.0132385	0.0450538	0.0181385	2.30769e-05	3.84615e-05	0.0929923	2.30769e-05	1.53846e-05	0.00203077	7.69231e-06	0.0910231	0.0603385	0.00427692	0.0235923	0.00486923	0	0	0	0	0.00299231	0.000423077	0.0885923	0.00106923	0.00321538	0.0124462	0.00256923	0.0748462	
0.0421538	0.0302462	0.0250538	0.0230846	0.0460154	0.0235154	0.0219615	0.0290462	0.0209923	0.0163769	0.0590154	0.0241538	2.30769e-05	2.30769e-05	0.120469	2.30769e-05	3.84615e-05	0.00261538	2.30769e-05	0.117862	0.0775846	0.00550769	0.0315692	0.00587692	0	0	0	0	0.0043	0.000469231	0.114415	0.00135385	0.00417692	0.0151308	0.00325385	0.0979769	
0.0121923	0.00908462	0.00720769	0.00686154	0.0131923	0.00720769	0.00634615	0.0086	0.00687692	0.00559231	0.0153	0.00757692	7.69231e-06	7.69231e-06	0.0353308	0	7.69231e-06	0.000815385	7.69231e-06	0.0345154	0.0190231	0.00144615	0.0134462	0.00143077	0.0223923	0.00566154	0.00299231	0.0043	0	0	0	0	0.00149231	0.00537692	0.00105385	0.0274231	
0.00151538	0.000992308	0.00107692	0.000923077	0.00168462	0.000869231	0.000707692	0.00124615	0.000876923	0.000669231	0.0019	0.00106154	0	0	0.00450769	0	0	7.69231e-05	0	0.00443077	0.00249231	0.000176923	0.00163077	0.000207692	0.00293846	0.000676923	0.000423077	0.000469231	0	0	0	0	0.0002	0.000676923	0.000115385	0.00351538	
0.327385	0.239477	0.197038	0.185008	0.363192	0.190208	0.170454	0.225054	0.185608	0.1459	0.4147	0.2027	0.000430769	0.000192308	0.948108	0.000176923	0.000307692	0.0209154	0.000146154	0.927538	0.514392	0.0371846	0.358238	0.0390923	0.5961	0.1498	0.0885923	0.114415	0	0	0	0	0.0371923	0.142408	0.0292615	0.740046	
0.00375385	0.00307692	0.00213846	0.00226923	0.00441538	0.00212308	0.00186154	0.00283846	0.00219231	0.00172308	0.00484615	0.00247692	7.69231e-06	7.69231e-06	0.0112231	0	0	0.000253846	0	0.0109846	0.00606154	0.000492308	0.00434615	0.000338462	0.007	0.00181538	0.00106923	0.00135385	0	0	0	0	0.0005	0.00163846	0.000353846	0.00874615	
0.0137538	0.00962308	0.00832308	0.00768462	0.0152308	0.00754615	0.00698462	0.00962308	0.00713846	0.00567692	0.0187923	0.00777692	0	1.53846e-05	0.0393692	0	1.53846e-05	0.000961538	0	0.0384077	0.0206231	0.00152308	0.0154769	0.00176154	0.0267846	0.00520769	0.00321538	0.00417692	0.00149231	0.0002	0.0371923	0.0005	0	0	0	0	
0.0515077	0.0384	0.0312846	0.0289077	0.0586154	0.0294615	0.0263462	0.0356769	0.0275385	0.0215385	0.0718615	0.0291615	7.69231e-05	7.69231e-06	0.149992	2.30769e-05	2.30769e-05	0.00319231	3.07692e-05	0.146854	0.0797538	0.00568462	0.0584308	0.00623077	0.102108	0.0204154	0.0124462	0.0151308	0.00537692	0.000676923	0.142408	0.00163846	0	0	0	0	
0.0107846	0.00748462	0.00635385	0.00616154	0.0118769	0.00615385	0.00555385	0.0072	0.00554615	0.00429231	0.0144692	0.00647692	0	1.53846e-05	0.0307615	7.69231e-06	1.53846e-05	0.000638462	0	0.0301308	0.0160231	0.00117692	0.0123692	0.00121538	0.0208154	0.00414615	0.00256923	0.00325385	0.00105385	0.000115385	0.0292615	0.000353846	0	0	0	0	
0.2688	0.197123	0.1615	0.152308	0.296762	0.157246	0.140485	0.185238	0.155331	0.122377	0.331623	0.1704	0.000369231	0.000169231	0.779046	0.000146154	0.000261538	0.0172692	0.000123077	0.762077	0.425569	0.0309154	0.291385	0.0318615	0.478723	0.128185	0.0748462	0.0979769	0.0274231	0.00351538	0.740046	0.00874615	0	0	0	0	
