0	0	0	0	0.150415	0.0628846	0.0550846	0.0750385	0.0629846	0.0477615	0.166308	0.0663692	0.000123077	0.0001	0.343162	3.84615e-05	0.0001	0.00748462	5.38462e-05	0.335785	0.185238	0.0135538	0.130492	0.0141385	0.215677	0.0539154	0.0318923	0.0419385	0.0125615	0.00146923	0.325731	0.00366154	0.0137462	0.0524308	0.0105923	0.266654	
0	0	0	0	0.1095	0.0463923	0.0409308	0.0542385	0.0509923	0.0392846	0.106115	0.0546692	0.0001	3.84615e-05	0.250885	3.84615e-05	0.000115385	0.0054	1.53846e-05	0.245531	0.135623	0.00970769	0.0953154	0.0104154	0.158608	0.0398538	0.0227	0.0299	0.00893077	0.00113077	0.238323	0.00267692	0.00976923	0.0372769	0.00734615	0.196669	
0	0	0	0	0.0925154	0.0388154	0.0339231	0.0459231	0.0430923	0.0338231	0.0895308	0.0447308	7.69231e-05	6.15385e-05	0.211015	2.30769e-05	6.92308e-05	0.0045	3.07692e-05	0.206577	0.113892	0.00836154	0.0802692	0.00865385	0.133846	0.0326077	0.0187923	0.0259308	0.00719231	0.000869231	0.200946	0.00216923	0.00870769	0.0311154	0.00674615	0.164608	
0	0	0	0	0.0327538	0.0520231	0.0465462	0.0630154	0.0416154	0.0322615	0.0745077	0.0459538	5.38462e-05	3.07692e-05	0.194223	3.07692e-05	2.30769e-05	0.00457692	3.84615e-05	0.1897	0.108277	0.00701538	0.0715308	0.00751538	0.124092	0.0298	0.0173385	0.0231077	0.0069	0.000823077	0.184308	0.00230769	0.00723077	0.0285077	0.00581538	0.152785	
0.150415	0.1095	0.0925154	0.0327538	0	0	0	0	0.0729615	0.0471385	0.200215	0.0648692	0.000123077	9.23077e-05	0.384892	7.69231e-05	0.000115385	0.00833846	5.38462e-05	0.376677	0.193262	0.0165077	0.158515	0.0169	0.243577	0.0602077	0.0350308	0.0463692	0.0134154	0.00168462	0.3661	0.00398462	0.0157769	0.0582923	0.0121615	0.298954	
0.0628846	0.0463923	0.0388154	0.0520231	0	0	0	0	0.0506923	0.0331692	0.0717462	0.0445077	6.92308e-05	3.84615e-05	0.200008	0	6.92308e-05	0.00431538	2.30769e-05	0.195708	0.113662	0.00711538	0.0716462	0.00769231	0.127185	0.0308538	0.0182308	0.0238462	0.00734615	0.000838462	0.189754	0.00217692	0.0076	0.0298769	0.00596154	0.156677	
0.0550846	0.0409308	0.0339231	0.0465462	0	0	0	0	0.0444923	0.0282308	0.0639077	0.0398538	5.38462e-05	3.84615e-05	0.176385	7.69231e-06	4.61538e-05	0.0038	2.30769e-05	0.172615	0.100715	0.00636154	0.0624154	0.00699231	0.111792	0.0279538	0.0156	0.0211385	0.00621538	0.000869231	0.167415	0.00198462	0.00676154	0.0260154	0.00525385	0.138454	
0.0750385	0.0542385	0.0459231	0.0630154	0	0	0	0	0.0305385	0.0445923	0.100592	0.0624923	0.000107692	6.15385e-05	0.238	4.61538e-05	7.69231e-05	0.00550769	3.84615e-05	0.232592	0.135392	0.00865385	0.0850308	0.00913846	0.149669	0.0371615	0.0218615	0.0295231	0.00860769	0.0009	0.226038	0.00266923	0.00931538	0.0351462	0.00712308	0.186631	
0.0629846	0.0509923	0.0430923	0.0416154	0.0729615	0.0506923	0.0444923	0.0305385	0	0	0	0	8.46154e-05	3.84615e-05	0.198531	3.07692e-05	3.84615e-05	0.00426154	3.84615e-05	0.194346	0.106792	0.00759231	0.0762077	0.00809231	0.132608	0.0282615	0.0165154	0.0213	0.00696923	0.000838462	0.188792	0.00208462	0.00710769	0.0271769	0.00573077	0.158669	
0.0477615	0.0392846	0.0338231	0.0322615	0.0471385	0.0331692	0.0282308	0.0445923	0	0	0	0	2.30769e-05	3.84615e-05	0.153062	7.69231e-06	3.07692e-05	0.00336154	2.30769e-05	0.149715	0.0836231	0.00594615	0.0570462	0.00651538	0.101277	0.0220692	0.0120846	0.0177	0.00583077	0.000684615	0.145146	0.00146923	0.00561538	0.0207538	0.00377692	0.122985	
0.166308	0.106115	0.0895308	0.0745077	0.200215	0.0717462	0.0639077	0.100592	0	0	0	0	0.0002	0.000123077	0.436077	6.15385e-05	0.000146154	0.00973846	5.38462e-05	0.426523	0.237762	0.0169769	0.163685	0.0180385	0.257408	0.0761077	0.0440231	0.0589231	0.0152077	0.00182308	0.414569	0.00486154	0.0191154	0.0725	0.0151769	0.329669	
0.0663692	0.0546692	0.0447308	0.0459538	0.0648692	0.0445077	0.0398538	0.0624923	0	0	0	0	4.61538e-05	3.07692e-05	0.211615	3.07692e-05	9.23077e-05	0.0046	2.30769e-05	0.207008	0.114854	0.00812308	0.0806692	0.00807692	0.140931	0.0297385	0.0181	0.0229538	0.00757692	0.000946154	0.2008	0.0024	0.00761538	0.0289	0.00581538	0.169392	
0.000123077	0.0001	7.69231e-05	5.38462e-05	0.000123077	6.92308e-05	5.38462e-05	0.000107692	8.46154e-05	2.30769e-05	0.0002	4.61538e-05	0	0	0	0	0	7.69231e-06	0	0.000346154	0.0002	0	0.000138462	1.53846e-05	0.000192308	6.15385e-05	2.30769e-05	7.69231e-05	0	0	0.000353846	0	2.30769e-05	3.84615e-05	2.30769e-05	0.000269231	
0.0001	3.84615e-05	6.15385e-05	3.07692e-05	9.23077e-05	3.84615e-05	3.84615e-05	6.15385e-05	3.84615e-05	3.84615e-05	0.000123077	3.07692e-05	0	0	0	0	0	7.69231e-06	0	0.000223077	0.000115385	2.30769e-05	6.92308e-05	2.30769e-05	0.0001	2.30769e-05	5.38462e-05	5.38462e-05	7.69231e-06	0	0.000223077	0	0	2.30769e-05	0	0.000207692	
0.343162	0.250885	0.211015	0.194223	0.384892	0.200008	0.176385	0.238	0.198531	0.153062	0.436077	0.211615	0	0	0	0	0.000307692	0.0219462	0.000138462	0.976892	0.542623	0.0386154	0.377369	0.0406769	0.631885	0.156085	0.0906077	0.120708	0.0355769	0.00429231	0.9486	0.0108154	0.0394231	0.149262	0.0304769	0.780123	
3.84615e-05	3.84615e-05	2.30769e-05	3.07692e-05	7.69231e-05	0	7.69231e-06	4.61538e-05	3.07692e-05	7.69231e-06	6.15385e-05	3.07692e-05	0	0	0	0	0	0	0	0.000130769	9.23077e-05	0	3.07692e-05	7.69231e-06	4.61538e-05	7.69231e-06	3.84615e-05	3.84615e-05	0	0	0.000130769	0	7.69231e-06	7.69231e-06	0	0.000115385	
0.0001	0.000115385	6.92308e-05	2.30769e-05	0.000115385	6.92308e-05	4.61538e-05	7.69231e-05	3.84615e-05	3.07692e-05	0.000146154	9.23077e-05	0	0	0.000307692	0	0	0	0	0	0.000207692	0	9.23077e-05	7.69231e-06	0.000123077	6.92308e-05	5.38462e-05	6.15385e-05	1.53846e-05	0	0.000276923	1.53846e-05	7.69231e-06	2.30769e-05	0	0.000276923	
0.00748462	0.0054	0.0045	0.00457692	0.00833846	0.00431538	0.0038	0.00550769	0.00426154	0.00336154	0.00973846	0.0046	7.69231e-06	7.69231e-06	0.0219462	0	0	0	0	0	0.0116923	0.000846154	0.00863077	0.000792308	0.0137231	0.00358462	0.00207692	0.00257692	0.000830769	0.000123077	0.0207231	0.000284615	0.000853846	0.00326154	0.000715385	0.0171308	
5.38462e-05	1.53846e-05	3.07692e-05	3.84615e-05	5.38462e-05	2.30769e-05	2.30769e-05	3.84615e-05	3.84615e-05	2.30769e-05	5.38462e-05	2.30769e-05	0	0	0.000138462	0	0	0	0	0	7.69231e-05	0	5.38462e-05	7.69231e-06	8.46154e-05	3.07692e-05	7.69231e-06	1.53846e-05	0	0	0.000138462	0	1.53846e-05	2.30769e-05	0	0.0001	
0.335785	0.245531	0.206577	0.1897	0.376677	0.195708	0.172615	0.232592	0.194346	0.149715	0.426523	0.207008	0.000346154	0.000223077	0.976892	0.000130769	0	0	0	0	0.531054	0.0377923	0.368831	0.0399154	0.618292	0.152492	0.0885846	0.118223	0.0347385	0.00416923	0.928169	0.0105154	0.0385769	0.146023	0.0297846	0.763208	
0.185238	0.135623	0.113892	0.108277	0.193262	0.113662	0.100715	0.135392	0.106792	0.0836231	0.237762	0.114854	0.0002	0.000115385	0.542623	9.23077e-05	0.000207692	0.0116923	7.69231e-05	0.531054	0	0	0	0	0.305515	0.1004	0.0587769	0.0783385	0.0195923	0.00231538	0.515092	0.00603077	0.0209462	0.0800308	0.0163769	0.425677	
0.0135538	0.00970769	0.00836154	0.00701538	0.0165077	0.00711538	0.00636154	0.00865385	0.00759231	0.00594615	0.0169769	0.00812308	0	2.30769e-05	0.0386154	0	0	0.000846154	0	0.0377923	0	0	0	0	0.0219231	0.00690769	0.00451538	0.00529231	0.00126154	0.000130769	0.0369	0.000346154	0.00146154	0.00586154	0.00104615	0.0302692	
0.130492	0.0953154	0.0802692	0.0715308	0.158515	0.0716462	0.0624154	0.0850308	0.0762077	0.0570462	0.163685	0.0806692	0.000138462	6.92308e-05	0.377369	3.07692e-05	9.23077e-05	0.00863077	5.38462e-05	0.368831	0	0	0	0	0.282046	0.0412308	0.0229692	0.0313615	0.0132154	0.00163846	0.358738	0.00401538	0.0154538	0.0575846	0.0119308	0.292638	
0.0141385	0.0104154	0.00865385	0.00751538	0.0169	0.00769231	0.00699231	0.00913846	0.00809231	0.00651538	0.0180385	0.00807692	1.53846e-05	2.30769e-05	0.0406769	7.69231e-06	7.69231e-06	0.000792308	7.69231e-06	0.0399154	0	0	0	0	0.0227385	0.00763846	0.00446154	0.00588462	0.00151538	0.000207692	0.0385769	0.000423077	0.00159231	0.00585385	0.00114615	0.0321308	
0.215677	0.158608	0.133846	0.124092	0.243577	0.127185	0.111792	0.149669	0.132608	0.101277	0.257408	0.140931	0.000192308	0.0001	0.631885	4.61538e-05	0.000123077	0.0137231	8.46154e-05	0.618292	0.305515	0.0219231	0.282046	0.0227385	0	0	0	0	0.0223538	0.00278462	0.600169	0.00691538	0.0273154	0.102208	0.0212308	0.481469	
0.0539154	0.0398538	0.0326077	0.0298	0.0602077	0.0308538	0.0279538	0.0371615	0.0282615	0.0220692	0.0761077	0.0297385	6.15385e-05	2.30769e-05	0.156085	7.69231e-06	6.92308e-05	0.00358462	3.07692e-05	0.152492	0.1004	0.00690769	0.0412308	0.00763846	0	0	0	0	0.0056	0.000638462	0.148223	0.00171538	0.00526923	0.0199308	0.00405385	0.126923	
0.0318923	0.0227	0.0187923	0.0173385	0.0350308	0.0182308	0.0156	0.0218615	0.0165154	0.0120846	0.0440231	0.0181	2.30769e-05	5.38462e-05	0.0906077	3.84615e-05	5.38462e-05	0.00207692	7.69231e-06	0.0885846	0.0587769	0.00451538	0.0229692	0.00446154	0	0	0	0	0.00323846	0.000353846	0.0861692	0.000961538	0.00292308	0.0117385	0.00212308	0.0739385	
0.0419385	0.0299	0.0259308	0.0231077	0.0463692	0.0238462	0.0211385	0.0295231	0.0213	0.0177	0.0589231	0.0229538	7.69231e-05	5.38462e-05	0.120708	3.84615e-05	6.15385e-05	0.00257692	1.53846e-05	0.118223	0.0783385	0.00529231	0.0313615	0.00588462	0	0	0	0	0.00439231	0.000515385	0.114746	0.00122308	0.00394615	0.0154538	0.00309231	0.0983846	
0.0125615	0.00893077	0.00719231	0.0069	0.0134154	0.00734615	0.00621538	0.00860769	0.00696923	0.00583077	0.0152077	0.00757692	0	7.69231e-06	0.0355769	0	1.53846e-05	0.000830769	0	0.0347385	0.0195923	0.00126154	0.0132154	0.00151538	0.0223538	0.0056	0.00323846	0.00439231	0	0	0	0	0.00122308	0.00545385	0.00112308	0.0277846	
0.00146923	0.00113077	0.000869231	0.000823077	0.00168462	0.000838462	0.000869231	0.0009	0.000838462	0.000684615	0.00182308	0.000946154	0	0	0.00429231	0	0	0.000123077	0	0.00416923	0.00231538	0.000130769	0.00163846	0.000207692	0.00278462	0.000638462	0.000353846	0.000515385	0	0	0	0	0.000123077	0.000661538	9.23077e-05	0.00341538	
0.325731	0.238323	0.200946	0.184308	0.3661	0.189754	0.167415	0.226038	0.188792	0.145146	0.414569	0.2008	0.000353846	0.000223077	0.9486	0.000130769	0.000276923	0.0207231	0.000138462	0.928169	0.515092	0.0369	0.358738	0.0385769	0.600169	0.148223	0.0861692	0.114746	0	0	0	0	0.0377308	0.141515	0.0290308	0.741031	
0.00366154	0.00267692	0.00216923	0.00230769	0.00398462	0.00217692	0.00198462	0.00266923	0.00208462	0.00146923	0.00486154	0.0024	0	0	0.0108154	0	1.53846e-05	0.000284615	0	0.0105154	0.00603077	0.000346154	0.00401538	0.000423077	0.00691538	0.00171538	0.000961538	0.00122308	0	0	0	0	0.000376923	0.0017	0.000253846	0.00848462	
0.0137462	0.00976923	0.00870769	0.00723077	0.0157769	0.0076	0.00676154	0.00931538	0.00710769	0.00561538	0.0191154	0.00761538	2.30769e-05	0	0.0394231	7.69231e-06	7.69231e-06	0.000853846	1.53846e-05	0.0385769	0.0209462	0.00146154	0.0154538	0.00159231	0.0273154	0.00526923	0.00292308	0.00394615	0.00122308	0.000123077	0.0377308	0.000376923	0	0	0	0	
0.0524308	0.0372769	0.0311154	0.0285077	0.0582923	0.0298769	0.0260154	0.0351462	0.0271769	0.0207538	0.0725	0.0289	3.84615e-05	2.30769e-05	0.149262	7.69231e-06	2.30769e-05	0.00326154	2.30769e-05	0.146023	0.0800308	0.00586154	0.0575846	0.00585385	0.102208	0.0199308	0.0117385	0.0154538	0.00545385	0.000661538	0.141515	0.0017	0	0	0	0	
0.0105923	0.00734615	0.00674615	0.00581538	0.0121615	0.00596154	0.00525385	0.00712308	0.00573077	0.00377692	0.0151769	0.00581538	2.30769e-05	0	0.0304769	0	0	0.000715385	0	0.0297846	0.0163769	0.00104615	0.0119308	0.00114615	0.0212308	0.00405385	0.00212308	0.00309231	0.00112308	9.23077e-05	0.0290308	0.000253846	0	0	0	0	
0.266654	0.196669	0.164608	0.152785	0.298954	0.156677	0.138454	0.186631	0.158669	0.122985	0.329669	0.169392	0.000269231	0.000207692	0.780123	0.000115385	0.000276923	0.0171308	0.0001	0.763208	0.425677	0.0302692	0.292638	0.0321308	0.481469	0.126923	0.0739385	0.0983846	0.0277846	0.00341538	0.741031	0.00848462	0	0	0	0	
