0	0	0	0	0.150692	0.0630077	0.0559308	0.074	0.0674462	0.0508615	0.154108	0.0712154	0.000123077	7.69231e-05	0.343377	5.38462e-05	0.000130769	0.00766923	3.07692e-05	0.3358	0.185346	0.0136	0.130262	0.0144231	0.2158	0.0544846	0.0325923	0.0407538	0.0120538	0.0016	0.326269	0.00370769	0.0137231	0.0523615	0.0104769	0.267069	
0	0	0	0	0.108308	0.0461154	0.0414692	0.0561154	0.0498692	0.0374385	0.1112	0.0535	4.61538e-05	8.46154e-05	0.251792	8.46154e-05	6.92308e-05	0.00576154	3.84615e-05	0.246138	0.136123	0.00976923	0.0955923	0.0105231	0.156985	0.0407769	0.0232692	0.0309769	0.00933846	0.00110769	0.238985	0.00257692	0.0102538	0.0389923	0.00756923	0.195192	
0	0	0	0	0.0911615	0.0379231	0.0339308	0.0457769	0.0415462	0.0315308	0.0912231	0.0444923	6.15385e-05	7.69231e-06	0.208669	5.38462e-05	9.23077e-05	0.0046	3.07692e-05	0.204069	0.113531	0.00793077	0.0788462	0.00848462	0.130623	0.0333769	0.0195692	0.0252231	0.00733846	0.000992308	0.198054	0.00240769	0.00814615	0.0319615	0.00640769	0.162277	
0	0	0	0	0.0328077	0.0533769	0.0464923	0.0628923	0.0392	0.0313846	0.0798769	0.0451077	0.000107692	3.07692e-05	0.195408	2.30769e-05	8.46154e-05	0.0045	3.07692e-05	0.190954	0.107162	0.00765385	0.0728538	0.0079	0.122638	0.0304692	0.0187846	0.0236769	0.00730769	0.000953846	0.185115	0.00219231	0.00766154	0.0293769	0.00600769	0.152523	
0.150692	0.108308	0.0911615	0.0328077	0	0	0	0	0.0722538	0.0470462	0.197154	0.0665154	0.000130769	7.69231e-05	0.382654	0.000107692	0.000161538	0.00848462	6.15385e-05	0.374262	0.199831	0.0156769	0.1508	0.0166615	0.238831	0.0612077	0.0364538	0.0464769	0.0137615	0.00172308	0.363362	0.00412308	0.0155615	0.0586538	0.0117538	0.297	
0.0630077	0.0461154	0.0379231	0.0533769	0	0	0	0	0.0480923	0.0324077	0.0742308	0.0456923	8.46154e-05	3.84615e-05	0.200254	4.61538e-05	9.23077e-05	0.00448462	2.30769e-05	0.195823	0.110908	0.00775385	0.0737538	0.00800769	0.126392	0.0312615	0.0190846	0.0236846	0.00719231	0.0009	0.189946	0.00238462	0.00779231	0.0308923	0.00565385	0.156085	
0.0559308	0.0414692	0.0339308	0.0464923	0	0	0	0	0.0428538	0.0292769	0.0650462	0.0406462	3.84615e-05	7.69231e-06	0.177762	1.53846e-05	9.23077e-05	0.00412308	2.30769e-05	0.173585	0.0989385	0.00653077	0.0652308	0.00712308	0.111269	0.0281538	0.0163923	0.0220077	0.00656154	0.000876923	0.1686	0.00178462	0.00716923	0.0268846	0.00553077	0.138238	
0.074	0.0561154	0.0457769	0.0628923	0	0	0	0	0.0348615	0.0424846	0.0999769	0.0614615	8.46154e-05	7.69231e-05	0.238577	4.61538e-05	3.07692e-05	0.00543846	2.30769e-05	0.233292	0.132485	0.00899231	0.0877692	0.00953846	0.149554	0.0384846	0.0222846	0.0284615	0.00852308	0.00115385	0.226515	0.00259231	0.00926154	0.0362615	0.00752308	0.185738	
0.0674462	0.0498692	0.0415462	0.0392	0.0722538	0.0480923	0.0428538	0.0348615	0	0	0	0	6.92308e-05	1.53846e-05	0.197908	6.92308e-05	7.69231e-05	0.00448462	2.30769e-05	0.193477	0.106938	0.00721538	0.0759462	0.00796154	0.130223	0.0285923	0.0174692	0.0217769	0.00701538	0.000907692	0.187954	0.00218462	0.00783077	0.0291077	0.00589231	0.155231	
0.0508615	0.0374385	0.0315308	0.0313846	0.0470462	0.0324077	0.0292769	0.0424846	0	0	0	0	5.38462e-05	3.07692e-05	0.151108	2.30769e-05	8.46154e-05	0.00333846	1.53846e-05	0.147777	0.0808154	0.00595385	0.0583308	0.00611538	0.0999769	0.0222846	0.0126462	0.0163077	0.00524615	0.000615385	0.143531	0.00182308	0.00567692	0.0225462	0.00454615	0.118446	
0.154108	0.1112	0.0912231	0.0798769	0.197154	0.0742308	0.0650462	0.0999769	0	0	0	0	0.000146154	0.000115385	0.436054	9.23077e-05	0.000138462	0.00968462	6.15385e-05	0.426523	0.238754	0.0174846	0.161508	0.0186615	0.255192	0.0763308	0.0460154	0.0588692	0.0157462	0.00195385	0.4142	0.00450769	0.0179077	0.0681692	0.0140077	0.336323	
0.0712154	0.0535	0.0444923	0.0451077	0.0665154	0.0456923	0.0406462	0.0614615	0	0	0	0	6.92308e-05	3.84615e-05	0.214177	3.07692e-05	7.69231e-05	0.00502308	3.07692e-05	0.209185	0.115654	0.0083	0.0817692	0.00859231	0.140654	0.0319	0.0180846	0.0236769	0.00803077	0.00117692	0.202738	0.00236923	0.00836923	0.0328692	0.00601538	0.167062	
0.000123077	4.61538e-05	6.15385e-05	0.000107692	0.000130769	8.46154e-05	3.84615e-05	8.46154e-05	6.92308e-05	5.38462e-05	0.000146154	6.92308e-05	0	0	0	0	7.69231e-06	0	0	0.000330769	0.000169231	7.69231e-06	0.000138462	2.30769e-05	0.000169231	5.38462e-05	6.15385e-05	5.38462e-05	1.53846e-05	0	0.000323077	0	7.69231e-06	6.15385e-05	1.53846e-05	0.000253846	
7.69231e-05	8.46154e-05	7.69231e-06	3.07692e-05	7.69231e-05	3.84615e-05	7.69231e-06	7.69231e-05	1.53846e-05	3.07692e-05	0.000115385	3.84615e-05	0	0	0	0	0	7.69231e-06	0	0.000192308	0.000107692	0	6.92308e-05	2.30769e-05	7.69231e-05	4.61538e-05	4.61538e-05	3.07692e-05	0	0	0.0002	0	7.69231e-06	2.30769e-05	7.69231e-06	0.000161538	
0.343377	0.251792	0.208669	0.195408	0.382654	0.200254	0.177762	0.238577	0.197908	0.151108	0.436054	0.214177	0	0	0	0	0.000369231	0.0225231	0.000130769	0.976223	0.541777	0.0389385	0.377262	0.0412692	0.625669	0.158969	0.0940923	0.120515	0.0360231	0.00465385	0.947685	0.0108846	0.0397692	0.152592	0.0304385	0.776446	
5.38462e-05	8.46154e-05	5.38462e-05	2.30769e-05	0.000107692	4.61538e-05	1.53846e-05	4.61538e-05	6.92308e-05	2.30769e-05	9.23077e-05	3.07692e-05	0	0	0	0	0	0	0	0.000215385	0.000107692	7.69231e-06	8.46154e-05	1.53846e-05	0.000130769	3.84615e-05	1.53846e-05	3.07692e-05	0	0	0.000215385	0	0	1.53846e-05	0	0.0002	
0.000130769	6.92308e-05	9.23077e-05	8.46154e-05	0.000161538	9.23077e-05	9.23077e-05	3.07692e-05	7.69231e-05	8.46154e-05	0.000138462	7.69231e-05	7.69231e-06	0	0.000369231	0	0	0	0	0	0.000246154	0	0.000123077	7.69231e-06	0.000253846	5.38462e-05	3.84615e-05	3.07692e-05	1.53846e-05	7.69231e-06	0.000346154	7.69231e-06	7.69231e-06	3.84615e-05	1.53846e-05	0.000315385	
0.00766923	0.00576154	0.0046	0.0045	0.00848462	0.00448462	0.00412308	0.00543846	0.00448462	0.00333846	0.00968462	0.00502308	0	7.69231e-06	0.0225231	0	0	0	0	0	0.0122923	0.000838462	0.0084	0.001	0.0139	0.00368462	0.00213846	0.00280769	0.000869231	0.000169231	0.0212846	0.000207692	0.000915385	0.00344615	0.000730769	0.0174385	
3.07692e-05	3.84615e-05	3.07692e-05	3.07692e-05	6.15385e-05	2.30769e-05	2.30769e-05	2.30769e-05	2.30769e-05	1.53846e-05	6.15385e-05	3.07692e-05	0	0	0.000130769	0	0	0	0	0	7.69231e-05	7.69231e-06	3.84615e-05	7.69231e-06	6.92308e-05	7.69231e-06	3.07692e-05	2.30769e-05	7.69231e-06	0	0.000123077	0	7.69231e-06	1.53846e-05	0	0.000107692	
0.3358	0.246138	0.204069	0.190954	0.374262	0.195823	0.173585	0.233292	0.193477	0.147777	0.426523	0.209185	0.000330769	0.000192308	0.976223	0.000215385	0	0	0	0	0.529546	0.0381077	0.368992	0.0403154	0.611823	0.155362	0.0920077	0.117769	0.0351462	0.00447692	0.926669	0.0106692	0.0388538	0.149192	0.0297154	0.7592	
0.185346	0.136123	0.113531	0.107162	0.199831	0.110908	0.0989385	0.132485	0.106938	0.0808154	0.238754	0.115654	0.000169231	0.000107692	0.541777	0.000107692	0.000246154	0.0122923	7.69231e-05	0.529546	0	0	0	0	0.301723	0.102677	0.0602923	0.0774692	0.0196462	0.00243077	0.514154	0.00593077	0.0215846	0.0821	0.0163615	0.422115	
0.0136	0.00976923	0.00793077	0.00765385	0.0156769	0.00775385	0.00653077	0.00899231	0.00721538	0.00595385	0.0174846	0.0083	7.69231e-06	0	0.0389385	7.69231e-06	0	0.000838462	7.69231e-06	0.0381077	0	0	0	0	0.0211923	0.00739231	0.00447692	0.00589231	0.0015	0.000169231	0.0368692	0.000415385	0.00162308	0.00578462	0.00126923	0.0302769	
0.130262	0.0955923	0.0788462	0.0728538	0.1508	0.0737538	0.0652308	0.0877692	0.0759462	0.0583308	0.161508	0.0817692	0.000138462	6.92308e-05	0.377262	8.46154e-05	0.000123077	0.0084	3.84615e-05	0.368992	0	0	0	0	0.280177	0.0409538	0.0251077	0.0313154	0.0134615	0.00179231	0.358192	0.00410769	0.0150462	0.0582769	0.0115846	0.292646	
0.0144231	0.0105231	0.00848462	0.0079	0.0166615	0.00800769	0.00712308	0.00953846	0.00796154	0.00611538	0.0186615	0.00859231	2.30769e-05	2.30769e-05	0.0412692	1.53846e-05	7.69231e-06	0.001	7.69231e-06	0.0403154	0	0	0	0	0.0229538	0.00808462	0.00433846	0.00595385	0.00143077	0.000261538	0.0392077	0.000430769	0.00153077	0.00653077	0.00124615	0.0320231	
0.2158	0.156985	0.130623	0.122638	0.238831	0.126392	0.111269	0.149554	0.130223	0.0999769	0.255192	0.140654	0.000169231	7.69231e-05	0.625669	0.000130769	0.000253846	0.0139	6.92308e-05	0.611823	0.301723	0.0211923	0.280177	0.0229538	0	0	0	0	0.0225615	0.00278462	0.593946	0.00675385	0.0258385	0.100185	0.0199154	0.480108	
0.0544846	0.0407769	0.0333769	0.0304692	0.0612077	0.0312615	0.0281538	0.0384846	0.0285923	0.0222846	0.0763308	0.0319	5.38462e-05	4.61538e-05	0.158969	3.84615e-05	5.38462e-05	0.00368462	7.69231e-06	0.155362	0.102677	0.00739231	0.0409538	0.00808462	0	0	0	0	0.00567692	0.000861538	0.150808	0.00176154	0.00603846	0.0221385	0.00441538	0.126515	
0.0325923	0.0232692	0.0195692	0.0187846	0.0364538	0.0190846	0.0163923	0.0222846	0.0174692	0.0126462	0.0460154	0.0180846	6.15385e-05	4.61538e-05	0.0940923	1.53846e-05	3.84615e-05	0.00213846	3.07692e-05	0.0920077	0.0602923	0.00447692	0.0251077	0.00433846	0	0	0	0	0.00331538	0.000415385	0.0894077	0.00107692	0.00356154	0.0136769	0.00271538	0.0742615	
0.0407538	0.0309769	0.0252231	0.0236769	0.0464769	0.0236846	0.0220077	0.0284615	0.0217769	0.0163077	0.0588692	0.0236769	5.38462e-05	3.07692e-05	0.120515	3.07692e-05	3.07692e-05	0.00280769	2.30769e-05	0.117769	0.0774692	0.00589231	0.0313154	0.00595385	0	0	0	0	0.00448462	0.000592308	0.114262	0.00129231	0.00434615	0.0166923	0.00341538	0.0961769	
0.0120538	0.00933846	0.00733846	0.00730769	0.0137615	0.00719231	0.00656154	0.00852308	0.00701538	0.00524615	0.0157462	0.00803077	1.53846e-05	0	0.0360231	0	1.53846e-05	0.000869231	7.69231e-06	0.0351462	0.0196462	0.0015	0.0134615	0.00143077	0.0225615	0.00567692	0.00331538	0.00448462	0	0	0	0	0.00140769	0.00529231	0.0012	0.0281385	
0.0016	0.00110769	0.000992308	0.000953846	0.00172308	0.0009	0.000876923	0.00115385	0.000907692	0.000615385	0.00195385	0.00117692	0	0	0.00465385	0	7.69231e-06	0.000169231	0	0.00447692	0.00243077	0.000169231	0.00179231	0.000261538	0.00278462	0.000861538	0.000415385	0.000592308	0	0	0	0	0.000153846	0.000761538	0.000138462	0.0036	
0.326269	0.238985	0.198054	0.185115	0.363362	0.189946	0.1686	0.226515	0.187954	0.143531	0.4142	0.202738	0.000323077	0.0002	0.947685	0.000215385	0.000346154	0.0212846	0.000123077	0.926669	0.514154	0.0368692	0.358192	0.0392077	0.593946	0.150808	0.0894077	0.114262	0	0	0	0	0.0378	0.144823	0.0287538	0.737046	
0.00370769	0.00257692	0.00240769	0.00219231	0.00412308	0.00238462	0.00178462	0.00259231	0.00218462	0.00182308	0.00450769	0.00236923	0	0	0.0108846	0	7.69231e-06	0.000207692	0	0.0106692	0.00593077	0.000415385	0.00410769	0.000430769	0.00675385	0.00176154	0.00107692	0.00129231	0	0	0	0	0.000423077	0.00181538	0.000369231	0.00827692	
0.0137231	0.0102538	0.00814615	0.00766154	0.0155615	0.00779231	0.00716923	0.00926154	0.00783077	0.00567692	0.0179077	0.00836923	7.69231e-06	7.69231e-06	0.0397692	0	7.69231e-06	0.000915385	7.69231e-06	0.0388538	0.0215846	0.00162308	0.0150462	0.00153077	0.0258385	0.00603846	0.00356154	0.00434615	0.00140769	0.000153846	0.0378	0.000423077	0	0	0	0	
0.0523615	0.0389923	0.0319615	0.0293769	0.0586538	0.0308923	0.0268846	0.0362615	0.0291077	0.0225462	0.0681692	0.0328692	6.15385e-05	2.30769e-05	0.152592	1.53846e-05	3.84615e-05	0.00344615	1.53846e-05	0.149192	0.0821	0.00578462	0.0582769	0.00653077	0.100185	0.0221385	0.0136769	0.0166923	0.00529231	0.000761538	0.144823	0.00181538	0	0	0	0	
0.0104769	0.00756923	0.00640769	0.00600769	0.0117538	0.00565385	0.00553077	0.00752308	0.00589231	0.00454615	0.0140077	0.00601538	1.53846e-05	7.69231e-06	0.0304385	0	1.53846e-05	0.000730769	0	0.0297154	0.0163615	0.00126923	0.0115846	0.00124615	0.0199154	0.00441538	0.00271538	0.00341538	0.0012	0.000138462	0.0287538	0.000369231	0	0	0	0	
0.267069	0.195192	0.162277	0.152523	0.297	0.156085	0.138238	0.185738	0.155231	0.118446	0.336323	0.167062	0.000253846	0.000161538	0.776446	0.0002	0.000315385	0.0174385	0.000107692	0.7592	0.422115	0.0302769	0.292646	0.0320231	0.480108	0.126515	0.0742615	0.0961769	0.0281385	0.0036	0.737046	0.00827692	0	0	0	0	
