0	0	0	0	0.246287	0.0314333	0.0291133	0.06448	0.0408067	0.0101733	0.276153	0.04418	6.66667e-05	0	0.371247	0	0	0.01816	0	0.353153	0.24252	0.0173	0.0479267	0.0635667	0.18368	0.04474	0.0269467	0.115947	0.0717333	0.03346	0.1787	0.08742	0.0836333	0.0534667	0.0393933	0.19482	
0	0	0	0	0.218947	0.02076	0.0199333	0.04332	0.0319333	0.00841333	0.22904	0.0335733	6.66667e-05	0	0.302893	0	0	0.0146067	0	0.288353	0.1957	0.0138333	0.0397267	0.0537	0.145587	0.03756	0.0225667	0.0972467	0.0590133	0.02814	0.14288	0.0729267	0.0698267	0.0434267	0.0325867	0.15712	
0	0	0	0	0.117127	0.0143333	0.0143933	0.0304067	0.0199	0.00501333	0.13074	0.0206067	2.66667e-05	0	0.176233	0	0	0.00849333	0	0.167767	0.114633	0.00827333	0.0226933	0.03066	0.08676	0.0217	0.0124533	0.0553467	0.034	0.0156867	0.0850733	0.0415	0.0407733	0.0254133	0.0187267	0.0913467	
0	0	0	0	0.0449667	0.02584	0.0246133	0.0540467	0.0200333	0.00515333	0.102967	0.0213133	2.66667e-05	0	0.14944	0	0	0.00833333	0	0.141133	0.101887	0.00612667	0.0181133	0.02334	0.0807333	0.0155733	0.0104267	0.0427333	0.0243467	0.0111467	0.0834733	0.0305	0.0326467	0.0207667	0.0157533	0.0803	
0.246287	0.218947	0.117127	0.0449667	0	0	0	0	0.0554667	0.0143267	0.499867	0.0576667	0.000133333	0	0.627193	0	0	0.02812	0	0.599207	0.390493	0.0308867	0.0866533	0.119293	0.2818	0.08614	0.0501467	0.20924	0.137507	0.0640333	0.257507	0.16828	0.145687	0.09218	0.06856	0.3209	
0.0314333	0.02076	0.0143333	0.02584	0	0	0	0	0.0181267	0.0043	0.0508333	0.0191067	0	0	0.0923667	0	0	0.00563333	0	0.0867333	0.06602	0.00365333	0.01016	0.0125333	0.05514	0.00755333	0.00536667	0.0243067	0.0115467	0.00567333	0.06008	0.0150667	0.0199333	0.0124867	0.00952667	0.05042	
0.0291133	0.0199333	0.0143933	0.0246133	0	0	0	0	0.0171	0.00434667	0.0478067	0.0188	1.33333e-05	0	0.08804	0	0	0.00598	0	0.0820733	0.0632933	0.00327333	0.00962	0.0118667	0.0526067	0.00744	0.00488	0.0231267	0.0116133	0.00571333	0.0565067	0.01422	0.0187933	0.01188	0.00869333	0.0486867	
0.06448	0.04332	0.0304067	0.0540467	0	0	0	0	0.02198	0.00578	0.140393	0.0241	4e-05	0	0.192213	0	0	0.00986	0	0.182393	0.134933	0.00772	0.0220267	0.0275733	0.107213	0.01844	0.012	0.0546	0.0284267	0.0130133	0.116033	0.03478	0.0424667	0.0265267	0.01968	0.10358	
0.0408067	0.0319333	0.0199	0.0200333	0.0554667	0.0181267	0.0171	0.02198	0	0	0	0	2.66667e-05	0	0.112647	0	0	0.0117333	0	0.10094	0.0807067	0.00446	0.01322	0.0142867	0.07406	0.00693333	0.00578	0.0259	0.0129133	0.0059	0.0785267	0.0153333	0.0244533	0.0149067	0.01158	0.0617333	
0.0101733	0.00841333	0.00501333	0.00515333	0.0143267	0.0043	0.00434667	0.00578	0	0	0	0	1.33333e-05	0	0.02874	0	0	0.00307333	0	0.02568	0.0206867	0.00123333	0.00302667	0.00380667	0.0188467	0.00204	0.00146667	0.0064	0.00296667	0.00164	0.0197667	0.00438	0.00626	0.00403333	0.00269333	0.0157667	
0.276153	0.22904	0.13074	0.102967	0.499867	0.0508333	0.0478067	0.140393	0	0	0	0	0.000133333	0	0.738767	0	0	0.02252	0	0.71638	0.467087	0.0351533	0.0991733	0.137487	0.32574	0.102873	0.05924	0.251047	0.160033	0.0743933	0.308547	0.195927	0.171267	0.108047	0.0804667	0.37912	
0.04418	0.0335733	0.0206067	0.0213133	0.0576667	0.0191067	0.0188	0.0241	0	0	0	0	1.33333e-05	0	0.11966	0	0	0.0122667	0	0.107407	0.08626	0.00468667	0.01304	0.0156867	0.0781133	0.00772667	0.00590667	0.0279267	0.01318	0.0065	0.0832867	0.0167067	0.0249	0.0160867	0.01172	0.0669667	
6.66667e-05	6.66667e-05	2.66667e-05	2.66667e-05	0.000133333	0	1.33333e-05	4e-05	2.66667e-05	1.33333e-05	0.000133333	1.33333e-05	0	0	0	0	0	2e-05	0	0.000166667	0.000126667	0	2e-05	4e-05	8e-05	2e-05	6.66667e-06	8e-05	4e-05	1.33333e-05	0.0001	3.33333e-05	4.66667e-05	2.66667e-05	6.66667e-06	0.000106667	
0	0	0	0	0	0	0	0	0	0	0	0	0	0	0	0	0	0	0	0	0	0	0	0	0	0	0	0	0	0	0	0	0	0	0	0	
0.371247	0.302893	0.176233	0.14944	0.627193	0.0923667	0.08804	0.192213	0.112647	0.02874	0.738767	0.11966	0	0	0	0	0	0.0495733	0	0.95024	0.654613	0.0455333	0.12844	0.171227	0.49668	0.119553	0.0723867	0.311193	0.189053	0.08842	0.490027	0.232313	0.226833	0.143047	0.106453	0.52348	
0	0	0	0	0	0	0	0	0	0	0	0	0	0	0	0	0	0	0	0	0	0	0	0	0	0	0	0	0	0	0	0	0	0	0	0	
0	0	0	0	0	0	0	0	0	0	0	0	0	0	0	0	0	0	0	0	0	0	0	0	0	0	0	0	0	0	0	0	0	0	0	0	
0.01816	0.0146067	0.00849333	0.00833333	0.02812	0.00563333	0.00598	0.00986	0.0117333	0.00307333	0.02252	0.0122667	2e-05	0	0.0495733	0	0	0	0	0	0.0337667	0.00229333	0.00612667	0.00740667	0.0277	0.00491333	0.00307333	0.0139067	0.008	0.0039	0.0279467	0.00974667	0.0108867	0.00686	0.00528	0.0265667	
0	0	0	0	0	0	0	0	0	0	0	0	0	0	0	0	0	0	0	0	0	0	0	0	0	0	0	0	0	0	0	0	0	0	0	0	
0.353153	0.288353	0.167767	0.141133	0.599207	0.0867333	0.0820733	0.182393	0.10094	0.02568	0.71638	0.107407	0.000166667	0	0.95024	0	0	0	0	0	0.620973	0.04324	0.122333	0.16386	0.46906	0.11466	0.06932	0.297367	0.181093	0.0845333	0.46218	0.2226	0.215993	0.136213	0.10118	0.49702	
0.24252	0.1957	0.114633	0.101887	0.390493	0.06602	0.0632933	0.134933	0.0807067	0.0206867	0.467087	0.08626	0.000126667	0	0.654613	0	0	0.0337667	0	0.620973	0	0	0	0	0.334833	0.06832	0.0388267	0.21276	0.132853	0.0619533	0.297027	0.162907	0.15034	0.09588	0.0701333	0.338387	
0.0173	0.0138333	0.00827333	0.00612667	0.0308867	0.00365333	0.00327333	0.00772	0.00446	0.00123333	0.0351533	0.00468667	0	0	0.0455333	0	0	0.00229333	0	0.04324	0	0	0	0	0.0266867	0.00528667	0.00337333	0.0101867	0.00678667	0.00355333	0.0262	0.00899333	0.00973333	0.00635333	0.00466667	0.02478	
0.0479267	0.0397267	0.0226933	0.0181133	0.0866533	0.01016	0.00962	0.0220267	0.01322	0.00302667	0.0991733	0.01304	2e-05	0	0.12844	0	0	0.00612667	0	0.122333	0	0	0	0	0.0761467	0.0147267	0.00954667	0.02804	0.0203867	0.00966667	0.0736733	0.0247333	0.0285067	0.0172733	0.0133867	0.0692933	
0.0635667	0.0537	0.03066	0.02334	0.119293	0.0125333	0.0118667	0.0275733	0.0142867	0.00380667	0.137487	0.0156867	4e-05	0	0.171227	0	0	0.00740667	0	0.16386	0	0	0	0	0.0590933	0.03124	0.0206467	0.0602867	0.0290667	0.01326	0.0932267	0.0357133	0.0383	0.0235667	0.0182733	0.0911267	
0.18368	0.145587	0.08676	0.0807333	0.2818	0.05514	0.0526067	0.107213	0.07406	0.0188467	0.32574	0.0781133	8e-05	0	0.49668	0	0	0.0277	0	0.46906	0.334833	0.0266867	0.0761467	0.0590933	0	0	0	0	0.0832667	0.03926	0.272527	0.101707	0.11166	0.0691133	0.05206	0.263927	
0.04474	0.03756	0.0217	0.0155733	0.08614	0.00755333	0.00744	0.01844	0.00693333	0.00204	0.102873	0.00772667	2e-05	0	0.119553	0	0	0.00491333	0	0.11466	0.06832	0.00528667	0.0147267	0.03124	0	0	0	0	0.03432	0.0153333	0.0276667	0.0422533	0.02932	0.0188	0.0134733	0.05798	
0.0269467	0.0225667	0.0124533	0.0104267	0.0501467	0.00536667	0.00488	0.012	0.00578	0.00146667	0.05924	0.00590667	6.66667e-06	0	0.0723867	0	0	0.00307333	0	0.06932	0.0388267	0.00337333	0.00954667	0.0206467	0	0	0	0	0.0132267	0.00605333	0.03654	0.0165733	0.0164	0.0104533	0.00746	0.03808	
0.115947	0.0972467	0.0553467	0.0427333	0.20924	0.0243067	0.0231267	0.0546	0.0259	0.0064	0.251047	0.0279267	8e-05	0	0.311193	0	0	0.0139067	0	0.297367	0.21276	0.0101867	0.02804	0.0602867	0	0	0	0	0.05828	0.0277867	0.153393	0.0718133	0.0695	0.0447067	0.0334667	0.1636	
0.0717333	0.0590133	0.034	0.0243467	0.137507	0.0115467	0.0116133	0.0284267	0.0129133	0.00296667	0.160033	0.01318	4e-05	0	0.189053	0	0	0.008	0	0.181093	0.132853	0.00678667	0.0203867	0.0290667	0.0832667	0.03432	0.0132267	0.05828	0	0	0	0	0.0499733	0.0313333	0.0230467	0.08474	
0.03346	0.02814	0.0156867	0.0111467	0.0640333	0.00567333	0.00571333	0.0130133	0.0059	0.00164	0.0743933	0.0065	1.33333e-05	0	0.08842	0	0	0.0039	0	0.0845333	0.0619533	0.00355333	0.00966667	0.01326	0.03926	0.0153333	0.00605333	0.0277867	0	0	0	0	0.0231467	0.0148333	0.0105867	0.0398667	
0.1787	0.14288	0.0850733	0.0834733	0.257507	0.06008	0.0565067	0.116033	0.0785267	0.0197667	0.308547	0.0832867	0.0001	0	0.490027	0	0	0.0279467	0	0.46218	0.297027	0.0262	0.0736733	0.0932267	0.272527	0.0276667	0.03654	0.153393	0	0	0	0	0.0924867	0.0581867	0.0438867	0.295567	
0.08742	0.0729267	0.0415	0.0305	0.16828	0.0150667	0.01422	0.03478	0.0153333	0.00438	0.195927	0.0167067	3.33333e-05	0	0.232313	0	0	0.00974667	0	0.2226	0.162907	0.00899333	0.0247333	0.0357133	0.101707	0.0422533	0.0165733	0.0718133	0	0	0	0	0.0612733	0.03872	0.02894	0.103413	
0.0836333	0.0698267	0.0407733	0.0326467	0.145687	0.0199333	0.0187933	0.0424667	0.0244533	0.00626	0.171267	0.0249	4.66667e-05	0	0.226833	0	0	0.0108867	0	0.215993	0.15034	0.00973333	0.0285067	0.0383	0.11166	0.02932	0.0164	0.0695	0.0499733	0.0231467	0.0924867	0.0612733	0	0	0	0	
0.0534667	0.0434267	0.0254133	0.0207667	0.09218	0.0124867	0.01188	0.0265267	0.0149067	0.00403333	0.108047	0.0160867	2.66667e-05	0	0.143047	0	0	0.00686	0	0.136213	0.09588	0.00635333	0.0172733	0.0235667	0.0691133	0.0188	0.0104533	0.0447067	0.0313333	0.0148333	0.0581867	0.03872	0	0	0	0	
0.0393933	0.0325867	0.0187267	0.0157533	0.06856	0.00952667	0.00869333	0.01968	0.01158	0.00269333	0.0804667	0.01172	6.66667e-06	0	0.106453	0	0	0.00528	0	0.10118	0.0701333	0.00466667	0.0133867	0.0182733	0.05206	0.0134733	0.00746	0.0334667	0.0230467	0.0105867	0.0438867	0.02894	0	0	0	0	
0.19482	0.15712	0.0913467	0.0803	0.3209	0.05042	0.0486867	0.10358	0.0617333	0.0157667	0.37912	0.0669667	0.000106667	0	0.52348	0	0	0.0265667	0	0.49702	0.338387	0.02478	0.0692933	0.0911267	0.263927	0.05798	0.03808	0.1636	0.08474	0.0398667	0.295567	0.103413	0	0	0	0	
