0	0	0	0	0.24608	0.0306533	0.0288733	0.0651067	0.04088	0.0103867	0.275947	0.0435	0.0001	0	0.370613	0	0	0.01796	0	0.352753	0.241667	0.0170467	0.0479933	0.0640067	0.1823	0.04468	0.0263467	0.117387	0.0710267	0.0333067	0.1792	0.08718	0.08396	0.0531533	0.0386867	0.194913	
0	0	0	0	0.22022	0.0202667	0.01972	0.04398	0.03178	0.00802667	0.228973	0.0354067	8e-05	0	0.304107	0	0	0.01498	0	0.289207	0.197707	0.01402	0.0392	0.05326	0.147213	0.0379133	0.0222133	0.0968467	0.0598667	0.02718	0.143393	0.0737467	0.0688667	0.04434	0.0317533	0.159227	
0	0	0	0	0.11838	0.0140067	0.0132733	0.0311333	0.0190533	0.00483333	0.1318	0.0211067	2.66667e-05	0	0.176767	0	0	0.00850667	0	0.168287	0.115747	0.008	0.0227333	0.0303133	0.0874933	0.0212267	0.0126533	0.05542	0.03374	0.0157867	0.0849267	0.04234	0.03976	0.02592	0.0182	0.0929133	
0	0	0	0	0.0441067	0.02626	0.0242733	0.0536667	0.0199067	0.00481333	0.102347	0.02124	3.33333e-05	0	0.148273	0	0	0.00787333	0	0.140433	0.102253	0.00641333	0.0175333	0.0221067	0.08036	0.0149	0.00990667	0.04314	0.0236267	0.0116467	0.08308	0.0299533	0.03226	0.0205333	0.0154667	0.0800467	
0.24608	0.22022	0.11838	0.0441067	0	0	0	0	0.0550733	0.0135533	0.500347	0.0598133	0.000173333	0	0.628613	0	0	0.0281667	0	0.60062	0.392027	0.03064	0.0865133	0.119607	0.282847	0.0867533	0.04868	0.210507	0.137067	0.0639267	0.25816	0.169633	0.145493	0.0926133	0.0669533	0.323727	
0.0306533	0.0202667	0.0140067	0.02626	0	0	0	0	0.01766	0.00446	0.0504067	0.01866	6.66667e-06	0	0.09118	0	0	0.0059	0	0.0852867	0.0660067	0.0037	0.00994667	0.0115333	0.0547333	0.00704667	0.00534667	0.02406	0.0121133	0.00536	0.0593067	0.0144067	0.0196533	0.01274	0.00874667	0.0500467	
0.0288733	0.01972	0.0132733	0.0242733	0	0	0	0	0.0165867	0.00418	0.0469867	0.0183867	6.66667e-06	0	0.0861333	0	0	0.00544667	0	0.0806933	0.0620533	0.00306	0.00965333	0.0113733	0.05138	0.00696667	0.00512667	0.0226667	0.0111933	0.00524667	0.0560267	0.0136733	0.0180133	0.0117267	0.00854667	0.0478533	
0.0651067	0.04398	0.0311333	0.0536667	0	0	0	0	0.0223	0.00586667	0.141327	0.0243933	5.33333e-05	0	0.193833	0	0	0.00980667	0	0.18408	0.137287	0.00808	0.0213467	0.0271733	0.108407	0.0179533	0.0119667	0.05556	0.0278867	0.0133867	0.117107	0.0355067	0.0416867	0.0268667	0.01986	0.105473	
0.04088	0.03178	0.0190533	0.0199067	0.0550733	0.01766	0.0165867	0.0223	0	0	0	0	2e-05	0	0.1116	0	0	0.01166	0	0.09996	0.08038	0.00448	0.0123733	0.0143867	0.0720467	0.00761333	0.00584	0.02612	0.0127067	0.00569333	0.0777867	0.0154333	0.0235133	0.0149067	0.0108933	0.0623067	
0.0103867	0.00802667	0.00483333	0.00481333	0.0135533	0.00446	0.00418	0.00586667	0	0	0	0	6.66667e-06	0	0.0280533	0	0	0.00304667	0	0.0250133	0.0206333	0.00109333	0.00323333	0.0031	0.0181133	0.00177333	0.00134	0.00683333	0.0031	0.00142667	0.01974	0.00379333	0.00596667	0.00376667	0.00285333	0.0154733	
0.275947	0.228973	0.1318	0.102347	0.500347	0.0504067	0.0469867	0.141327	0	0	0	0	0.000193333	0	0.738873	0	0	0.0223467	0	0.71672	0.469307	0.0349133	0.09798	0.136867	0.328027	0.101293	0.0576867	0.25206	0.1587	0.0744533	0.30852	0.197393	0.170273	0.108807	0.07886	0.381127	
0.0435	0.0354067	0.0211067	0.02124	0.0598133	0.01866	0.0183867	0.0243933	0	0	0	0	2e-05	0	0.121233	0	0	0.0122667	0	0.108987	0.0870533	0.00499333	0.0138733	0.0153333	0.07918	0.00804	0.00625333	0.02778	0.0137533	0.00634667	0.0845533	0.0166	0.0250933	0.0164667	0.0115	0.0681933	
0.0001	8e-05	2.66667e-05	3.33333e-05	0.000173333	6.66667e-06	6.66667e-06	5.33333e-05	2e-05	6.66667e-06	0.000193333	2e-05	0	0	0	0	0	6.66667e-06	0	0.000233333	0.000146667	2.66667e-05	1.33333e-05	5.33333e-05	0.0001	3.33333e-05	2.66667e-05	8e-05	6.66667e-05	1.33333e-05	0.000106667	5.33333e-05	4e-05	3.33333e-05	0	0.000166667	
0	0	0	0	0	0	0	0	0	0	0	0	0	0	0	0	0	0	0	0	0	0	0	0	0	0	0	0	0	0	0	0	0	0	0	0	
0.370613	0.304107	0.176767	0.148273	0.628613	0.09118	0.0861333	0.193833	0.1116	0.0280533	0.738873	0.121233	0	0	0	0	0	0.0493133	0	0.950447	0.657227	0.0454533	0.127447	0.169633	0.497267	0.118687	0.0710933	0.312713	0.188193	0.0879067	0.490493	0.233167	0.224807	0.143913	0.104107	0.526933	
0	0	0	0	0	0	0	0	0	0	0	0	0	0	0	0	0	0	0	0	0	0	0	0	0	0	0	0	0	0	0	0	0	0	0	0	
0	0	0	0	0	0	0	0	0	0	0	0	0	0	0	0	0	0	0	0	0	0	0	0	0	0	0	0	0	0	0	0	0	0	0	0	
0.01796	0.01498	0.00850667	0.00787333	0.0281667	0.0059	0.00544667	0.00980667	0.01166	0.00304667	0.0223467	0.0122667	6.66667e-06	0	0.0493133	0	0	0	0	0	0.0334133	0.00212667	0.00614667	0.00763333	0.0270267	0.00488	0.00296667	0.0144467	0.00794	0.00354	0.02824	0.0096	0.01096	0.00730667	0.00468	0.0263733	
0	0	0	0	0	0	0	0	0	0	0	0	0	0	0	0	0	0	0	0	0	0	0	0	0	0	0	0	0	0	0	0	0	0	0	0	
0.352753	0.289207	0.168287	0.140433	0.60062	0.0852867	0.0806933	0.18408	0.09996	0.0250133	0.71672	0.108987	0.000233333	0	0.950447	0	0	0	0	0	0.62396	0.0433533	0.121313	0.162053	0.47034	0.11384	0.0681533	0.298347	0.18032	0.08438	0.46236	0.22362	0.213887	0.13664	0.0994267	0.500727	
0.241667	0.197707	0.115747	0.102253	0.392027	0.0660067	0.0620533	0.137287	0.08038	0.0206333	0.469307	0.0870533	0.000146667	0	0.657227	0	0	0.0334133	0	0.62396	0	0	0	0	0.336133	0.0687533	0.0385733	0.213913	0.13282	0.0618467	0.298767	0.16394	0.15002	0.0953067	0.0694267	0.34262	
0.0170467	0.01402	0.008	0.00641333	0.03064	0.0037	0.00306	0.00808	0.00448	0.00109333	0.0349133	0.00499333	2.66667e-05	0	0.0454533	0	0	0.00212667	0	0.0433533	0	0	0	0	0.0270267	0.00537333	0.00326	0.00982	0.0072	0.00344	0.0261467	0.00869333	0.00994667	0.00696	0.00456667	0.0240067	
0.0479933	0.0392	0.0227333	0.0175333	0.0865133	0.00994667	0.00965333	0.0213467	0.0123733	0.00323333	0.09798	0.0138733	1.33333e-05	0	0.127447	0	0	0.00614667	0	0.121313	0	0	0	0	0.0754733	0.0141733	0.00929333	0.02852	0.01982	0.00912667	0.0730933	0.02542	0.0271267	0.0179733	0.0127333	0.0696267	
0.0640067	0.05326	0.0303133	0.0221067	0.119607	0.0115333	0.0113733	0.0271733	0.0143867	0.0031	0.136867	0.0153333	5.33333e-05	0	0.169633	0	0	0.00763333	0	0.162053	0	0	0	0	0.0587333	0.03042	0.0199933	0.06054	0.02842	0.0135067	0.0925933	0.0351667	0.0377533	0.0237067	0.01738	0.0908467	
0.1823	0.147213	0.0874933	0.08036	0.282847	0.0547333	0.05138	0.108407	0.0720467	0.0181133	0.328027	0.07918	0.0001	0	0.497267	0	0	0.0270267	0	0.47034	0.336133	0.0270267	0.0754733	0.0587333	0	0	0	0	0.08294	0.03854	0.272673	0.103213	0.109593	0.0704133	0.0500267	0.267333	
0.04468	0.0379133	0.0212267	0.0149	0.0867533	0.00704667	0.00696667	0.0179533	0.00761333	0.00177333	0.101293	0.00804	3.33333e-05	0	0.118687	0	0	0.00488	0	0.11384	0.0687533	0.00537333	0.0141733	0.03042	0	0	0	0	0.0334533	0.01588	0.0276467	0.04174	0.0292333	0.0185	0.0137267	0.05726	
0.0263467	0.0222133	0.0126533	0.00990667	0.04868	0.00534667	0.00512667	0.0119667	0.00584	0.00134	0.0576867	0.00625333	2.66667e-05	0	0.0710933	0	0	0.00296667	0	0.0681533	0.0385733	0.00326	0.00929333	0.0199933	0	0	0	0	0.0129133	0.00622	0.0358267	0.01616	0.0159667	0.0102067	0.00774	0.0372067	
0.117387	0.0968467	0.05542	0.04314	0.210507	0.02406	0.0226667	0.05556	0.02612	0.00683333	0.25206	0.02778	8e-05	0	0.312713	0	0	0.0144467	0	0.298347	0.213913	0.00982	0.02852	0.06054	0	0	0	0	0.0589533	0.02728	0.154453	0.0721067	0.0700533	0.0448267	0.0326133	0.1653	
0.0710267	0.0598667	0.03374	0.0236267	0.137067	0.0121133	0.0111933	0.0278867	0.0127067	0.0031	0.1587	0.0137533	6.66667e-05	0	0.188193	0	0	0.00794	0	0.18032	0.13282	0.0072	0.01982	0.02842	0.08294	0.0334533	0.0129133	0.0589533	0	0	0	0	0.0495533	0.0320467	0.02218	0.08448	
0.0333067	0.02718	0.0157867	0.0116467	0.0639267	0.00536	0.00524667	0.0133867	0.00569333	0.00142667	0.0744533	0.00634667	1.33333e-05	0	0.0879067	0	0	0.00354	0	0.08438	0.0618467	0.00344	0.00912667	0.0135067	0.03854	0.01588	0.00622	0.02728	0	0	0	0	0.0225867	0.0151667	0.01062	0.0395467	
0.1792	0.143393	0.0849267	0.08308	0.25816	0.0593067	0.0560267	0.117107	0.0777867	0.01974	0.30852	0.0845533	0.000106667	0	0.490493	0	0	0.02824	0	0.46236	0.298767	0.0261467	0.0730933	0.0925933	0.272673	0.0276467	0.0358267	0.154453	0	0	0	0	0.09132	0.0579933	0.0432533	0.298033	
0.08718	0.0737467	0.04234	0.0299533	0.169633	0.0144067	0.0136733	0.0355067	0.0154333	0.00379333	0.197393	0.0166	5.33333e-05	0	0.233167	0	0	0.0096	0	0.22362	0.16394	0.00869333	0.02542	0.0351667	0.103213	0.04174	0.01616	0.0721067	0	0	0	0	0.0613867	0.03874	0.0280533	0.10504	
0.08396	0.0688667	0.03976	0.03226	0.145493	0.0196533	0.0180133	0.0416867	0.0235133	0.00596667	0.170273	0.0250933	4e-05	0	0.224807	0	0	0.01096	0	0.213887	0.15002	0.00994667	0.0271267	0.0377533	0.109593	0.0292333	0.0159667	0.0700533	0.0495533	0.0225867	0.09132	0.0613867	0	0	0	0	
0.0531533	0.04434	0.02592	0.0205333	0.0926133	0.01274	0.0117267	0.0268667	0.0149067	0.00376667	0.108807	0.0164667	3.33333e-05	0	0.143913	0	0	0.00730667	0	0.13664	0.0953067	0.00696	0.0179733	0.0237067	0.0704133	0.0185	0.0102067	0.0448267	0.0320467	0.0151667	0.0579933	0.03874	0	0	0	0	
0.0386867	0.0317533	0.0182	0.0154667	0.0669533	0.00874667	0.00854667	0.01986	0.0108933	0.00285333	0.07886	0.0115	0	0	0.104107	0	0	0.00468	0	0.0994267	0.0694267	0.00456667	0.0127333	0.01738	0.0500267	0.0137267	0.00774	0.0326133	0.02218	0.01062	0.0432533	0.0280533	0	0	0	0	
0.194913	0.159227	0.0929133	0.0800467	0.323727	0.0500467	0.0478533	0.105473	0.0623067	0.0154733	0.381127	0.0681933	0.000166667	0	0.526933	0	0	0.0263733	0	0.500727	0.34262	0.0240067	0.0696267	0.0908467	0.267333	0.05726	0.0372067	0.1653	0.08448	0.0395467	0.298033	0.10504	0	0	0	0	
