0	0	0	0	0.250707	0.0297667	0.02776	0.0619	0.0397733	0.01012	0.27734	0.0429	9.33333e-05	0	0.37004	0	0	0.0176867	0	0.352447	0.240693	0.0172733	0.04848	0.0636867	0.180887	0.04596	0.0263467	0.11694	0.07268	0.0339733	0.175293	0.0881867	0.0842933	0.0534933	0.0390467	0.1933	
0	0	0	0	0.213787	0.02286	0.0222733	0.0476933	0.0329133	0.00809333	0.230053	0.0355533	6.66667e-05	0	0.306547	0	0	0.0144733	0	0.29214	0.198367	0.0145867	0.0400067	0.0536533	0.149847	0.0378467	0.0223933	0.0965267	0.0592067	0.02822	0.14584	0.0733467	0.0695267	0.0445533	0.0318133	0.16072	
0	0	0	0	0.120653	0.0136867	0.0129867	0.0281533	0.0187133	0.00475333	0.131787	0.0202267	3.33333e-05	0	0.175447	0	0	0.00828667	0	0.167193	0.114427	0.00797333	0.02244	0.03064	0.0856067	0.0214067	0.0128533	0.0556133	0.03476	0.0153533	0.0830267	0.04234	0.0401533	0.0260333	0.0185667	0.0907267	
0	0	0	0	0.04476	0.02536	0.0240867	0.0535667	0.0201467	0.00508	0.102067	0.02048	2e-05	0	0.147753	0	0	0.00762	0	0.140153	0.101127	0.00668	0.01758	0.0223867	0.0792267	0.0156667	0.00983333	0.0430467	0.0242733	0.0107267	0.08264	0.0301333	0.0325267	0.0202533	0.0154	0.0795933	
0.250707	0.213787	0.120653	0.04476	0	0	0	0	0.0547067	0.01404	0.5022	0.05896	0.000126667	0	0.62978	0	0	0.0280467	0	0.60186	0.392093	0.0316733	0.0866	0.11954	0.283013	0.0879733	0.0489267	0.209993	0.13828	0.0642	0.25816	0.169267	0.146973	0.0932133	0.06766	0.32206	
0.0297667	0.02286	0.0136867	0.02536	0	0	0	0	0.01766	0.00427333	0.05136	0.01838	2.66667e-05	0	0.0916467	0	0	0.00547333	0	0.0862	0.0657733	0.00366	0.0100933	0.0121467	0.05374	0.00802667	0.00538667	0.02452	0.0129133	0.00597333	0.05804	0.0147467	0.01978	0.0126733	0.0093	0.04992	
0.02776	0.0222733	0.0129867	0.0240867	0	0	0	0	0.0166133	0.00416	0.04834	0.0179933	2e-05	0	0.0870867	0	0	0.00510667	0	0.082	0.0622533	0.00375333	0.00942	0.01168	0.0514267	0.00752	0.00518667	0.0229733	0.0114267	0.00561333	0.0555267	0.01454	0.0183067	0.0118133	0.00895333	0.0480333	
0.0619	0.0476933	0.0281533	0.0535667	0	0	0	0	0.0225667	0.00557333	0.139347	0.0238267	4e-05	0	0.191273	0	0	0.00944	0	0.181873	0.134493	0.00742667	0.0223933	0.027	0.107387	0.01736	0.0119267	0.05464	0.0283	0.0124867	0.115073	0.0354533	0.04144	0.0266333	0.0189133	0.104327	
0.0397733	0.0329133	0.0187133	0.0201467	0.0547067	0.01766	0.0166133	0.0225667	0	0	0	0	2e-05	0	0.111527	0	0	0.01064	0	0.100907	0.0799867	0.00488667	0.01258	0.0140933	0.0728133	0.00754	0.00546667	0.0257267	0.0123333	0.00554	0.0778067	0.0158667	0.0232667	0.0150733	0.01092	0.0622867	
0.01012	0.00809333	0.00475333	0.00508	0.01404	0.00427333	0.00416	0.00557333	0	0	0	0	2e-05	0	0.0280267	0	0	0.00273333	0	0.0253133	0.0202667	0.00115333	0.00319333	0.00343333	0.01798	0.00200667	0.00156667	0.00649333	0.00348667	0.00140667	0.01912	0.00403333	0.00598	0.00365333	0.00261333	0.0158	
0.27734	0.230053	0.131787	0.102067	0.5022	0.05136	0.04834	0.139347	0	0	0	0	0.00014	0	0.741107	0	0	0.0232933	0	0.717953	0.46916	0.0357467	0.0988467	0.137493	0.32724	0.1032	0.05864	0.252167	0.16148	0.0749733	0.307647	0.197147	0.172007	0.109313	0.0796933	0.380233	
0.0429	0.0355533	0.0202267	0.02048	0.05896	0.01838	0.0179933	0.0238267	0	0	0	0	3.33333e-05	0	0.119127	0	0	0.0114	0	0.10776	0.0852	0.00472667	0.0138867	0.0153467	0.0775333	0.00813333	0.00575333	0.02774	0.01362	0.00635333	0.0822267	0.01696	0.0252467	0.0162933	0.0116	0.06602	
9.33333e-05	6.66667e-05	3.33333e-05	2e-05	0.000126667	2.66667e-05	2e-05	4e-05	2e-05	2e-05	0.00014	3.33333e-05	0	0	0	0	0	1.33333e-05	0	0.0002	0.000173333	0	2e-05	2e-05	0.000106667	2.66667e-05	1.33333e-05	6.66667e-05	3.33333e-05	2.66667e-05	0.0001	5.33333e-05	6e-05	6.66667e-06	0	0.000146667	
0	0	0	0	0	0	0	0	0	0	0	0	0	0	0	0	0	0	0	0	0	0	0	0	0	0	0	0	0	0	0	0	0	0	0	0	
0.37004	0.306547	0.175447	0.147753	0.62978	0.0916467	0.0870867	0.191273	0.111527	0.0280267	0.741107	0.119127	0	0	0	0	0	0.0480533	0	0.951733	0.65444	0.0465133	0.128487	0.170347	0.49546	0.120853	0.0714133	0.31206	0.190887	0.0882467	0.4867	0.233953	0.22644	0.144327	0.104827	0.524193	
0	0	0	0	0	0	0	0	0	0	0	0	0	0	0	0	0	0	0	0	0	0	0	0	0	0	0	0	0	0	0	0	0	0	0	0	
0	0	0	0	0	0	0	0	0	0	0	0	0	0	0	0	0	0	0	0	0	0	0	0	0	0	0	0	0	0	0	0	0	0	0	0	
0.0176867	0.0144733	0.00828667	0.00762	0.0280467	0.00547333	0.00510667	0.00944	0.01064	0.00273333	0.0232933	0.0114	1.33333e-05	0	0.0480533	0	0	0	0	0	0.0327533	0.00206	0.00604	0.00721333	0.0262333	0.00454	0.00320667	0.0140867	0.00778667	0.00377333	0.0268533	0.00965333	0.0109267	0.00687333	0.00502	0.0252467	
0	0	0	0	0	0	0	0	0	0	0	0	0	0	0	0	0	0	0	0	0	0	0	0	0	0	0	0	0	0	0	0	0	0	0	0	
0.352447	0.29214	0.167193	0.140153	0.60186	0.0862	0.082	0.181873	0.100907	0.0253133	0.717953	0.10776	0.0002	0	0.951733	0	0	0	0	0	0.62186	0.0444533	0.122467	0.163153	0.469333	0.11634	0.06822	0.29804	0.183133	0.0845	0.459947	0.224353	0.215573	0.13746	0.0998067	0.499093	
0.240693	0.198367	0.114427	0.101127	0.392093	0.0657733	0.0622533	0.134493	0.0799867	0.0202667	0.46916	0.0852	0.000173333	0	0.65444	0	0	0.0327533	0	0.62186	0	0	0	0	0.33444	0.0691133	0.0383133	0.212747	0.134113	0.06198	0.295667	0.162853	0.150827	0.09522	0.06888	0.339687	
0.0172733	0.0145867	0.00797333	0.00668	0.0316733	0.00366	0.00375333	0.00742667	0.00488667	0.00115333	0.0357467	0.00472667	0	0	0.0465133	0	0	0.00206	0	0.0444533	0	0	0	0	0.02728	0.00522	0.00362	0.0103933	0.00764	0.00345333	0.0260933	0.00932667	0.00999333	0.00672	0.00477333	0.0250267	
0.04848	0.0400067	0.02244	0.01758	0.0866	0.0100933	0.00942	0.0223933	0.01258	0.00319333	0.0988467	0.0138867	2e-05	0	0.128487	0	0	0.00604	0	0.122467	0	0	0	0	0.0756067	0.0147733	0.00949333	0.0286333	0.0204533	0.00914	0.0740067	0.0249067	0.0278733	0.0183133	0.0135267	0.0687933	
0.0636867	0.0536533	0.03064	0.0223867	0.11954	0.0121467	0.01168	0.027	0.0140933	0.00343333	0.137493	0.0153467	2e-05	0	0.170347	0	0	0.00721333	0	0.163153	0	0	0	0	0.05824	0.0317733	0.02	0.0603533	0.0287133	0.0137	0.0910333	0.03692	0.0378067	0.02408	0.0176467	0.0908333	
0.180887	0.149847	0.0856067	0.0792267	0.283013	0.05374	0.0514267	0.107387	0.0728133	0.01798	0.32724	0.0775333	0.000106667	0	0.49546	0	0	0.0262333	0	0.469333	0.33444	0.02728	0.0756067	0.05824	0	0	0	0	0.0838533	0.0388667	0.270287	0.10256	0.109233	0.06962	0.05138	0.265333	
0.04596	0.0378467	0.0214067	0.0156667	0.0879733	0.00802667	0.00752	0.01736	0.00754	0.00200667	0.1032	0.00813333	2.66667e-05	0	0.120853	0	0	0.00454	0	0.11634	0.0691133	0.00522	0.0147733	0.0317733	0	0	0	0	0.0347933	0.0156133	0.02764	0.0428333	0.0295267	0.01948	0.0136933	0.05818	
0.0263467	0.0223933	0.0128533	0.00983333	0.0489267	0.00538667	0.00518667	0.0119267	0.00546667	0.00156667	0.05864	0.00575333	1.33333e-05	0	0.0714133	0	0	0.00320667	0	0.06822	0.0383133	0.00362	0.00949333	0.02	0	0	0	0	0.01322	0.00622	0.03592	0.0160667	0.0171133	0.01004	0.0073	0.0369733	
0.11694	0.0965267	0.0556133	0.0430467	0.209993	0.02452	0.0229733	0.05464	0.0257267	0.00649333	0.252167	0.02774	6.66667e-05	0	0.31206	0	0	0.0140867	0	0.29804	0.212747	0.0103933	0.0286333	0.0603533	0	0	0	0	0.0590533	0.0275733	0.152953	0.0725467	0.0706267	0.0451933	0.0324533	0.163853	
0.07268	0.0592067	0.03476	0.0242733	0.13828	0.0129133	0.0114267	0.0283	0.0123333	0.00348667	0.16148	0.01362	3.33333e-05	0	0.190887	0	0	0.00778667	0	0.183133	0.134113	0.00764	0.0204533	0.0287133	0.0838533	0.0347933	0.01322	0.0590533	0	0	0	0	0.04924	0.0324	0.0232733	0.0860067	
0.0339733	0.02822	0.0153533	0.0107267	0.0642	0.00597333	0.00561333	0.0124867	0.00554	0.00140667	0.0749733	0.00635333	2.66667e-05	0	0.0882467	0	0	0.00377333	0	0.0845	0.06198	0.00345333	0.00914	0.0137	0.0388667	0.0156133	0.00622	0.0275733	0	0	0	0	0.0235533	0.0150267	0.01086	0.0388333	
0.175293	0.14584	0.0830267	0.08264	0.25816	0.05804	0.0555267	0.115073	0.0778067	0.01912	0.307647	0.0822267	0.0001	0	0.4867	0	0	0.0268533	0	0.459947	0.295667	0.0260933	0.0740067	0.0910333	0.270287	0.02764	0.03592	0.152953	0	0	0	0	0.0916	0.0579467	0.0428067	0.294447	
0.0881867	0.0733467	0.04234	0.0301333	0.169267	0.0147467	0.01454	0.0354533	0.0158667	0.00403333	0.197147	0.01696	5.33333e-05	0	0.233953	0	0	0.00965333	0	0.224353	0.162853	0.00932667	0.0249067	0.03692	0.10256	0.0428333	0.0160667	0.0725467	0	0	0	0	0.0621067	0.03896	0.0278867	0.105053	
0.0842933	0.0695267	0.0401533	0.0325267	0.146973	0.01978	0.0183067	0.04144	0.0232667	0.00598	0.172007	0.0252467	6e-05	0	0.22644	0	0	0.0109267	0	0.215573	0.150827	0.00999333	0.0278733	0.0378067	0.109233	0.0295267	0.0171133	0.0706267	0.04924	0.0235533	0.0916	0.0621067	0	0	0	0	
0.0534933	0.0445533	0.0260333	0.0202533	0.0932133	0.0126733	0.0118133	0.0266333	0.0150733	0.00365333	0.109313	0.0162933	6.66667e-06	0	0.144327	0	0	0.00687333	0	0.13746	0.09522	0.00672	0.0183133	0.02408	0.06962	0.01948	0.01004	0.0451933	0.0324	0.0150267	0.0579467	0.03896	0	0	0	0	
0.0390467	0.0318133	0.0185667	0.0154	0.06766	0.0093	0.00895333	0.0189133	0.01092	0.00261333	0.0796933	0.0116	0	0	0.104827	0	0	0.00502	0	0.0998067	0.06888	0.00477333	0.0135267	0.0176467	0.05138	0.0136933	0.0073	0.0324533	0.0232733	0.01086	0.0428067	0.0278867	0	0	0	0	
0.1933	0.16072	0.0907267	0.0795933	0.32206	0.04992	0.0480333	0.104327	0.0622867	0.0158	0.380233	0.06602	0.000146667	0	0.524193	0	0	0.0252467	0	0.499093	0.339687	0.0250267	0.0687933	0.0908333	0.265333	0.05818	0.0369733	0.163853	0.0860067	0.0388333	0.294447	0.105053	0	0	0	0	
