0	0	0	0	0.243587	0.03186	0.0298	0.0636667	0.0405067	0.0111	0.27374	0.0435667	0.000106667	0	0.368807	0	0	0.0183467	0	0.350567	0.23982	0.0168333	0.04648	0.06578	0.18144	0.0456267	0.02716	0.114687	0.0702133	0.0331267	0.177673	0.0879	0.0841333	0.0541267	0.0386933	0.19196	
0	0	0	0	0.220693	0.02016	0.02034	0.0423267	0.03204	0.0076	0.229707	0.0341733	6e-05	0	0.30346	0	0	0.0146733	0	0.288847	0.19626	0.0143333	0.0385533	0.0543733	0.14616	0.0378533	0.02248	0.0970267	0.0598267	0.0271333	0.14308	0.07348	0.0695133	0.0443733	0.0312733	0.15836	
0	0	0	0	0.117473	0.0144667	0.01428	0.0315	0.0196067	0.00484	0.133413	0.01986	5.33333e-05	0	0.177667	0	0	0.00825333	0	0.169467	0.115153	0.00806667	0.02356	0.03094	0.0868	0.02214	0.0132067	0.0555733	0.03432	0.0157667	0.0854733	0.04216	0.0402867	0.0257733	0.0188533	0.0928067	
0	0	0	0	0.0457133	0.02564	0.0248733	0.05362	0.0205867	0.00522667	0.102293	0.02174	5.33333e-05	0	0.149793	0	0	0.00830667	0	0.14154	0.102153	0.00654667	0.0175867	0.02356	0.0808733	0.0154467	0.00989333	0.0436333	0.0237	0.01092	0.0845667	0.03066	0.0334	0.0207667	0.0154533	0.0802267	
0.243587	0.220693	0.117473	0.0457133	0	0	0	0	0.05522	0.01354	0.500773	0.0579333	0.00018	0	0.627287	0	0	0.0283467	0	0.59912	0.389453	0.0306533	0.0847267	0.122633	0.280347	0.0882733	0.0496667	0.20918	0.13668	0.0628667	0.258513	0.169407	0.146	0.0933533	0.06718	0.320933	
0.03186	0.02016	0.0144667	0.02564	0	0	0	0	0.0176933	0.00478	0.0503	0.0193533	2e-05	0	0.0921067	0	0	0.00586667	0	0.08626	0.06644	0.00365333	0.01006	0.0119733	0.0548467	0.00730667	0.00562667	0.0243467	0.0121267	0.00594	0.0589733	0.0150867	0.0199733	0.0122133	0.00909333	0.0508467	
0.0298	0.02034	0.01428	0.0248733	0	0	0	0	0.01748	0.00481333	0.0484667	0.0185333	3.33333e-05	0	0.08926	0	0	0.00572667	0	0.0835667	0.0636133	0.00371333	0.00994	0.0120267	0.0525133	0.00760667	0.00514667	0.0240267	0.01128	0.00539333	0.0583333	0.0142867	0.0193667	0.0125533	0.00866	0.0487133	
0.0636667	0.0423267	0.0315	0.05362	0	0	0	0	0.0223467	0.00563333	0.139613	0.02352	4e-05	0	0.191073	0	0	0.00964	0	0.181473	0.13388	0.00776	0.0214533	0.02802	0.107567	0.01788	0.0123	0.0533667	0.0279733	0.0127467	0.114973	0.03542	0.0419933	0.02692	0.01934	0.10286	
0.0405067	0.03204	0.0196067	0.0205867	0.05522	0.0176933	0.01748	0.0223467	0	0	0	0	2e-05	0	0.11272	0	0	0.01162	0	0.10112	0.08058	0.00474	0.01236	0.01506	0.0730867	0.00748	0.00562667	0.0265467	0.0127467	0.00586667	0.0779133	0.0162133	0.0239	0.0156467	0.01124	0.0619533	
0.0111	0.0076	0.00484	0.00522667	0.01354	0.00478	0.00481333	0.00563333	0	0	0	0	0	0	0.0287667	0	0	0.00313333	0	0.0256333	0.0205533	0.00118	0.00332	0.00371333	0.0187667	0.00166	0.00157333	0.00676667	0.00322667	0.00118	0.02036	0.004	0.00607333	0.00395333	0.00276667	0.0159733	
0.27374	0.229707	0.133413	0.102293	0.500773	0.0503	0.0484667	0.139613	0	0	0	0	0.00022	0	0.738933	0	0	0.02182	0	0.717333	0.466147	0.03516	0.09762	0.140227	0.326247	0.103607	0.0596133	0.249687	0.158787	0.0734867	0.30916	0.19772	0.17176	0.10958	0.0790267	0.378787	
0.0435667	0.0341733	0.01986	0.02174	0.0579333	0.0193533	0.0185333	0.02352	0	0	0	0	3.33333e-05	0	0.119307	0	0	0.0130067	0	0.106333	0.0861067	0.0047	0.01288	0.0156533	0.0771733	0.00832	0.00592667	0.02792	0.0133	0.00641333	0.08336	0.0162667	0.0256	0.01586	0.01124	0.06664	
0.000106667	6e-05	5.33333e-05	5.33333e-05	0.00018	2e-05	3.33333e-05	4e-05	2e-05	0	0.00022	3.33333e-05	0	0	0	0	0	6.66667e-06	0	0.000266667	0.00018	2e-05	2e-05	5.33333e-05	0.000113333	4e-05	3.33333e-05	8.66667e-05	8.66667e-05	2.66667e-05	0.0001	6e-05	6.66667e-05	2.66667e-05	4e-05	0.00014	
0	0	0	0	0	0	0	0	0	0	0	0	0	0	0	0	0	0	0	0	0	0	0	0	0	0	0	0	0	0	0	0	0	0	0	0	
0.368807	0.30346	0.177667	0.149793	0.627287	0.0921067	0.08926	0.191073	0.11272	0.0287667	0.738933	0.119307	0	0	0	0	0	0.0495733	0	0.950153	0.653207	0.04576	0.12616	0.1746	0.49516	0.121027	0.0727067	0.310833	0.187973	0.08692	0.490693	0.23414	0.227267	0.145013	0.104233	0.523213	
0	0	0	0	0	0	0	0	0	0	0	0	0	0	0	0	0	0	0	0	0	0	0	0	0	0	0	0	0	0	0	0	0	0	0	0	
0	0	0	0	0	0	0	0	0	0	0	0	0	0	0	0	0	0	0	0	0	0	0	0	0	0	0	0	0	0	0	0	0	0	0	0	
0.0183467	0.0146733	0.00825333	0.00830667	0.0283467	0.00586667	0.00572667	0.00964	0.01162	0.00313333	0.02182	0.0130067	6.66667e-06	0	0.0495733	0	0	0	0	0	0.0342133	0.00196	0.00580667	0.0076	0.0271933	0.00508	0.00309333	0.0142133	0.00806	0.00366667	0.0278333	0.01002	0.01074	0.00696	0.00512667	0.0267533	
0	0	0	0	0	0	0	0	0	0	0	0	0	0	0	0	0	0	0	0	0	0	0	0	0	0	0	0	0	0	0	0	0	0	0	0	
0.350567	0.288847	0.169467	0.14154	0.59912	0.08626	0.0835667	0.181473	0.10112	0.0256333	0.717333	0.106333	0.000266667	0	0.950153	0	0	0	0	0	0.619173	0.04382	0.120373	0.167053	0.46808	0.115987	0.0696467	0.296707	0.18	0.08328	0.46296	0.22418	0.216593	0.13808	0.0991467	0.4966	
0.23982	0.19626	0.115153	0.102153	0.389453	0.06644	0.0636133	0.13388	0.08058	0.0205533	0.466147	0.0861067	0.00018	0	0.653207	0	0	0.0342133	0	0.619173	0	0	0	0	0.33332	0.0695	0.0389733	0.211593	0.130933	0.0607867	0.297613	0.164053	0.15014	0.09628	0.0692267	0.33774	
0.0168333	0.0143333	0.00806667	0.00654667	0.0306533	0.00365333	0.00371333	0.00776	0.00474	0.00118	0.03516	0.0047	2e-05	0	0.04576	0	0	0.00196	0	0.04382	0	0	0	0	0.0271333	0.00512	0.00366	0.00986667	0.00702667	0.00332667	0.0265	0.00892667	0.0101333	0.00669333	0.00449333	0.02446	
0.04648	0.0385533	0.02356	0.0175867	0.0847267	0.01006	0.00994	0.0214533	0.01236	0.00332	0.09762	0.01288	2e-05	0	0.12616	0	0	0.00580667	0	0.120373	0	0	0	0	0.0747667	0.01502	0.00911333	0.02728	0.0203	0.00930667	0.0718933	0.02468	0.02782	0.0178533	0.0128267	0.06768	
0.06578	0.0543733	0.03094	0.02356	0.122633	0.0119733	0.0120267	0.02802	0.01506	0.00371333	0.140227	0.0156533	5.33333e-05	0	0.1746	0	0	0.0076	0	0.167053	0	0	0	0	0.0600533	0.0314267	0.0209933	0.06218	0.0298	0.0135267	0.0947867	0.03654	0.03924	0.0242133	0.0177267	0.0934733	
0.18144	0.14616	0.0868	0.0808733	0.280347	0.0548467	0.0525133	0.107567	0.0730867	0.0187667	0.326247	0.0771733	0.000113333	0	0.49516	0	0	0.0271933	0	0.46808	0.33332	0.0271333	0.0747667	0.0600533	0	0	0	0	0.0828733	0.0379867	0.271867	0.102547	0.11138	0.0703667	0.0503867	0.26314	
0.0456267	0.0378533	0.02214	0.0154467	0.0882733	0.00730667	0.00760667	0.01788	0.00748	0.00166	0.103607	0.00832	4e-05	0	0.121027	0	0	0.00508	0	0.115987	0.0695	0.00512	0.01502	0.0314267	0	0	0	0	0.03432	0.01538	0.0285933	0.0427733	0.02862	0.0189867	0.0141867	0.0592733	
0.02716	0.02248	0.0132067	0.00989333	0.0496667	0.00562667	0.00514667	0.0123	0.00562667	0.00157333	0.0596133	0.00592667	3.33333e-05	0	0.0727067	0	0	0.00309333	0	0.0696467	0.0389733	0.00366	0.00911333	0.0209933	0	0	0	0	0.0130333	0.00596	0.0374267	0.01632	0.0167533	0.01046	0.00737333	0.0381533	
0.114687	0.0970267	0.0555733	0.0436333	0.20918	0.0243467	0.0240267	0.0533667	0.0265467	0.00676667	0.249687	0.02792	8.66667e-05	0	0.310833	0	0	0.0142133	0	0.296707	0.211593	0.00986667	0.02728	0.06218	0	0	0	0	0.0578333	0.02762	0.152907	0.07256	0.07058	0.0452267	0.0323267	0.162787	
0.0702133	0.0598267	0.03432	0.0237	0.13668	0.0121267	0.01128	0.0279733	0.0127467	0.00322667	0.158787	0.0133	8.66667e-05	0	0.187973	0	0	0.00806	0	0.18	0.130933	0.00702667	0.0203	0.0298	0.0828733	0.03432	0.0130333	0.0578333	0	0	0	0	0.0495133	0.0316067	0.0219933	0.0849467	
0.0331267	0.0271333	0.0157667	0.01092	0.0628667	0.00594	0.00539333	0.0127467	0.00586667	0.00118	0.0734867	0.00641333	2.66667e-05	0	0.08692	0	0	0.00366667	0	0.08328	0.0607867	0.00332667	0.00930667	0.0135267	0.0379867	0.01538	0.00596	0.02762	0	0	0	0	0.0228467	0.01488	0.01052	0.0387	
0.177673	0.14308	0.0854733	0.0845667	0.258513	0.0589733	0.0583333	0.114973	0.0779133	0.02036	0.30916	0.08336	0.0001	0	0.490693	0	0	0.0278333	0	0.46296	0.297613	0.0265	0.0718933	0.0947867	0.271867	0.0285933	0.0374267	0.152907	0	0	0	0	0.09384	0.05876	0.0428933	0.2953	
0.0879	0.07348	0.04216	0.03066	0.169407	0.0150867	0.0142867	0.03542	0.0162133	0.004	0.19772	0.0162667	6e-05	0	0.23414	0	0	0.01002	0	0.22418	0.164053	0.00892667	0.02468	0.03654	0.102547	0.0427733	0.01632	0.07256	0	0	0	0	0.0611333	0.0397933	0.0288667	0.104407	
0.0841333	0.0695133	0.0402867	0.0334	0.146	0.0199733	0.0193667	0.0419933	0.0239	0.00607333	0.17176	0.0256	6.66667e-05	0	0.227267	0	0	0.01074	0	0.216593	0.15014	0.0101333	0.02782	0.03924	0.11138	0.02862	0.0167533	0.07058	0.0495133	0.0228467	0.09384	0.0611333	0	0	0	0	
0.0541267	0.0443733	0.0257733	0.0207667	0.0933533	0.0122133	0.0125533	0.02692	0.0156467	0.00395333	0.10958	0.01586	2.66667e-05	0	0.145013	0	0	0.00696	0	0.13808	0.09628	0.00669333	0.0178533	0.0242133	0.0703667	0.0189867	0.01046	0.0452267	0.0316067	0.01488	0.05876	0.0397933	0	0	0	0	
0.0386933	0.0312733	0.0188533	0.0154533	0.06718	0.00909333	0.00866	0.01934	0.01124	0.00276667	0.0790267	0.01124	4e-05	0	0.104233	0	0	0.00512667	0	0.0991467	0.0692267	0.00449333	0.0128267	0.0177267	0.0503867	0.0141867	0.00737333	0.0323267	0.0219933	0.01052	0.0428933	0.0288667	0	0	0	0	
0.19196	0.15836	0.0928067	0.0802267	0.320933	0.0508467	0.0487133	0.10286	0.0619533	0.0159733	0.378787	0.06664	0.00014	0	0.523213	0	0	0.0267533	0	0.4966	0.33774	0.02446	0.06768	0.0934733	0.26314	0.0592733	0.0381533	0.162787	0.0849467	0.0387	0.2953	0.104407	0	0	0	0	
