0	0	0	0	0.24474	0.0308067	0.0295067	0.0654	0.0410867	0.01056	0.275627	0.04318	0.000113333	0	0.37034	0	0	0.01812	0	0.352333	0.241927	0.01666	0.0476267	0.06424	0.182393	0.0456333	0.02756	0.114867	0.0709067	0.0329533	0.178513	0.08808	0.0834867	0.0537067	0.0382	0.19506	
0	0	0	0	0.21946	0.0204933	0.0189133	0.0429733	0.0314333	0.00786667	0.228447	0.0340933	0.000106667	0	0.301733	0	0	0.01438	0	0.28746	0.19522	0.0141933	0.03922	0.0532067	0.14526	0.0378267	0.0225133	0.09624	0.0590867	0.0273667	0.141807	0.07358	0.0683467	0.0445067	0.03156	0.157427	
0	0	0	0	0.11732	0.01496	0.0143467	0.0312467	0.0199467	0.00479333	0.132427	0.0207067	7.33333e-05	0	0.1778	0	0	0.00846667	0	0.169407	0.116733	0.00804667	0.02298	0.0301133	0.08792	0.0217667	0.0128867	0.0553	0.0341467	0.0161067	0.0860933	0.0415267	0.0402933	0.02628	0.0181467	0.0931533	
0	0	0	0	0.0455467	0.0255867	0.0247933	0.0539067	0.02044	0.00494667	0.10246	0.0219867	1.33333e-05	0	0.14982	0	0	0.00769333	0	0.14214	0.102853	0.00605333	0.0185867	0.02234	0.0813667	0.0159333	0.00988	0.0426533	0.02408	0.0116	0.08432	0.0298333	0.03276	0.0210467	0.0153133	0.0807133	
0.24474	0.21946	0.11732	0.0455467	0	0	0	0	0.0550933	0.01348	0.500247	0.0582467	0.000193333	0	0.626873	0	0	0.0274733	0	0.599593	0.391047	0.0303267	0.0862333	0.11946	0.281587	0.08854	0.04954	0.2074	0.13742	0.0644333	0.25586	0.169353	0.145193	0.09378	0.0670467	0.321047	
0.0308067	0.0204933	0.01496	0.0255867	0	0	0	0	0.0186333	0.00470667	0.0494067	0.0191	2.66667e-05	0	0.09182	0	0	0.00592	0	0.0859267	0.0661933	0.00357333	0.0101267	0.0119533	0.0554333	0.00768667	0.00543333	0.0232933	0.012	0.00550667	0.06028	0.01406	0.01904	0.01252	0.00931333	0.0509733	
0.0295067	0.0189133	0.0143467	0.0247933	0	0	0	0	0.01756	0.00448667	0.0468267	0.0186867	3.33333e-05	0	0.0875267	0	0	0.00588	0	0.08168	0.0632133	0.00345333	0.00953333	0.01136	0.0520267	0.00698667	0.00529333	0.0232533	0.01082	0.00502	0.05772	0.014	0.0190333	0.0119267	0.00826	0.04834	
0.0654	0.0429733	0.0312467	0.0539067	0	0	0	0	0.02162	0.00549333	0.14248	0.0239333	5.33333e-05	0	0.193473	0	0	0.00938667	0	0.18414	0.13628	0.0076	0.02252	0.0271267	0.107893	0.0179467	0.0125733	0.0551133	0.02798	0.0130667	0.116873	0.0356067	0.04162	0.0273133	0.0186	0.105993	
0.0410867	0.0314333	0.0199467	0.02044	0.0550933	0.0186333	0.01756	0.02162	0	0	0	0	5.33333e-05	0	0.112853	0	0	0.0124267	0	0.10048	0.0813267	0.00446667	0.0128267	0.0142867	0.0735333	0.00708667	0.0061	0.0261867	0.01276	0.00594667	0.0782	0.016	0.0238467	0.01476	0.01058	0.06372	
0.01056	0.00786667	0.00479333	0.00494667	0.01348	0.00470667	0.00448667	0.00549333	0	0	0	0	1.33333e-05	0	0.0281533	0	0	0.00292	0	0.0252467	0.0198	0.00122667	0.00342	0.00372	0.0183533	0.00198667	0.00152	0.00630667	0.00306	0.00138	0.0196	0.00412667	0.00587333	0.00376	0.00301333	0.01552	
0.275627	0.228447	0.132427	0.10246	0.500247	0.0494067	0.0468267	0.14248	0	0	0	0	0.000193333	0	0.738767	0	0	0.02064	0	0.71832	0.469667	0.0341133	0.0983	0.13688	0.326893	0.10382	0.0589133	0.249333	0.15892	0.0745867	0.308513	0.19694	0.17032	0.110993	0.0777733	0.379873	
0.04318	0.0340933	0.0207067	0.0219867	0.0582467	0.0191	0.0186867	0.0239333	0	0	0	0	4.66667e-05	0	0.11992	0	0	0.0126733	0	0.107293	0.08594	0.00514667	0.0138667	0.0150133	0.07816	0.00826667	0.00630667	0.0272333	0.01348	0.00611333	0.08442	0.0159533	0.0248467	0.0160267	0.0118533	0.06724	
0.000113333	0.000106667	7.33333e-05	1.33333e-05	0.000193333	2.66667e-05	3.33333e-05	5.33333e-05	5.33333e-05	1.33333e-05	0.000193333	4.66667e-05	0	0	0	0	0	3.33333e-05	0	0.000273333	0.00022	1.33333e-05	5.33333e-05	2e-05	0.000153333	4.66667e-05	2.66667e-05	8e-05	6.66667e-05	2.66667e-05	0.000146667	6.66667e-05	8.66667e-05	4.66667e-05	2.66667e-05	0.000146667	
0	0	0	0	0	0	0	0	0	0	0	0	0	0	0	0	0	0	0	0	0	0	0	0	0	0	0	0	0	0	0	0	0	0	0	0	
0.37034	0.301733	0.1778	0.14982	0.626873	0.09182	0.0875267	0.193473	0.112853	0.0281533	0.738767	0.11992	0	0	0	0	0	0.0486267	0	0.951067	0.656513	0.04494	0.12836	0.16988	0.496787	0.121113	0.0728133	0.30898	0.188153	0.088	0.490587	0.232953	0.2248	0.145493	0.103193	0.526207	
0	0	0	0	0	0	0	0	0	0	0	0	0	0	0	0	0	0	0	0	0	0	0	0	0	0	0	0	0	0	0	0	0	0	0	0	
0	0	0	0	0	0	0	0	0	0	0	0	0	0	0	0	0	0	0	0	0	0	0	0	0	0	0	0	0	0	0	0	0	0	0	0	
0.01812	0.01438	0.00846667	0.00769333	0.0274733	0.00592	0.00588	0.00938667	0.0124267	0.00292	0.02064	0.0126733	3.33333e-05	0	0.0486267	0	0	0	0	0	0.0331333	0.00208	0.00604667	0.0074	0.0276667	0.00448	0.00305333	0.01346	0.00752667	0.00332	0.0284	0.00941333	0.0105667	0.00691333	0.00494	0.02624	
0	0	0	0	0	0	0	0	0	0	0	0	0	0	0	0	0	0	0	0	0	0	0	0	0	0	0	0	0	0	0	0	0	0	0	0	
0.352333	0.28746	0.169407	0.14214	0.599593	0.0859267	0.08168	0.18414	0.10048	0.0252467	0.71832	0.107293	0.000273333	0	0.951067	0	0	0	0	0	0.6236	0.0428733	0.122367	0.1625	0.469273	0.11668	0.0697867	0.2956	0.180693	0.0847067	0.462333	0.223607	0.21432	0.138627	0.09828	0.500113	
0.241927	0.19522	0.116733	0.102853	0.391047	0.0661933	0.0632133	0.13628	0.0813267	0.0198	0.469667	0.08594	0.00022	0	0.656513	0	0	0.0331333	0	0.6236	0	0	0	0	0.33622	0.07002	0.03892	0.211573	0.131113	0.06234	0.298673	0.164607	0.14978	0.0967733	0.0679733	0.342207	
0.01666	0.0141933	0.00804667	0.00605333	0.0303267	0.00357333	0.00345333	0.0076	0.00446667	0.00122667	0.0341133	0.00514667	1.33333e-05	0	0.04494	0	0	0.00208	0	0.0428733	0	0	0	0	0.0268	0.00534667	0.00357333	0.00923333	0.00686	0.0032	0.02606	0.00883333	0.00988667	0.00636	0.00434667	0.02436	
0.0476267	0.03922	0.02298	0.0185867	0.0862333	0.0101267	0.00953333	0.02252	0.0128267	0.00342	0.0983	0.0138667	5.33333e-05	0	0.12836	0	0	0.00604667	0	0.122367	0	0	0	0	0.0754933	0.0148133	0.00988	0.0282267	0.0204333	0.0095	0.0744533	0.0240267	0.0274867	0.0181933	0.0135467	0.0691867	
0.06424	0.0532067	0.0301133	0.02234	0.11946	0.0119533	0.01136	0.0271267	0.0142867	0.00372	0.13688	0.0150133	2e-05	0	0.16988	0	0	0.0074	0	0.1625	0	0	0	0	0.0584267	0.03098	0.0204667	0.0600267	0.0298133	0.0129867	0.0915467	0.0355533	0.0377333	0.0242133	0.0173533	0.0906	
0.182393	0.14526	0.08792	0.0813667	0.281587	0.0554333	0.0520267	0.107893	0.0735333	0.0183533	0.326893	0.07816	0.000153333	0	0.496787	0	0	0.0276667	0	0.469273	0.33622	0.0268	0.0754933	0.0584267	0	0	0	0	0.0822933	0.0390267	0.272733	0.102887	0.110027	0.0702667	0.0501467	0.2665	
0.0456333	0.0378267	0.0217667	0.0159333	0.08854	0.00768667	0.00698667	0.0179467	0.00708667	0.00198667	0.10382	0.00826667	4.66667e-05	0	0.121113	0	0	0.00448	0	0.11668	0.07002	0.00534667	0.0148133	0.03098	0	0	0	0	0.03466	0.016	0.0281533	0.0423467	0.0295133	0.0191067	0.0139467	0.0585933	
0.02756	0.0225133	0.0128867	0.00988	0.04954	0.00543333	0.00529333	0.0125733	0.0061	0.00152	0.0589133	0.00630667	2.66667e-05	0	0.0728133	0	0	0.00305333	0	0.0697867	0.03892	0.00357333	0.00988	0.0204667	0	0	0	0	0.0129467	0.00606	0.0377333	0.0161	0.0163467	0.0108	0.00738	0.0383133	
0.114867	0.09624	0.0553	0.0426533	0.2074	0.0232933	0.0232533	0.0551133	0.0261867	0.00630667	0.249333	0.0272333	8e-05	0	0.30898	0	0	0.01346	0	0.2956	0.211573	0.00923333	0.0282267	0.0600267	0	0	0	0	0.05832	0.02694	0.152113	0.0716867	0.069	0.0453667	0.0317467	0.162947	
0.0709067	0.0590867	0.0341467	0.02408	0.13742	0.012	0.01082	0.02798	0.01276	0.00306	0.15892	0.01348	6.66667e-05	0	0.188153	0	0	0.00752667	0	0.180693	0.131113	0.00686	0.0204333	0.0298133	0.0822933	0.03466	0.0129467	0.05832	0	0	0	0	0.0491267	0.0322133	0.0221533	0.0847267	
0.0329533	0.0273667	0.0161067	0.0116	0.0644333	0.00550667	0.00502	0.0130667	0.00594667	0.00138	0.0745867	0.00611333	2.66667e-05	0	0.088	0	0	0.00332	0	0.0847067	0.06234	0.0032	0.0095	0.0129867	0.0390267	0.016	0.00606	0.02694	0	0	0	0	0.0229533	0.0146533	0.0101467	0.0402733	
0.178513	0.141807	0.0860933	0.08432	0.25586	0.06028	0.05772	0.116873	0.0782	0.0196	0.308513	0.08442	0.000146667	0	0.490587	0	0	0.0284	0	0.462333	0.298673	0.02606	0.0744533	0.0915467	0.272733	0.0281533	0.0377333	0.152113	0	0	0	0	0.0917267	0.05958	0.0432733	0.296153	
0.08808	0.07358	0.0415267	0.0298333	0.169353	0.01406	0.014	0.0356067	0.016	0.00412667	0.19694	0.0159533	6.66667e-05	0	0.232953	0	0	0.00941333	0	0.223607	0.164607	0.00883333	0.0240267	0.0355533	0.102887	0.0423467	0.0161	0.0716867	0	0	0	0	0.06108	0.0390933	0.0276467	0.1052	
0.0834867	0.0683467	0.0402933	0.03276	0.145193	0.01904	0.0190333	0.04162	0.0238467	0.00587333	0.17032	0.0248467	8.66667e-05	0	0.2248	0	0	0.0105667	0	0.21432	0.14978	0.00988667	0.0274867	0.0377333	0.110027	0.0295133	0.0163467	0.069	0.0491267	0.0229533	0.0917267	0.06108	0	0	0	0	
0.0537067	0.0445067	0.02628	0.0210467	0.09378	0.01252	0.0119267	0.0273133	0.01476	0.00376	0.110993	0.0160267	4.66667e-05	0	0.145493	0	0	0.00691333	0	0.138627	0.0967733	0.00636	0.0181933	0.0242133	0.0702667	0.0191067	0.0108	0.0453667	0.0322133	0.0146533	0.05958	0.0390933	0	0	0	0	
0.0382	0.03156	0.0181467	0.0153133	0.0670467	0.00931333	0.00826	0.0186	0.01058	0.00301333	0.0777733	0.0118533	2.66667e-05	0	0.103193	0	0	0.00494	0	0.09828	0.0679733	0.00434667	0.0135467	0.0173533	0.0501467	0.0139467	0.00738	0.0317467	0.0221533	0.0101467	0.0432733	0.0276467	0	0	0	0	
0.19506	0.157427	0.0931533	0.0807133	0.321047	0.0509733	0.04834	0.105993	0.06372	0.01552	0.379873	0.06724	0.000146667	0	0.526207	0	0	0.02624	0	0.500113	0.342207	0.02436	0.0691867	0.0906	0.2665	0.0585933	0.0383133	0.162947	0.0847267	0.0402733	0.296153	0.1052	0	0	0	0	
