0	0	0	0	0.245887	0.03088	0.0295933	0.06438	0.0412267	0.0100333	0.27614	0.04334	9.33333e-05	0	0.370647	0	0	0.0181133	0	0.352627	0.24082	0.0173867	0.0474	0.0651333	0.183247	0.0452333	0.0272667	0.114993	0.0706267	0.0330267	0.180533	0.0865533	0.0834333	0.0530333	0.0390533	0.19522	
0	0	0	0	0.221647	0.0205267	0.0190933	0.0430267	0.0322533	0.00815333	0.229927	0.03396	8e-05	0	0.304213	0	0	0.0147933	0	0.2895	0.19596	0.01362	0.0404333	0.05428	0.146947	0.0385067	0.02246	0.09638	0.0608933	0.0274467	0.142093	0.07386	0.06874	0.0447	0.03248	0.158373	
0	0	0	0	0.116453	0.0152533	0.01406	0.0313133	0.0193867	0.00491333	0.132307	0.0204733	8.66667e-05	0	0.176993	0	0	0.00886667	0	0.168213	0.1155	0.00804	0.0228	0.03074	0.0879133	0.0211533	0.0131867	0.0548267	0.0335333	0.0160933	0.0852067	0.0422467	0.0400867	0.0265867	0.0182867	0.09212	
0	0	0	0	0.0446533	0.0254733	0.02476	0.053	0.01976	0.005	0.101727	0.0214	4.66667e-05	0	0.14784	0	0	0.00813333	0	0.139753	0.101553	0.00674667	0.0173133	0.0222733	0.0798867	0.0155533	0.00953333	0.0429133	0.0244	0.0111667	0.08302	0.0293	0.0324	0.0208067	0.0151667	0.0795133	
0.245887	0.221647	0.116453	0.0446533	0	0	0	0	0.05442	0.0139333	0.502407	0.05788	0.000213333	0	0.628427	0	0	0.0278133	0	0.600827	0.38958	0.0311	0.08634	0.12162	0.281347	0.08852	0.0503333	0.20844	0.13786	0.06384	0.25784	0.1691	0.14514	0.0937	0.0683133	0.321487	
0.03088	0.0205267	0.0152533	0.0254733	0	0	0	0	0.01888	0.00444	0.0495267	0.0192867	2.66667e-05	0	0.0921067	0	0	0.00642	0	0.0857133	0.0664333	0.00360667	0.00992	0.0121733	0.05568	0.00716	0.00506667	0.0242267	0.0119533	0.00555333	0.0599933	0.0146333	0.0192867	0.01286	0.00915333	0.0508333	
0.0295933	0.0190933	0.01406	0.02476	0	0	0	0	0.0174467	0.00435333	0.0469067	0.0188	1.33333e-05	0	0.0874933	0	0	0.00602	0	0.0814867	0.0627333	0.00337333	0.00967333	0.0117267	0.0523467	0.00723333	0.00496	0.0229667	0.0113067	0.00536667	0.0569733	0.01386	0.0185867	0.01202	0.00839333	0.0485067	
0.06438	0.0430267	0.0313133	0.053	0	0	0	0	0.02188	0.00537333	0.14126	0.0232067	5.33333e-05	0	0.191667	0	0	0.00965333	0	0.182067	0.135087	0.00771333	0.0220133	0.0269067	0.10862	0.0175333	0.0120867	0.05348	0.0283333	0.0129733	0.116047	0.0343667	0.0416467	0.0265467	0.0191267	0.1044	
0.0412267	0.0322533	0.0193867	0.01976	0.05442	0.01888	0.0174467	0.02188	0	0	0	0	0	0	0.112627	0	0	0.0125533	0	0.100073	0.0808667	0.00433333	0.01268	0.0147467	0.0736467	0.00727333	0.00606	0.0256467	0.01332	0.00576667	0.0785533	0.0149867	0.0234667	0.01522	0.0112933	0.0626467	
0.0100333	0.00815333	0.00491333	0.005	0.0139333	0.00444	0.00435333	0.00537333	0	0	0	0	0	0	0.0281	0	0	0.00312667	0	0.0249733	0.0201	0.00112	0.00320667	0.00367333	0.0184133	0.00186	0.00146	0.00636667	0.00312667	0.0015	0.0197467	0.00372667	0.00531333	0.00375333	0.00262	0.0164133	
0.27614	0.229927	0.132307	0.101727	0.502407	0.0495267	0.0469067	0.14126	0	0	0	0	0.000286667	0	0.739813	0	0	0.02086	0	0.71924	0.46728	0.0352467	0.0988533	0.13872	0.327693	0.103587	0.0589467	0.249873	0.159767	0.0744933	0.3094	0.19644	0.170973	0.110007	0.07944	0.37968	
0.04334	0.03396	0.0204733	0.0214	0.05788	0.0192867	0.0188	0.0232067	0	0	0	0	2e-05	0	0.119153	0	0	0.0133667	0	0.105807	0.0855867	0.00509333	0.0132067	0.0152867	0.07824	0.00772667	0.00598	0.0272267	0.01324	0.00597333	0.0831533	0.0168067	0.0249067	0.0161467	0.0116333	0.0664867	
9.33333e-05	8e-05	8.66667e-05	4.66667e-05	0.000213333	2.66667e-05	1.33333e-05	5.33333e-05	0	0	0.000286667	2e-05	0	0	0	0	0	6.66667e-06	0	0.0003	0.000193333	6.66667e-06	4e-05	6.66667e-05	0.000113333	4e-05	3.33333e-05	0.00012	6e-05	3.33333e-05	0.000113333	0.0001	6e-05	6e-05	2.66667e-05	0.00016	
0	0	0	0	0	0	0	0	0	0	0	0	0	0	0	0	0	0	0	0	0	0	0	0	0	0	0	0	0	0	0	0	0	0	0	0	
0.370647	0.304213	0.176993	0.14784	0.628427	0.0921067	0.0874933	0.191667	0.112627	0.0281	0.739813	0.119153	0	0	0	0	0	0.0499	0	0.949793	0.65364	0.0457867	0.127907	0.17236	0.49788	0.120407	0.0724133	0.308993	0.189393	0.0877	0.49074	0.23186	0.2246	0.145067	0.10496	0.525067	
0	0	0	0	0	0	0	0	0	0	0	0	0	0	0	0	0	0	0	0	0	0	0	0	0	0	0	0	0	0	0	0	0	0	0	0	
0	0	0	0	0	0	0	0	0	0	0	0	0	0	0	0	0	0	0	0	0	0	0	0	0	0	0	0	0	0	0	0	0	0	0	0	
0.0181133	0.0147933	0.00886667	0.00813333	0.0278133	0.00642	0.00602	0.00965333	0.0125533	0.00312667	0.02086	0.0133667	6.66667e-06	0	0.0499	0	0	0	0	0	0.0338667	0.0022	0.00608667	0.00775333	0.0282267	0.00498	0.00315333	0.0135467	0.00778	0.00350667	0.0292667	0.00935333	0.0109333	0.00706667	0.00494	0.0269667	
0	0	0	0	0	0	0	0	0	0	0	0	0	0	0	0	0	0	0	0	0	0	0	0	0	0	0	0	0	0	0	0	0	0	0	0	
0.352627	0.2895	0.168213	0.139753	0.600827	0.0857133	0.0814867	0.182067	0.100073	0.0249733	0.71924	0.105807	0.0003	0	0.949793	0	0	0	0	0	0.619967	0.0435933	0.12186	0.164673	0.469767	0.115467	0.0692933	0.295567	0.181673	0.0842267	0.461587	0.222607	0.213727	0.13806	0.100047	0.49826	
0.24082	0.19596	0.1155	0.101553	0.38958	0.0664333	0.0627333	0.135087	0.0808667	0.0201	0.46728	0.0855867	0.000193333	0	0.65364	0	0	0.0338667	0	0.619967	0	0	0	0	0.336887	0.0691867	0.0386933	0.209067	0.132873	0.0611533	0.297493	0.162313	0.147993	0.0963	0.0696867	0.339853	
0.0173867	0.01362	0.00804	0.00674667	0.0311	0.00360667	0.00337333	0.00771333	0.00433333	0.00112	0.0352467	0.00509333	6.66667e-06	0	0.0457867	0	0	0.0022	0	0.0435933	0	0	0	0	0.02692	0.0052	0.00342	0.0102533	0.00718	0.0034	0.02608	0.00913333	0.0103	0.00638	0.00442667	0.0246867	
0.0474	0.0404333	0.0228	0.0173133	0.08634	0.00992	0.00967333	0.0220133	0.01268	0.00320667	0.0988533	0.0132067	4e-05	0	0.127907	0	0	0.00608667	0	0.12186	0	0	0	0	0.0761267	0.0143	0.00963333	0.0278867	0.0202467	0.00939333	0.0734133	0.0248933	0.02788	0.01814	0.0131533	0.0687733	
0.0651333	0.05428	0.03074	0.0222733	0.12162	0.0121733	0.0117267	0.0269067	0.0147467	0.00367333	0.13872	0.0152867	6.66667e-05	0	0.17236	0	0	0.00775333	0	0.164673	0	0	0	0	0.05806	0.03176	0.0207	0.0619067	0.0291533	0.0137867	0.0938667	0.03562	0.0384867	0.0243067	0.01772	0.0919133	
0.183247	0.146947	0.0879133	0.0798867	0.281347	0.05568	0.0523467	0.10862	0.0736467	0.0184133	0.327693	0.07824	0.000113333	0	0.49788	0	0	0.0282267	0	0.469767	0.336887	0.02692	0.0761267	0.05806	0	0	0	0	0.0833533	0.03768	0.27458	0.10238	0.109407	0.0711467	0.05114	0.2663	
0.0452333	0.0385067	0.0211533	0.0155533	0.08852	0.00716	0.00723333	0.0175333	0.00727333	0.00186	0.103587	0.00772667	4e-05	0	0.120407	0	0	0.00498	0	0.115467	0.0691867	0.0052	0.0143	0.03176	0	0	0	0	0.0347867	0.0160733	0.0269067	0.04268	0.0293	0.0191467	0.0137333	0.0582667	
0.0272667	0.02246	0.0131867	0.00953333	0.0503333	0.00506667	0.00496	0.0120867	0.00606	0.00146	0.0589467	0.00598	3.33333e-05	0	0.0724133	0	0	0.00315333	0	0.0692933	0.0386933	0.00342	0.00963333	0.0207	0	0	0	0	0.01304	0.00636667	0.0372867	0.0157533	0.0165	0.0104	0.00740667	0.03814	
0.114993	0.09638	0.0548267	0.0429133	0.20844	0.0242267	0.0229667	0.05348	0.0256467	0.00636667	0.249873	0.0272267	0.00012	0	0.308993	0	0	0.0135467	0	0.295567	0.209067	0.0102533	0.0278867	0.0619067	0	0	0	0	0.0582733	0.0276133	0.15208	0.0711467	0.0694533	0.0444333	0.0327067	0.16252	
0.0706267	0.0608933	0.0335333	0.0244	0.13786	0.0119533	0.0113067	0.0283333	0.01332	0.00312667	0.159767	0.01324	6e-05	0	0.189393	0	0	0.00778	0	0.181673	0.132873	0.00718	0.0202467	0.0291533	0.0833533	0.0347867	0.01304	0.0582733	0	0	0	0	0.04986	0.03174	0.0228067	0.0850467	
0.0330267	0.0274467	0.0160933	0.0111667	0.06384	0.00555333	0.00536667	0.0129733	0.00576667	0.0015	0.0744933	0.00597333	3.33333e-05	0	0.0877	0	0	0.00350667	0	0.0842267	0.0611533	0.0034	0.00939333	0.0137867	0.03768	0.0160733	0.00636667	0.0276133	0	0	0	0	0.0226	0.01472	0.011	0.0394133	
0.180533	0.142093	0.0852067	0.08302	0.25784	0.0599933	0.0569733	0.116047	0.0785533	0.0197467	0.3094	0.0831533	0.000113333	0	0.49074	0	0	0.0292667	0	0.461587	0.297493	0.02608	0.0734133	0.0938667	0.27458	0.0269067	0.0372867	0.15208	0	0	0	0	0.0916533	0.0589867	0.0431667	0.297047	
0.0865533	0.07386	0.0422467	0.0293	0.1691	0.0146333	0.01386	0.0343667	0.0149867	0.00372667	0.19644	0.0168067	0.0001	0	0.23186	0	0	0.00935333	0	0.222607	0.162313	0.00913333	0.0248933	0.03562	0.10238	0.04268	0.0157533	0.0711467	0	0	0	0	0.0605467	0.03968	0.0280133	0.10372	
0.0834333	0.06874	0.0400867	0.0324	0.14514	0.0192867	0.0185867	0.0416467	0.0234667	0.00531333	0.170973	0.0249067	6e-05	0	0.2246	0	0	0.0109333	0	0.213727	0.147993	0.0103	0.02788	0.0384867	0.109407	0.0293	0.0165	0.0694533	0.04986	0.0226	0.0916533	0.0605467	0	0	0	0	
0.0530333	0.0447	0.0265867	0.0208067	0.0937	0.01286	0.01202	0.0265467	0.01522	0.00375333	0.110007	0.0161467	6e-05	0	0.145067	0	0	0.00706667	0	0.13806	0.0963	0.00638	0.01814	0.0243067	0.0711467	0.0191467	0.0104	0.0444333	0.03174	0.01472	0.0589867	0.03968	0	0	0	0	
0.0390533	0.03248	0.0182867	0.0151667	0.0683133	0.00915333	0.00839333	0.0191267	0.0112933	0.00262	0.07944	0.0116333	2.66667e-05	0	0.10496	0	0	0.00494	0	0.100047	0.0696867	0.00442667	0.0131533	0.01772	0.05114	0.0137333	0.00740667	0.0327067	0.0228067	0.011	0.0431667	0.0280133	0	0	0	0	
0.19522	0.158373	0.09212	0.0795133	0.321487	0.0508333	0.0485067	0.1044	0.0626467	0.0164133	0.37968	0.0664867	0.00016	0	0.525067	0	0	0.0269667	0	0.49826	0.339853	0.0246867	0.0687733	0.0919133	0.2663	0.0582667	0.03814	0.16252	0.0850467	0.0394133	0.297047	0.10372	0	0	0	0	
