0	0	0	0	0.224215	0.0443692	0.0392308	0.0523231	0.0427769	0.0129	0.270915	0.0335462	0.00153846	0.000823077	0.356754	0.00102308	0.00114615	0.00684615	0.000730769	0.351415	0.204585	0.0248	0.108492	0.0222615	0.2377	0.0381769	0.0265769	0.0576846	0.0607615	0.0210538	0.242815	0.0355077	0.0961077	0.0512615	0.0453615	0.167408	
0	0	0	0	0.252769	0.0287308	0.0250154	0.0343308	0.0367077	0.0108846	0.265223	0.0280308	0.00156923	0.000992308	0.3373	0.000984615	0.00106923	0.00606154	0.000630769	0.333085	0.193023	0.0239462	0.101954	0.0219231	0.219946	0.0381154	0.0261692	0.0566154	0.0609308	0.0212923	0.223692	0.0349308	0.0940615	0.0484077	0.0458769	0.1525	
0	0	0	0	0.111623	0.0214385	0.0194077	0.0255	0.0209154	0.00628462	0.134262	0.0165077	0.000815385	0.000453846	0.176138	0.000561538	0.000584615	0.00334615	0.000323077	0.173715	0.0995692	0.0127538	0.0540231	0.0116231	0.1178	0.0190538	0.0131538	0.0279615	0.0304923	0.0105077	0.120392	0.0165769	0.0475923	0.0253308	0.0222385	0.0828077	
0	0	0	0	0.0291385	0.0301923	0.0270308	0.0346846	0.0190769	0.0057	0.0816615	0.0146077	0.000569231	0.000284615	0.119746	0.000446154	0.000469231	0.00226154	0.000215385	0.1181	0.0672385	0.00865385	0.0376538	0.0075	0.0862385	0.0103692	0.00733846	0.0171	0.0152385	0.00557692	0.0911308	0.0091	0.0298846	0.0152154	0.0134308	0.0625154	
0.224215	0.252769	0.111623	0.0291385	0	0	0	0	0.0508538	0.0152	0.512369	0.0393231	0.00281538	0.00153077	0.611508	0.00189231	0.00186923	0.0112077	0.00116923	0.6035	0.356485	0.0433462	0.178508	0.0394077	0.376323	0.0791231	0.0514615	0.110838	0.128646	0.0445615	0.370508	0.0740308	0.176177	0.0968769	0.0876385	0.257054	
0.0443692	0.0287308	0.0214385	0.0301923	0	0	0	0	0.0308231	0.00930769	0.0598538	0.0247462	0.0005	0.000392308	0.123392	0.000446154	0.000515385	0.00246923	0.000223077	0.121523	0.0674077	0.0094	0.0404923	0.00743077	0.0931692	0.00845385	0.00694615	0.0161615	0.0115923	0.004	0.102554	0.00658462	0.0275538	0.0133769	0.0119231	0.0718769	
0.0392308	0.0250154	0.0194077	0.0270308	0	0	0	0	0.0173462	0.00519231	0.0746	0.0135462	0.000492308	0.000276923	0.1096	0.000315385	0.000423077	0.00201538	0.000161538	0.108085	0.0601	0.00751538	0.0356231	0.00744615	0.0823462	0.00781538	0.0066	0.0139231	0.0113846	0.00434615	0.0885692	0.00638462	0.0269846	0.0127077	0.0119846	0.0590077	
0.0523231	0.0343308	0.0255	0.0346846	0	0	0	0	0.0204538	0.00606923	0.105238	0.0150769	0.000684615	0.000353846	0.145438	0.000361538	0.000461538	0.00282308	0.000346154	0.143208	0.0804231	0.00989231	0.0475	0.00902308	0.109846	0.0103231	0.00823077	0.0184385	0.0158	0.00552308	0.1164	0.00911538	0.0369308	0.0172538	0.0153615	0.0772923	
0.0427769	0.0367077	0.0209154	0.0190769	0.0508538	0.0308231	0.0173462	0.0204538	0	0	0	0	0.000530769	0.000330769	0.118162	0.000453846	0.000492308	0.00231538	0.000207692	0.116462	0.0652385	0.00883077	0.0378692	0.00753846	0.0849923	0.00920769	0.00821538	0.0170615	0.0114846	0.00382308	0.0979462	0.00622308	0.0215077	0.0106692	0.0093	0.078	
0.0129	0.0108846	0.00628462	0.0057	0.0152	0.00930769	0.00519231	0.00606923	0	0	0	0	0.000184615	6.92308e-05	0.0353846	0.000130769	0.000123077	0.000730769	0.000107692	0.0348077	0.0193846	0.00261538	0.0115308	0.00223846	0.0257	0.00262308	0.00222308	0.00522308	0.00333846	0.00115385	0.0294308	0.00184615	0.00618462	0.0028	0.00296154	0.0238231	
0.270915	0.265223	0.134262	0.0816615	0.512369	0.0598538	0.0746	0.105238	0	0	0	0	0.00343846	0.00187692	0.744646	0.0021	0.00242308	0.0137692	0.00146923	0.7344	0.429208	0.0521462	0.223062	0.0476462	0.484808	0.0867462	0.0570154	0.123492	0.144085	0.0503154	0.474738	0.0829231	0.223223	0.118915	0.108054	0.301869	
0.0335462	0.0280308	0.0165077	0.0146077	0.0393231	0.0247462	0.0135462	0.0150769	0	0	0	0	0.000338462	0.000276923	0.0917462	0.000330769	0.000230769	0.0017	0.000115385	0.0906462	0.0505846	0.00656154	0.0296615	0.00588462	0.0661846	0.00713846	0.00578462	0.0135846	0.00851538	0.00313846	0.0759154	0.00512308	0.0167308	0.00783077	0.00659231	0.0615385	
0.00153846	0.00156923	0.000815385	0.000569231	0.00281538	0.0005	0.000492308	0.000684615	0.000530769	0.000184615	0.00343846	0.000338462	0	0	0	0	2.30769e-05	0.000107692	0	0.00436154	0.0024	0.000346154	0.00132308	0.000423077	0.00302308	0.000523077	0.000307692	0.000638462	0.000715385	0.000292308	0.00305385	0.000430769	0.00126923	0.000576923	0.000576923	0.00206923	
0.000823077	0.000992308	0.000453846	0.000284615	0.00153077	0.000392308	0.000276923	0.000353846	0.000330769	6.92308e-05	0.00187692	0.000276923	0	0	0	0	1.53846e-05	6.15385e-05	0	0.00247692	0.00146154	0.000246154	0.0007	0.000146154	0.00159231	0.0003	0.0002	0.000461538	0.000476923	0.000169231	0.00162308	0.000284615	0.000692308	0.000430769	0.000292308	0.00113846	
0.356754	0.3373	0.176138	0.119746	0.611508	0.123392	0.1096	0.145438	0.118162	0.0353846	0.744646	0.0917462	0	0	0	0	0.00321538	0.0183077	0.00189231	0.966523	0.558846	0.0694077	0.2991	0.0625846	0.654985	0.104654	0.0724538	0.157846	0.165746	0.0578154	0.671238	0.0951385	0.264738	0.138823	0.125685	0.460692	
0.00102308	0.000984615	0.000561538	0.000446154	0.00189231	0.000446154	0.000315385	0.000361538	0.000453846	0.000130769	0.0021	0.000330769	0	0	0	0	1.53846e-05	3.84615e-05	7.69231e-06	0.00295385	0.00170769	0.000153846	0.001	0.000153846	0.00208462	0.000238462	0.000276923	0.000415385	0.000484615	0.000153846	0.00211538	0.000261538	0.000946154	0.000384615	0.000353846	0.00133077	
0.00114615	0.00106923	0.000584615	0.000469231	0.00186923	0.000515385	0.000423077	0.000461538	0.000492308	0.000123077	0.00242308	0.000230769	2.30769e-05	1.53846e-05	0.00321538	1.53846e-05	0	0	0	0	0.0018	0.000223077	0.00102308	0.000223077	0.00233846	0.000284615	0.000207692	0.000438462	0.000546154	0.000153846	0.00227692	0.000292308	0.000738462	0.0005	0.000430769	0.0016	
0.00684615	0.00606154	0.00334615	0.00226154	0.0112077	0.00246923	0.00201538	0.00282308	0.00231538	0.000730769	0.0137692	0.0017	0.000107692	6.15385e-05	0.0183077	3.84615e-05	0	0	0	0	0.0105615	0.00113077	0.00566154	0.00116154	0.0121769	0.00196154	0.00139231	0.00298462	0.00278462	0.000969231	0.0130231	0.00173846	0.00485385	0.00253846	0.00249231	0.00863077	
0.000730769	0.000630769	0.000323077	0.000215385	0.00116923	0.000223077	0.000161538	0.000346154	0.000207692	0.000107692	0.00146923	0.000115385	0	0	0.00189231	7.69231e-06	0	0	0	0	0.00103077	0.000146154	0.0006	0.000123077	0.00127692	0.000215385	0.000115385	0.000292308	0.000353846	7.69231e-05	0.0013	0.000169231	0.000546154	0.000253846	0.000261538	0.000838462	
0.351415	0.333085	0.173715	0.1181	0.6035	0.121523	0.108085	0.143208	0.116462	0.0348077	0.7344	0.0906462	0.00436154	0.00247692	0.966523	0.00295385	0	0	0	0	0.551023	0.0686538	0.294838	0.0618	0.645892	0.103254	0.0715231	0.155646	0.163738	0.0572308	0.661431	0.0939154	0.261508	0.136923	0.123723	0.454162	
0.204585	0.193023	0.0995692	0.0672385	0.356485	0.0674077	0.0601	0.0804231	0.0652385	0.0193846	0.429208	0.0505846	0.0024	0.00146154	0.558846	0.00170769	0.0018	0.0105615	0.00103077	0.551023	0	0	0	0	0.340654	0.0747615	0.0474462	0.101554	0.123938	0.0432154	0.3267	0.0705615	0.1637	0.0907385	0.0824462	0.227531	
0.0248	0.0239462	0.0127538	0.00865385	0.0433462	0.0094	0.00751538	0.00989231	0.00883077	0.00261538	0.0521462	0.00656154	0.000346154	0.000246154	0.0694077	0.000153846	0.000223077	0.00113077	0.000146154	0.0686538	0	0	0	0	0.0442462	0.00671538	0.00576154	0.0134308	0.00764615	0.00264615	0.0556077	0.00425385	0.0173923	0.00794615	0.00717692	0.0376385	
0.108492	0.101954	0.0540231	0.0376538	0.178508	0.0404923	0.0356231	0.0475	0.0378692	0.0115308	0.223062	0.0296615	0.00132308	0.0007	0.2991	0.001	0.00102308	0.00566154	0.0006	0.294838	0	0	0	0	0.240869	0.0167077	0.0138231	0.0307231	0.0285462	0.0101077	0.246469	0.017	0.0712	0.0342846	0.0304846	0.166154	
0.0222615	0.0219231	0.0116231	0.0075	0.0394077	0.00743077	0.00744615	0.00902308	0.00753846	0.00223846	0.0476462	0.00588462	0.000423077	0.000146154	0.0625846	0.000153846	0.000223077	0.00116154	0.000123077	0.0618	0	0	0	0	0.0359154	0.00753077	0.00620769	0.0136538	0.00729231	0.00246154	0.0492538	0.0043	0.0153538	0.00724615	0.0068	0.0339077	
0.2377	0.219946	0.1178	0.0862385	0.376323	0.0931692	0.0823462	0.109846	0.0849923	0.0257	0.484808	0.0661846	0.00302308	0.00159231	0.654985	0.00208462	0.00233846	0.0121769	0.00127692	0.645892	0.340654	0.0442462	0.240869	0.0359154	0	0	0	0	0.0908231	0.0299	0.491292	0.0496692	0.173792	0.0871385	0.0783308	0.322423	
0.0381769	0.0381154	0.0190538	0.0103692	0.0791231	0.00845385	0.00781538	0.0103231	0.00920769	0.00262308	0.0867462	0.00713846	0.000523077	0.0003	0.104654	0.000238462	0.000284615	0.00196154	0.000215385	0.103254	0.0747615	0.00671538	0.0167077	0.00753077	0	0	0	0	0.0370308	0.0122769	0.0366385	0.0197692	0.0298385	0.0194846	0.0174538	0.0389385	
0.0265769	0.0261692	0.0131538	0.00733846	0.0514615	0.00694615	0.0066	0.00823077	0.00821538	0.00222308	0.0570154	0.00578462	0.000307692	0.0002	0.0724538	0.000276923	0.000207692	0.00139231	0.000115385	0.0715231	0.0474462	0.00576154	0.0138231	0.00620769	0	0	0	0	0.0142	0.00482308	0.0459923	0.00822308	0.0200692	0.0108308	0.00986923	0.0324692	
0.0576846	0.0566154	0.0279615	0.0171	0.110838	0.0161615	0.0139231	0.0184385	0.0170615	0.00522308	0.123492	0.0135846	0.000638462	0.000461538	0.157846	0.000415385	0.000438462	0.00298462	0.000292308	0.155646	0.101554	0.0134308	0.0307231	0.0136538	0	0	0	0	0.0253692	0.0114308	0.104108	0.0184538	0.0439462	0.0227615	0.0212538	0.0714	
0.0607615	0.0609308	0.0304923	0.0152385	0.128646	0.0115923	0.0113846	0.0158	0.0114846	0.00333846	0.144085	0.00851538	0.000715385	0.000476923	0.165746	0.000484615	0.000546154	0.00278462	0.000353846	0.163738	0.123938	0.00764615	0.0285462	0.00729231	0.0908231	0.0370308	0.0142	0.0253692	0	0	0	0	0.0470154	0.0373538	0.0333615	0.0496923	
0.0210538	0.0212923	0.0105077	0.00557692	0.0445615	0.004	0.00434615	0.00552308	0.00382308	0.00115385	0.0503154	0.00313846	0.000292308	0.000169231	0.0578154	0.000153846	0.000153846	0.000969231	7.69231e-05	0.0572308	0.0432154	0.00264615	0.0101077	0.00246154	0.0299	0.0122769	0.00482308	0.0114308	0	0	0	0	0.0167769	0.0132154	0.0116385	0.0168	
0.242815	0.223692	0.120392	0.0911308	0.370508	0.102554	0.0885692	0.1164	0.0979462	0.0294308	0.474738	0.0759154	0.00305385	0.00162308	0.671238	0.00211538	0.00227692	0.0130231	0.0013	0.661431	0.3267	0.0556077	0.246469	0.0492538	0.491292	0.0366385	0.0459923	0.104108	0	0	0	0	0.176554	0.0678615	0.0622923	0.371323	
0.0355077	0.0349308	0.0165769	0.0091	0.0740308	0.00658462	0.00638462	0.00911538	0.00622308	0.00184615	0.0829231	0.00512308	0.000430769	0.000284615	0.0951385	0.000261538	0.000292308	0.00173846	0.000169231	0.0939154	0.0705615	0.00425385	0.017	0.0043	0.0496692	0.0197692	0.00822308	0.0184538	0	0	0	0	0.0273	0.0217846	0.0196154	0.0274154	
0.0961077	0.0940615	0.0475923	0.0298846	0.176177	0.0275538	0.0269846	0.0369308	0.0215077	0.00618462	0.223223	0.0167308	0.00126923	0.000692308	0.264738	0.000946154	0.000738462	0.00485385	0.000546154	0.261508	0.1637	0.0173923	0.0712	0.0153538	0.173792	0.0298385	0.0200692	0.0439462	0.0470154	0.0167769	0.176554	0.0273	0	0	0	0	
0.0512615	0.0484077	0.0253308	0.0152154	0.0968769	0.0133769	0.0127077	0.0172538	0.0106692	0.0028	0.118915	0.00783077	0.000576923	0.000430769	0.138823	0.000384615	0.0005	0.00253846	0.000253846	0.136923	0.0907385	0.00794615	0.0342846	0.00724615	0.0871385	0.0194846	0.0108308	0.0227615	0.0373538	0.0132154	0.0678615	0.0217846	0	0	0	0	
0.0453615	0.0458769	0.0222385	0.0134308	0.0876385	0.0119231	0.0119846	0.0153615	0.0093	0.00296154	0.108054	0.00659231	0.000576923	0.000292308	0.125685	0.000353846	0.000430769	0.00249231	0.000261538	0.123723	0.0824462	0.00717692	0.0304846	0.0068	0.0783308	0.0174538	0.00986923	0.0212538	0.0333615	0.0116385	0.0622923	0.0196154	0	0	0	0	
0.167408	0.1525	0.0828077	0.0625154	0.257054	0.0718769	0.0590077	0.0772923	0.078	0.0238231	0.301869	0.0615385	0.00206923	0.00113846	0.460692	0.00133077	0.0016	0.00863077	0.000838462	0.454162	0.227531	0.0376385	0.166154	0.0339077	0.322423	0.0389385	0.0324692	0.0714	0.0496923	0.0168	0.371323	0.0274154	0	0	0	0	
