0	0	0	0	0.225238	0.0441231	0.0379769	0.0514846	0.0417077	0.0124769	0.270923	0.0337154	0.00188462	0.00101538	0.354777	0.00114615	0.000907692	0.00663846	0.000576923	0.3507	0.204046	0.0247077	0.108169	0.0219	0.2374	0.038	0.0262077	0.0572154	0.0602692	0.0218538	0.241669	0.0350308	0.0953769	0.0511462	0.0460308	0.166269	
0	0	0	0	0.256815	0.0293385	0.0251	0.0325615	0.0364462	0.0107615	0.268308	0.0283	0.00163846	0.000923077	0.340162	0.00109231	0.00105385	0.0063	0.000638462	0.335823	0.195246	0.0234231	0.102777	0.0223692	0.221638	0.0393385	0.0265462	0.0562923	0.0630154	0.0218308	0.2232	0.0357692	0.0937308	0.0500231	0.0458923	0.154169	
0	0	0	0	0.111377	0.0224846	0.0189769	0.0256308	0.0214615	0.00656154	0.134246	0.0162	0.000746154	0.000423077	0.176708	0.000592308	0.000546154	0.00333846	0.000246154	0.174338	0.100777	0.0130538	0.0530308	0.0116077	0.116723	0.0191077	0.0129385	0.0297	0.0293154	0.0103923	0.121469	0.0172923	0.0478154	0.0251846	0.0224846	0.0829846	
0	0	0	0	0.0294154	0.0291692	0.0260385	0.0342692	0.0184615	0.00554615	0.0806923	0.0141923	0.000523077	0.000323077	0.117669	0.000376923	0.000446154	0.00198462	0.000276923	0.116185	0.0662846	0.00848462	0.0370154	0.00710769	0.0848769	0.0104692	0.00696923	0.0165769	0.0157385	0.00536154	0.0892308	0.00856154	0.0292846	0.0143538	0.0135923	0.0616615	
0.225238	0.256815	0.111377	0.0294154	0	0	0	0	0.0507923	0.0149308	0.516638	0.0404846	0.00310769	0.00153077	0.616269	0.00193846	0.00187692	0.0115923	0.00102308	0.608354	0.358915	0.0436923	0.179962	0.0402769	0.378508	0.0807308	0.051	0.112608	0.129362	0.0459154	0.372792	0.0747769	0.178362	0.0994615	0.0897154	0.255308	
0.0441231	0.0293385	0.0224846	0.0291692	0	0	0	0	0.0316308	0.00993077	0.0584077	0.0251462	0.000446154	0.000376923	0.123915	0.000376923	0.0003	0.00228462	0.0002	0.122331	0.0694462	0.00840769	0.0398	0.00746154	0.0947538	0.00796154	0.00708462	0.0153154	0.0116	0.00397692	0.102946	0.00659231	0.0272846	0.0123154	0.0109385	0.0745769	
0.0379769	0.0251	0.0189769	0.0260385	0	0	0	0	0.0173154	0.00516923	0.0724615	0.0131462	0.000523077	0.000253846	0.106946	0.000369231	0.000369231	0.00189231	0.000207692	0.105623	0.0593846	0.00754615	0.0348769	0.00628462	0.0807846	0.00771538	0.006	0.0135923	0.0110769	0.00389231	0.0868923	0.00623077	0.0250692	0.0119385	0.0118385	0.0592462	
0.0514846	0.0325615	0.0256308	0.0342692	0	0	0	0	0.0183385	0.00531538	0.106662	0.0136308	0.000715385	0.000523077	0.142185	0.000523077	0.000407692	0.00249231	0.000307692	0.140738	0.0786077	0.0100231	0.0463538	0.00896154	0.106592	0.0105077	0.00857692	0.0182692	0.0163	0.00565385	0.112938	0.00905385	0.0354923	0.0169923	0.0155077	0.0759538	
0.0417077	0.0364462	0.0214615	0.0184615	0.0507923	0.0316308	0.0173154	0.0183385	0	0	0	0	0.000546154	0.000361538	0.116808	0.000361538	0.000415385	0.00205385	0.000184615	0.115423	0.0665154	0.008	0.0367154	0.00684615	0.0855538	0.00859231	0.0075	0.0164308	0.0107	0.00388462	0.0975385	0.00595385	0.0213	0.00977692	0.00916154	0.0778385	
0.0124769	0.0107615	0.00656154	0.00554615	0.0149308	0.00993077	0.00516923	0.00531538	0	0	0	0	0.000161538	6.15385e-05	0.0350077	0.000115385	6.15385e-05	0.000746154	8.46154e-05	0.0344538	0.0195923	0.00248462	0.0109231	0.00234615	0.0261308	0.00237692	0.00222308	0.00461538	0.00346923	0.00102308	0.0289538	0.0019	0.00645385	0.00300769	0.0028	0.0230846	
0.270923	0.268308	0.134246	0.0806923	0.516638	0.0584077	0.0724615	0.106662	0	0	0	0	0.00373846	0.00195385	0.746115	0.00236154	0.0022	0.0140231	0.00132308	0.736623	0.429785	0.0526538	0.223862	0.0478692	0.481731	0.0894385	0.0571923	0.125808	0.145346	0.0514385	0.473385	0.084	0.221869	0.119977	0.109169	0.303154	
0.0337154	0.0283	0.0162	0.0141923	0.0404846	0.0251462	0.0131462	0.0136308	0	0	0	0	0.000346154	0.000307692	0.0913846	0.000369231	0.000276923	0.00143846	0.000146154	0.0905462	0.0504615	0.00653077	0.0294923	0.00592308	0.0672231	0.00650769	0.00574615	0.0129308	0.00882308	0.00309231	0.0756923	0.0048	0.0165846	0.00794615	0.00686923	0.0610077	
0.00188462	0.00163846	0.000746154	0.000523077	0.00310769	0.000446154	0.000523077	0.000715385	0.000546154	0.000161538	0.00373846	0.000346154	0	0	0	0	0	6.15385e-05	0	0.00473077	0.00267692	0.000330769	0.00149231	0.000292308	0.00314615	0.000546154	0.000338462	0.000761538	0.000776923	0.000346154	0.00313077	0.000538462	0.00123846	0.000661538	0.000507692	0.00238462	
0.00101538	0.000923077	0.000423077	0.000323077	0.00153077	0.000376923	0.000253846	0.000523077	0.000361538	6.15385e-05	0.00195385	0.000307692	0	0	0	0	0	2.30769e-05	7.69231e-06	0.00265385	0.00148462	0.000192308	0.000892308	0.000115385	0.00182308	0.000253846	0.000153846	0.000453846	0.000353846	0.000246154	0.00186923	0.000215385	0.000676923	0.000376923	0.0004	0.00123077	
0.354777	0.340162	0.176708	0.117669	0.616269	0.123915	0.106946	0.142185	0.116808	0.0350077	0.746115	0.0913846	0	0	0	0	0.00293846	0.0181	0.00173077	0.966546	0.560385	0.0689462	0.297615	0.0623692	0.653585	0.105692	0.0719538	0.158085	0.1667	0.0586077	0.668446	0.0955615	0.263423	0.139238	0.126762	0.459892	
0.00114615	0.00109231	0.000592308	0.000376923	0.00193846	0.000376923	0.000369231	0.000523077	0.000361538	0.000115385	0.00236154	0.000369231	0	0	0	0	1.53846e-05	7.69231e-05	0	0.00311538	0.00180769	0.0002	0.000992308	0.000207692	0.00208462	0.000423077	0.000215385	0.000484615	0.000507692	0.000238462	0.00212308	0.000338462	0.000869231	0.000430769	0.000330769	0.00157692	
0.000907692	0.00105385	0.000546154	0.000446154	0.00187692	0.0003	0.000369231	0.000407692	0.000415385	6.15385e-05	0.0022	0.000276923	0	0	0.00293846	1.53846e-05	0	0	0	0	0.00171538	0.000123077	0.000938462	0.000176923	0.00195385	0.000315385	0.0002	0.000484615	0.000476923	0.000169231	0.00207692	0.000230769	0.000953846	0.000423077	0.000238462	0.00133846	
0.00663846	0.0063	0.00333846	0.00198462	0.0115923	0.00228462	0.00189231	0.00249231	0.00205385	0.000746154	0.0140231	0.00143846	6.15385e-05	2.30769e-05	0.0181	7.69231e-05	0	0	0	0	0.0103231	0.00136923	0.00546154	0.00110769	0.0116385	0.00206923	0.00153077	0.00302308	0.00306923	0.0011	0.0122231	0.00186923	0.00483846	0.0027	0.00222308	0.0085	
0.000576923	0.000638462	0.000246154	0.000276923	0.00102308	0.0002	0.000207692	0.000307692	0.000184615	8.46154e-05	0.00132308	0.000146154	0	7.69231e-06	0.00173077	0	0	0	0	0	0.000984615	0.000130769	0.000561538	6.15385e-05	0.00116923	0.000184615	6.92308e-05	0.000315385	0.000292308	0.000107692	0.00121538	0.000123077	0.000361538	0.000361538	0.000223077	0.000792308	
0.3507	0.335823	0.174338	0.116185	0.608354	0.122331	0.105623	0.140738	0.115423	0.0344538	0.736623	0.0905462	0.00473077	0.00265385	0.966546	0.00311538	0	0	0	0	0.553331	0.0680462	0.294031	0.0616385	0.645877	0.104346	0.0708615	0.155962	0.1645	0.0580615	0.660054	0.0944308	0.260054	0.137223	0.125315	0.454454	
0.204046	0.195246	0.100777	0.0662846	0.358915	0.0694462	0.0593846	0.0786077	0.0665154	0.0195923	0.429785	0.0504615	0.00267692	0.00148462	0.560385	0.00180769	0.00171538	0.0103231	0.000984615	0.553331	0	0	0	0	0.341754	0.0759923	0.0471385	0.101469	0.124815	0.0439385	0.3257	0.0719	0.162646	0.0915462	0.0837308	0.228431	
0.0247077	0.0234231	0.0130538	0.00848462	0.0436923	0.00840769	0.00754615	0.0100231	0.008	0.00248462	0.0526538	0.00653077	0.000330769	0.000192308	0.0689462	0.0002	0.000123077	0.00136923	0.000130769	0.0680462	0	0	0	0	0.0446769	0.00682308	0.00563846	0.0125308	0.00744615	0.00246923	0.0555538	0.0042	0.0166154	0.00804615	0.00696923	0.0380385	
0.108169	0.102777	0.0530308	0.0370154	0.179962	0.0398	0.0348769	0.0463538	0.0367154	0.0109231	0.223862	0.0294923	0.00149231	0.000892308	0.297615	0.000992308	0.000938462	0.00546154	0.000561538	0.294031	0	0	0	0	0.241277	0.0161154	0.013	0.0306	0.0289154	0.0106	0.244838	0.0166385	0.0719308	0.0339154	0.0305846	0.164562	
0.0219	0.0223692	0.0116077	0.00710769	0.0402769	0.00746154	0.00628462	0.00896154	0.00684615	0.00234615	0.0478692	0.00592308	0.000292308	0.000115385	0.0623692	0.000207692	0.000176923	0.00110769	6.15385e-05	0.0616385	0	0	0	0	0.0329308	0.00798462	0.00688462	0.0151846	0.00716154	0.00243077	0.0494769	0.00391538	0.0150154	0.0072	0.00671538	0.0340538	
0.2374	0.221638	0.116723	0.0848769	0.378508	0.0947538	0.0807846	0.106592	0.0855538	0.0261308	0.481731	0.0672231	0.00314615	0.00182308	0.653585	0.00208462	0.00195385	0.0116385	0.00116923	0.645877	0.341754	0.0446769	0.241277	0.0329308	0	0	0	0	0.0918692	0.0302308	0.489154	0.0493846	0.172508	0.0867769	0.0782385	0.323115	
0.038	0.0393385	0.0191077	0.0104692	0.0807308	0.00796154	0.00771538	0.0105077	0.00859231	0.00237692	0.0894385	0.00650769	0.000546154	0.000253846	0.105692	0.000423077	0.000315385	0.00206923	0.000184615	0.104346	0.0759923	0.00682308	0.0161154	0.00798462	0	0	0	0	0.0385385	0.0124154	0.0350385	0.0209231	0.0297154	0.0200308	0.0176385	0.0395308	
0.0262077	0.0265462	0.0129385	0.00696923	0.051	0.00708462	0.006	0.00857692	0.0075	0.00222308	0.0571923	0.00574615	0.000338462	0.000153846	0.0719538	0.000215385	0.0002	0.00153077	6.92308e-05	0.0708615	0.0471385	0.00563846	0.013	0.00688462	0	0	0	0	0.0145077	0.00502308	0.0449923	0.00813846	0.0199615	0.0109077	0.0100231	0.0317692	
0.0572154	0.0562923	0.0297	0.0165769	0.112608	0.0153154	0.0135923	0.0182692	0.0164308	0.00461538	0.125808	0.0129308	0.000761538	0.000453846	0.158085	0.000484615	0.000484615	0.00302308	0.000315385	0.155962	0.101469	0.0125308	0.0306	0.0151846	0	0	0	0	0.0234231	0.0117692	0.106385	0.0182077	0.0440231	0.0229923	0.0221	0.0706692	
0.0602692	0.0630154	0.0293154	0.0157385	0.129362	0.0116	0.0110769	0.0163	0.0107	0.00346923	0.145346	0.00882308	0.000776923	0.000353846	0.1667	0.000507692	0.000476923	0.00306923	0.000292308	0.1645	0.124815	0.00744615	0.0289154	0.00716154	0.0918692	0.0385385	0.0145077	0.0234231	0	0	0	0	0.0468462	0.0380077	0.0342154	0.0492692	
0.0218538	0.0218308	0.0103923	0.00536154	0.0459154	0.00397692	0.00389231	0.00565385	0.00388462	0.00102308	0.0514385	0.00309231	0.000346154	0.000246154	0.0586077	0.000238462	0.000169231	0.0011	0.000107692	0.0580615	0.0439385	0.00246923	0.0106	0.00243077	0.0302308	0.0124154	0.00502308	0.0117692	0	0	0	0	0.0161846	0.0132385	0.0126308	0.0173846	
0.241669	0.2232	0.121469	0.0892308	0.372792	0.102946	0.0868923	0.112938	0.0975385	0.0289538	0.473385	0.0756923	0.00313077	0.00186923	0.668446	0.00212308	0.00207692	0.0122231	0.00121538	0.660054	0.3257	0.0555538	0.244838	0.0494769	0.489154	0.0350385	0.0449923	0.106385	0	0	0	0	0.176669	0.0676154	0.0616615	0.369623	
0.0350308	0.0357692	0.0172923	0.00856154	0.0747769	0.00659231	0.00623077	0.00905385	0.00595385	0.0019	0.084	0.0048	0.000538462	0.000215385	0.0955615	0.000338462	0.000230769	0.00186923	0.000123077	0.0944308	0.0719	0.0042	0.0166385	0.00391538	0.0493846	0.0209231	0.00813846	0.0182077	0	0	0	0	0.0265077	0.0218462	0.0194923	0.0288077	
0.0953769	0.0937308	0.0478154	0.0292846	0.178362	0.0272846	0.0250692	0.0354923	0.0213	0.00645385	0.221869	0.0165846	0.00123846	0.000676923	0.263423	0.000869231	0.000953846	0.00483846	0.000361538	0.260054	0.162646	0.0166154	0.0719308	0.0150154	0.172508	0.0297154	0.0199615	0.0440231	0.0468462	0.0161846	0.176669	0.0265077	0	0	0	0	
0.0511462	0.0500231	0.0251846	0.0143538	0.0994615	0.0123154	0.0119385	0.0169923	0.00977692	0.00300769	0.119977	0.00794615	0.000661538	0.000376923	0.139238	0.000430769	0.000423077	0.0027	0.000361538	0.137223	0.0915462	0.00804615	0.0339154	0.0072	0.0867769	0.0200308	0.0109077	0.0229923	0.0380077	0.0132385	0.0676154	0.0218462	0	0	0	0	
0.0460308	0.0458923	0.0224846	0.0135923	0.0897154	0.0109385	0.0118385	0.0155077	0.00916154	0.0028	0.109169	0.00686923	0.000507692	0.0004	0.126762	0.000330769	0.000238462	0.00222308	0.000223077	0.125315	0.0837308	0.00696923	0.0305846	0.00671538	0.0782385	0.0176385	0.0100231	0.0221	0.0342154	0.0126308	0.0616615	0.0194923	0	0	0	0	
0.166269	0.154169	0.0829846	0.0616615	0.255308	0.0745769	0.0592462	0.0759538	0.0778385	0.0230846	0.303154	0.0610077	0.00238462	0.00123077	0.459892	0.00157692	0.00133846	0.0085	0.000792308	0.454454	0.228431	0.0380385	0.164562	0.0340538	0.323115	0.0395308	0.0317692	0.0706692	0.0492692	0.0173846	0.369623	0.0288077	0	0	0	0	
