0	0	0	0	0.225808	0.0441769	0.0381231	0.0526231	0.0432154	0.0126692	0.271446	0.0334	0.00152308	0.000846154	0.357362	0.001	0.00112308	0.00646154	0.000576923	0.352569	0.202762	0.0254	0.109623	0.0229462	0.239669	0.0385154	0.0261923	0.0563538	0.0603923	0.0221	0.2422	0.0360385	0.0951154	0.0509231	0.0466615	0.168031	
0	0	0	0	0.2538	0.0285923	0.0255846	0.0334154	0.0357231	0.0107923	0.265708	0.0291692	0.00167692	0.000892308	0.337708	0.00111538	0.000930769	0.00605385	0.000676923	0.333731	0.194008	0.0236077	0.102369	0.0214077	0.219262	0.0387077	0.0270923	0.0563308	0.0609615	0.0216615	0.221569	0.0372	0.0925308	0.0502	0.0456231	0.153038	
0	0	0	0	0.111915	0.0212077	0.0198308	0.0257538	0.0215308	0.00634615	0.134192	0.0166385	0.0007	0.000392308	0.176985	0.000630769	0.000638462	0.00299231	0.000407692	0.174669	0.101723	0.0124231	0.0536769	0.0108846	0.117877	0.0190385	0.0132308	0.0285615	0.0310077	0.00996923	0.120308	0.0174231	0.0478462	0.0251769	0.0223077	0.0833769	
0	0	0	0	0.0291538	0.0296385	0.0261385	0.0342385	0.0185077	0.00554615	0.0808462	0.0142692	0.000569231	0.000284615	0.117892	0.000423077	0.000407692	0.00204615	0.000230769	0.116485	0.0662385	0.00866154	0.0365692	0.0077	0.0846692	0.0101538	0.00736154	0.0169846	0.0154462	0.00532308	0.0893538	0.00904615	0.0296769	0.0145308	0.0137231	0.0612385	
0.225808	0.2538	0.111915	0.0291538	0	0	0	0	0.0505308	0.0150846	0.515038	0.0400231	0.00279231	0.00146154	0.614623	0.0018	0.00198462	0.0109769	0.00127692	0.606438	0.358846	0.0430615	0.179846	0.0389231	0.378308	0.0801	0.0519308	0.110338	0.127885	0.0455769	0.370585	0.0766308	0.173808	0.0981692	0.0892769	0.259423	
0.0441769	0.0285923	0.0212077	0.0296385	0	0	0	0	0.0316154	0.00891538	0.0588923	0.0241923	0.000546154	0.000307692	0.122331	0.000430769	0.000376923	0.00205385	0.000161538	0.121023	0.0670154	0.00867692	0.0402769	0.00764615	0.0926308	0.00804615	0.00706923	0.0158692	0.0117692	0.00402308	0.100769	0.00705385	0.0280385	0.0126615	0.0115154	0.0714	
0.0381231	0.0255846	0.0198308	0.0261385	0	0	0	0	0.0173308	0.00533846	0.0733769	0.0136308	0.0005	0.000261538	0.108515	0.0004	0.000315385	0.00187692	0.000269231	0.107215	0.0595077	0.00796923	0.0352615	0.00693846	0.0815077	0.00812308	0.00626154	0.0137846	0.0116769	0.00427692	0.0869769	0.00674615	0.0272692	0.0126231	0.0117	0.0580846	
0.0526231	0.0334154	0.0257538	0.0342385	0	0	0	0	0.0195	0.00601538	0.104885	0.0156308	0.000630769	0.000384615	0.144477	0.000538462	0.000423077	0.00264615	0.000184615	0.142777	0.0793615	0.0103846	0.0468538	0.00943077	0.109031	0.0101462	0.00861538	0.0182385	0.0164769	0.00517692	0.1151	0.00927692	0.0360538	0.0173769	0.0158231	0.0767769	
0.0432154	0.0357231	0.0215308	0.0185077	0.0505308	0.0316154	0.0173308	0.0195	0	0	0	0	0.0005	0.000315385	0.117785	0.000376923	0.000423077	0.00211538	0.000192308	0.116246	0.0647077	0.0086	0.0380615	0.00760769	0.0851	0.00891538	0.00817692	0.0167846	0.0116462	0.0038	0.0971769	0.00635385	0.0208846	0.0102077	0.00873077	0.0791538	
0.0126692	0.0107923	0.00634615	0.00554615	0.0150846	0.00891538	0.00533846	0.00601538	0	0	0	0	0.000161538	9.23077e-05	0.0350077	9.23077e-05	0.000130769	0.000607692	6.15385e-05	0.0345538	0.0196231	0.00257692	0.0108615	0.00229231	0.0252615	0.00263077	0.00237692	0.00508462	0.00324615	0.00129231	0.0288077	0.00200769	0.00603077	0.00292308	0.00272308	0.0236769	
0.271446	0.265708	0.134192	0.0808462	0.515038	0.0588923	0.0733769	0.104885	0	0	0	0	0.00340769	0.00181538	0.7446	0.00236923	0.00232308	0.0130538	0.00146923	0.735346	0.429562	0.0520154	0.223623	0.0469923	0.484569	0.0873846	0.0572462	0.122992	0.143977	0.0509692	0.471331	0.0859154	0.221738	0.119269	0.109585	0.3016	
0.0334	0.0291692	0.0166385	0.0142692	0.0400231	0.0241923	0.0136308	0.0156308	0	0	0	0	0.0004	0.000192308	0.0925538	0.000330769	0.000223077	0.00177692	0.000169231	0.0913077	0.0508385	0.0069	0.0296923	0.00604615	0.0665462	0.00748462	0.00607692	0.0133692	0.00893846	0.00299231	0.0761154	0.00543077	0.0165154	0.00843077	0.00727692	0.0612538	
0.00152308	0.00167692	0.0007	0.000569231	0.00279231	0.000546154	0.0005	0.000630769	0.0005	0.000161538	0.00340769	0.0004	0	0	0	0	3.84615e-05	6.15385e-05	7.69231e-06	0.00436154	0.00241538	0.000346154	0.00141538	0.000292308	0.00289231	0.000530769	0.000392308	0.000653846	0.000684615	0.000215385	0.00313077	0.000438462	0.00116923	0.000438462	0.000546154	0.00231538	
0.000846154	0.000892308	0.000392308	0.000284615	0.00146154	0.000307692	0.000261538	0.000384615	0.000315385	9.23077e-05	0.00181538	0.000192308	0	0	0	0	2.30769e-05	5.38462e-05	7.69231e-06	0.00233077	0.00133846	0.000215385	0.000723077	0.000138462	0.00157692	0.000238462	0.000184615	0.000415385	0.000430769	0.000169231	0.00151538	0.0003	0.000646154	0.000407692	0.000307692	0.00105385	
0.357362	0.337708	0.176985	0.117892	0.614623	0.122331	0.108515	0.144477	0.117785	0.0350077	0.7446	0.0925538	0	0	0	0	0.00303077	0.0173846	0.00186923	0.967662	0.559277	0.0692923	0.299092	0.0622846	0.654846	0.105346	0.0730308	0.156723	0.166223	0.0585077	0.666577	0.0986385	0.262623	0.139454	0.127092	0.460777	
0.001	0.00111538	0.000630769	0.000423077	0.0018	0.000430769	0.0004	0.000538462	0.000376923	9.23077e-05	0.00236923	0.000330769	0	0	0	0	7.69231e-06	5.38462e-05	7.69231e-06	0.0031	0.0017	0.000238462	0.00100769	0.000223077	0.00216154	0.0003	0.000269231	0.000438462	0.000469231	0.000161538	0.00220769	0.000330769	0.000730769	0.000530769	0.000369231	0.00153846	
0.00112308	0.000930769	0.000638462	0.000407692	0.00198462	0.000376923	0.000315385	0.000423077	0.000423077	0.000130769	0.00232308	0.000223077	3.84615e-05	2.30769e-05	0.00303077	7.69231e-06	0	0	0	0	0.00163846	0.000176923	0.00104615	0.000238462	0.00210769	0.000292308	0.0002	0.0005	0.0005	0.000184615	0.00200769	0.000407692	0.000892308	0.000369231	0.000384615	0.00145385	
0.00646154	0.00605385	0.00299231	0.00204615	0.0109769	0.00205385	0.00187692	0.00264615	0.00211538	0.000607692	0.0130538	0.00177692	6.15385e-05	5.38462e-05	0.0173846	5.38462e-05	0	0	0	0	0.00973077	0.00129231	0.00531538	0.00121538	0.0116231	0.00195385	0.0014	0.00257692	0.00312308	0.000915385	0.0117615	0.00175385	0.00478462	0.00236154	0.00209231	0.00831538	
0.000576923	0.000676923	0.000407692	0.000230769	0.00127692	0.000161538	0.000269231	0.000184615	0.000192308	6.15385e-05	0.00146923	0.000169231	7.69231e-06	7.69231e-06	0.00186923	7.69231e-06	0	0	0	0	0.00100769	8.46154e-05	0.000669231	0.000130769	0.00120769	0.000207692	0.000153846	0.000323077	0.000415385	6.15385e-05	0.00120769	0.000207692	0.000484615	0.0003	0.000315385	0.000792308	
0.352569	0.333731	0.174669	0.116485	0.606438	0.121023	0.107215	0.142777	0.116246	0.0345538	0.735346	0.0913077	0.00436154	0.00233077	0.967662	0.0031	0	0	0	0	0.552354	0.0685385	0.295208	0.0613538	0.646538	0.103962	0.0721231	0.154831	0.163769	0.0578923	0.658454	0.0973385	0.259008	0.1378	0.125523	0.455123	
0.202762	0.194008	0.101723	0.0662385	0.358846	0.0670154	0.0595077	0.0793615	0.0647077	0.0196231	0.429562	0.0508385	0.00241538	0.00133846	0.559277	0.0017	0.00163846	0.00973077	0.00100769	0.552354	0	0	0	0	0.339208	0.0754769	0.0485923	0.101454	0.123131	0.0431769	0.325008	0.0734154	0.161538	0.0910846	0.0828154	0.229292	
0.0254	0.0236077	0.0124231	0.00866154	0.0430615	0.00867692	0.00796923	0.0103846	0.0086	0.00257692	0.0520154	0.0069	0.000346154	0.000215385	0.0692923	0.000238462	0.000176923	0.00129231	8.46154e-05	0.0685385	0	0	0	0	0.0439077	0.00705385	0.00566154	0.0134692	0.00793846	0.00281538	0.0548154	0.00452308	0.0168769	0.00802308	0.00726154	0.0379308	
0.109623	0.102369	0.0536769	0.0365692	0.179846	0.0402769	0.0352615	0.0468538	0.0380615	0.0108615	0.223623	0.0296923	0.00141538	0.000723077	0.299092	0.00100769	0.00104615	0.00531538	0.000669231	0.295208	0	0	0	0	0.2422	0.0166077	0.0136308	0.0298	0.0297538	0.0104462	0.2445	0.0175385	0.0717462	0.0345923	0.0313769	0.164523	
0.0229462	0.0214077	0.0108846	0.0077	0.0389231	0.00764615	0.00693846	0.00943077	0.00760769	0.00229231	0.0469923	0.00604615	0.000292308	0.000138462	0.0622846	0.000223077	0.000238462	0.00121538	0.000130769	0.0613538	0	0	0	0	0.0361615	0.00727692	0.00599231	0.0135077	0.00698462	0.00261538	0.0491077	0.00423077	0.0150077	0.00713077	0.00686154	0.0339385	
0.239669	0.219262	0.117877	0.0846692	0.378308	0.0926308	0.0815077	0.109031	0.0851	0.0252615	0.484569	0.0665462	0.00289231	0.00157692	0.654846	0.00216154	0.00210769	0.0116231	0.00120769	0.646538	0.339208	0.0439077	0.2422	0.0361615	0	0	0	0	0.0903077	0.0308154	0.488523	0.0518308	0.171977	0.0865692	0.0786538	0.324277	
0.0385154	0.0387077	0.0190385	0.0101538	0.0801	0.00804615	0.00812308	0.0101462	0.00891538	0.00263077	0.0873846	0.00748462	0.000530769	0.000238462	0.105346	0.0003	0.000292308	0.00195385	0.000207692	0.103962	0.0754769	0.00705385	0.0166077	0.00727692	0	0	0	0	0.0365308	0.0125538	0.0360846	0.0212462	0.0289231	0.0197077	0.0184769	0.0393077	
0.0261923	0.0270923	0.0132308	0.00736154	0.0519308	0.00706923	0.00626154	0.00861538	0.00817692	0.00237692	0.0572462	0.00607692	0.000392308	0.000184615	0.0730308	0.000269231	0.0002	0.0014	0.000153846	0.0721231	0.0485923	0.00566154	0.0136308	0.00599231	0	0	0	0	0.0152385	0.00483846	0.0458538	0.00794615	0.0205077	0.0111769	0.0100846	0.0321077	
0.0563538	0.0563308	0.0285615	0.0169846	0.110338	0.0158692	0.0137846	0.0182385	0.0167846	0.00508462	0.122992	0.0133692	0.000653846	0.000415385	0.156723	0.000438462	0.0005	0.00257692	0.000323077	0.154831	0.101454	0.0134692	0.0298	0.0135077	0	0	0	0	0.0257308	0.0108462	0.102969	0.0186846	0.0437615	0.0233769	0.0211	0.0699923	
0.0603923	0.0609615	0.0310077	0.0154462	0.127885	0.0117692	0.0116769	0.0164769	0.0116462	0.00324615	0.143977	0.00893846	0.000684615	0.000430769	0.166223	0.000469231	0.0005	0.00312308	0.000415385	0.163769	0.123131	0.00793846	0.0297538	0.00698462	0.0903077	0.0365308	0.0152385	0.0257308	0	0	0	0	0.0461231	0.0374538	0.0342308	0.05	
0.0221	0.0216615	0.00996923	0.00532308	0.0455769	0.00402308	0.00427692	0.00517692	0.0038	0.00129231	0.0509692	0.00299231	0.000215385	0.000169231	0.0585077	0.000161538	0.000184615	0.000915385	6.15385e-05	0.0578923	0.0431769	0.00281538	0.0104462	0.00261538	0.0308154	0.0125538	0.00483846	0.0108462	0	0	0	0	0.0161	0.0135538	0.0123231	0.0170769	
0.2422	0.221569	0.120308	0.0893538	0.370585	0.100769	0.0869769	0.1151	0.0971769	0.0288077	0.471331	0.0761154	0.00313077	0.00151538	0.666577	0.00220769	0.00200769	0.0117615	0.00120769	0.658454	0.325008	0.0548154	0.2445	0.0491077	0.488523	0.0360846	0.0458538	0.102969	0	0	0	0	0.175162	0.0675923	0.0617077	0.368969	
0.0360385	0.0372	0.0174231	0.00904615	0.0766308	0.00705385	0.00674615	0.00927692	0.00635385	0.00200769	0.0859154	0.00543077	0.000438462	0.0003	0.0986385	0.000330769	0.000407692	0.00175385	0.000207692	0.0973385	0.0734154	0.00452308	0.0175385	0.00423077	0.0518308	0.0212462	0.00794615	0.0186846	0	0	0	0	0.0277846	0.0222308	0.0200538	0.0296385	
0.0951154	0.0925308	0.0478462	0.0296769	0.173808	0.0280385	0.0272692	0.0360538	0.0208846	0.00603077	0.221738	0.0165154	0.00116923	0.000646154	0.262623	0.000730769	0.000892308	0.00478462	0.000484615	0.259008	0.161538	0.0168769	0.0717462	0.0150077	0.171977	0.0289231	0.0205077	0.0437615	0.0461231	0.0161	0.175162	0.0277846	0	0	0	0	
0.0509231	0.0502	0.0251769	0.0145308	0.0981692	0.0126615	0.0126231	0.0173769	0.0102077	0.00292308	0.119269	0.00843077	0.000438462	0.000407692	0.139454	0.000530769	0.000369231	0.00236154	0.0003	0.1378	0.0910846	0.00802308	0.0345923	0.00713077	0.0865692	0.0197077	0.0111769	0.0233769	0.0374538	0.0135538	0.0675923	0.0222308	0	0	0	0	
0.0466615	0.0456231	0.0223077	0.0137231	0.0892769	0.0115154	0.0117	0.0158231	0.00873077	0.00272308	0.109585	0.00727692	0.000546154	0.000307692	0.127092	0.000369231	0.000384615	0.00209231	0.000315385	0.125523	0.0828154	0.00726154	0.0313769	0.00686154	0.0786538	0.0184769	0.0100846	0.0211	0.0342308	0.0123231	0.0617077	0.0200538	0	0	0	0	
0.168031	0.153038	0.0833769	0.0612385	0.259423	0.0714	0.0580846	0.0767769	0.0791538	0.0236769	0.3016	0.0612538	0.00231538	0.00105385	0.460777	0.00153846	0.00145385	0.00831538	0.000792308	0.455123	0.229292	0.0379308	0.164523	0.0339385	0.324277	0.0393077	0.0321077	0.0699923	0.05	0.0170769	0.368969	0.0296385	0	0	0	0	
