0	0	0	0	0.222985	0.0452154	0.0400692	0.0528538	0.0428846	0.0125462	0.272354	0.0333385	0.00163077	0.000823077	0.357592	0.00107692	0.00123846	0.00636923	0.000646154	0.352869	0.203938	0.0255692	0.108685	0.0229308	0.2387	0.0379615	0.0264769	0.0579846	0.0603154	0.0213538	0.244685	0.0347692	0.0965	0.0511308	0.0458231	0.167669	
0	0	0	0	0.252454	0.0278615	0.0256077	0.0329615	0.0366846	0.0105	0.263262	0.0284385	0.00148462	0.000861538	0.3356	0.000938462	0.000946154	0.00633077	0.000592308	0.331015	0.191492	0.0236308	0.102023	0.0217385	0.219754	0.0384462	0.0252231	0.0554615	0.0606	0.0222	0.221285	0.0348	0.0922923	0.0482154	0.0453769	0.153	
0	0	0	0	0.111438	0.0220923	0.0201846	0.0263615	0.0212462	0.00621538	0.135962	0.0166538	0.000861538	0.000461538	0.1783	0.000453846	0.000523077	0.00303846	0.000392308	0.176123	0.102623	0.0129385	0.0535385	0.0109769	0.118369	0.0188308	0.0135077	0.0293692	0.0296385	0.0107231	0.122254	0.0174615	0.0473769	0.0246615	0.0229	0.0851385	
0	0	0	0	0.0290231	0.0295154	0.0262846	0.0350923	0.0187154	0.00516154	0.0819462	0.0140923	0.0005	0.000246154	0.118754	0.000415385	0.000315385	0.00229231	0.000253846	0.117054	0.0666769	0.0085	0.0374923	0.00724615	0.0848846	0.0103077	0.00771538	0.0170077	0.0153538	0.00536154	0.0904077	0.00879231	0.0304385	0.0146769	0.0130615	0.0617385	
0.222985	0.252454	0.111438	0.0290231	0	0	0	0	0.0512	0.0147615	0.510754	0.0391846	0.00279231	0.00148462	0.609708	0.00191538	0.00182308	0.0109692	0.00123077	0.601877	0.351885	0.0438538	0.180238	0.0399231	0.375323	0.0790538	0.0511077	0.110415	0.126946	0.0456923	0.369546	0.0737154	0.175846	0.0959462	0.0890231	0.255085	
0.0452154	0.0278615	0.0220923	0.0295154	0	0	0	0	0.0322846	0.00923846	0.0580385	0.0251231	0.000576923	0.000269231	0.123546	0.000292308	0.000369231	0.00238462	0.0002	0.121731	0.0684692	0.00883077	0.0398769	0.00750769	0.0933308	0.0081	0.00683846	0.0164154	0.0112692	0.00413077	0.102846	0.00643846	0.0271077	0.0122615	0.0111769	0.0741385	
0.0400692	0.0256077	0.0201846	0.0262846	0	0	0	0	0.0183923	0.00534615	0.0744231	0.0139846	0.000423077	0.000353846	0.111054	0.000315385	0.000369231	0.00208462	0.0002	0.109492	0.0624231	0.0076	0.0354154	0.00670769	0.0839692	0.00756154	0.00637692	0.0142385	0.0117154	0.00426923	0.0896538	0.00650769	0.0268	0.0128769	0.0116308	0.0608385	
0.0528538	0.0329615	0.0263615	0.0350923	0	0	0	0	0.0176538	0.00507692	0.110308	0.0142308	0.000684615	0.000284615	0.145938	0.000361538	0.000461538	0.00259231	0.000253846	0.143962	0.0819538	0.0103538	0.0462077	0.00875385	0.109085	0.0108308	0.0086	0.0187538	0.0159769	0.00554615	0.116585	0.00916154	0.0368538	0.0176	0.0153308	0.0774846	
0.0428846	0.0366846	0.0212462	0.0187154	0.0512	0.0322846	0.0183923	0.0176538	0	0	0	0	0.000515385	0.000384615	0.118346	0.000284615	0.000261538	0.00223077	0.000238462	0.1168	0.0676462	0.00775385	0.0369231	0.00720769	0.0862923	0.00876154	0.00743077	0.0170462	0.0112154	0.00416154	0.0979385	0.00621538	0.0215385	0.0100462	0.00903846	0.0789077	
0.0125462	0.0105	0.00621538	0.00516154	0.0147615	0.00923846	0.00534615	0.00507692	0	0	0	0	0.000115385	8.46154e-05	0.0341308	9.23077e-05	0.000115385	0.000653846	6.92308e-05	0.0335846	0.0191	0.00243846	0.0107923	0.00209231	0.0249	0.00256923	0.00226154	0.00469231	0.00324615	0.000915385	0.0285	0.00176154	0.00603846	0.00289231	0.0027	0.0227923	
0.272354	0.263262	0.135962	0.0819462	0.510754	0.0580385	0.0744231	0.110308	0	0	0	0	0.00343077	0.0017	0.746077	0.00231538	0.00223846	0.0134846	0.0014	0.7364	0.426985	0.0538846	0.224554	0.0481	0.483777	0.0875077	0.0573231	0.124915	0.143185	0.0514538	0.476023	0.0828615	0.222508	0.118069	0.108677	0.304269	
0.0333385	0.0284385	0.0166538	0.0140923	0.0391846	0.0251231	0.0139846	0.0142308	0	0	0	0	0.000415385	0.000223077	0.0916923	0.000192308	0.000407692	0.00166154	0.000176923	0.0902769	0.051	0.00656154	0.0294692	0.00549231	0.0667385	0.00670769	0.00590769	0.0131692	0.00826154	0.00310769	0.0761692	0.00498462	0.0165231	0.00767692	0.00674615	0.0615769	
0.00163077	0.00148462	0.000861538	0.0005	0.00279231	0.000576923	0.000423077	0.000684615	0.000515385	0.000115385	0.00343077	0.000415385	0	0	0	0	1.53846e-05	6.92308e-05	0	0.00439231	0.0026	0.0003	0.00127692	0.0003	0.00323077	0.000407692	0.0003	0.000538462	0.000776923	0.000215385	0.00307692	0.000407692	0.00102308	0.000753846	0.0006	0.0021	
0.000823077	0.000861538	0.000461538	0.000246154	0.00148462	0.000269231	0.000353846	0.000284615	0.000384615	8.46154e-05	0.0017	0.000223077	0	0	0	0	1.53846e-05	4.61538e-05	7.69231e-06	0.00232308	0.00123077	0.000153846	0.000807692	0.0002	0.00156154	0.000207692	0.000184615	0.000438462	0.000461538	0.000138462	0.00158462	0.000207692	0.0006	0.000261538	0.000407692	0.00112308	
0.357592	0.3356	0.1783	0.118754	0.609708	0.123546	0.111054	0.145938	0.118346	0.0341308	0.746077	0.0916923	0	0	0	0	0.00298462	0.0178538	0.00187692	0.967531	0.559408	0.0699077	0.298746	0.0621846	0.655054	0.104615	0.0722	0.158377	0.164038	0.0591231	0.672177	0.0949077	0.264054	0.137238	0.125815	0.463138	
0.00107692	0.000938462	0.000453846	0.000415385	0.00191538	0.000292308	0.000315385	0.000361538	0.000284615	9.23077e-05	0.00231538	0.000192308	0	0	0	0	7.69231e-06	6.15385e-05	0	0.00281538	0.00149231	0.000276923	0.000907692	0.000207692	0.00186154	0.000315385	0.000238462	0.000469231	0.000630769	0.000161538	0.00179231	0.0003	0.000930769	0.000430769	0.000338462	0.00118462	
0.00123846	0.000946154	0.000523077	0.000315385	0.00182308	0.000369231	0.000369231	0.000461538	0.000261538	0.000115385	0.00223846	0.000407692	1.53846e-05	1.53846e-05	0.00298462	7.69231e-06	0	0	0	0	0.00179231	0.000192308	0.000838462	0.0002	0.00191538	0.000353846	0.000207692	0.000546154	0.000453846	0.000215385	0.00205385	0.0003	0.000823077	0.0004	0.000346154	0.00145385	
0.00636923	0.00633077	0.00303846	0.00229231	0.0109692	0.00238462	0.00208462	0.00259231	0.00223077	0.000653846	0.0134846	0.00166154	6.92308e-05	4.61538e-05	0.0178538	6.15385e-05	0	0	0	0	0.0105154	0.00139231	0.00516923	0.000953846	0.0118231	0.00189231	0.00131538	0.003	0.00317692	0.00100769	0.0123462	0.0015	0.00486154	0.00259231	0.00216923	0.00840769	
0.000646154	0.000592308	0.000392308	0.000253846	0.00123077	0.0002	0.0002	0.000253846	0.000238462	6.92308e-05	0.0014	0.000176923	0	7.69231e-06	0.00187692	0	0	0	0	0	0.00100769	0.000153846	0.000653846	6.92308e-05	0.00126923	0.0002	0.000138462	0.000276923	0.000361538	6.15385e-05	0.00130769	0.000153846	0.000538462	0.000276923	0.0002	0.000869231	
0.352869	0.331015	0.176123	0.117054	0.601877	0.121731	0.109492	0.143962	0.1168	0.0335846	0.7364	0.0902769	0.00439231	0.00232308	0.967531	0.00281538	0	0	0	0	0.551415	0.0689	0.295077	0.0616692	0.6467	0.1031	0.0712615	0.156	0.161915	0.0583538	0.662923	0.0938692	0.260385	0.135415	0.124446	0.456815	
0.203938	0.191492	0.102623	0.0666769	0.351885	0.0684692	0.0624231	0.0819538	0.0676462	0.0191	0.426985	0.051	0.0026	0.00123077	0.559408	0.00149231	0.00179231	0.0105154	0.00100769	0.551415	0	0	0	0	0.340938	0.0748462	0.0473	0.101646	0.122362	0.0440923	0.327208	0.0710692	0.162246	0.0900923	0.0831154	0.229277	
0.0255692	0.0236308	0.0129385	0.0085	0.0438538	0.00883077	0.0076	0.0103538	0.00775385	0.00243846	0.0538846	0.00656154	0.0003	0.000153846	0.0699077	0.000276923	0.000192308	0.00139231	0.000153846	0.0689	0	0	0	0	0.0450923	0.00656154	0.00593846	0.0130462	0.00734615	0.00278462	0.0563077	0.0042	0.0170692	0.00822308	0.00713077	0.0382154	
0.108685	0.102023	0.0535385	0.0374923	0.180238	0.0398769	0.0354154	0.0462077	0.0369231	0.0107923	0.224554	0.0294692	0.00127692	0.000807692	0.298746	0.000907692	0.000838462	0.00516923	0.000653846	0.295077	0	0	0	0	0.242769	0.0161308	0.0129538	0.0298846	0.0291692	0.0102385	0.245777	0.0165538	0.0721308	0.0331308	0.0305385	0.165938	
0.0229308	0.0217385	0.0109769	0.00724615	0.0399231	0.00750769	0.00670769	0.00875385	0.00720769	0.00209231	0.0481	0.00549231	0.0003	0.0002	0.0621846	0.000207692	0.0002	0.000953846	6.92308e-05	0.0616692	0	0	0	0	0.0329077	0.00800769	0.00673077	0.0152462	0.00703077	0.00252308	0.0493385	0.004	0.0151615	0.00723846	0.00637692	0.0341154	
0.2387	0.219754	0.118369	0.0848846	0.375323	0.0933308	0.0839692	0.109085	0.0862923	0.0249	0.483777	0.0667385	0.00323077	0.00156154	0.655054	0.00186154	0.00191538	0.0118231	0.00126923	0.6467	0.340938	0.0450923	0.242769	0.0329077	0	0	0	0	0.0912077	0.0305154	0.491731	0.0482538	0.172662	0.0856231	0.0785	0.324923	
0.0379615	0.0384462	0.0188308	0.0103077	0.0790538	0.0081	0.00756154	0.0108308	0.00876154	0.00256923	0.0875077	0.00670769	0.000407692	0.000207692	0.104615	0.000315385	0.000353846	0.00189231	0.0002	0.1031	0.0748462	0.00656154	0.0161308	0.00800769	0	0	0	0	0.0382	0.0124692	0.0338692	0.0210077	0.0299846	0.0194	0.0176538	0.0385077	
0.0264769	0.0252231	0.0135077	0.00771538	0.0511077	0.00683846	0.00637692	0.0086	0.00743077	0.00226154	0.0573231	0.00590769	0.0003	0.000184615	0.0722	0.000238462	0.000207692	0.00131538	0.000138462	0.0712615	0.0473	0.00593846	0.0129538	0.00673077	0	0	0	0	0.0145846	0.0049	0.0455077	0.00793077	0.0204538	0.0106615	0.00961538	0.0321923	
0.0579846	0.0554615	0.0293692	0.0170077	0.110415	0.0164154	0.0142385	0.0187538	0.0170462	0.00469231	0.124915	0.0131692	0.000538462	0.000438462	0.158377	0.000469231	0.000546154	0.003	0.000276923	0.156	0.101646	0.0130462	0.0298846	0.0152462	0	0	0	0	0.0219154	0.0117538	0.107523	0.0186308	0.0435077	0.023	0.0213923	0.0719231	
0.0603154	0.0606	0.0296385	0.0153538	0.126946	0.0112692	0.0117154	0.0159769	0.0112154	0.00324615	0.143185	0.00826154	0.000776923	0.000461538	0.164038	0.000630769	0.000453846	0.00317692	0.000361538	0.161915	0.122362	0.00734615	0.0291692	0.00703077	0.0912077	0.0382	0.0145846	0.0219154	0	0	0	0	0.0464308	0.0365154	0.0336769	0.0492846	
0.0213538	0.0222	0.0107231	0.00536154	0.0456923	0.00413077	0.00426923	0.00554615	0.00416154	0.000915385	0.0514538	0.00310769	0.000215385	0.000138462	0.0591231	0.000161538	0.000215385	0.00100769	6.15385e-05	0.0583538	0.0440923	0.00278462	0.0102385	0.00252308	0.0305154	0.0124692	0.0049	0.0117538	0	0	0	0	0.0168308	0.0133	0.0118231	0.0176846	
0.244685	0.221285	0.122254	0.0904077	0.369546	0.102846	0.0896538	0.116585	0.0979385	0.0285	0.476023	0.0761692	0.00307692	0.00158462	0.672177	0.00179231	0.00205385	0.0123462	0.00130769	0.662923	0.327208	0.0563077	0.245777	0.0493385	0.491731	0.0338692	0.0455077	0.107523	0	0	0	0	0.176177	0.0679231	0.0617923	0.372738	
0.0347692	0.0348	0.0174615	0.00879231	0.0737154	0.00643846	0.00650769	0.00916154	0.00621538	0.00176154	0.0828615	0.00498462	0.000407692	0.000207692	0.0949077	0.0003	0.0003	0.0015	0.000153846	0.0938692	0.0710692	0.0042	0.0165538	0.004	0.0482538	0.0210077	0.00793077	0.0186308	0	0	0	0	0.0271692	0.0209462	0.0198692	0.0278385	
0.0965	0.0922923	0.0473769	0.0304385	0.175846	0.0271077	0.0268	0.0368538	0.0215385	0.00603846	0.222508	0.0165231	0.00102308	0.0006	0.264054	0.000930769	0.000823077	0.00486154	0.000538462	0.260385	0.162246	0.0170692	0.0721308	0.0151615	0.172662	0.0299846	0.0204538	0.0435077	0.0464308	0.0168308	0.176177	0.0271692	0	0	0	0	
0.0511308	0.0482154	0.0246615	0.0146769	0.0959462	0.0122615	0.0128769	0.0176	0.0100462	0.00289231	0.118069	0.00767692	0.000753846	0.000261538	0.137238	0.000430769	0.0004	0.00259231	0.000276923	0.135415	0.0900923	0.00822308	0.0331308	0.00723846	0.0856231	0.0194	0.0106615	0.023	0.0365154	0.0133	0.0679231	0.0209462	0	0	0	0	
0.0458231	0.0453769	0.0229	0.0130615	0.0890231	0.0111769	0.0116308	0.0153308	0.00903846	0.0027	0.108677	0.00674615	0.0006	0.000407692	0.125815	0.000338462	0.000346154	0.00216923	0.0002	0.124446	0.0831154	0.00713077	0.0305385	0.00637692	0.0785	0.0176538	0.00961538	0.0213923	0.0336769	0.0118231	0.0617923	0.0198692	0	0	0	0	
0.167669	0.153	0.0851385	0.0617385	0.255085	0.0741385	0.0608385	0.0774846	0.0789077	0.0227923	0.304269	0.0615769	0.0021	0.00112308	0.463138	0.00118462	0.00145385	0.00840769	0.000869231	0.456815	0.229277	0.0382154	0.165938	0.0341154	0.324923	0.0385077	0.0321923	0.0719231	0.0492846	0.0176846	0.372738	0.0278385	0	0	0	0	
