0	0	0	0	0.226669	0.0442077	0.0388077	0.0509154	0.0424615	0.0121462	0.272446	0.0335462	0.00166923	0.000930769	0.356869	0.00113077	0.00103077	0.00666154	0.000615385	0.352292	0.204377	0.0243615	0.109046	0.0228154	0.239446	0.0371077	0.0263	0.0577462	0.0617231	0.0211	0.242438	0.0353385	0.0956154	0.0508	0.0464154	0.167769	
0	0	0	0	0.251977	0.0286077	0.0267154	0.0334846	0.0358308	0.0113154	0.265569	0.0280692	0.00143846	0.000684615	0.337608	0.00105385	0.000969231	0.00581538	0.0006	0.3334	0.194592	0.0235846	0.100654	0.0219538	0.219938	0.0376846	0.0262308	0.0569308	0.0619692	0.0210385	0.221738	0.0360385	0.0927615	0.0488308	0.0442462	0.154946	
0	0	0	0	0.112385	0.0214615	0.0191923	0.0253231	0.0214615	0.00634615	0.134162	0.0163923	0.000930769	0.000384615	0.176646	0.0004	0.000507692	0.00323846	0.000292308	0.174323	0.102346	0.0121615	0.0523077	0.0115462	0.117338	0.0187615	0.0133692	0.0288923	0.0307077	0.0108231	0.119615	0.0172154	0.0478	0.0243385	0.0228692	0.0833538	
0	0	0	0	0.0282538	0.0297077	0.0280077	0.0342846	0.0186385	0.00544615	0.0818769	0.0142923	0.000576923	0.000261538	0.119123	0.000292308	0.000307692	0.00255385	0.000238462	0.117154	0.0645769	0.00836154	0.0393615	0.00795385	0.0861308	0.00983846	0.00746154	0.0168231	0.0152615	0.00540769	0.0904308	0.00915385	0.0305846	0.0159308	0.0142231	0.0595154	
0.226669	0.251977	0.112385	0.0282538	0	0	0	0	0.0502462	0.0152	0.5145	0.0393385	0.00304615	0.00146923	0.612931	0.00183846	0.00192308	0.0111231	0.00109231	0.605146	0.365038	0.0412692	0.173792	0.0391846	0.378269	0.0774231	0.0513769	0.112215	0.130615	0.0444846	0.368608	0.0755769	0.172892	0.0938231	0.0868923	0.265677	
0.0442077	0.0286077	0.0214615	0.0297077	0	0	0	0	0.0293308	0.00877692	0.0623462	0.0235308	0.000492308	0.0003	0.122869	0.000323077	0.000292308	0.00254615	0.000123077	0.121023	0.0651462	0.00881538	0.0422538	0.00776923	0.0929154	0.00794615	0.00736154	0.0157615	0.0117846	0.00423077	0.1013	0.00666923	0.0290154	0.0138308	0.0123077	0.0688308	
0.0388077	0.0267154	0.0191923	0.0280077	0	0	0	0	0.0172462	0.00505385	0.0773308	0.0130923	0.000407692	0.000130769	0.111869	0.000315385	0.000307692	0.00197692	0.000238462	0.1102	0.0596077	0.00826154	0.0373231	0.00753077	0.0838923	0.0079	0.00633077	0.0146	0.0117846	0.00417692	0.0900077	0.00675385	0.0286462	0.0143077	0.0125231	0.0572462	
0.0509154	0.0334846	0.0253231	0.0342846	0	0	0	0	0.0215692	0.00622308	0.0998769	0.0163385	0.000669231	0.000361538	0.142577	0.0004	0.000292308	0.00262308	0.000292308	0.1408	0.0761	0.0101231	0.048	0.00978462	0.107777	0.0101231	0.00829231	0.0178154	0.0154769	0.00547692	0.114308	0.00874615	0.0362077	0.0179385	0.0160308	0.0738308	
0.0424615	0.0358308	0.0214615	0.0186385	0.0502462	0.0293308	0.0172462	0.0215692	0	0	0	0	0.000592308	0.000284615	0.117208	0.000307692	0.000330769	0.00226923	0.000246154	0.115546	0.0606538	0.0088	0.0403769	0.00856154	0.0836154	0.00908462	0.0085	0.0171923	0.0114692	0.00380769	0.0963769	0.00673846	0.0208077	0.00989231	0.00904615	0.0786462	
0.0121462	0.0113154	0.00634615	0.00544615	0.0152	0.00877692	0.00505385	0.00622308	0	0	0	0	0.000123077	9.23077e-05	0.0349615	7.69231e-05	0.000123077	0.000584615	2.30769e-05	0.0345231	0.0187692	0.00257692	0.0116	0.00230769	0.0247769	0.00261538	0.00224615	0.00561538	0.00331538	0.00106154	0.0288231	0.00205385	0.00636154	0.00309231	0.00276923	0.0230308	
0.272446	0.265569	0.134162	0.0818769	0.5145	0.0623462	0.0773308	0.0998769	0	0	0	0	0.00340769	0.00168462	0.746762	0.0022	0.00213846	0.0135769	0.00135385	0.736985	0.438562	0.0504923	0.217769	0.0472308	0.489123	0.0843154	0.0564846	0.124131	0.145815	0.0502769	0.474254	0.0837077	0.223269	0.118954	0.108885	0.302946	
0.0335462	0.0280692	0.0163923	0.0142923	0.0393385	0.0235308	0.0130923	0.0163385	0	0	0	0	0.000492308	0.0002	0.0913154	0.000292308	0.000223077	0.00183846	0.000123077	0.0901154	0.0479077	0.0066	0.0316231	0.00616923	0.0653385	0.00737692	0.00613077	0.0134538	0.00906154	0.00322308	0.0747692	0.00524615	0.0163231	0.00796154	0.00705385	0.0609615	
0.00166923	0.00143846	0.000930769	0.000576923	0.00304615	0.000492308	0.000407692	0.000669231	0.000592308	0.000123077	0.00340769	0.000492308	0	0	0	0	0	7.69231e-05	1.53846e-05	0.00452308	0.00275385	0.000276923	0.00126923	0.000315385	0.00309231	0.000461538	0.000330769	0.000730769	0.000823077	0.000276923	0.00308462	0.000430769	0.00106154	0.000730769	0.000569231	0.00225385	
0.000930769	0.000684615	0.000384615	0.000261538	0.00146923	0.0003	0.000130769	0.000361538	0.000284615	9.23077e-05	0.00168462	0.0002	0	0	0	0	7.69231e-06	3.84615e-05	0	0.00221538	0.0013	0.000138462	0.000669231	0.000153846	0.00144615	0.000238462	0.000184615	0.000392308	0.000392308	0.000115385	0.00152308	0.000230769	0.0006	0.000238462	0.000338462	0.00108462	
0.356869	0.337608	0.176646	0.119123	0.612931	0.122869	0.111869	0.142577	0.117208	0.0349615	0.746762	0.0913154	0	0	0	0	0.0028	0.0181	0.00170769	0.967638	0.560185	0.0678692	0.298523	0.0636692	0.656477	0.102315	0.0726462	0.158808	0.167931	0.0577385	0.667777	0.0968	0.264308	0.138569	0.126469	0.4609	
0.00113077	0.00105385	0.0004	0.000292308	0.00183846	0.000323077	0.000315385	0.0004	0.000307692	7.69231e-05	0.0022	0.000292308	0	0	0	0	7.69231e-06	5.38462e-05	2.30769e-05	0.00279231	0.00165385	0.000184615	0.000907692	0.000130769	0.00183846	0.000376923	0.0002	0.000461538	0.000515385	0.000238462	0.00183846	0.000284615	0.000792308	0.000361538	0.000376923	0.00134615	
0.00103077	0.000969231	0.000507692	0.000307692	0.00192308	0.000292308	0.000307692	0.000292308	0.000330769	0.000123077	0.00213846	0.000223077	0	7.69231e-06	0.0028	7.69231e-06	0	0	0	0	0.00165385	0.0002	0.000807692	0.000153846	0.00168462	0.000446154	0.000176923	0.000507692	0.000546154	0.000223077	0.00173846	0.000307692	0.000861538	0.000423077	0.0004	0.00113077	
0.00666154	0.00581538	0.00323846	0.00255385	0.0111231	0.00254615	0.00197692	0.00262308	0.00226923	0.000584615	0.0135769	0.00183846	7.69231e-05	3.84615e-05	0.0181	5.38462e-05	0	0	0	0	0.0101308	0.00126154	0.00575385	0.00112308	0.0125077	0.00171538	0.0014	0.00264615	0.0032	0.00101538	0.0125	0.00155385	0.00480769	0.00252308	0.00226923	0.00866923	
0.000615385	0.0006	0.000292308	0.000238462	0.00109231	0.000123077	0.000238462	0.000292308	0.000246154	2.30769e-05	0.00135385	0.000123077	1.53846e-05	0	0.00170769	2.30769e-05	0	0	0	0	0.00108462	0.0001	0.000484615	7.69231e-05	0.00114615	0.000246154	0.000153846	0.0002	0.000253846	0.000130769	0.00126154	0.0001	0.000461538	0.000246154	0.000184615	0.000853846	
0.352292	0.3334	0.174323	0.117154	0.605146	0.121023	0.1102	0.1408	0.115546	0.0345231	0.736985	0.0901154	0.00452308	0.00221538	0.967638	0.00279231	0	0	0	0	0.553023	0.0669077	0.294323	0.0629154	0.647515	0.100985	0.0716308	0.157038	0.165662	0.057	0.658723	0.0957846	0.260631	0.136708	0.1249	0.454931	
0.204377	0.194592	0.102346	0.0645769	0.365038	0.0651462	0.0596077	0.0761	0.0606538	0.0187692	0.438562	0.0479077	0.00275385	0.0013	0.560185	0.00165385	0.00165385	0.0101308	0.00108462	0.553023	0	0	0	0	0.337346	0.0747615	0.0484769	0.105308	0.125769	0.0432154	0.323492	0.0734154	0.164546	0.0906538	0.0828846	0.227808	
0.0243615	0.0235846	0.0121615	0.00836154	0.0412692	0.00881538	0.00826154	0.0101231	0.0088	0.00257692	0.0504923	0.0066	0.000276923	0.000138462	0.0678692	0.000184615	0.0002	0.00126154	0.0001	0.0669077	0	0	0	0	0.0432077	0.00675385	0.00573846	0.0127692	0.00763077	0.00266923	0.0539538	0.00421538	0.0162769	0.00796154	0.00700769	0.0372231	
0.109046	0.100654	0.0523077	0.0393615	0.173792	0.0422538	0.0373231	0.048	0.0403769	0.0116	0.217769	0.0316231	0.00126923	0.000669231	0.298523	0.000907692	0.000807692	0.00575385	0.000484615	0.294323	0	0	0	0	0.242646	0.0155615	0.0134846	0.0296769	0.0290692	0.00988462	0.246154	0.0162615	0.0709077	0.0336	0.0308538	0.166008	
0.0228154	0.0219538	0.0115462	0.00795385	0.0391846	0.00776923	0.00753077	0.00978462	0.00856154	0.00230769	0.0472308	0.00616923	0.000315385	0.000153846	0.0636692	0.000130769	0.000153846	0.00112308	7.69231e-05	0.0629154	0	0	0	0	0.0396538	0.00631538	0.00566154	0.0126385	0.00719231	0.0026	0.0506231	0.00385385	0.0150308	0.00768462	0.00700769	0.0345462	
0.239446	0.219938	0.117338	0.0861308	0.378269	0.0929154	0.0838923	0.107777	0.0836154	0.0247769	0.489123	0.0653385	0.00309231	0.00144615	0.656477	0.00183846	0.00168462	0.0125077	0.00114615	0.647515	0.337346	0.0432077	0.242646	0.0396538	0	0	0	0	0.0894615	0.0307385	0.491677	0.0509769	0.174054	0.0865846	0.0791154	0.3231	
0.0371077	0.0376846	0.0187615	0.00983846	0.0774231	0.00794615	0.0079	0.0101231	0.00908462	0.00261538	0.0843154	0.00737692	0.000461538	0.000238462	0.102315	0.000376923	0.000446154	0.00171538	0.000246154	0.100985	0.0747615	0.00675385	0.0155615	0.00631538	0	0	0	0	0.0345154	0.0113692	0.0376154	0.0198923	0.0289692	0.0179692	0.0167231	0.0397308	
0.0263	0.0262308	0.0133692	0.00746154	0.0513769	0.00736154	0.00633077	0.00829231	0.0085	0.00224615	0.0564846	0.00613077	0.000330769	0.000184615	0.0726462	0.0002	0.000176923	0.0014	0.000153846	0.0716308	0.0484769	0.00573846	0.0134846	0.00566154	0	0	0	0	0.0147769	0.00506923	0.0450385	0.00847692	0.0198308	0.0113	0.00963846	0.0325923	
0.0577462	0.0569308	0.0288923	0.0168231	0.112215	0.0157615	0.0146	0.0178154	0.0171923	0.00561538	0.124131	0.0134538	0.000730769	0.000392308	0.158808	0.000461538	0.000507692	0.00264615	0.0002	0.157038	0.105308	0.0127692	0.0296769	0.0126385	0	0	0	0	0.0309077	0.0111923	0.0998923	0.0184	0.0439077	0.0240462	0.0222769	0.0701615	
0.0617231	0.0619692	0.0307077	0.0152615	0.130615	0.0117846	0.0117846	0.0154769	0.0114692	0.00331538	0.145815	0.00906154	0.000823077	0.000392308	0.167931	0.000515385	0.000546154	0.0032	0.000253846	0.165662	0.125769	0.00763077	0.0290692	0.00719231	0.0894615	0.0345154	0.0147769	0.0309077	0	0	0	0	0.0478077	0.0373923	0.0337231	0.0507385	
0.0211	0.0210385	0.0108231	0.00540769	0.0444846	0.00423077	0.00417692	0.00547692	0.00380769	0.00106154	0.0502769	0.00322308	0.000276923	0.000115385	0.0577385	0.000238462	0.000223077	0.00101538	0.000130769	0.057	0.0432154	0.00266923	0.00988462	0.0026	0.0307385	0.0113692	0.00506923	0.0111923	0	0	0	0	0.0162231	0.0126538	0.0122154	0.0172769	
0.242438	0.221738	0.119615	0.0904308	0.368608	0.1013	0.0900077	0.114308	0.0963769	0.0288231	0.474254	0.0747692	0.00308462	0.00152308	0.667777	0.00183846	0.00173846	0.0125	0.00126154	0.658723	0.323492	0.0539538	0.246154	0.0506231	0.491677	0.0376154	0.0450385	0.0998923	0	0	0	0	0.1756	0.0689538	0.0620615	0.367608	
0.0353385	0.0360385	0.0172154	0.00915385	0.0755769	0.00666923	0.00675385	0.00874615	0.00673846	0.00205385	0.0837077	0.00524615	0.000430769	0.000230769	0.0968	0.000284615	0.000307692	0.00155385	0.0001	0.0957846	0.0734154	0.00421538	0.0162615	0.00385385	0.0509769	0.0198923	0.00847692	0.0184	0	0	0	0	0.0271308	0.0209	0.0197538	0.0299615	
0.0956154	0.0927615	0.0478	0.0305846	0.172892	0.0290154	0.0286462	0.0362077	0.0208077	0.00636154	0.223269	0.0163231	0.00106154	0.0006	0.264308	0.000792308	0.000861538	0.00480769	0.000461538	0.260631	0.164546	0.0162769	0.0709077	0.0150308	0.174054	0.0289692	0.0198308	0.0439077	0.0478077	0.0162231	0.1756	0.0271308	0	0	0	0	
0.0508	0.0488308	0.0243385	0.0159308	0.0938231	0.0138308	0.0143077	0.0179385	0.00989231	0.00309231	0.118954	0.00796154	0.000730769	0.000238462	0.138569	0.000361538	0.000423077	0.00252308	0.000246154	0.136708	0.0906538	0.00796154	0.0336	0.00768462	0.0865846	0.0179692	0.0113	0.0240462	0.0373923	0.0126538	0.0689538	0.0209	0	0	0	0	
0.0464154	0.0442462	0.0228692	0.0142231	0.0868923	0.0123077	0.0125231	0.0160308	0.00904615	0.00276923	0.108885	0.00705385	0.000569231	0.000338462	0.126469	0.000376923	0.0004	0.00226923	0.000184615	0.1249	0.0828846	0.00700769	0.0308538	0.00700769	0.0791154	0.0167231	0.00963846	0.0222769	0.0337231	0.0122154	0.0620615	0.0197538	0	0	0	0	
0.167769	0.154946	0.0833538	0.0595154	0.265677	0.0688308	0.0572462	0.0738308	0.0786462	0.0230308	0.302946	0.0609615	0.00225385	0.00108462	0.4609	0.00134615	0.00113077	0.00866923	0.000853846	0.454931	0.227808	0.0372231	0.166008	0.0345462	0.3231	0.0397308	0.0325923	0.0701615	0.0507385	0.0172769	0.367608	0.0299615	0	0	0	0	
