0	0	0	0	0.19226	0.05673	0.05812	0.06123	0.05684	0.02533	0.23756	0.04861	0.00025	6e-05	0.36799	4e-05	0.00015	0.00383	6e-05	0.3643	0.22058	0.00548	0.12293	0.01935	0.27229	0.02363	0.03744	0.03498	0.0322	0.00966	0.3019	0.02458	0.0503	0.04458	0.02554	0.24792	
0	0	0	0	0.13763	0.04151	0.04188	0.04481	0.04149	0.01919	0.17119	0.03396	0.00022	1e-05	0.26551	9e-05	6e-05	0.00232	4e-05	0.26341	0.16089	0.00359	0.08773	0.01362	0.19605	0.01736	0.02683	0.02559	0.02289	0.00685	0.21855	0.01754	0.03625	0.03141	0.01848	0.17969	
0	0	0	0	0.09765	0.02841	0.02947	0.03219	0.02926	0.01353	0.12151	0.02342	0.00012	1e-05	0.18756	3e-05	6e-05	0.00178	2e-05	0.18586	0.11198	0.00232	0.06405	0.00937	0.13844	0.01208	0.01914	0.01806	0.01685	0.00497	0.15332	0.01258	0.02535	0.02261	0.01278	0.12698	
0	0	0	0	0.09198	0.0281	0.02828	0.02975	0.02778	0.01226	0.11468	0.02339	0.0001	3e-05	0.17794	4e-05	5e-05	0.00172	0	0.17634	0.10759	0.00221	0.05874	0.00957	0.13195	0.01154	0.0177	0.01692	0.01606	0.00479	0.14606	0.0112	0.02449	0.02068	0.01185	0.12109	
0.19226	0.13763	0.09765	0.09198	0	0	0	0	0.08048	0.03585	0.33646	0.06673	0.00032	7e-05	0.51906	7e-05	0.00024	0.00523	8e-05	0.51397	0.31309	0.00702	0.17224	0.02717	0.38407	0.03378	0.05225	0.04942	0.04613	0.01407	0.42519	0.03413	0.07117	0.06244	0.03562	0.35029	
0.05673	0.04151	0.02841	0.0281	0	0	0	0	0.02396	0.01163	0.09916	0.02	0.00011	0	0.1546	4e-05	1e-05	0.00145	1e-05	0.15328	0.09295	0.00208	0.05182	0.0079	0.11443	0.00978	0.01555	0.01499	0.01349	0.00399	0.12697	0.0103	0.02117	0.01835	0.0108	0.10443	
0.05812	0.04188	0.02947	0.02828	0	0	0	0	0.02426	0.01107	0.10155	0.02087	0.0001	0	0.15761	4e-05	2e-05	0.0014	2e-05	0.15631	0.09395	0.00227	0.05322	0.00831	0.11617	0.01018	0.01641	0.01499	0.01408	0.00385	0.12953	0.01029	0.02164	0.01871	0.01079	0.10661	
0.06123	0.04481	0.03219	0.02975	0	0	0	0	0.02667	0.01176	0.10777	0.02178	0.00016	4e-05	0.16773	5e-05	5e-05	0.00157	1e-05	0.16635	0.10105	0.00223	0.05617	0.00853	0.12406	0.01087	0.0169	0.01615	0.0143	0.00436	0.13814	0.01118	0.02241	0.01978	0.01144	0.11435	
0.05684	0.04149	0.02926	0.02778	0.08048	0.02396	0.02426	0.02667	0	0	0	0	0.00017	1e-05	0.15516	3e-05	7e-05	0.00145	0	0.15385	0.09297	0.0022	0.05237	0.00783	0.11407	0.01008	0.01602	0.0152	0.01378	0.00409	0.12746	0.01004	0.02174	0.01866	0.01029	0.10468	
0.02533	0.01919	0.01353	0.01226	0.03585	0.01163	0.01107	0.01176	0	0	0	0	4e-05	0	0.07025	2e-05	2e-05	0.00071	0	0.06958	0.04159	0.00093	0.02368	0.00411	0.05128	0.00489	0.00728	0.00686	0.00624	0.0018	0.05741	0.00486	0.00958	0.0082	0.00528	0.04725	
0.23756	0.17119	0.12151	0.11468	0.33646	0.09916	0.10155	0.10777	0	0	0	0	0.00044	7e-05	0.64433	0.0001	0.0002	0.00595	0.00011	0.63868	0.38967	0.00886	0.2139	0.03251	0.47711	0.04163	0.0653	0.0609	0.0573	0.01699	0.52849	0.04216	0.08711	0.07706	0.04413	0.43664	
0.04861	0.03396	0.02342	0.02339	0.06673	0.02	0.02087	0.02178	0	0	0	0	4e-05	3e-05	0.12926	5e-05	3e-05	0.00154	1e-05	0.1278	0.07681	0.00161	0.0435	0.00746	0.09627	0.00801	0.01251	0.01259	0.01068	0.00339	0.10647	0.00884	0.01796	0.01536	0.00895	0.08711	
0.00025	0.00022	0.00012	0.0001	0.00032	0.00011	0.0001	0.00016	0.00017	4e-05	0.00044	4e-05	0	0	0	0	0	1e-05	0	0.00068	0.00042	1e-05	0.00025	1e-05	0.00053	3e-05	3e-05	0.0001	8e-05	1e-05	0.00054	6e-05	0.00012	0.00016	3e-05	0.00038	
6e-05	1e-05	1e-05	3e-05	7e-05	0	0	4e-05	1e-05	0	7e-05	3e-05	0	0	0	0	0	0	0	0.00011	6e-05	1e-05	4e-05	0	8e-05	0	0	3e-05	0	0	9e-05	2e-05	3e-05	0	1e-05	7e-05	
0.36799	0.26551	0.18756	0.17794	0.51906	0.1546	0.15761	0.16773	0.15516	0.07025	0.64433	0.12926	0	0	0	0	0.00032	0.00964	0.00012	0.98892	0.60043	0.01358	0.33311	0.05188	0.73802	0.06457	0.10103	0.09538	0.08792	0.02626	0.81901	0.06581	0.1362	0.11909	0.06858	0.67513	
4e-05	9e-05	3e-05	4e-05	7e-05	4e-05	4e-05	5e-05	3e-05	2e-05	0.0001	5e-05	0	0	0	0	0	0	0	0.0002	0.00013	0	5e-05	2e-05	0.0001	1e-05	5e-05	4e-05	0	0	0.00019	1e-05	4e-05	3e-05	3e-05	0.0001	
0.00015	6e-05	6e-05	5e-05	0.00024	1e-05	2e-05	5e-05	7e-05	2e-05	0.0002	3e-05	0	0	0.00032	0	0	0	0	0	0.00022	0	9e-05	1e-05	0.00023	4e-05	3e-05	2e-05	3e-05	0	0.00028	1e-05	5e-05	0	5e-05	0.00022	
0.00383	0.00232	0.00178	0.00172	0.00523	0.00145	0.0014	0.00157	0.00145	0.00071	0.00595	0.00154	1e-05	0	0.00964	0	0	0	0	0	0.00593	0.00013	0.00307	0.00052	0.00729	0.00056	0.0009	0.0009	0.00083	0.00021	0.00791	0.0007	0.00116	0.00119	0.00082	0.00648	
6e-05	4e-05	2e-05	0	8e-05	1e-05	2e-05	1e-05	0	0	0.00011	1e-05	0	0	0.00012	0	0	0	0	0	8e-05	0	4e-05	0	8e-05	1e-05	0	3e-05	2e-05	1e-05	8e-05	1e-05	3e-05	1e-05	0	8e-05	
0.3643	0.26341	0.18586	0.17634	0.51397	0.15328	0.15631	0.16635	0.15385	0.06958	0.63868	0.1278	0.00068	0.00011	0.98892	0.0002	0	0	0	0	0.59481	0.01347	0.33025	0.05138	0.73113	0.064	0.10018	0.0946	0.08712	0.02605	0.81156	0.06518	0.13515	0.11808	0.06778	0.6689	
0.22058	0.16089	0.11198	0.10759	0.31309	0.09295	0.09395	0.10105	0.09297	0.04159	0.38967	0.07681	0.00042	6e-05	0.60043	0.00013	0.00022	0.00593	8e-05	0.59481	0	0	0	0	0.44526	0.03821	0.06068	0.05689	0.0529	0.01516	0.49352	0.03946	0.08117	0.07114	0.04192	0.40681	
0.00548	0.00359	0.00232	0.00221	0.00702	0.00208	0.00227	0.00223	0.0022	0.00093	0.00886	0.00161	1e-05	1e-05	0.01358	0	0	0.00013	0	0.01347	0	0	0	0	0.01029	0.00075	0.00137	0.00119	0.00107	0.00038	0.011	0.00115	0.00195	0.00147	0.00097	0.00921	
0.12293	0.08773	0.06405	0.05874	0.17224	0.05182	0.05322	0.05617	0.05237	0.02368	0.2139	0.0435	0.00025	4e-05	0.33311	5e-05	9e-05	0.00307	4e-05	0.33025	0	0	0	0	0.24497	0.02223	0.03399	0.03226	0.03003	0.00941	0.27226	0.02175	0.04605	0.04036	0.02227	0.22477	
0.01935	0.01362	0.00937	0.00957	0.02717	0.0079	0.00831	0.00853	0.00783	0.00411	0.03251	0.00746	1e-05	0	0.05188	2e-05	1e-05	0.00052	0	0.05138	0	0	0	0	0.03821	0.00342	0.00507	0.00521	0.004	0.00132	0.04305	0.00354	0.00722	0.00631	0.00349	0.03489	
0.27229	0.19605	0.13844	0.13195	0.38407	0.11443	0.11617	0.12406	0.11407	0.05128	0.47711	0.09627	0.00053	8e-05	0.73802	0.0001	0.00023	0.00729	8e-05	0.73113	0.44526	0.01029	0.24497	0.03821	0	0	0	0	0.06504	0.01923	0.60543	0.04903	0.1003	0.0887	0.05025	0.49948	
0.02363	0.01736	0.01208	0.01154	0.03378	0.00978	0.01018	0.01087	0.01008	0.00489	0.04163	0.00801	3e-05	0	0.06457	1e-05	4e-05	0.00056	1e-05	0.064	0.03821	0.00075	0.02223	0.00342	0	0	0	0	0.00574	0.00147	0.05323	0.00417	0.00869	0.00718	0.00481	0.04393	
0.03744	0.02683	0.01914	0.0177	0.05225	0.01555	0.01641	0.0169	0.01602	0.00728	0.0653	0.01251	3e-05	0	0.10103	5e-05	3e-05	0.0009	0	0.10018	0.06068	0.00137	0.03399	0.00507	0	0	0	0	0.00865	0.00312	0.08278	0.00656	0.01396	0.01201	0.00682	0.06832	
0.03498	0.02559	0.01806	0.01692	0.04942	0.01499	0.01499	0.01615	0.0152	0.00686	0.0609	0.01259	0.0001	3e-05	0.09538	4e-05	2e-05	0.0009	3e-05	0.0946	0.05689	0.00119	0.03226	0.00521	0	0	0	0	0.00857	0.00245	0.07839	0.00614	0.01344	0.01139	0.00677	0.06395	
0.0322	0.02289	0.01685	0.01606	0.04613	0.01349	0.01408	0.0143	0.01378	0.00624	0.0573	0.01068	8e-05	0	0.08792	0	3e-05	0.00083	2e-05	0.08712	0.0529	0.00107	0.03003	0.004	0.06504	0.00574	0.00865	0.00857	0	0	0	0	0.01233	0.00978	0.00612	0.05977	
0.00966	0.00685	0.00497	0.00479	0.01407	0.00399	0.00385	0.00436	0.00409	0.0018	0.01699	0.00339	1e-05	0	0.02626	0	0	0.00021	1e-05	0.02605	0.01516	0.00038	0.00941	0.00132	0.01923	0.00147	0.00312	0.00245	0	0	0	0	0.00355	0.00333	0.00194	0.01745	
0.3019	0.21855	0.15332	0.14606	0.42519	0.12697	0.12953	0.13814	0.12746	0.05741	0.52849	0.10647	0.00054	9e-05	0.81901	0.00019	0.00028	0.00791	8e-05	0.81156	0.49352	0.011	0.27226	0.04305	0.60543	0.05323	0.08278	0.07839	0	0	0	0	0.11135	0.09824	0.05613	0.55411	
0.02458	0.01754	0.01258	0.0112	0.03413	0.0103	0.01029	0.01118	0.01004	0.00486	0.04216	0.00884	6e-05	2e-05	0.06581	1e-05	1e-05	0.0007	1e-05	0.06518	0.03946	0.00115	0.02175	0.00354	0.04903	0.00417	0.00656	0.00614	0	0	0	0	0.00916	0.00793	0.00446	0.04435	
0.0503	0.03625	0.02535	0.02449	0.07117	0.02117	0.02164	0.02241	0.02174	0.00958	0.08711	0.01796	0.00012	3e-05	0.1362	4e-05	5e-05	0.00116	3e-05	0.13515	0.08117	0.00195	0.04605	0.00722	0.1003	0.00869	0.01396	0.01344	0.01233	0.00355	0.11135	0.00916	0	0	0	0	
0.04458	0.03141	0.02261	0.02068	0.06244	0.01835	0.01871	0.01978	0.01866	0.0082	0.07706	0.01536	0.00016	0	0.11909	3e-05	0	0.00119	1e-05	0.11808	0.07114	0.00147	0.04036	0.00631	0.0887	0.00718	0.01201	0.01139	0.00978	0.00333	0.09824	0.00793	0	0	0	0	
0.02554	0.01848	0.01278	0.01185	0.03562	0.0108	0.01079	0.01144	0.01029	0.00528	0.04413	0.00895	3e-05	1e-05	0.06858	3e-05	5e-05	0.00082	0	0.06778	0.04192	0.00097	0.02227	0.00349	0.05025	0.00481	0.00682	0.00677	0.00612	0.00194	0.05613	0.00446	0	0	0	0	
0.24792	0.17969	0.12698	0.12109	0.35029	0.10443	0.10661	0.11435	0.10468	0.04725	0.43664	0.08711	0.00038	7e-05	0.67513	0.0001	0.00022	0.00648	8e-05	0.6689	0.40681	0.00921	0.22477	0.03489	0.49948	0.04393	0.06832	0.06395	0.05977	0.01745	0.55411	0.04435	0	0	0	0	
