0	0	0	0	0.19017	0.05798	0.05926	0.0614	0.05754	0.02571	0.23715	0.04841	0.00025	1e-05	0.36848	7e-05	0.00011	0.0033	7e-05	0.36533	0.22125	0.00493	0.12301	0.01962	0.27294	0.02446	0.0359	0.03551	0.03234	0.00949	0.30227	0.02471	0.04986	0.04353	0.02455	0.25087	
0	0	0	0	0.13708	0.04094	0.0432	0.0455	0.04167	0.01882	0.17169	0.03454	0.00019	0	0.26647	6e-05	0.00016	0.00239	5e-05	0.26412	0.15927	0.00389	0.08928	0.01428	0.19655	0.01819	0.02675	0.02523	0.0236	0.00744	0.21818	0.0175	0.03612	0.03159	0.0187	0.18031	
0	0	0	0	0.09679	0.02877	0.03076	0.0314	0.02971	0.01282	0.12045	0.02474	0.0001	1e-05	0.18759	2e-05	7e-05	0.00211	2e-05	0.18552	0.11279	0.00273	0.06214	0.01006	0.13726	0.01281	0.01951	0.01814	0.01675	0.00484	0.15445	0.01168	0.02528	0.02313	0.01261	0.1267	
0	0	0	0	0.09243	0.02769	0.02715	0.02948	0.02806	0.01257	0.11328	0.02284	0.00014	2e-05	0.17653	6e-05	6e-05	0.00156	4e-05	0.17509	0.10665	0.00252	0.05855	0.00903	0.13078	0.01217	0.01698	0.01682	0.01585	0.0045	0.14433	0.01207	0.02386	0.02113	0.01186	0.1199	
0.19017	0.13708	0.09679	0.09243	0	0	0	0	0.08104	0.03645	0.33229	0.06669	0.00039	4e-05	0.51589	0.00015	0.00023	0.00482	9e-05	0.51133	0.31081	0.00734	0.17149	0.02683	0.38158	0.03502	0.0508	0.04907	0.04565	0.01366	0.42259	0.03457	0.06978	0.06123	0.03507	0.35039	
0.05798	0.04094	0.02877	0.02769	0	0	0	0	0.02405	0.01084	0.10041	0.02008	0.0001	0	0.15528	0	6e-05	0.00146	4e-05	0.15382	0.09271	0.00227	0.05186	0.00854	0.11333	0.01052	0.01583	0.0157	0.01369	0.00405	0.12768	0.00996	0.02104	0.01873	0.0107	0.10491	
0.05926	0.0432	0.03076	0.02715	0	0	0	0	0.0256	0.01119	0.10208	0.0215	9e-05	0	0.16026	2e-05	6e-05	0.00143	3e-05	0.15885	0.09589	0.00231	0.05338	0.00879	0.11782	0.01091	0.01665	0.01499	0.01415	0.00453	0.1309	0.01079	0.02188	0.0196	0.01077	0.10812	
0.0614	0.0455	0.0314	0.02948	0	0	0	0	0.02629	0.01144	0.10779	0.02226	0.0001	0	0.16764	4e-05	5e-05	0.00165	2e-05	0.16606	0.10055	0.00215	0.05625	0.00883	0.1248	0.01118	0.01586	0.01594	0.01505	0.00403	0.13806	0.01064	0.02242	0.01982	0.01118	0.11436	
0.05754	0.04167	0.02971	0.02806	0.08104	0.02405	0.0256	0.02629	0	0	0	0	0.00017	1e-05	0.15678	2e-05	5e-05	0.0015	4e-05	0.15539	0.09389	0.00206	0.05232	0.00871	0.11555	0.0108	0.01554	0.01509	0.01385	0.00373	0.12895	0.01045	0.02176	0.01842	0.01058	0.10622	
0.02571	0.01882	0.01282	0.01257	0.03645	0.01084	0.01119	0.01144	0	0	0	0	3e-05	0	0.06987	2e-05	2e-05	0.00066	1e-05	0.06923	0.04157	0.00107	0.02347	0.00381	0.05172	0.0047	0.00708	0.00642	0.00628	0.00179	0.05732	0.00453	0.0095	0.00857	0.00447	0.04738	
0.23715	0.17169	0.12045	0.11328	0.33229	0.10041	0.10208	0.10779	0	0	0	0	0.00038	3e-05	0.64203	0.00013	0.00026	0.00598	0.00011	0.63622	0.38539	0.00909	0.21487	0.03322	0.47449	0.04332	0.06306	0.0617	0.05669	0.0171	0.52642	0.04236	0.08639	0.07689	0.04389	0.4354	
0.04841	0.03454	0.02474	0.02284	0.06669	0.02008	0.0215	0.02226	0	0	0	0	0.0001	0	0.13039	4e-05	7e-05	0.00122	2e-05	0.12922	0.07911	0.00185	0.04232	0.00725	0.09577	0.00881	0.01346	0.01249	0.01172	0.00365	0.10654	0.00862	0.01747	0.0155	0.00878	0.08878	
0.00025	0.00019	0.0001	0.00014	0.00039	0.0001	9e-05	0.0001	0.00017	3e-05	0.00038	0.0001	0	0	0	0	0	0	0	0.00068	0.00034	0	0.00029	5e-05	0.0005	6e-05	6e-05	6e-05	0.0001	2e-05	0.00051	5e-05	7e-05	8e-05	6e-05	0.00047	
1e-05	0	1e-05	2e-05	4e-05	0	0	0	1e-05	0	3e-05	0	0	0	0	0	0	0	0	4e-05	3e-05	0	1e-05	0	3e-05	0	0	1e-05	0	0	4e-05	0	0	0	1e-05	3e-05	
0.36848	0.26647	0.18759	0.17653	0.51589	0.15528	0.16026	0.16764	0.15678	0.06987	0.64203	0.13039	0	0	0	0	0.0004	0.00935	0.00018	0.98914	0.59945	0.01406	0.33262	0.05294	0.73687	0.06754	0.09907	0.09559	0.08844	0.02625	0.81847	0.06591	0.13502	0.11927	0.06765	0.67713	
7e-05	6e-05	2e-05	6e-05	0.00015	0	2e-05	4e-05	2e-05	2e-05	0.00013	4e-05	0	0	0	0	0	1e-05	0	0.0002	0.00014	1e-05	6e-05	0	0.00013	3e-05	1e-05	4e-05	0	0	0.00021	0	3e-05	3e-05	0	0.00015	
0.00011	0.00016	7e-05	6e-05	0.00023	6e-05	6e-05	5e-05	5e-05	2e-05	0.00026	7e-05	0	0	0.0004	0	0	0	0	0	0.00024	0	0.00016	0	0.00026	1e-05	7e-05	6e-05	1e-05	1e-05	0.00035	3e-05	4e-05	6e-05	1e-05	0.00029	
0.0033	0.00239	0.00211	0.00156	0.00482	0.00146	0.00143	0.00165	0.0015	0.00066	0.00598	0.00122	0	0	0.00935	1e-05	0	0	0	0	0.00572	0.00013	0.00306	0.00045	0.00709	0.00054	0.00082	0.00091	0.00085	0.0002	0.00781	0.0005	0.0014	0.00103	0.00066	0.00627	
7e-05	5e-05	2e-05	4e-05	9e-05	4e-05	3e-05	2e-05	4e-05	1e-05	0.00011	2e-05	0	0	0.00018	0	0	0	0	0	8e-05	0	9e-05	1e-05	0.00012	2e-05	1e-05	3e-05	0	1e-05	0.00017	0	2e-05	2e-05	0	0.00014	
0.36533	0.26412	0.18552	0.17509	0.51133	0.15382	0.15885	0.16606	0.15539	0.06923	0.63622	0.12922	0.00068	4e-05	0.98914	0.0002	0	0	0	0	0.59392	0.01394	0.32967	0.05253	0.73006	0.06706	0.09824	0.0947	0.08768	0.02605	0.8109	0.06543	0.13366	0.11827	0.06705	0.67108	
0.22125	0.15927	0.11279	0.10665	0.31081	0.09271	0.09589	0.10055	0.09389	0.04157	0.38539	0.07911	0.00034	3e-05	0.59945	0.00014	0.00024	0.00572	8e-05	0.59392	0	0	0	0	0.44205	0.0407	0.05972	0.05749	0.05317	0.01595	0.49085	0.03999	0.08094	0.07119	0.0409	0.40693	
0.00493	0.00389	0.00273	0.00252	0.00734	0.00227	0.00231	0.00215	0.00206	0.00107	0.00909	0.00185	0	0	0.01406	1e-05	0	0.00013	0	0.01394	0	0	0	0	0.01061	0.00103	0.0013	0.00113	0.00122	0.00036	0.01156	0.00093	0.00166	0.00169	0.00114	0.00958	
0.12301	0.08928	0.06214	0.05855	0.17149	0.05186	0.05338	0.05625	0.05232	0.02347	0.21487	0.04232	0.00029	1e-05	0.33262	6e-05	0.00016	0.00306	9e-05	0.32967	0	0	0	0	0.24621	0.02221	0.03263	0.03193	0.02926	0.00858	0.27343	0.02171	0.04508	0.03985	0.02205	0.226	
0.01962	0.01428	0.01006	0.00903	0.02683	0.00854	0.00879	0.00883	0.00871	0.00381	0.03322	0.00725	5e-05	0	0.05294	0	0	0.00045	1e-05	0.05253	0	0	0	0	0.03866	0.00369	0.00549	0.00515	0.00489	0.00138	0.04339	0.00333	0.00744	0.00665	0.00363	0.03527	
0.27294	0.19655	0.13726	0.13078	0.38158	0.11333	0.11782	0.1248	0.11555	0.05172	0.47449	0.09577	0.0005	3e-05	0.73687	0.00013	0.00026	0.00709	0.00012	0.73006	0.44205	0.01061	0.24621	0.03866	0	0	0	0	0.06574	0.01952	0.60427	0.048	0.09923	0.08803	0.05039	0.49988	
0.02446	0.01819	0.01281	0.01217	0.03502	0.01052	0.01091	0.01118	0.0108	0.0047	0.04332	0.00881	6e-05	0	0.06754	3e-05	1e-05	0.00054	2e-05	0.06706	0.0407	0.00103	0.02221	0.00369	0	0	0	0	0.00616	0.00184	0.05481	0.00482	0.00902	0.0078	0.00473	0.04608	
0.0359	0.02675	0.01951	0.01698	0.0508	0.01583	0.01665	0.01586	0.01554	0.00708	0.06306	0.01346	6e-05	0	0.09907	1e-05	7e-05	0.00082	1e-05	0.09824	0.05972	0.0013	0.03263	0.00549	0	0	0	0	0.00845	0.00247	0.08155	0.00667	0.0134	0.01165	0.0064	0.06769	
0.03551	0.02523	0.01814	0.01682	0.04907	0.0157	0.01499	0.01594	0.01509	0.00642	0.0617	0.01249	6e-05	1e-05	0.09559	4e-05	6e-05	0.00091	3e-05	0.0947	0.05749	0.00113	0.03193	0.00515	0	0	0	0	0.00819	0.00244	0.0786	0.00647	0.01347	0.0119	0.0062	0.06413	
0.03234	0.0236	0.01675	0.01585	0.04565	0.01369	0.01415	0.01505	0.01385	0.00628	0.05669	0.01172	0.0001	0	0.08844	0	1e-05	0.00085	0	0.08768	0.05317	0.00122	0.02926	0.00489	0.06574	0.00616	0.00845	0.00819	0	0	0	0	0.01214	0.01087	0.00591	0.05962	
0.00949	0.00744	0.00484	0.0045	0.01366	0.00405	0.00453	0.00403	0.00373	0.00179	0.0171	0.00365	2e-05	0	0.02625	0	1e-05	0.0002	1e-05	0.02605	0.01595	0.00036	0.00858	0.00138	0.01952	0.00184	0.00247	0.00244	0	0	0	0	0.00329	0.00323	0.00177	0.01798	
0.30227	0.21818	0.15445	0.14433	0.42259	0.12768	0.1309	0.13806	0.12895	0.05732	0.52642	0.10654	0.00051	4e-05	0.81847	0.00021	0.00035	0.00781	0.00017	0.8109	0.49085	0.01156	0.27343	0.04339	0.60427	0.05481	0.08155	0.0786	0	0	0	0	0.11061	0.09738	0.05568	0.55556	
0.02471	0.0175	0.01168	0.01207	0.03457	0.00996	0.01079	0.01064	0.01045	0.00453	0.04236	0.00862	5e-05	0	0.06591	0	3e-05	0.0005	0	0.06543	0.03999	0.00093	0.02171	0.00333	0.048	0.00482	0.00667	0.00647	0	0	0	0	0.00908	0.0079	0.00436	0.04462	
0.04986	0.03612	0.02528	0.02386	0.06978	0.02104	0.02188	0.02242	0.02176	0.0095	0.08639	0.01747	7e-05	0	0.13502	3e-05	4e-05	0.0014	2e-05	0.13366	0.08094	0.00166	0.04508	0.00744	0.09923	0.00902	0.0134	0.01347	0.01214	0.00329	0.11061	0.00908	0	0	0	0	
0.04353	0.03159	0.02313	0.02113	0.06123	0.01873	0.0196	0.01982	0.01842	0.00857	0.07689	0.0155	8e-05	0	0.11927	3e-05	6e-05	0.00103	2e-05	0.11827	0.07119	0.00169	0.03985	0.00665	0.08803	0.0078	0.01165	0.0119	0.01087	0.00323	0.09738	0.0079	0	0	0	0	
0.02455	0.0187	0.01261	0.01186	0.03507	0.0107	0.01077	0.01118	0.01058	0.00447	0.04389	0.00878	6e-05	1e-05	0.06765	0	1e-05	0.00066	0	0.06705	0.0409	0.00114	0.02205	0.00363	0.05039	0.00473	0.0064	0.0062	0.00591	0.00177	0.05568	0.00436	0	0	0	0	
0.25087	0.18031	0.1267	0.1199	0.35039	0.10491	0.10812	0.11436	0.10622	0.04738	0.4354	0.08878	0.00047	3e-05	0.67713	0.00015	0.00029	0.00627	0.00014	0.67108	0.40693	0.00958	0.226	0.03527	0.49988	0.04608	0.06769	0.06413	0.05962	0.01798	0.55556	0.04462	0	0	0	0	
