0	0	0	0	0.253367	0.0295067	0.0286533	0.06062	0.04024	0.0101	0.279407	0.0424	0.000113333	0	0.372033	0	0	0.01822	0	0.353927	0.241007	0.0177533	0.0481733	0.0652133	0.18474	0.0447667	0.02744	0.1152	0.07106	0.0342067	0.177927	0.0889533	0.0835533	0.05412	0.03924	0.195233	
0	0	0	0	0.20626	0.02426	0.02288	0.0489533	0.0322133	0.00807333	0.226947	0.03512	4.66667e-05	0	0.302307	0	0	0.0153533	0	0.287	0.19646	0.01494	0.03932	0.0516333	0.149273	0.0374733	0.0219267	0.09368	0.05874	0.0271133	0.14396	0.07254	0.0688	0.0441467	0.03198	0.157427	
0	0	0	0	0.120833	0.0144533	0.0130933	0.02934	0.0192467	0.00475333	0.132933	0.0207867	2e-05	0	0.1777	0	0	0.00922	0	0.1685	0.11392	0.00853333	0.0233667	0.0319	0.0875067	0.02066	0.0131067	0.0564467	0.0338333	0.01564	0.08526	0.0429867	0.04042	0.02602	0.0182667	0.0930133	
0	0	0	0	0.0464867	0.0254133	0.0233733	0.0525067	0.0204867	0.00468667	0.10072	0.0218867	2.66667e-05	0	0.147753	0	0	0.00716667	0	0.140613	0.09738	0.00688667	0.0186	0.0249133	0.07584	0.0159133	0.0107733	0.0452533	0.0246067	0.0115467	0.0822867	0.02934	0.0323533	0.02128	0.01522	0.0789267	
0.253367	0.20626	0.120833	0.0464867	0	0	0	0	0.0532733	0.0131333	0.504453	0.0560867	0.000146667	0	0.6268	0	0	0.0317	0	0.595247	0.398253	0.03114	0.08404	0.113513	0.3008	0.08086	0.0469067	0.19838	0.13458	0.06326	0.260367	0.16874	0.144853	0.0937133	0.0676467	0.320733	
0.0295067	0.02426	0.0144533	0.0254133	0	0	0	0	0.0145867	0.00364	0.0589067	0.0165	6.66667e-06	0	0.0936267	0	0	0.00452	0	0.0891133	0.06278	0.00415333	0.0114467	0.0152533	0.0494	0.00958667	0.00667333	0.0279733	0.01342	0.00635333	0.05772	0.01614	0.0205133	0.0128867	0.00925333	0.05098	
0.0286533	0.02288	0.0130933	0.0233733	0	0	0	0	0.0141333	0.00353333	0.0546933	0.01564	6.66667e-06	0	0.0879933	0	0	0.00429333	0	0.0837067	0.0593667	0.00424	0.0102733	0.01412	0.0470067	0.0087	0.00609333	0.0262	0.0125333	0.00568667	0.05448	0.0153	0.01866	0.0128333	0.0085	0.0480067	
0.06062	0.0489533	0.02934	0.0525067	0	0	0	0	0.0301933	0.00730667	0.121953	0.0319667	4.66667e-05	0	0.191373	0	0	0.00944667	0	0.181973	0.128367	0.00858	0.0237	0.0307733	0.100153	0.0196667	0.0135733	0.0580267	0.0277067	0.0132067	0.116867	0.03364	0.0411	0.0261333	0.0193067	0.10488	
0.04024	0.0322133	0.0192467	0.0204867	0.0532733	0.0145867	0.0141333	0.0301933	0	0	0	0	1.33333e-05	0	0.112173	0	0	0.00571333	0	0.106473	0.0738267	0.00555333	0.01498	0.0178267	0.0728867	0.00788	0.00607333	0.0253467	0.0127	0.00617333	0.0767533	0.01656	0.0237467	0.0152667	0.0112267	0.0619467	
0.0101	0.00807333	0.00475333	0.00468667	0.0131333	0.00364	0.00353333	0.00730667	0	0	0	0	0	0	0.0276133	0	0	0.00124667	0	0.0263667	0.0180067	0.00144667	0.00387333	0.00428667	0.0181	0.00200667	0.00136667	0.00614	0.00339333	0.00169333	0.0183933	0.00413333	0.00564667	0.00382	0.00274	0.0154067	
0.279407	0.226947	0.132933	0.10072	0.504453	0.0589067	0.0546933	0.121953	0	0	0	0	0.000166667	0	0.73984	0	0	0.0371333	0	0.702873	0.47888	0.0351733	0.0942	0.131753	0.328653	0.100773	0.0589733	0.251607	0.15804	0.0743067	0.311727	0.195933	0.170033	0.11006	0.0790933	0.38082	
0.0424	0.03512	0.0207867	0.0218867	0.0560867	0.0165	0.01564	0.0319667	0	0	0	0	2.66667e-05	0	0.120167	0	0	0.00586667	0	0.114327	0.0780533	0.00594	0.0164067	0.0197933	0.07772	0.00815333	0.00683333	0.0274867	0.0141067	0.00633333	0.08256	0.0171933	0.0257	0.01642	0.0116467	0.0664267	
0.000113333	4.66667e-05	2e-05	2.66667e-05	0.000146667	6.66667e-06	6.66667e-06	4.66667e-05	1.33333e-05	0	0.000166667	2.66667e-05	0	0	0	0	0	6.66667e-06	0	0.0002	0.00012	2e-05	3.33333e-05	3.33333e-05	9.33333e-05	3.33333e-05	3.33333e-05	4.66667e-05	4e-05	1.33333e-05	0.000106667	4.66667e-05	5.33333e-05	4e-05	6.66667e-06	0.000106667	
0	0	0	0	0	0	0	0	0	0	0	0	0	0	0	0	0	0	0	0	0	0	0	0	0	0	0	0	0	0	0	0	0	0	0	0	
0.372033	0.302307	0.1777	0.147753	0.6268	0.0936267	0.0879933	0.191373	0.112173	0.0276133	0.73984	0.120167	0	0	0	0	0	0.0499533	0	0.94984	0.648647	0.0480933	0.129427	0.173627	0.497267	0.11878	0.0732133	0.310533	0.1882	0.0884933	0.489327	0.233773	0.225073	0.145527	0.1047	0.524493	
0	0	0	0	0	0	0	0	0	0	0	0	0	0	0	0	0	0	0	0	0	0	0	0	0	0	0	0	0	0	0	0	0	0	0	0	
0	0	0	0	0	0	0	0	0	0	0	0	0	0	0	0	0	0	0	0	0	0	0	0	0	0	0	0	0	0	0	0	0	0	0	0	
0.01822	0.0153533	0.00922	0.00716667	0.0317	0.00452	0.00429333	0.00944667	0.00571333	0.00124667	0.0371333	0.00586667	6.66667e-06	0	0.0499533	0	0	0	0	0	0.03224	0.00234667	0.00670667	0.00866667	0.02476	0.00584667	0.00357333	0.01578	0.00945333	0.00430667	0.0244333	0.0117667	0.0110333	0.00717333	0.00538667	0.0263667	
0	0	0	0	0	0	0	0	0	0	0	0	0	0	0	0	0	0	0	0	0	0	0	0	0	0	0	0	0	0	0	0	0	0	0	0	
0.353927	0.287	0.1685	0.140613	0.595247	0.0891133	0.0837067	0.181973	0.106473	0.0263667	0.702873	0.114327	0.0002	0	0.94984	0	0	0	0	0	0.616527	0.0457667	0.122753	0.164993	0.4726	0.112967	0.0696733	0.2948	0.178787	0.0842	0.465	0.222053	0.214093	0.138393	0.09932	0.498233	
0.241007	0.19646	0.11392	0.09738	0.398253	0.06278	0.0593667	0.128367	0.0738267	0.0180067	0.47888	0.0780533	0.00012	0	0.648647	0	0	0.03224	0	0.616527	0	0	0	0	0.340673	0.07424	0.04492	0.188933	0.127993	0.0609867	0.300907	0.15888	0.14862	0.0954	0.0678267	0.33692	
0.0177533	0.01494	0.00853333	0.00688667	0.03114	0.00415333	0.00424	0.00858	0.00555333	0.00144667	0.0351733	0.00594	2e-05	0	0.0480933	0	0	0.00234667	0	0.0457667	0	0	0	0	0.02544	0.00536	0.00326	0.0140533	0.00814667	0.00375333	0.0261267	0.0100867	0.0103667	0.00681333	0.00501333	0.02592	
0.0481733	0.03932	0.0233667	0.0186	0.08404	0.0114467	0.0102733	0.0237	0.01498	0.00387333	0.0942	0.0164067	3.33333e-05	0	0.129427	0	0	0.00670667	0	0.122753	0	0	0	0	0.0681067	0.0138667	0.00923333	0.0382533	0.0219733	0.00991333	0.0704933	0.02708	0.0286267	0.0184067	0.0135733	0.0688533	
0.0652133	0.0516333	0.0319	0.0249133	0.113513	0.0152533	0.01412	0.0307733	0.0178267	0.00428667	0.131753	0.0197933	3.33333e-05	0	0.173627	0	0	0.00866667	0	0.164993	0	0	0	0	0.06314	0.0253467	0.0158333	0.06934	0.0301267	0.0138533	0.0919067	0.0377733	0.0375133	0.0249467	0.0182933	0.0929067	
0.18474	0.149273	0.0875067	0.07584	0.3008	0.0494	0.0470067	0.100153	0.0728867	0.0181	0.328653	0.07772	9.33333e-05	0	0.497267	0	0	0.02476	0	0.4726	0.340673	0.02544	0.0681067	0.06314	0	0	0	0	0.0859067	0.0401333	0.264793	0.106527	0.110427	0.07154	0.0516733	0.26372	
0.0447667	0.0374733	0.02066	0.0159133	0.08086	0.00958667	0.0087	0.0196667	0.00788	0.00200667	0.100773	0.00815333	3.33333e-05	0	0.11878	0	0	0.00584667	0	0.112967	0.07424	0.00536	0.0138667	0.0253467	0	0	0	0	0.0322067	0.01506	0.03172	0.0398267	0.0284933	0.0188733	0.01294	0.0585067	
0.02744	0.0219267	0.0131067	0.0107733	0.0469067	0.00667333	0.00609333	0.0135733	0.00607333	0.00136667	0.0589733	0.00683333	3.33333e-05	0	0.0732133	0	0	0.00357333	0	0.0696733	0.04492	0.00326	0.00923333	0.0158333	0	0	0	0	0.01342	0.00657333	0.0365	0.0167533	0.01692	0.0106533	0.00762667	0.0380467	
0.1152	0.09368	0.0564467	0.0452533	0.19838	0.0279733	0.0262	0.0580267	0.0253467	0.00614	0.251607	0.0274867	4.66667e-05	0	0.310533	0	0	0.01578	0	0.2948	0.188933	0.0140533	0.0382533	0.06934	0	0	0	0	0.0567067	0.02674	0.15642	0.0707133	0.0692867	0.0445	0.0324667	0.164327	
0.07106	0.05874	0.0338333	0.0246067	0.13458	0.01342	0.0125333	0.0277067	0.0127	0.00339333	0.15804	0.0141067	4e-05	0	0.1882	0	0	0.00945333	0	0.178787	0.127993	0.00814667	0.0219733	0.0301267	0.0859067	0.0322067	0.01342	0.0567067	0	0	0	0	0.0496667	0.0321733	0.0220733	0.0843267	
0.0342067	0.0271133	0.01564	0.0115467	0.06326	0.00635333	0.00568667	0.0132067	0.00617333	0.00169333	0.0743067	0.00633333	1.33333e-05	0	0.0884933	0	0	0.00430667	0	0.0842	0.0609867	0.00375333	0.00991333	0.0138533	0.0401333	0.01506	0.00657333	0.02674	0	0	0	0	0.0233133	0.0153	0.0109933	0.0389	
0.177927	0.14396	0.08526	0.0822867	0.260367	0.05772	0.05448	0.116867	0.0767533	0.0183933	0.311727	0.08256	0.000106667	0	0.489327	0	0	0.0244333	0	0.465	0.300907	0.0261267	0.0704933	0.0919067	0.264793	0.03172	0.0365	0.15642	0	0	0	0	0.0910667	0.05802	0.0427933	0.297553	
0.0889533	0.07254	0.0429867	0.02934	0.16874	0.01614	0.0153	0.03364	0.01656	0.00413333	0.195933	0.0171933	4.66667e-05	0	0.233773	0	0	0.0117667	0	0.222053	0.15888	0.0100867	0.02708	0.0377733	0.106527	0.0398267	0.0167533	0.0707133	0	0	0	0	0.06108	0.0400733	0.0288467	0.10382	
0.0835533	0.0688	0.04042	0.0323533	0.144853	0.0205133	0.01866	0.0411	0.0237467	0.00564667	0.170033	0.0257	5.33333e-05	0	0.225073	0	0	0.0110333	0	0.214093	0.14862	0.0103667	0.0286267	0.0375133	0.110427	0.0284933	0.01692	0.0692867	0.0496667	0.0233133	0.0910667	0.06108	0	0	0	0	
0.05412	0.0441467	0.02602	0.02128	0.0937133	0.0128867	0.0128333	0.0261333	0.0152667	0.00382	0.11006	0.01642	4e-05	0	0.145527	0	0	0.00717333	0	0.138393	0.0954	0.00681333	0.0184067	0.0249467	0.07154	0.0188733	0.0106533	0.0445	0.0321733	0.0153	0.05802	0.0400733	0	0	0	0	
0.03924	0.03198	0.0182667	0.01522	0.0676467	0.00925333	0.0085	0.0193067	0.0112267	0.00274	0.0790933	0.0116467	6.66667e-06	0	0.1047	0	0	0.00538667	0	0.09932	0.0678267	0.00501333	0.0135733	0.0182933	0.0516733	0.01294	0.00762667	0.0324667	0.0220733	0.0109933	0.0427933	0.0288467	0	0	0	0	
0.195233	0.157427	0.0930133	0.0789267	0.320733	0.05098	0.0480067	0.10488	0.0619467	0.0154067	0.38082	0.0664267	0.000106667	0	0.524493	0	0	0.0263667	0	0.498233	0.33692	0.02592	0.0688533	0.0929067	0.26372	0.0585067	0.0380467	0.164327	0.0843267	0.0389	0.297553	0.10382	0	0	0	0	
