0	0	0	0	0.252247	0.0290333	0.02818	0.0609733	0.0397333	0.0104467	0.277533	0.04272	7.33333e-05	0	0.37036	0	0	0.0182667	0	0.352167	0.23998	0.0170867	0.0487067	0.06466	0.18308	0.0445133	0.0265933	0.116247	0.0717467	0.0328933	0.17604	0.0897533	0.0844133	0.0541867	0.0381133	0.19372	
0	0	0	0	0.2069	0.0240533	0.0228933	0.0496133	0.0332733	0.00830667	0.226827	0.0350533	0.000106667	0	0.303353	0	0	0.0151067	0	0.288353	0.197353	0.0143133	0.0389933	0.0528	0.15	0.0373267	0.0215867	0.0945467	0.0586333	0.0278133	0.14406	0.0729533	0.0689933	0.0440067	0.0308533	0.159607	
0	0	0	0	0.120593	0.0139333	0.0133267	0.0294867	0.0192133	0.00503333	0.132813	0.02028	3.33333e-05	0	0.177307	0	0	0.00897333	0	0.168367	0.1148	0.00841333	0.02358	0.0305467	0.0879533	0.02156	0.0132667	0.05456	0.0344267	0.0162533	0.0834	0.04326	0.04014	0.0257467	0.0184733	0.09298	
0	0	0	0	0.0456667	0.0255333	0.02492	0.0526467	0.0204667	0.00528	0.101467	0.0215533	4e-05	0	0.148727	0	0	0.00768667	0	0.14108	0.0998467	0.00638	0.01832	0.02422	0.0762133	0.01632	0.0105933	0.04564	0.0243933	0.0114467	0.0821733	0.0307533	0.03282	0.0211667	0.01508	0.0797	
0.252247	0.2069	0.120593	0.0456667	0	0	0	0	0.05276	0.01358	0.502167	0.0569	0.000166667	0	0.62524	0	0	0.0306933	0	0.594713	0.397293	0.0301867	0.08484	0.113087	0.299467	0.08136	0.0462667	0.198313	0.135287	0.0633333	0.256087	0.1707	0.144453	0.0935867	0.0657467	0.32162	
0.0290333	0.0240533	0.0139333	0.0255333	0	0	0	0	0.0144733	0.00396	0.0585733	0.0155467	2.66667e-05	0	0.0925267	0	0	0.00502	0	0.0875333	0.0626467	0.00400667	0.01118	0.01472	0.0489533	0.00942	0.00626	0.02792	0.0134133	0.00622667	0.0567467	0.0161667	0.0203467	0.01246	0.00902667	0.05072	
0.02818	0.0228933	0.0133267	0.02492	0	0	0	0	0.0144667	0.00344667	0.0564667	0.01494	2.66667e-05	0	0.0892933	0	0	0.00417333	0	0.0851467	0.0607733	0.00379333	0.01064	0.0141133	0.0471	0.00894667	0.00589333	0.02738	0.0132733	0.00593333	0.0545133	0.0156	0.0196733	0.0119667	0.00888667	0.0487933	
0.0609733	0.0496133	0.0294867	0.0526467	0	0	0	0	0.0309867	0.00808	0.121433	0.03222	3.33333e-05	0	0.192687	0	0	0.0101467	0	0.182573	0.131267	0.00820667	0.02294	0.0303067	0.101727	0.0199933	0.01362	0.05738	0.0272267	0.0129133	0.118327	0.0342533	0.0418933	0.0270933	0.01886	0.104873	
0.0397333	0.0332733	0.0192133	0.0204667	0.05276	0.0144733	0.0144667	0.0309867	0	0	0	0	2.66667e-05	0	0.11266	0	0	0.00565333	0	0.107033	0.07378	0.00525333	0.0154	0.0182533	0.0729467	0.00797333	0.00605333	0.0257133	0.01402	0.00603333	0.07654	0.0160933	0.0239733	0.0154933	0.0108733	0.0623467	
0.0104467	0.00830667	0.00503333	0.00528	0.01358	0.00396	0.00344667	0.00808	0	0	0	0	0	0	0.0290667	0	0	0.00142667	0	0.02764	0.01882	0.00148	0.00402	0.00474667	0.0185933	0.00228667	0.00136	0.00682667	0.00332667	0.00157333	0.02008	0.00408667	0.00619333	0.00389333	0.00260667	0.0163733	
0.277533	0.226827	0.132813	0.101467	0.502167	0.0585733	0.0564667	0.121433	0	0	0	0	0.000193333	0	0.738447	0	0	0.0371467	0	0.701493	0.481773	0.03356	0.0938	0.129507	0.328427	0.10072	0.0582867	0.251207	0.157827	0.0739267	0.307527	0.19936	0.17116	0.109793	0.0773467	0.38034	
0.04272	0.0350533	0.02028	0.0215533	0.0569	0.0155467	0.01494	0.03222	0	0	0	0	3.33333e-05	0	0.119573	0	0	0.00580667	0	0.1138	0.0776067	0.0059	0.01638	0.01972	0.07728	0.00874	0.00634	0.0272467	0.0140267	0.00687333	0.0815267	0.01718	0.02504	0.0159267	0.0116933	0.0669467	
7.33333e-05	0.000106667	3.33333e-05	4e-05	0.000166667	2.66667e-05	2.66667e-05	3.33333e-05	2.66667e-05	0	0.000193333	3.33333e-05	0	0	0	0	0	1.33333e-05	0	0.00024	0.000166667	6.66667e-06	4e-05	4e-05	0.00014	1.33333e-05	2.66667e-05	7.33333e-05	6e-05	6.66667e-06	0.000113333	7.33333e-05	6.66667e-05	4e-05	4e-05	0.000106667	
0	0	0	0	0	0	0	0	0	0	0	0	0	0	0	0	0	0	0	0	0	0	0	0	0	0	0	0	0	0	0	0	0	0	0	0	
0.37036	0.303353	0.177307	0.148727	0.62524	0.0925267	0.0892933	0.192687	0.11266	0.0290667	0.738447	0.119573	0	0	0	0	0	0.05002	0	0.949727	0.651813	0.0461867	0.12956	0.172187	0.497107	0.119707	0.0720133	0.31092	0.18914	0.0884	0.48556	0.236647	0.2263	0.145067	0.10248	0.5259	
0	0	0	0	0	0	0	0	0	0	0	0	0	0	0	0	0	0	0	0	0	0	0	0	0	0	0	0	0	0	0	0	0	0	0	0	
0	0	0	0	0	0	0	0	0	0	0	0	0	0	0	0	0	0	0	0	0	0	0	0	0	0	0	0	0	0	0	0	0	0	0	0	
0.0182667	0.0151067	0.00897333	0.00768667	0.0306933	0.00502	0.00417333	0.0101467	0.00565333	0.00142667	0.0371467	0.00580667	1.33333e-05	0	0.05002	0	0	0	0	0	0.0328267	0.0022	0.00638667	0.00862	0.0246533	0.00613333	0.00351333	0.0157333	0.00955333	0.00416667	0.02426	0.0120533	0.01082	0.00754667	0.0053	0.0263667	
0	0	0	0	0	0	0	0	0	0	0	0	0	0	0	0	0	0	0	0	0	0	0	0	0	0	0	0	0	0	0	0	0	0	0	0	
0.352167	0.288353	0.168367	0.14108	0.594713	0.0875333	0.0851467	0.182573	0.107033	0.02764	0.701493	0.1138	0.00024	0	0.949727	0	0	0	0	0	0.619153	0.0439933	0.123213	0.163607	0.472593	0.113587	0.0685267	0.29526	0.179647	0.08424	0.461413	0.224667	0.215547	0.13756	0.09722	0.49964	
0.23998	0.197353	0.1148	0.0998467	0.397293	0.0626467	0.0607733	0.131267	0.07378	0.01882	0.481773	0.0776067	0.000166667	0	0.651813	0	0	0.0328267	0	0.619153	0	0	0	0	0.34194	0.0759	0.044	0.19014	0.13	0.0610733	0.297053	0.163853	0.150553	0.0954	0.06746	0.338567	
0.0170867	0.0143133	0.00841333	0.00638	0.0301867	0.00400667	0.00379333	0.00820667	0.00525333	0.00148	0.03356	0.0059	6.66667e-06	0	0.0461867	0	0	0.0022	0	0.0439933	0	0	0	0	0.0245333	0.00480667	0.00310667	0.0137467	0.00799333	0.00352	0.0254133	0.00926667	0.01008	0.00672	0.00464	0.0247533	
0.0487067	0.0389933	0.02358	0.01832	0.08484	0.01118	0.01064	0.02294	0.0154	0.00402	0.0938	0.01638	4e-05	0	0.12956	0	0	0.00638667	0	0.123213	0	0	0	0	0.06816	0.0141133	0.00907333	0.0382533	0.0214667	0.00990667	0.0715533	0.0266733	0.0278333	0.0184733	0.01334	0.0699533	
0.06466	0.0528	0.0305467	0.02422	0.113087	0.01472	0.0141133	0.0303067	0.0182533	0.00474667	0.129507	0.01972	4e-05	0	0.172187	0	0	0.00862	0	0.163607	0	0	0	0	0.0626133	0.0249	0.01586	0.0688533	0.02974	0.0139067	0.0916533	0.0369267	0.0379	0.0245133	0.01708	0.0927333	
0.18308	0.15	0.0879533	0.0762133	0.299467	0.0489533	0.0471	0.101727	0.0729467	0.0185933	0.328427	0.07728	0.00014	0	0.497107	0	0	0.0246533	0	0.472593	0.34194	0.0245333	0.06816	0.0626133	0	0	0	0	0.0866667	0.0398933	0.26234	0.108347	0.11108	0.07148	0.05054	0.264147	
0.0445133	0.0373267	0.02156	0.01632	0.08136	0.00942	0.00894667	0.0199933	0.00797333	0.00228667	0.10072	0.00874	1.33333e-05	0	0.119707	0	0	0.00613333	0	0.113587	0.0759	0.00480667	0.0141133	0.0249	0	0	0	0	0.0321867	0.0153667	0.0318133	0.0403533	0.0287667	0.0188933	0.0134133	0.0586467	
0.0265933	0.0215867	0.0132667	0.0105933	0.0462667	0.00626	0.00589333	0.01362	0.00605333	0.00136	0.0582867	0.00634	2.66667e-05	0	0.0720133	0	0	0.00351333	0	0.0685267	0.044	0.00310667	0.00907333	0.01586	0	0	0	0	0.0131733	0.00624667	0.0361467	0.0164733	0.0163	0.0103667	0.00726	0.0381133	
0.116247	0.0945467	0.05456	0.04564	0.198313	0.02792	0.02738	0.05738	0.0257133	0.00682667	0.251207	0.0272467	7.33333e-05	0	0.31092	0	0	0.0157333	0	0.29526	0.19014	0.0137467	0.0382533	0.0688533	0	0	0	0	0.0571733	0.0269	0.155373	0.0715467	0.07022	0.0443667	0.0313067	0.1651	
0.0717467	0.0586333	0.0344267	0.0243933	0.135287	0.0134133	0.0132733	0.0272267	0.01402	0.00332667	0.157827	0.0140267	6e-05	0	0.18914	0	0	0.00955333	0	0.179647	0.13	0.00799333	0.0214667	0.02974	0.0866667	0.0321867	0.0131733	0.0571733	0	0	0	0	0.0498867	0.0318467	0.02234	0.0851267	
0.0328933	0.0278133	0.0162533	0.0114467	0.0633333	0.00622667	0.00593333	0.0129133	0.00603333	0.00157333	0.0739267	0.00687333	6.66667e-06	0	0.0884	0	0	0.00416667	0	0.08424	0.0610733	0.00352	0.00990667	0.0139067	0.0398933	0.0153667	0.00624667	0.0269	0	0	0	0	0.0229667	0.01488	0.0106667	0.0398933	
0.17604	0.14406	0.0834	0.0821733	0.256087	0.0567467	0.0545133	0.118327	0.07654	0.02008	0.307527	0.0815267	0.000113333	0	0.48556	0	0	0.02426	0	0.461413	0.297053	0.0254133	0.0715533	0.0916533	0.26234	0.0318133	0.0361467	0.155373	0	0	0	0	0.0905267	0.05864	0.04148	0.295027	
0.0897533	0.0729533	0.04326	0.0307533	0.1707	0.0161667	0.0156	0.0342533	0.0160933	0.00408667	0.19936	0.01718	7.33333e-05	0	0.236647	0	0	0.0120533	0	0.224667	0.163853	0.00926667	0.0266733	0.0369267	0.108347	0.0403533	0.0164733	0.0715467	0	0	0	0	0.0629867	0.03974	0.0280333	0.10596	
0.0844133	0.0689933	0.04014	0.03282	0.144453	0.0203467	0.0196733	0.0418933	0.0239733	0.00619333	0.17116	0.02504	6.66667e-05	0	0.2263	0	0	0.01082	0	0.215547	0.150553	0.01008	0.0278333	0.0379	0.11108	0.0287667	0.0163	0.07022	0.0498867	0.0229667	0.0905267	0.0629867	0	0	0	0	
0.0541867	0.0440067	0.0257467	0.0211667	0.0935867	0.01246	0.0119667	0.0270933	0.0154933	0.00389333	0.109793	0.0159267	4e-05	0	0.145067	0	0	0.00754667	0	0.13756	0.0954	0.00672	0.0184733	0.0245133	0.07148	0.0188933	0.0103667	0.0443667	0.0318467	0.01488	0.05864	0.03974	0	0	0	0	
0.0381133	0.0308533	0.0184733	0.01508	0.0657467	0.00902667	0.00888667	0.01886	0.0108733	0.00260667	0.0773467	0.0116933	4e-05	0	0.10248	0	0	0.0053	0	0.09722	0.06746	0.00464	0.01334	0.01708	0.05054	0.0134133	0.00726	0.0313067	0.02234	0.0106667	0.04148	0.0280333	0	0	0	0	
0.19372	0.159607	0.09298	0.0797	0.32162	0.05072	0.0487933	0.104873	0.0623467	0.0163733	0.38034	0.0669467	0.000106667	0	0.5259	0	0	0.0263667	0	0.49964	0.338567	0.0247533	0.0699533	0.0927333	0.264147	0.0586467	0.0381133	0.1651	0.0851267	0.0398933	0.295027	0.10596	0	0	0	0	
