0	0	0	0	0.2249	0.04244	0.02891	0.05276	0.03276	0.01684	0.26211	0.0373	0.00385	0.00715	0.33574	0.00227	0.00379	0.00446	0.00359	0.33717	0.21362	0.0256	0.06576	0.04403	0.16867	0.06025	0.03073	0.08936	0.06449	0.03615	0.18007	0.0683	0.07201	0.07585	0.04593	0.15522	
0	0	0	0	0.21414	0.04138	0.02796	0.05103	0.03225	0.01721	0.25014	0.03491	0.00373	0.00694	0.32191	0.00193	0.00355	0.00449	0.00369	0.32278	0.20297	0.02464	0.06399	0.04291	0.16164	0.05841	0.03001	0.08445	0.06146	0.03526	0.17315	0.06464	0.06805	0.07342	0.04504	0.148	
0	0	0	0	0.12412	0.02376	0.01613	0.02943	0.01897	0.00903	0.14462	0.02082	0.00192	0.00365	0.18667	0.0012	0.00204	0.00234	0.00208	0.18698	0.11715	0.01463	0.03628	0.02538	0.09411	0.03312	0.01788	0.04833	0.03517	0.01993	0.10166	0.03668	0.03983	0.04262	0.025	0.08599	
0	0	0	0	0.0395	0.02758	0.01988	0.03608	0.01537	0.00803	0.08326	0.01638	0.00142	0.00243	0.11866	0.00053	0.00139	0.00146	0.00113	0.11906	0.07471	0.00891	0.02284	0.01658	0.05993	0.02114	0.01135	0.03062	0.01954	0.01154	0.07122	0.02074	0.02517	0.02733	0.01612	0.05442	
0.2249	0.21414	0.12412	0.0395	0	0	0	0	0.0405	0.02076	0.4969	0.0445	0.00655	0.01204	0.58053	0.00354	0.00656	0.0077	0.00655	0.58185	0.3672	0.04473	0.11328	0.07745	0.29197	0.10466	0.05422	0.15181	0.1269	0.07199	0.27079	0.13298	0.12499	0.13378	0.08081	0.26308	
0.04244	0.04138	0.02376	0.02758	0	0	0	0	0.01994	0.01036	0.08315	0.02171	0.00149	0.0028	0.13009	0.00078	0.00138	0.00176	0.00141	0.13061	0.0824	0.00988	0.02581	0.01707	0.06519	0.02309	0.01222	0.03466	0.0181	0.01066	0.08698	0.01942	0.02792	0.02893	0.01723	0.06108	
0.02891	0.02796	0.01613	0.01988	0	0	0	0	0.01387	0.00675	0.05713	0.01513	0.00107	0.00184	0.0894	0.00057	0.00101	0.00119	0.00083	0.08985	0.05613	0.00703	0.01736	0.01236	0.04541	0.0159	0.00833	0.02324	0.01268	0.00735	0.05997	0.01288	0.01836	0.02002	0.01221	0.04229	
0.05276	0.05103	0.02943	0.03608	0	0	0	0	0.02504	0.01324	0.10295	0.02807	0.00181	0.00349	0.16296	0.00104	0.00182	0.0021	0.0017	0.16368	0.10272	0.01214	0.03242	0.02202	0.08178	0.02927	0.0152	0.04305	0.02298	0.01288	0.10836	0.02508	0.03379	0.03649	0.02184	0.07718	
0.03276	0.03225	0.01897	0.01537	0.0405	0.01994	0.01387	0.02504	0	0	0	0	0.00113	0.002	0.09565	0.00057	0.00101	0.0013	0.00124	0.0958	0.06103	0.00702	0.01848	0.01282	0.04815	0.01681	0.00906	0.02533	0.0166	0.0099	0.05534	0.01751	0.01989	0.02207	0.01258	0.04481	
0.01684	0.01721	0.00903	0.00803	0.02076	0.01036	0.00675	0.01324	0	0	0	0	0.00053	0.00105	0.04921	0.00032	0.0005	0.00064	0.00037	0.0496	0.0314	0.0039	0.00932	0.00649	0.02505	0.00889	0.00468	0.01249	0.00804	0.00485	0.02905	0.00917	0.01087	0.01122	0.00671	0.02231	
0.26211	0.25014	0.14462	0.08326	0.4969	0.08315	0.05713	0.10295	0	0	0	0	0.00812	0.01468	0.71284	0.00449	0.00813	0.00934	0.00764	0.71502	0.44924	0.05522	0.14042	0.09525	0.35797	0.12844	0.06625	0.18747	0.13827	0.07773	0.38012	0.14401	0.15211	0.16224	0.09882	0.32696	
0.0373	0.03491	0.02082	0.01638	0.0445	0.02171	0.01513	0.02807	0	0	0	0	0.00114	0.00244	0.10528	0.00055	0.00113	0.00147	0.00124	0.10557	0.06678	0.00764	0.02065	0.01434	0.05318	0.01878	0.00998	0.02747	0.01775	0.0104	0.06159	0.01967	0.02219	0.02369	0.01398	0.04955	
0.00385	0.00373	0.00192	0.00142	0.00655	0.00149	0.00107	0.00181	0.00113	0.00053	0.00812	0.00114	0	0	0	0	8e-05	0.00013	0.00013	0.01058	0.0067	0.00076	0.00218	0.00128	0.00517	0.00205	0.00087	0.00283	0.00187	0.00113	0.00585	0.00207	0.00224	0.00248	0.00148	0.00472	
0.00715	0.00694	0.00365	0.00243	0.01204	0.0028	0.00184	0.00349	0.002	0.00105	0.01468	0.00244	0	0	0	0	0.0002	0.00021	0.00022	0.01954	0.01221	0.00159	0.0038	0.00257	0.00979	0.00343	0.00195	0.005	0.00387	0.0021	0.0105	0.0037	0.00439	0.00432	0.00238	0.00908	
0.33574	0.32191	0.18667	0.11866	0.58053	0.13009	0.0894	0.16296	0.09565	0.04921	0.71284	0.10528	0	0	0	0	0.01045	0.01233	0.01008	0.93012	0.58573	0.07098	0.1818	0.12447	0.46648	0.16645	0.08668	0.24337	0.17368	0.09904	0.50671	0.18355	0.19708	0.21123	0.12751	0.42716	
0.00227	0.00193	0.0012	0.00053	0.00354	0.00078	0.00057	0.00104	0.00057	0.00032	0.00449	0.00055	0	0	0	0	4e-05	8e-05	6e-05	0.00575	0.00381	0.00045	0.00109	0.00058	0.00291	0.00099	0.00047	0.00156	0.00124	0.00061	0.00304	0.00104	0.00135	0.00119	0.00072	0.00267	
0.00379	0.00355	0.00204	0.00139	0.00656	0.00138	0.00101	0.00182	0.00101	0.0005	0.00813	0.00113	8e-05	0.0002	0.01045	4e-05	0	0	0	0	0.00628	0.00087	0.0022	0.00142	0.00483	0.00196	0.0011	0.00288	0.00221	0.0011	0.00556	0.0019	0.00199	0.00233	0.00147	0.00498	
0.00446	0.00449	0.00234	0.00146	0.0077	0.00176	0.00119	0.0021	0.0013	0.00064	0.00934	0.00147	0.00013	0.00021	0.01233	8e-05	0	0	0	0	0.00781	0.001	0.00222	0.00172	0.00635	0.00209	0.00129	0.00302	0.00239	0.00101	0.00704	0.00231	0.00271	0.00298	0.00144	0.00562	
0.00359	0.00369	0.00208	0.00113	0.00655	0.00141	0.00083	0.0017	0.00124	0.00037	0.00764	0.00124	0.00013	0.00022	0.01008	6e-05	0	0	0	0	0.00629	0.0009	0.00186	0.00144	0.0054	0.00178	0.00089	0.00242	0.0019	0.00101	0.00541	0.00217	0.00216	0.00216	0.00153	0.00464	
0.33717	0.32278	0.18698	0.11906	0.58185	0.13061	0.08985	0.16368	0.0958	0.0496	0.71502	0.10557	0.01058	0.01954	0.93012	0.00575	0	0	0	0	0.58807	0.07101	0.18259	0.12432	0.46777	0.16709	0.08669	0.24444	0.17416	0.09976	0.50809	0.18398	0.1982	0.21175	0.12765	0.42839	
0.21362	0.20297	0.11715	0.07471	0.3672	0.0824	0.05613	0.10272	0.06103	0.0314	0.44924	0.06678	0.0067	0.01221	0.58573	0.00381	0.00628	0.00781	0.00629	0.58807	0	0	0	0	0.29564	0.1047	0.05501	0.1531	0.11069	0.0627	0.31873	0.11633	0.12576	0.1333	0.08027	0.26912	
0.0256	0.02464	0.01463	0.00891	0.04473	0.00988	0.00703	0.01214	0.00702	0.0039	0.05522	0.00764	0.00076	0.00159	0.07098	0.00045	0.00087	0.001	0.0009	0.07101	0	0	0	0	0.03534	0.01308	0.00647	0.01889	0.0127	0.00752	0.03916	0.0144	0.01462	0.01627	0.00978	0.03311	
0.06576	0.06399	0.03628	0.02284	0.11328	0.02581	0.01736	0.03242	0.01848	0.00932	0.14042	0.02065	0.00218	0.0038	0.1818	0.00109	0.0022	0.00222	0.00186	0.18259	0	0	0	0	0.09083	0.03375	0.0165	0.04779	0.03415	0.01921	0.10051	0.035	0.0383	0.04112	0.02497	0.08448	
0.04403	0.04291	0.02538	0.01658	0.07745	0.01707	0.01236	0.02202	0.01282	0.00649	0.09525	0.01434	0.00128	0.00257	0.12447	0.00058	0.00142	0.00172	0.00144	0.12432	0	0	0	0	0.06254	0.02139	0.01199	0.03298	0.02312	0.01345	0.0677	0.02463	0.02638	0.02853	0.01707	0.05692	
0.16867	0.16164	0.09411	0.05993	0.29197	0.06519	0.04541	0.08178	0.04815	0.02505	0.35797	0.05318	0.00517	0.00979	0.46648	0.00291	0.00483	0.00635	0.0054	0.46777	0.29564	0.03534	0.09083	0.06254	0	0	0	0	0.08679	0.04942	0.25583	0.09231	0.09866	0.10643	0.06406	0.2152	
0.06025	0.05841	0.03312	0.02114	0.10466	0.02309	0.0159	0.02927	0.01681	0.00889	0.12844	0.01878	0.00205	0.00343	0.16645	0.00099	0.00196	0.00209	0.00178	0.16709	0.1047	0.01308	0.03375	0.02139	0	0	0	0	0.03115	0.01873	0.0898	0.03324	0.03542	0.03774	0.02288	0.07688	
0.03073	0.03001	0.01788	0.01135	0.05422	0.01222	0.00833	0.0152	0.00906	0.00468	0.06625	0.00998	0.00087	0.00195	0.08668	0.00047	0.0011	0.00129	0.00089	0.08669	0.05501	0.00647	0.0165	0.01199	0	0	0	0	0.01648	0.00909	0.04717	0.01723	0.01802	0.01983	0.0122	0.03992	
0.08936	0.08445	0.04833	0.03062	0.15181	0.03466	0.02324	0.04305	0.02533	0.01249	0.18747	0.02747	0.00283	0.005	0.24337	0.00156	0.00288	0.00302	0.00242	0.24444	0.1531	0.01889	0.04779	0.03298	0	0	0	0	0.04624	0.02564	0.1333	0.04758	0.05296	0.05522	0.03295	0.11163	
0.06449	0.06146	0.03517	0.01954	0.1269	0.0181	0.01268	0.02298	0.0166	0.00804	0.13827	0.01775	0.00187	0.00387	0.17368	0.00124	0.00221	0.00239	0.0019	0.17416	0.11069	0.0127	0.03415	0.02312	0.08679	0.03115	0.01648	0.04624	0	0	0	0	0.04071	0.0434	0.02636	0.07019	
0.03615	0.03526	0.01993	0.01154	0.07199	0.01066	0.00735	0.01288	0.0099	0.00485	0.07773	0.0104	0.00113	0.0021	0.09904	0.00061	0.0011	0.00101	0.00101	0.09976	0.0627	0.00752	0.01921	0.01345	0.04942	0.01873	0.00909	0.02564	0	0	0	0	0.02394	0.02516	0.0151	0.03868	
0.18007	0.17315	0.10166	0.07122	0.27079	0.08698	0.05997	0.10836	0.05534	0.02905	0.38012	0.06159	0.00585	0.0105	0.50671	0.00304	0.00556	0.00704	0.00541	0.50809	0.31873	0.03916	0.10051	0.0677	0.25583	0.0898	0.04717	0.1333	0	0	0	0	0.09744	0.10431	0.06286	0.26149	
0.0683	0.06464	0.03668	0.02074	0.13298	0.01942	0.01288	0.02508	0.01751	0.00917	0.14401	0.01967	0.00207	0.0037	0.18355	0.00104	0.0019	0.00231	0.00217	0.18398	0.11633	0.0144	0.035	0.02463	0.09231	0.03324	0.01723	0.04758	0	0	0	0	0.04297	0.04635	0.02777	0.07327	
0.07201	0.06805	0.03983	0.02517	0.12499	0.02792	0.01836	0.03379	0.01989	0.01087	0.15211	0.02219	0.00224	0.00439	0.19708	0.00135	0.00199	0.00271	0.00216	0.1982	0.12576	0.01462	0.0383	0.02638	0.09866	0.03542	0.01802	0.05296	0.04071	0.02394	0.09744	0.04297	0	0	0	0	
0.07585	0.07342	0.04262	0.02733	0.13378	0.02893	0.02002	0.03649	0.02207	0.01122	0.16224	0.02369	0.00248	0.00432	0.21123	0.00119	0.00233	0.00298	0.00216	0.21175	0.1333	0.01627	0.04112	0.02853	0.10643	0.03774	0.01983	0.05522	0.0434	0.02516	0.10431	0.04635	0	0	0	0	
0.04593	0.04504	0.025	0.01612	0.08081	0.01723	0.01221	0.02184	0.01258	0.00671	0.09882	0.01398	0.00148	0.00238	0.12751	0.00072	0.00147	0.00144	0.00153	0.12765	0.08027	0.00978	0.02497	0.01707	0.06406	0.02288	0.0122	0.03295	0.02636	0.0151	0.06286	0.02777	0	0	0	0	
0.15522	0.148	0.08599	0.05442	0.26308	0.06108	0.04229	0.07718	0.04481	0.02231	0.32696	0.04955	0.00472	0.00908	0.42716	0.00267	0.00498	0.00562	0.00464	0.42839	0.26912	0.03311	0.08448	0.05692	0.2152	0.07688	0.03992	0.11163	0.07019	0.03868	0.26149	0.07327	0	0	0	0	
