0	0	0	0	0.22679	0.04142	0.02892	0.05357	0.03392	0.01731	0.26207	0.0374	0.00395	0.00701	0.33769	0.00205	0.00343	0.00454	0.00331	0.33942	0.21327	0.02532	0.06602	0.04609	0.16957	0.06091	0.03307	0.08715	0.06396	0.0374	0.18127	0.06807	0.07399	0.07525	0.0468	0.15466	
0	0	0	0	0.21524	0.04012	0.02745	0.04989	0.03145	0.01737	0.24889	0.03499	0.00355	0.007	0.32003	0.00212	0.00373	0.00437	0.00323	0.32137	0.20219	0.02472	0.06255	0.04324	0.1618	0.05788	0.03035	0.08267	0.06004	0.03619	0.17235	0.06412	0.06855	0.07392	0.04471	0.14552	
0	0	0	0	0.1246	0.02291	0.01619	0.02837	0.01827	0.00954	0.14395	0.02031	0.0021	0.00381	0.18512	0.00104	0.00194	0.00241	0.00212	0.1856	0.11737	0.01408	0.03524	0.02538	0.09286	0.03385	0.01855	0.04681	0.03418	0.02074	0.10014	0.03701	0.03998	0.04154	0.02506	0.08549	
0	0	0	0	0.03797	0.03027	0.01958	0.03671	0.01523	0.00833	0.08362	0.01735	0.00111	0.00244	0.12031	0.00067	0.00133	0.00161	0.00131	0.12028	0.07513	0.00947	0.02364	0.01629	0.05991	0.02116	0.01196	0.0315	0.02015	0.01174	0.07206	0.02058	0.0254	0.02714	0.01648	0.05551	
0.22679	0.21524	0.1246	0.03797	0	0	0	0	0.04003	0.0222	0.49775	0.04462	0.0066	0.01215	0.58244	0.00341	0.006	0.00774	0.0061	0.58476	0.36607	0.04527	0.11397	0.07929	0.29053	0.10775	0.05638	0.14994	0.12457	0.07414	0.27402	0.13187	0.12803	0.13408	0.0826	0.25989	
0.04142	0.04012	0.02291	0.03027	0	0	0	0	0.02028	0.01004	0.08196	0.02244	0.00141	0.00277	0.1297	0.00084	0.00154	0.00181	0.00125	0.13012	0.08252	0.00957	0.02495	0.01768	0.06523	0.02254	0.01275	0.0342	0.01842	0.01156	0.08529	0.01945	0.02682	0.0289	0.01712	0.06188	
0.02892	0.02745	0.01619	0.01958	0	0	0	0	0.01354	0.00686	0.057	0.01474	0.00081	0.0019	0.08877	0.00066	0.00107	0.00125	0.00103	0.08879	0.05624	0.0066	0.01719	0.01211	0.04549	0.01575	0.00875	0.02215	0.01256	0.00714	0.05871	0.01373	0.01877	0.01936	0.01219	0.04182	
0.05357	0.04989	0.02837	0.03671	0	0	0	0	0.02502	0.01345	0.10182	0.02825	0.00189	0.00344	0.16224	0.00097	0.00182	0.00213	0.00159	0.163	0.10313	0.01215	0.03134	0.02192	0.08289	0.02776	0.01605	0.04184	0.02278	0.01323	0.1078	0.02473	0.0343	0.03551	0.02114	0.07759	
0.03392	0.03145	0.01827	0.01523	0.04003	0.02028	0.01354	0.02502	0	0	0	0	0.0011	0.00193	0.09524	0.0006	0.00105	0.00134	0.00096	0.09552	0.05976	0.00759	0.01871	0.01281	0.04822	0.01687	0.00965	0.02413	0.01659	0.00941	0.05594	0.01693	0.01922	0.02131	0.01357	0.04477	
0.01731	0.01737	0.00954	0.00833	0.0222	0.01004	0.00686	0.01345	0	0	0	0	0.00064	0.00119	0.05048	0.00024	0.00055	0.0007	0.00049	0.05081	0.0318	0.00408	0.00943	0.00724	0.02572	0.0085	0.00446	0.01387	0.0083	0.00543	0.02944	0.00938	0.01086	0.01182	0.00686	0.02301	
0.26207	0.24889	0.14395	0.08362	0.49775	0.08196	0.057	0.10182	0	0	0	0	0.00777	0.01497	0.71146	0.00433	0.00772	0.00953	0.00739	0.71389	0.44979	0.05387	0.13867	0.0962	0.3575	0.12867	0.06919	0.18317	0.13497	0.08042	0.37913	0.14401	0.15562	0.16044	0.0977	0.32477	
0.0374	0.03499	0.02031	0.01735	0.04462	0.02244	0.01474	0.02825	0	0	0	0	0.0012	0.00217	0.10597	0.00071	0.00111	0.00136	0.00113	0.10645	0.06661	0.00805	0.02064	0.01475	0.0527	0.01976	0.01063	0.02696	0.01847	0.01081	0.06131	0.01946	0.02222	0.02428	0.01492	0.04863	
0.00395	0.00355	0.0021	0.00111	0.0066	0.00141	0.00081	0.00189	0.0011	0.00064	0.00777	0.0012	0	0	0	0	0.0001	0.00021	0.00012	0.01028	0.0065	0.00086	0.00199	0.00136	0.0052	0.00207	0.00102	0.00242	0.00197	0.001	0.00559	0.00215	0.00225	0.00225	0.00142	0.00479	
0.00701	0.007	0.00381	0.00244	0.01215	0.00277	0.0019	0.00344	0.00193	0.00119	0.01497	0.00217	0	0	0	0	0.00027	0.00019	0.00022	0.01958	0.01228	0.00154	0.00358	0.00286	0.0098	0.0036	0.00185	0.00501	0.00353	0.00227	0.01064	0.00382	0.00445	0.00419	0.00276	0.00886	
0.33769	0.32003	0.18512	0.12031	0.58244	0.1297	0.08877	0.16224	0.09524	0.05048	0.71146	0.10597	0	0	0	0	0.00999	0.01244	0.00955	0.93117	0.58558	0.07082	0.18069	0.12606	0.46626	0.16702	0.09053	0.23934	0.17175	0.10213	0.50653	0.18274	0.20003	0.21028	0.12797	0.42487	
0.00205	0.00212	0.00104	0.00067	0.00341	0.00084	0.00066	0.00097	0.0006	0.00024	0.00433	0.00071	0	0	0	0	7e-05	9e-05	8e-05	0.00564	0.0036	0.00037	0.00119	0.00072	0.00288	0.00111	0.00053	0.00136	0.00108	0.00067	0.00306	0.00107	0.00119	0.00113	0.0009	0.00266	
0.00343	0.00373	0.00194	0.00133	0.006	0.00154	0.00107	0.00182	0.00105	0.00055	0.00772	0.00111	0.0001	0.00027	0.00999	7e-05	0	0	0	0	0.00646	0.00069	0.00171	0.00157	0.00493	0.00164	0.00113	0.00273	0.0019	0.00125	0.00535	0.00193	0.00224	0.00219	0.00141	0.00459	
0.00454	0.00437	0.00241	0.00161	0.00774	0.00181	0.00125	0.00213	0.00134	0.0007	0.00953	0.00136	0.00021	0.00019	0.01244	9e-05	0	0	0	0	0.00797	0.00095	0.00222	0.00179	0.00638	0.0021	0.00124	0.00321	0.00245	0.00134	0.00665	0.00249	0.00281	0.00265	0.00158	0.00589	
0.00331	0.00323	0.00212	0.00131	0.0061	0.00125	0.00103	0.00159	0.00096	0.00049	0.00739	0.00113	0.00012	0.00022	0.00955	8e-05	0	0	0	0	0.00648	0.00065	0.00182	0.00102	0.00479	0.00176	0.00086	0.00256	0.00161	0.00103	0.00533	0.002	0.00212	0.00197	0.00122	0.00466	
0.33942	0.32137	0.1856	0.12028	0.58476	0.13012	0.08879	0.163	0.09552	0.05081	0.71389	0.10645	0.01028	0.01958	0.93117	0.00564	0	0	0	0	0.58705	0.0713	0.1817	0.12662	0.46804	0.1683	0.0907	0.23963	0.17237	0.10245	0.50849	0.18336	0.20075	0.21104	0.12884	0.42604	
0.21327	0.20219	0.11737	0.07513	0.36607	0.08252	0.05624	0.10313	0.05976	0.0318	0.44979	0.06661	0.0065	0.01228	0.58558	0.0036	0.00646	0.00797	0.00648	0.58705	0	0	0	0	0.28635	0.10235	0.05558	0.16368	0.10883	0.06441	0.31922	0.1155	0.12666	0.13327	0.08044	0.26759	
0.02532	0.02472	0.01408	0.00947	0.04527	0.00957	0.0066	0.01215	0.00759	0.00408	0.05387	0.00805	0.00086	0.00154	0.07082	0.00037	0.00069	0.00095	0.00065	0.0713	0	0	0	0	0.03526	0.01262	0.00656	0.01915	0.01336	0.00799	0.03794	0.0143	0.01546	0.01589	0.01024	0.032	
0.06602	0.06255	0.03524	0.02364	0.11397	0.02495	0.01719	0.03134	0.01871	0.00943	0.13867	0.02064	0.00199	0.00358	0.18069	0.00119	0.00171	0.00222	0.00182	0.1817	0	0	0	0	0.10067	0.03634	0.01974	0.0307	0.03362	0.01954	0.09922	0.03507	0.03885	0.04045	0.02427	0.08388	
0.04609	0.04324	0.02538	0.01629	0.07929	0.01768	0.01211	0.02192	0.01281	0.00724	0.0962	0.01475	0.00136	0.00286	0.12606	0.00072	0.00157	0.00179	0.00102	0.12662	0	0	0	0	0.06186	0.02249	0.01205	0.0346	0.02252	0.01413	0.06944	0.02491	0.02695	0.02824	0.0181	0.05771	
0.16957	0.1618	0.09286	0.05991	0.29053	0.06523	0.04549	0.08289	0.04822	0.02572	0.3575	0.0527	0.0052	0.0098	0.46626	0.00288	0.00493	0.00638	0.00479	0.46804	0.28635	0.03526	0.10067	0.06186	0	0	0	0	0.08314	0.04893	0.26568	0.08639	0.09972	0.10472	0.06522	0.21448	
0.06091	0.05788	0.03385	0.02116	0.10775	0.02254	0.01575	0.02776	0.01687	0.0085	0.12867	0.01976	0.00207	0.0036	0.16702	0.00111	0.00164	0.0021	0.00176	0.1683	0.10235	0.01262	0.03634	0.02249	0	0	0	0	0.03769	0.0226	0.07177	0.04174	0.03651	0.03968	0.02304	0.07457	
0.03307	0.03035	0.01855	0.01196	0.05638	0.01275	0.00875	0.01605	0.00965	0.00446	0.06919	0.01063	0.00102	0.00185	0.09053	0.00053	0.00113	0.00124	0.00086	0.0907	0.05558	0.00656	0.01974	0.01205	0	0	0	0	0.01584	0.00941	0.05155	0.01713	0.01935	0.02041	0.01228	0.04189	
0.08715	0.08267	0.04681	0.0315	0.14994	0.0342	0.02215	0.04184	0.02413	0.01387	0.18317	0.02696	0.00242	0.00501	0.23934	0.00136	0.00273	0.00321	0.00256	0.23963	0.16368	0.01915	0.0307	0.0346	0	0	0	0	0.04166	0.02513	0.13682	0.04452	0.05234	0.05304	0.03251	0.11024	
0.06396	0.06004	0.03418	0.02015	0.12457	0.01842	0.01256	0.02278	0.01659	0.0083	0.13497	0.01847	0.00197	0.00353	0.17175	0.00108	0.0019	0.00245	0.00161	0.17237	0.10883	0.01336	0.03362	0.02252	0.08314	0.03769	0.01584	0.04166	0	0	0	0	0.0428	0.04329	0.02686	0.06538	
0.0374	0.03619	0.02074	0.01174	0.07414	0.01156	0.00714	0.01323	0.00941	0.00543	0.08042	0.01081	0.001	0.00227	0.10213	0.00067	0.00125	0.00134	0.00103	0.10245	0.06441	0.00799	0.01954	0.01413	0.04893	0.0226	0.00941	0.02513	0	0	0	0	0.02535	0.02672	0.01521	0.03879	
0.18127	0.17235	0.10014	0.07206	0.27402	0.08529	0.05871	0.1078	0.05594	0.02944	0.37913	0.06131	0.00559	0.01064	0.50653	0.00306	0.00535	0.00665	0.00533	0.50849	0.31922	0.03794	0.09922	0.06944	0.26568	0.07177	0.05155	0.13682	0	0	0	0	0.0953	0.10186	0.06243	0.26623	
0.06807	0.06412	0.03701	0.02058	0.13187	0.01945	0.01373	0.02473	0.01693	0.00938	0.14401	0.01946	0.00215	0.00382	0.18274	0.00107	0.00193	0.00249	0.002	0.18336	0.1155	0.0143	0.03507	0.02491	0.08639	0.04174	0.01713	0.04452	0	0	0	0	0.04447	0.04598	0.02855	0.07078	
0.07399	0.06855	0.03998	0.0254	0.12803	0.02682	0.01877	0.0343	0.01922	0.01086	0.15562	0.02222	0.00225	0.00445	0.20003	0.00119	0.00224	0.00281	0.00212	0.20075	0.12666	0.01546	0.03885	0.02695	0.09972	0.03651	0.01935	0.05234	0.0428	0.02535	0.0953	0.04447	0	0	0	0	
0.07525	0.07392	0.04154	0.02714	0.13408	0.0289	0.01936	0.03551	0.02131	0.01182	0.16044	0.02428	0.00225	0.00419	0.21028	0.00113	0.00219	0.00265	0.00197	0.21104	0.13327	0.01589	0.04045	0.02824	0.10472	0.03968	0.02041	0.05304	0.04329	0.02672	0.10186	0.04598	0	0	0	0	
0.0468	0.04471	0.02506	0.01648	0.0826	0.01712	0.01219	0.02114	0.01357	0.00686	0.0977	0.01492	0.00142	0.00276	0.12797	0.0009	0.00141	0.00158	0.00122	0.12884	0.08044	0.01024	0.02427	0.0181	0.06522	0.02304	0.01228	0.03251	0.02686	0.01521	0.06243	0.02855	0	0	0	0	
0.15466	0.14552	0.08549	0.05551	0.25989	0.06188	0.04182	0.07759	0.04477	0.02301	0.32477	0.04863	0.00479	0.00886	0.42487	0.00266	0.00459	0.00589	0.00466	0.42604	0.26759	0.032	0.08388	0.05771	0.21448	0.07457	0.04189	0.11024	0.06538	0.03879	0.26623	0.07078	0	0	0	0	
