0	0	0	0	0.22474	0.04285	0.02818	0.05166	0.03317	0.01709	0.26022	0.03695	0.00382	0.0071	0.33435	0.00216	0.00383	0.00439	0.00321	0.336	0.21084	0.02503	0.06579	0.04577	0.16734	0.0619	0.03148	0.08671	0.06315	0.03722	0.18008	0.06698	0.07321	0.07412	0.04695	0.15315	
0	0	0	0	0.21562	0.03957	0.02745	0.05153	0.03138	0.01697	0.25026	0.03556	0.00365	0.0067	0.32178	0.00204	0.00345	0.00452	0.00341	0.32279	0.20383	0.02394	0.06267	0.04373	0.16166	0.05859	0.03038	0.08354	0.0597	0.03595	0.17345	0.06507	0.06942	0.07232	0.04504	0.14739	
0	0	0	0	0.12393	0.02355	0.01597	0.02984	0.01805	0.00981	0.14548	0.01995	0.00201	0.00432	0.18597	0.00099	0.002	0.00262	0.00194	0.18673	0.11816	0.01489	0.03509	0.02515	0.09378	0.03346	0.01796	0.04809	0.03631	0.02086	0.09946	0.03666	0.03996	0.04173	0.02538	0.08622	
0	0	0	0	0.03717	0.0299	0.02087	0.03717	0.01511	0.00813	0.08406	0.01781	0.00139	0.0025	0.12044	0.00078	0.00141	0.00156	0.00134	0.1208	0.07587	0.00941	0.02303	0.0168	0.06157	0.02088	0.01166	0.031	0.01989	0.0118	0.07304	0.02038	0.02536	0.02703	0.01635	0.05637	
0.22474	0.21562	0.12393	0.03717	0	0	0	0	0.04006	0.02092	0.49558	0.0449	0.00647	0.01244	0.57903	0.00352	0.00647	0.00781	0.00582	0.58136	0.36607	0.04367	0.11267	0.07905	0.28943	0.10853	0.0549	0.1486	0.12384	0.07387	0.27301	0.13074	0.12924	0.13076	0.08196	0.2595	
0.04285	0.03957	0.02355	0.0299	0	0	0	0	0.01996	0.01078	0.08317	0.02196	0.00134	0.00275	0.13084	0.00094	0.00149	0.0016	0.0013	0.13148	0.08266	0.01009	0.02542	0.0177	0.06626	0.02274	0.01232	0.03455	0.01877	0.01114	0.08564	0.02032	0.02616	0.02891	0.01796	0.06284	
0.02818	0.02745	0.01597	0.02087	0	0	0	0	0.0136	0.00729	0.05592	0.01566	0.00103	0.00186	0.089	0.00058	0.00109	0.0012	0.00097	0.08921	0.05646	0.00679	0.01683	0.01239	0.04509	0.01551	0.00843	0.02344	0.0129	0.00719	0.05858	0.0138	0.01871	0.01999	0.01189	0.04188	
0.05166	0.05153	0.02984	0.03717	0	0	0	0	0.02409	0.01301	0.10535	0.02775	0.00203	0.00357	0.16367	0.00093	0.00164	0.00248	0.00181	0.16427	0.10351	0.01272	0.03166	0.02231	0.08357	0.02805	0.01583	0.04275	0.02354	0.01363	0.1088	0.02423	0.03384	0.03554	0.02191	0.07891	
0.03317	0.03138	0.01805	0.01511	0.04006	0.01996	0.0136	0.02409	0	0	0	0	0.00111	0.0019	0.09403	0.00067	0.00097	0.00128	0.0009	0.09456	0.05878	0.00724	0.01848	0.01321	0.04776	0.01657	0.00921	0.02417	0.01589	0.01008	0.05504	0.0167	0.02004	0.02042	0.01271	0.04454	
0.01709	0.01697	0.00981	0.00813	0.02092	0.01078	0.00729	0.01301	0	0	0	0	0.00057	0.00096	0.05012	0.00035	0.00054	0.00064	0.00052	0.0503	0.03186	0.00391	0.00958	0.00665	0.02553	0.00884	0.00453	0.0131	0.00941	0.00485	0.02874	0.009	0.01106	0.01128	0.00682	0.02284	
0.26022	0.25026	0.14548	0.08406	0.49558	0.08317	0.05592	0.10535	0	0	0	0	0.00807	0.01534	0.71224	0.00437	0.0081	0.00967	0.0073	0.71495	0.4511	0.05404	0.13742	0.09746	0.35804	0.13035	0.06732	0.18431	0.1351	0.07981	0.38102	0.14409	0.15391	0.16015	0.09975	0.32621	
0.03695	0.03556	0.01995	0.01781	0.0449	0.02196	0.01566	0.02775	0	0	0	0	0.00112	0.00242	0.10615	0.00058	0.00108	0.0015	0.00118	0.10651	0.06696	0.00808	0.0211	0.01413	0.05302	0.01907	0.01042	0.02776	0.01865	0.01109	0.06123	0.0193	0.02294	0.02335	0.01444	0.04954	
0.00382	0.00365	0.00201	0.00139	0.00647	0.00134	0.00103	0.00203	0.00111	0.00057	0.00807	0.00112	0	0	0	0	0.00012	0.00013	6e-05	0.01056	0.00642	0.00091	0.00219	0.00135	0.00518	0.00191	0.00101	0.00277	0.00195	0.00114	0.00558	0.0022	0.0024	0.00237	0.00145	0.00465	
0.0071	0.0067	0.00432	0.0025	0.01244	0.00275	0.00186	0.00357	0.0019	0.00096	0.01534	0.00242	0	0	0	0	0.00024	0.00026	0.00019	0.01993	0.01272	0.00136	0.00358	0.00296	0.01039	0.00291	0.00187	0.00545	0.00352	0.00223	0.01097	0.0039	0.00437	0.00438	0.00282	0.00905	
0.33435	0.32178	0.18597	0.12044	0.57903	0.13084	0.089	0.16367	0.09403	0.05012	0.71224	0.10615	0	0	0	0	0.01028	0.01261	0.00961	0.93004	0.58612	0.07047	0.17962	0.12633	0.46591	0.16893	0.08803	0.23967	0.17247	0.10193	0.50631	0.18183	0.19977	0.20724	0.1286	0.42693	
0.00216	0.00204	0.00099	0.00078	0.00352	0.00094	0.00058	0.00093	0.00067	0.00035	0.00437	0.00058	0	0	0	0	5e-05	9e-05	4e-05	0.00579	0.00344	0.00053	0.00119	0.00081	0.00287	0.00108	0.00057	0.00145	0.00111	0.00053	0.00317	0.00116	0.00141	0.00121	0.00085	0.0025	
0.00383	0.00345	0.002	0.00141	0.00647	0.00149	0.00109	0.00164	0.00097	0.00054	0.0081	0.00108	0.00012	0.00024	0.01028	5e-05	0	0	0	0	0.0065	0.00073	0.00191	0.00155	0.00528	0.00174	0.00102	0.00265	0.00181	0.00116	0.0056	0.00212	0.00235	0.00235	0.00137	0.00462	
0.00439	0.00452	0.00262	0.00156	0.00781	0.0016	0.0012	0.00248	0.00128	0.00064	0.00967	0.0015	0.00013	0.00026	0.01261	9e-05	0	0	0	0	0.00792	0.00099	0.00232	0.00186	0.00624	0.00223	0.0012	0.00342	0.00232	0.00137	0.00697	0.00243	0.00246	0.00281	0.00181	0.00601	
0.00321	0.00341	0.00194	0.00134	0.00582	0.0013	0.00097	0.00181	0.0009	0.00052	0.0073	0.00118	6e-05	0.00019	0.00961	4e-05	0	0	0	0	0.00615	0.0006	0.00198	0.00117	0.00471	0.00173	0.00088	0.00258	0.00172	0.00094	0.00532	0.00192	0.00189	0.00218	0.00128	0.00455	
0.336	0.32279	0.18673	0.1208	0.58136	0.13148	0.08921	0.16427	0.09456	0.0503	0.71495	0.10651	0.01056	0.01993	0.93004	0.00579	0	0	0	0	0.58813	0.07095	0.18037	0.12687	0.46812	0.16913	0.08838	0.24069	0.1732	0.10236	0.50814	0.18262	0.20125	0.20786	0.12926	0.42795	
0.21084	0.20383	0.11816	0.07587	0.36607	0.08266	0.05646	0.10351	0.05878	0.03186	0.4511	0.06696	0.00642	0.01272	0.58612	0.00344	0.0065	0.00792	0.00615	0.58813	0	0	0	0	0.28553	0.10314	0.05428	0.16575	0.1084	0.0643	0.32164	0.11436	0.12654	0.13022	0.08174	0.2702	
0.02503	0.02394	0.01489	0.00941	0.04367	0.01009	0.00679	0.01272	0.00724	0.00391	0.05404	0.00808	0.00091	0.00136	0.07047	0.00053	0.00073	0.00099	0.0006	0.07095	0	0	0	0	0.0346	0.01203	0.00625	0.02039	0.01298	0.00774	0.0388	0.01375	0.01476	0.01587	0.01031	0.03233	
0.06579	0.06267	0.03509	0.02303	0.11267	0.02542	0.01683	0.03166	0.01848	0.00958	0.13742	0.0211	0.00219	0.00358	0.17962	0.00119	0.00191	0.00232	0.00198	0.18037	0	0	0	0	0.10235	0.03779	0.01901	0.02743	0.03444	0.02005	0.09662	0.03547	0.03893	0.04043	0.02475	0.08247	
0.04577	0.04373	0.02515	0.0168	0.07905	0.0177	0.01239	0.02231	0.01321	0.00665	0.09746	0.01413	0.00135	0.00296	0.12633	0.00081	0.00155	0.00186	0.00117	0.12687	0	0	0	0	0.06187	0.02187	0.01194	0.03577	0.02323	0.01374	0.06897	0.02551	0.02772	0.02868	0.01692	0.05813	
0.16734	0.16166	0.09378	0.06157	0.28943	0.06626	0.04509	0.08357	0.04776	0.02553	0.35804	0.05302	0.00518	0.01039	0.46591	0.00287	0.00528	0.00624	0.00471	0.46812	0.28553	0.0346	0.10235	0.06187	0	0	0	0	0.08242	0.04804	0.26786	0.08603	0.10042	0.10295	0.06547	0.21551	
0.0619	0.05859	0.03346	0.02088	0.10853	0.02274	0.01551	0.02805	0.01657	0.00884	0.13035	0.01907	0.00191	0.00291	0.16893	0.00108	0.00174	0.00223	0.00173	0.16913	0.10314	0.01203	0.03779	0.02187	0	0	0	0	0.03993	0.024	0.06851	0.04239	0.03771	0.03949	0.02403	0.0736	
0.03148	0.03038	0.01796	0.01166	0.0549	0.01232	0.00843	0.01583	0.00921	0.00453	0.06732	0.01042	0.00101	0.00187	0.08803	0.00057	0.00102	0.0012	0.00088	0.08838	0.05428	0.00625	0.01901	0.01194	0	0	0	0	0.01516	0.009	0.0512	0.01612	0.01878	0.01973	0.01174	0.04123	
0.08671	0.08354	0.04809	0.031	0.1486	0.03455	0.02344	0.04275	0.02417	0.0131	0.18431	0.02776	0.00277	0.00545	0.23967	0.00145	0.00265	0.00342	0.00258	0.24069	0.16575	0.02039	0.02743	0.03577	0	0	0	0	0.04154	0.02479	0.13846	0.04455	0.05104	0.05303	0.03248	0.11279	
0.06315	0.0597	0.03631	0.01989	0.12384	0.01877	0.0129	0.02354	0.01589	0.00941	0.1351	0.01865	0.00195	0.00352	0.17247	0.00111	0.00181	0.00232	0.00172	0.1732	0.1084	0.01298	0.03444	0.02323	0.08242	0.03993	0.01516	0.04154	0	0	0	0	0.04234	0.04281	0.0272	0.0667	
0.03722	0.03595	0.02086	0.0118	0.07387	0.01114	0.00719	0.01363	0.01008	0.00485	0.07981	0.01109	0.00114	0.00223	0.10193	0.00053	0.00116	0.00137	0.00094	0.10236	0.0643	0.00774	0.02005	0.01374	0.04804	0.024	0.009	0.02479	0	0	0	0	0.02445	0.02593	0.01658	0.03887	
0.18008	0.17345	0.09946	0.07304	0.27301	0.08564	0.05858	0.1088	0.05504	0.02874	0.38102	0.06123	0.00558	0.01097	0.50631	0.00317	0.0056	0.00697	0.00532	0.50814	0.32164	0.0388	0.09662	0.06897	0.26786	0.06851	0.0512	0.13846	0	0	0	0	0.09657	0.10001	0.06133	0.26812	
0.06698	0.06507	0.03666	0.02038	0.13074	0.02032	0.0138	0.02423	0.0167	0.009	0.14409	0.0193	0.0022	0.0039	0.18183	0.00116	0.00212	0.00243	0.00192	0.18262	0.11436	0.01375	0.03547	0.02551	0.08603	0.04239	0.01612	0.04455	0	0	0	0	0.04459	0.04645	0.02861	0.06944	
0.07321	0.06942	0.03996	0.02536	0.12924	0.02616	0.01871	0.03384	0.02004	0.01106	0.15391	0.02294	0.0024	0.00437	0.19977	0.00141	0.00235	0.00246	0.00189	0.20125	0.12654	0.01476	0.03893	0.02772	0.10042	0.03771	0.01878	0.05104	0.04234	0.02445	0.09657	0.04459	0	0	0	0	
0.07412	0.07232	0.04173	0.02703	0.13076	0.02891	0.01999	0.03554	0.02042	0.01128	0.16015	0.02335	0.00237	0.00438	0.20724	0.00121	0.00235	0.00281	0.00218	0.20786	0.13022	0.01587	0.04043	0.02868	0.10295	0.03949	0.01973	0.05303	0.04281	0.02593	0.10001	0.04645	0	0	0	0	
0.04695	0.04504	0.02538	0.01635	0.08196	0.01796	0.01189	0.02191	0.01271	0.00682	0.09975	0.01444	0.00145	0.00282	0.1286	0.00085	0.00137	0.00181	0.00128	0.12926	0.08174	0.01031	0.02475	0.01692	0.06547	0.02403	0.01174	0.03248	0.0272	0.01658	0.06133	0.02861	0	0	0	0	
0.15315	0.14739	0.08622	0.05637	0.2595	0.06284	0.04188	0.07891	0.04454	0.02284	0.32621	0.04954	0.00465	0.00905	0.42693	0.0025	0.00462	0.00601	0.00455	0.42795	0.2702	0.03233	0.08247	0.05813	0.21551	0.0736	0.04123	0.11279	0.0667	0.03887	0.26812	0.06944	0	0	0	0	
