0	0	0	0	-0.327325	0	0	0	0	0	-0.0661191	0	0	0	0	0	0	0	0	0	0	0	0	0	0	0	0	0	0	0	0	0	0	0	0	0	
0	0	0	0	0	0	0	0	0	0	0.0948351	-0.111781	0	0	0	0	0	0	0	0	0	0	0	0	0	0	0	0	0	0	-0.0757684	0	0	0	0	0	
0	0	0	0	0	0	0	0	0	0	0	0	0	0	0	0	0	0	0	0	0	0	0	0	0	0	0	0	0	0	0	0	0	0	0	0	
0	0	0	0	-1.67042	0	0	0	0	0	0	0	0	0	0	0	0	0	0	0	0	0	0	0	0	0	0	0	0	0	0	0	0	0	0	0	
-0.327325	0	0	-1.67042	0	0	0	0	0	0	0	0	0	0	0	0	0	0	0	0	-0.290159	0	0	0.0836427	-0.520024	0	0	0	0	0	-0.869933	0	0	0	0	-0.384861	
0	0	0	0	0	0	0	0	0	0	0	0	0	0	0	0	0	0	0	0	0	0	0	0	0	0	0	0	0	0	0	0	0	0	0	0	
0	0	0	0	0	0	0	0	0	0	-0.0869693	0	0	0	0	0	0	0	0	0	0	0	0	0	0	0	0	0	0	0	0	0	0	0	0	0	
0	0	0	0	0	0	0	0	-1.12184	0	0	0	0	0	0	0	0	0	0	0	0	0	0	0	0	0	0	0	0	0	0	0	0	0	0	0	
0	0	0	0	0	0	0	-1.12184	0	0	0	0	0	0	0	0	0	0	0	0	0	0	0	0	0	0	0	0	0	0	0	0	0	0	0	0	
0	0	0	0	0	0	0	0	0	0	0	0	0	0	0	0	0	0	0	0	0	0	0	0	0	0	0	0	0	0	0	0	0	0	0	0	
-0.0661191	0.0948351	0	0	0	0	-0.0869693	0	0	0	0	0	0	0	0	0	0	0	0	0	0	0	0	0.747935	-0.811993	0	0	0	0	0	-1.39121	0	0	0	0	-0.680723	
0	-0.111781	0	0	0	0	0	0	0	0	0	0	0	0	0	0	0	0	0	0	0.0834371	0	0	0	0	0	0	0	0	0	0	0	0	0	0	0	
0	0	0	0	0	0	0	0	0	0	0	0	0	0	0	0	0	0	0	0	0	0	0	0	0	0	0	0	0	0	0	0	0	0	0	0	
0	0	0	0	0	0	0	0	0	0	0	0	0	0	0	0	0	0	0	0	0	0	0	0	0	0	0	0	0	0	0	0	0	0	0	0	
0	0	0	0	0	0	0	0	0	0	0	0	0	0	0	0	0	0	0	0	0	0	0	0	0	0	0	0	0	0	0.0563455	0	0	0	0	0	
0	0	0	0	0	0	0	0	0	0	0	0	0	0	0	0	0	0	0	0	0	0	0	0	0	0	0	0	0	0	0	0	0	0	0	0	
0	0	0	0	0	0	0	0	0	0	0	0	0	0	0	0	0	0	0	0	0	0	0	0	0	0	0	0	0	0	0	0	0	0	0	0	
0	0	0	0	0	0	0	0	0	0	0	0	0	0	0	0	0	0	0	0	0	0	0	0	0	0	0	0	0	0	0	0	0	0	0	0	
0	0	0	0	0	0	0	0	0	0	0	0	0	0	0	0	0	0	0	0	0	0	0	0	0	0	0	0	0	0	0	0	0	0	0	0	
0	0	0	0	0	0	0	0	0	0	0	0	0	0	0	0	0	0	0	0	0	0	0	0	0	0	0	0	0	0	0	0	0	0	0	0	
0	0	0	0	-0.290159	0	0	0	0	0	0	0.0834371	0	0	0	0	0	0	0	0	0	0	0	0	0	0	0	0	0	0	-0.995331	0	0	0	0	-0.475195	
0	0	0	0	0	0	0	0	0	0	0	0	0	0	0	0	0	0	0	0	0	0	0	0	0	0	0	0	0	0	0	0	0	0	0	0	
0	0	0	0	0	0	0	0	0	0	0	0	0	0	0	0	0	0	0	0	0	0	0	0	1.13939	0	0	0	0	0	0.0214473	0	0	0	0	0	
0	0	0	0	0.0836427	0	0	0	0	0	0.747935	0	0	0	0	0	0	0	0	0	0	0	0	0	-0.855152	0	0	0.0961886	0	0	0	0	0	0	0	0.0723222	
0	0	0	0	-0.520024	0	0	0	0	0	-0.811993	0	0	0	0	0	0	0	0	0	0	0	1.13939	-0.855152	0	0	0	0	0	0	0.0741494	0	0	0	-0.276173	0	
0	0	0	0	0	0	0	0	0	0	0	0	0	0	0	0	0	0	0	0	0	0	0	0	0	0	0	0	0	0	0	0	0	0	0	0	
0	0	0	0	0	0	0	0	0	0	0	0	0	0	0	0	0	0	0	0	0	0	0	0	0	0	0	0	0	0	0	0	0	0	0	0	
0	0	0	0	0	0	0	0	0	0	0	0	0	0	0	0	0	0	0	0	0	0	0	0.0961886	0	0	0	0	0	0	-0.0930878	0.125764	0	0	0	0	
0	0	0	0	0	0	0	0	0	0	0	0	0	0	0	0	0	0	0	0	0	0	0	0	0	0	0	0	0	0	0	0	0	0	0	0	
0	0	0	0	0	0	0	0	0	0	0	0	0	0	0	0	0	0	0	0	0	0	0	0	0	0	0	0	0	0	0	0	0	0	0	0	
0	-0.0757684	0	0	-0.869933	0	0	0	0	0	-1.39121	0	0	0	0.0563455	0	0	0	0	0	-0.995331	0	0.0214473	0	0.0741494	0	0	-0.0930878	0	0	0	0	0	0	0	0.47513	
0	0	0	0	0	0	0	0	0	0	0	0	0	0	0	0	0	0	0	0	0	0	0	0	0	0	0	0.125764	0	0	0	0	0	0	0	0.109063	
0	0	0	0	0	0	0	0	0	0	0	0	0	0	0	0	0	0	0	0	0	0	0	0	0	0	0	0	0	0	0	0	0	0	0	0	
0	0	0	0	0	0	0	0	0	0	0	0	0	0	0	0	0	0	0	0	0	0	0	0	0	0	0	0	0	0	0	0	0	0	0	0	
0	0	0	0	0	0	0	0	0	0	0	0	0	0	0	0	0	0	0	0	0	0	0	0	-0.276173	0	0	0	0	0	0	0	0	0	0	0	
0	0	0	0	-0.384861	0	0	0	0	0	-0.680723	0	0	0	0	0	0	0	0	0	-0.475195	0	0	0.0723222	0	0	0	0	0	0	0.47513	0.109063	0	0	0	0	
