0	0	0	0	0.223731	0.0543923	0.0426231	0.0742	0.0772154	0.0272462	0.225608	0.0648769	0.00176923	0.00115385	0.390046	0.00197692	0.00240769	0.00332308	0.00183846	0.387377	0.224069	0.00722308	0.0982692	0.0653846	0.258615	0.0300538	0.0419308	0.0643462	0.0416077	0.0152923	0.291062	0.0469846	0.0765769	0.0419231	0.0338154	0.242631	
0	0	0	0	0.147154	0.0238385	0.0198308	0.0346615	0.0418	0.0138923	0.139015	0.0307769	0.00117692	0.000646154	0.222515	0.00114615	0.00116154	0.00217692	0.00103846	0.221108	0.127062	0.00403077	0.0549	0.0394923	0.143023	0.0180692	0.0248462	0.0395462	0.0272231	0.00936923	0.158338	0.0305538	0.0468308	0.0249769	0.0200462	0.133631	
0	0	0	0	0.123131	0.0215077	0.0167308	0.03	0.0376308	0.0124846	0.111377	0.0298769	0.000869231	0.000561538	0.188931	0.00100769	0.000838462	0.00166923	0.000846154	0.188015	0.108246	0.00383077	0.0471077	0.0321846	0.123123	0.0151615	0.0197385	0.0333462	0.0212538	0.00758462	0.139115	0.0234154	0.0380077	0.0210462	0.0163769	0.115938	
0	0	0	0	0.0477077	0.0444846	0.0347923	0.0612154	0.0348462	0.0135308	0.1065	0.0333231	0.00107692	0.000538462	0.185677	0.000907692	0.00103846	0.00177692	0.000823077	0.184562	0.107562	0.00356154	0.0471	0.0299769	0.130792	0.0119	0.0171	0.0284077	0.0159	0.00567692	0.148515	0.0181077	0.0343538	0.0179462	0.0152	0.1207	
0.223731	0.147154	0.123131	0.0477077	0	0	0	0	0.107446	0.0311154	0.329677	0.0734846	0.00271538	0.00153846	0.534746	0.00272308	0.00300769	0.00471538	0.00246154	0.531538	0.301146	0.0100692	0.130492	0.100015	0.323377	0.0477538	0.0656923	0.1049	0.0735385	0.0264077	0.359185	0.0825923	0.119008	0.0646923	0.0527385	0.305285	
0.0543923	0.0238385	0.0215077	0.0444846	0	0	0	0	0.0354077	0.0103154	0.0739538	0.0245462	0.000707692	0.000461538	0.142354	0.0007	0.000638462	0.00153077	0.000661538	0.141392	0.0830538	0.00273846	0.0378538	0.0205769	0.105323	0.00845385	0.0119154	0.0185308	0.00986923	0.00331538	0.1202	0.0108385	0.0232	0.0126769	0.00976154	0.0985846	
0.0426231	0.0198308	0.0167308	0.0347923	0	0	0	0	0.0292692	0.00829231	0.0560538	0.0203615	0.000584615	0.000407692	0.112346	0.000638462	0.000607692	0.000992308	0.000561538	0.111815	0.0658231	0.00226923	0.0296154	0.0162692	0.0837923	0.00638462	0.00951538	0.0142846	0.0076	0.00256923	0.0949769	0.00883077	0.0185615	0.00990769	0.00810769	0.0774	
0.0742	0.0346615	0.03	0.0612154	0	0	0	0	0.0193692	0.0174308	0.122815	0.0404615	0.000884615	0.000492308	0.197723	0.000976923	0.00119231	0.00170769	0.000861538	0.196315	0.116915	0.00356923	0.0494154	0.0301769	0.143062	0.0125923	0.0164923	0.0279308	0.0149769	0.00563077	0.162669	0.0168	0.035	0.0186154	0.0148308	0.131631	
0.0772154	0.0418	0.0376308	0.0348462	0.107446	0.0354077	0.0292692	0.0193692	0	0	0	0	0.00101538	0.000515385	0.189031	0.000930769	0.00107692	0.00168462	0.000861538	0.187869	0.105446	0.00402308	0.0609769	0.0210462	0.148985	0.00940769	0.0130615	0.0200385	0.0091	0.00347692	0.168469	0.0104462	0.0279385	0.0145231	0.0118538	0.137177	
0.0272462	0.0138923	0.0124846	0.0135308	0.0311154	0.0103154	0.00829231	0.0174308	0	0	0	0	0.000276923	0.000169231	0.0663462	0.000361538	0.000446154	0.000553846	0.000307692	0.0658462	0.0377154	0.00157692	0.0204923	0.00736923	0.0522154	0.00346923	0.00480769	0.00666154	0.00297692	0.00100769	0.0594077	0.00376154	0.00943077	0.00556154	0.00385385	0.0483077	
0.225608	0.139015	0.111377	0.1065	0.329677	0.0739538	0.0560538	0.122815	0	0	0	0	0.00287692	0.0018	0.574823	0.003	0.00298462	0.00522308	0.00266154	0.571631	0.3328	0.00968462	0.117885	0.122131	0.329792	0.0548769	0.0751462	0.122685	0.0861231	0.0307154	0.369115	0.0965462	0.135554	0.0734308	0.0601692	0.313346	
0.0648769	0.0307769	0.0298769	0.0333231	0.0734846	0.0245462	0.0203615	0.0404615	0	0	0	0	0.000723077	0.000415385	0.156969	0.000746154	0.000938462	0.00148462	0.000715385	0.155715	0.0909769	0.00336154	0.0480231	0.0164923	0.124562	0.00743077	0.0106	0.0162615	0.00778462	0.00272308	0.140038	0.00830769	0.0228462	0.0123769	0.00956154	0.114069	
0.00176923	0.00117692	0.000869231	0.00107692	0.00271538	0.000707692	0.000584615	0.000884615	0.00101538	0.000276923	0.00287692	0.000723077	0	0	0	0	5.38462e-05	2.30769e-05	7.69231e-06	0.00480769	0.00277692	5.38462e-05	0.00121538	0.000846154	0.00331538	0.000330769	0.000569231	0.000676923	0.0005	0.000184615	0.00353846	0.000669231	0.000907692	0.000592308	0.000461538	0.00293077	
0.00115385	0.000646154	0.000561538	0.000538462	0.00153846	0.000461538	0.000407692	0.000492308	0.000515385	0.000169231	0.0018	0.000415385	0	0	0	0	1.53846e-05	7.69231e-06	0	0.00287692	0.00174615	6.15385e-05	0.000615385	0.000476923	0.00186923	0.000230769	0.000269231	0.000530769	0.000353846	9.23077e-05	0.00207692	0.000376923	0.0006	0.000330769	0.000253846	0.00171538	
0.390046	0.222515	0.188931	0.185677	0.534746	0.142354	0.112346	0.197723	0.189031	0.0663462	0.574823	0.156969	0	0	0	0	0.00535385	0.00885385	0.00453077	0.968431	0.559577	0.0184308	0.244269	0.164892	0.647054	0.0741615	0.102246	0.163708	0.104585	0.0374077	0.727808	0.117369	0.1933	0.104331	0.0843615	0.605177	
0.00197692	0.00114615	0.00100769	0.000907692	0.00272308	0.0007	0.000638462	0.000976923	0.000930769	0.000361538	0.003	0.000746154	0	0	0	0	2.30769e-05	6.15385e-05	7.69231e-06	0.00494615	0.00283846	0.0001	0.00127692	0.000823077	0.00331538	0.000461538	0.000530769	0.000730769	0.000546154	0.000238462	0.00360769	0.000646154	0.000961538	0.000638462	0.000361538	0.00307692	
0.00240769	0.00116154	0.000838462	0.00103846	0.00300769	0.000638462	0.000607692	0.00119231	0.00107692	0.000446154	0.00298462	0.000938462	5.38462e-05	1.53846e-05	0.00535385	2.30769e-05	0	0	0	0	0.00300769	9.23077e-05	0.00139231	0.000953846	0.00346923	0.000453846	0.000623077	0.0009	0.000546154	0.000161538	0.00413846	0.0006	0.000984615	0.000430769	0.000476923	0.00355385	
0.00332308	0.00217692	0.00166923	0.00177692	0.00471538	0.00153077	0.000992308	0.00170769	0.00168462	0.000553846	0.00522308	0.00148462	2.30769e-05	7.69231e-06	0.00885385	6.15385e-05	0	0	0	0	0.00487692	0.0002	0.00234615	0.00152308	0.0057	0.000653846	0.000961538	0.00163077	0.000984615	0.000338462	0.00652308	0.0011	0.0018	0.00110769	0.000761538	0.00527692	
0.00183846	0.00103846	0.000846154	0.000823077	0.00246154	0.000661538	0.000561538	0.000861538	0.000861538	0.000307692	0.00266154	0.000715385	7.69231e-06	0	0.00453077	7.69231e-06	0	0	0	0	0.00259231	4.61538e-05	0.00106154	0.000846154	0.00294615	0.000269231	0.000530769	0.0008	0.000530769	0.000161538	0.00324615	0.000607692	0.000853846	0.000523077	0.000438462	0.00273077	
0.387377	0.221108	0.188015	0.184562	0.531538	0.141392	0.111815	0.196315	0.187869	0.0658462	0.571631	0.155715	0.00480769	0.00287692	0.968431	0.00494615	0	0	0	0	0.556462	0.0183077	0.242577	0.163715	0.643438	0.0738077	0.1015	0.162315	0.103923	0.0372615	0.723123	0.116754	0.192131	0.103831	0.0837615	0.601338	
0.224069	0.127062	0.108246	0.107562	0.301146	0.0830538	0.0658231	0.116915	0.105446	0.0377154	0.3328	0.0909769	0.00277692	0.00174615	0.559577	0.00283846	0.00300769	0.00487692	0.00259231	0.556462	0	0	0	0	0.362546	0.0446846	0.0627308	0.0969769	0.0774	0.0275	0.375369	0.0866692	0.126185	0.0691692	0.0549846	0.3166	
0.00722308	0.00403077	0.00383077	0.00356154	0.0100692	0.00273846	0.00226923	0.00356923	0.00402308	0.00157692	0.00968462	0.00336154	5.38462e-05	6.15385e-05	0.0184308	0.0001	9.23077e-05	0.0002	4.61538e-05	0.0183077	0	0	0	0	0.0122077	0.00168462	0.00181538	0.00293846	0.00117692	0.000315385	0.0158308	0.00132308	0.00314615	0.00160769	0.00126923	0.0126231	
0.0982692	0.0549	0.0471077	0.0471	0.130492	0.0378538	0.0296154	0.0494154	0.0609769	0.0204923	0.117885	0.0480231	0.00121538	0.000615385	0.244269	0.00127692	0.00139231	0.00234615	0.00106154	0.242577	0	0	0	0	0.212554	0.00767692	0.0107308	0.0164154	0.0140692	0.00498462	0.212431	0.0158923	0.0379231	0.0200308	0.0158923	0.173531	
0.0653846	0.0394923	0.0321846	0.0299769	0.100015	0.0205769	0.0162692	0.0301769	0.0210462	0.00736923	0.122131	0.0164923	0.000846154	0.000476923	0.164892	0.000823077	0.000953846	0.00152308	0.000846154	0.163715	0	0	0	0	0.0682462	0.0211385	0.0283385	0.0493154	0.0133385	0.00512308	0.1334	0.0151769	0.0285154	0.0150846	0.0132923	0.110146	
0.258615	0.143023	0.123123	0.130792	0.323377	0.105323	0.0837923	0.143062	0.148985	0.0522154	0.329792	0.124562	0.00331538	0.00186923	0.647054	0.00331538	0.00346923	0.0057	0.00294615	0.643438	0.362546	0.0122077	0.212554	0.0682462	0	0	0	0	0.0600308	0.0216615	0.507554	0.0663077	0.122608	0.0662077	0.0481846	0.418554	
0.0300538	0.0180692	0.0151615	0.0119	0.0477538	0.00845385	0.00638462	0.0125923	0.00940769	0.00346923	0.0548769	0.00743077	0.000330769	0.000230769	0.0741615	0.000461538	0.000453846	0.000653846	0.000269231	0.0738077	0.0446846	0.00168462	0.00767692	0.0211385	0	0	0	0	0.0100615	0.00336154	0.0508154	0.0109462	0.0158231	0.00840769	0.0083	0.0426538	
0.0419308	0.0248462	0.0197385	0.0171	0.0656923	0.0119154	0.00951538	0.0164923	0.0130615	0.00480769	0.0751462	0.0106	0.000569231	0.000269231	0.102246	0.000530769	0.000623077	0.000961538	0.000530769	0.1015	0.0627308	0.00181538	0.0107308	0.0283385	0	0	0	0	0.0132538	0.00466923	0.0705538	0.0151385	0.0218538	0.0120077	0.0113615	0.0583923	
0.0643462	0.0395462	0.0333462	0.0284077	0.1049	0.0185308	0.0142846	0.0279308	0.0200385	0.00666154	0.122685	0.0162615	0.000676923	0.000530769	0.163708	0.000730769	0.0009	0.00163077	0.0008	0.162315	0.0969769	0.00293846	0.0164154	0.0493154	0	0	0	0	0.0226385	0.00823077	0.108108	0.0266692	0.0354846	0.0192692	0.0175923	0.0933	
0.0416077	0.0272231	0.0212538	0.0159	0.0735385	0.00986923	0.0076	0.0149769	0.0091	0.00297692	0.0861231	0.00778462	0.0005	0.000353846	0.104585	0.000546154	0.000546154	0.000984615	0.000530769	0.103923	0.0774	0.00117692	0.0140692	0.0133385	0.0600308	0.0100615	0.0132538	0.0226385	0	0	0	0	0.0281538	0.0157	0.0124923	0.0496385	
0.0152923	0.00936923	0.00758462	0.00567692	0.0264077	0.00331538	0.00256923	0.00563077	0.00347692	0.00100769	0.0307154	0.00272308	0.000184615	9.23077e-05	0.0374077	0.000238462	0.000161538	0.000338462	0.000161538	0.0372615	0.0275	0.000315385	0.00498462	0.00512308	0.0216615	0.00336154	0.00466923	0.00823077	0	0	0	0	0.0106769	0.0055	0.00437692	0.0173692	
0.291062	0.158338	0.139115	0.148515	0.359185	0.1202	0.0949769	0.162669	0.168469	0.0594077	0.369115	0.140038	0.00353846	0.00207692	0.727808	0.00360769	0.00413846	0.00652308	0.00324615	0.723123	0.375369	0.0158308	0.212431	0.1334	0.507554	0.0508154	0.0705538	0.108108	0	0	0	0	0.125885	0.0675231	0.0545923	0.489031	
0.0469846	0.0305538	0.0234154	0.0181077	0.0825923	0.0108385	0.00883077	0.0168	0.0104462	0.00376154	0.0965462	0.00830769	0.000669231	0.000376923	0.117369	0.000646154	0.0006	0.0011	0.000607692	0.116754	0.0866692	0.00132308	0.0158923	0.0151769	0.0663077	0.0109462	0.0151385	0.0266692	0	0	0	0	0.0310538	0.0171692	0.0139769	0.0568615	
0.0765769	0.0468308	0.0380077	0.0343538	0.119008	0.0232	0.0185615	0.035	0.0279385	0.00943077	0.135554	0.0228462	0.000907692	0.0006	0.1933	0.000961538	0.000984615	0.0018	0.000853846	0.192131	0.126185	0.00314615	0.0379231	0.0285154	0.122608	0.0158231	0.0218538	0.0354846	0.0281538	0.0106769	0.125885	0.0310538	0	0	0	0	
0.0419231	0.0249769	0.0210462	0.0179462	0.0646923	0.0126769	0.00990769	0.0186154	0.0145231	0.00556154	0.0734308	0.0123769	0.000592308	0.000330769	0.104331	0.000638462	0.000430769	0.00110769	0.000523077	0.103831	0.0691692	0.00160769	0.0200308	0.0150846	0.0662077	0.00840769	0.0120077	0.0192692	0.0157	0.0055	0.0675231	0.0171692	0	0	0	0	
0.0338154	0.0200462	0.0163769	0.0152	0.0527385	0.00976154	0.00810769	0.0148308	0.0118538	0.00385385	0.0601692	0.00956154	0.000461538	0.000253846	0.0843615	0.000361538	0.000476923	0.000761538	0.000438462	0.0837615	0.0549846	0.00126923	0.0158923	0.0132923	0.0481846	0.0083	0.0113615	0.0175923	0.0124923	0.00437692	0.0545923	0.0139769	0	0	0	0	
0.242631	0.133631	0.115938	0.1207	0.305285	0.0985846	0.0774	0.131631	0.137177	0.0483077	0.313346	0.114069	0.00293077	0.00171538	0.605177	0.00307692	0.00355385	0.00527692	0.00273077	0.601338	0.3166	0.0126231	0.173531	0.110146	0.418554	0.0426538	0.0583923	0.0933	0.0496385	0.0173692	0.489031	0.0568615	0	0	0	0	
