0	0	0	0	0.23312	0.03442	0.0334333	0.0732533	0.0428267	0.0106067	0.2752	0.0455933	0.000106667	0	0.37412	0	0	0.01904	0	0.355187	0.2449	0.0172867	0.0478733	0.0641667	0.18782	0.0444267	0.02634	0.11564	0.0736467	0.0343	0.176273	0.0900067	0.0839267	0.05424	0.03862	0.19744	
0	0	0	0	0.18656	0.0285933	0.02736	0.0590133	0.0346933	0.00880667	0.220653	0.0373733	4.66667e-05	0	0.30148	0	0	0.0154	0	0.286127	0.197167	0.0140067	0.0385867	0.0517667	0.15066	0.0359467	0.0215333	0.0933867	0.0591	0.02726	0.142493	0.0726733	0.06834	0.0434733	0.03146	0.158253	
0	0	0	0	0.10956	0.0164067	0.0163933	0.0343067	0.0202733	0.00527333	0.1293	0.02182	8e-05	0	0.176587	0	0	0.00886667	0	0.1678	0.115853	0.00778	0.0224933	0.03054	0.0878667	0.02138	0.0131933	0.0542267	0.03396	0.01606	0.08406	0.0425867	0.0395867	0.02604	0.0185733	0.0924667	
0	0	0	0	0.09082	0.0140667	0.01352	0.0291733	0.0168067	0.00443333	0.108133	0.0182067	6e-05	0	0.14752	0	0	0.00773333	0	0.139847	0.0973267	0.00646667	0.0187467	0.02504	0.07334	0.0175267	0.0102867	0.0464267	0.0287667	0.0137533	0.0696	0.03546	0.0333667	0.0211267	0.0150867	0.078	
0.23312	0.18656	0.10956	0.09082	0	0	0	0	0.0714333	0.01808	0.454613	0.0759333	0.0002	0	0.61986	0	0	0.0315133	0	0.588547	0.406487	0.0280267	0.0793267	0.10622	0.311287	0.0731467	0.0442667	0.19136	0.12234	0.05732	0.288847	0.151553	0.139147	0.09002	0.06522	0.325673	
0.03442	0.0285933	0.0164067	0.0140667	0	0	0	0	0.0103333	0.00284	0.0688867	0.0114267	2e-05	0	0.0934667	0	0	0.00461333	0	0.0888733	0.0610133	0.00418	0.0119	0.0163933	0.04666	0.0112733	0.0066	0.0289533	0.0179533	0.00848	0.0447933	0.02226	0.0212867	0.01348	0.00933333	0.0493867	
0.0334333	0.02736	0.0163933	0.01352	0	0	0	0	0.01028	0.00246	0.0666267	0.01134	1.33333e-05	0	0.0906933	0	0	0.00476667	0	0.08594	0.0598733	0.00414667	0.0115	0.0151867	0.04526	0.0108733	0.00646	0.0281133	0.0177	0.00796	0.0437267	0.02132	0.0198467	0.0132533	0.00954	0.0480667	
0.0732533	0.0590133	0.0343067	0.0291733	0	0	0	0	0.0225533	0.00574	0.14316	0.0242933	6e-05	0	0.195687	0	0	0.0101467	0	0.1856	0.127873	0.00918667	0.0249733	0.0337133	0.09648	0.0239867	0.0140267	0.0612533	0.03748	0.0176133	0.09506	0.0455933	0.04494	0.0281267	0.0196467	0.103033	
0.0428267	0.0346933	0.0202733	0.0168067	0.0714333	0.0103333	0.01028	0.0225533	0	0	0	0	2e-05	0	0.11458	0	0	0.00598667	0	0.108613	0.07562	0.00509333	0.0144733	0.0194133	0.0568133	0.0138	0.00864667	0.03534	0.0223733	0.00994667	0.05544	0.02684	0.02652	0.0165733	0.0117267	0.05978	
0.0106067	0.00880667	0.00527333	0.00443333	0.01808	0.00284	0.00246	0.00574	0	0	0	0	6.66667e-06	0	0.0291133	0	0	0.00158667	0	0.0275333	0.0188733	0.00120667	0.00372	0.00532	0.0142533	0.00344667	0.00218	0.00924	0.00574667	0.00278667	0.0142333	0.00635333	0.00672667	0.00409333	0.00294	0.01536	
0.2752	0.220653	0.1293	0.108133	0.454613	0.0688867	0.0666267	0.14316	0	0	0	0	0.000233333	0	0.733053	0	0	0.0373	0	0.695987	0.47998	0.0337933	0.0937	0.125813	0.36694	0.0878667	0.05192	0.22656	0.143947	0.0676533	0.342093	0.179593	0.1648	0.105833	0.0759667	0.386687	
0.0455933	0.0373733	0.02182	0.0182067	0.0759333	0.0114267	0.01134	0.0242933	0	0	0	0	3.33333e-05	0	0.12296	0	0	0.00616667	0	0.116827	0.0807733	0.00544667	0.0158067	0.0209667	0.06168	0.0141667	0.00860667	0.03854	0.0234067	0.0109867	0.06066	0.02794	0.0271733	0.01838	0.0131067	0.0643333	
0.000106667	4.66667e-05	8e-05	6e-05	0.0002	2e-05	1.33333e-05	6e-05	2e-05	6.66667e-06	0.000233333	3.33333e-05	0	0	0	0	0	1.33333e-05	0	0.00028	0.000173333	1.33333e-05	5.33333e-05	5.33333e-05	0.00018	4e-05	1.33333e-05	6e-05	3.33333e-05	4.66667e-05	0.0001	0.000113333	4.66667e-05	4.66667e-05	2.66667e-05	0.000173333	
0	0	0	0	0	0	0	0	0	0	0	0	0	0	0	0	0	0	0	0	0	0	0	0	0	0	0	0	0	0	0	0	0	0	0	0	
0.37412	0.30148	0.176587	0.14752	0.61986	0.0934667	0.0906933	0.195687	0.11458	0.0291133	0.733053	0.12296	0	0	0	0	0	0.0510267	0	0.94868	0.655073	0.0455267	0.127647	0.17146	0.499507	0.11924	0.07134	0.30962	0.19544	0.0913267	0.472327	0.240613	0.225173	0.144833	0.103713	0.525987	
0	0	0	0	0	0	0	0	0	0	0	0	0	0	0	0	0	0	0	0	0	0	0	0	0	0	0	0	0	0	0	0	0	0	0	0	
0	0	0	0	0	0	0	0	0	0	0	0	0	0	0	0	0	0	0	0	0	0	0	0	0	0	0	0	0	0	0	0	0	0	0	0	
0.01904	0.0154	0.00886667	0.00773333	0.0315133	0.00461333	0.00476667	0.0101467	0.00598667	0.00158667	0.0373	0.00616667	1.33333e-05	0	0.0510267	0	0	0	0	0	0.03336	0.00248	0.00642	0.00878	0.0253333	0.00615333	0.00360667	0.0159467	0.0100667	0.00505333	0.0237733	0.0121467	0.0114	0.00757333	0.00523333	0.0268333	
0	0	0	0	0	0	0	0	0	0	0	0	0	0	0	0	0	0	0	0	0	0	0	0	0	0	0	0	0	0	0	0	0	0	0	0	
0.355187	0.286127	0.1678	0.139847	0.588547	0.0888733	0.08594	0.1856	0.108613	0.0275333	0.695987	0.116827	0.00028	0	0.94868	0	0	0	0	0	0.621887	0.04306	0.12128	0.162733	0.474353	0.113127	0.0677467	0.293733	0.185407	0.08632	0.448653	0.22858	0.21382	0.137307	0.0985067	0.499327	
0.2449	0.197167	0.115853	0.0973267	0.406487	0.0610133	0.0598733	0.127873	0.07562	0.0188733	0.47998	0.0807733	0.000173333	0	0.655073	0	0	0.03336	0	0.621887	0	0	0	0	0.326627	0.07826	0.04728	0.20308	0.128853	0.0597667	0.308833	0.157793	0.148547	0.09462	0.0683533	0.343727	
0.0172867	0.0140067	0.00778	0.00646667	0.0280267	0.00418	0.00414667	0.00918667	0.00509333	0.00120667	0.0337933	0.00544667	1.33333e-05	0	0.0455267	0	0	0.00248	0	0.04306	0	0	0	0	0.0230133	0.00560667	0.00321333	0.0137067	0.00902	0.00422	0.0214	0.0109	0.00976	0.00664	0.00486	0.02428	
0.0478733	0.0385867	0.0224933	0.0187467	0.0793267	0.0119	0.0115	0.0249733	0.0144733	0.00372	0.0937	0.0158067	5.33333e-05	0	0.127647	0	0	0.00642	0	0.12128	0	0	0	0	0.0639867	0.0149533	0.00864	0.04012	0.02452	0.01184	0.0605133	0.0308267	0.0287667	0.0187133	0.01336	0.06686	
0.0641667	0.0517667	0.03054	0.02504	0.10622	0.0163933	0.0151867	0.0337133	0.0194133	0.00532	0.125813	0.0209667	5.33333e-05	0	0.17146	0	0	0.00878	0	0.162733	0	0	0	0	0.08606	0.02046	0.01222	0.0527733	0.03308	0.0155467	0.08168	0.0412067	0.0381467	0.0249067	0.0171667	0.0912933	
0.18782	0.15066	0.0878667	0.07334	0.311287	0.04666	0.04526	0.09648	0.0568133	0.0142533	0.36694	0.06168	0.00018	0	0.499507	0	0	0.0253333	0	0.474353	0.326627	0.0230133	0.0639867	0.08606	0	0	0	0	0.0972667	0.0456867	0.237907	0.118827	0.113173	0.07264	0.05192	0.261953	
0.0444267	0.0359467	0.02138	0.0175267	0.0731467	0.0112733	0.0108733	0.0239867	0.0138	0.00344667	0.0878667	0.0141667	4e-05	0	0.11924	0	0	0.00615333	0	0.113127	0.07826	0.00560667	0.0149533	0.02046	0	0	0	0	0.0233733	0.0107933	0.0563133	0.0288	0.02646	0.01734	0.0122733	0.0632067	
0.02634	0.0215333	0.0131933	0.0102867	0.0442667	0.0066	0.00646	0.0140267	0.00864667	0.00218	0.05192	0.00860667	1.33333e-05	0	0.07134	0	0	0.00360667	0	0.0677467	0.04728	0.00321333	0.00864	0.01222	0	0	0	0	0.0136067	0.00624667	0.0336933	0.0178067	0.0158	0.0102133	0.00725333	0.0380867	
0.11564	0.0933867	0.0542267	0.0464267	0.19136	0.0289533	0.0281133	0.0612533	0.03534	0.00924	0.22656	0.03854	6e-05	0	0.30962	0	0	0.0159467	0	0.293733	0.20308	0.0137067	0.04012	0.0527733	0	0	0	0	0.0612267	0.0286467	0.144513	0.0752933	0.0697867	0.0446867	0.0322933	0.162913	
0.0736467	0.0591	0.03396	0.0287667	0.12234	0.0179533	0.0177	0.03748	0.0223733	0.00574667	0.143947	0.0234067	3.33333e-05	0	0.19544	0	0	0.0100667	0	0.185407	0.128853	0.00902	0.02452	0.03308	0.0972667	0.0233733	0.0136067	0.0612267	0	0	0	0	0.04456	0.0279267	0.0203533	0.102633	
0.0343	0.02726	0.01606	0.0137533	0.05732	0.00848	0.00796	0.0176133	0.00994667	0.00278667	0.0676533	0.0109867	4.66667e-05	0	0.0913267	0	0	0.00505333	0	0.08632	0.0597667	0.00422	0.01184	0.0155467	0.0456867	0.0107933	0.00624667	0.0286467	0	0	0	0	0.0207933	0.0133667	0.00908667	0.0481267	
0.176273	0.142493	0.08406	0.0696	0.288847	0.0447933	0.0437267	0.09506	0.05544	0.0142333	0.342093	0.06066	0.0001	0	0.472327	0	0	0.0237733	0	0.448653	0.308833	0.0214	0.0605133	0.08168	0.237907	0.0563133	0.0336933	0.144513	0	0	0	0	0.1063	0.0679733	0.0493533	0.2488	
0.0900067	0.0726733	0.0425867	0.03546	0.151553	0.02226	0.02132	0.0455933	0.02684	0.00635333	0.179593	0.02794	0.000113333	0	0.240613	0	0	0.0121467	0	0.22858	0.157793	0.0109	0.0308267	0.0412067	0.118827	0.0288	0.0178067	0.0752933	0	0	0	0	0.0535667	0.0356133	0.0249467	0.1266	
0.0839267	0.06834	0.0395867	0.0333667	0.139147	0.0212867	0.0198467	0.04494	0.02652	0.00672667	0.1648	0.0271733	4.66667e-05	0	0.225173	0	0	0.0114	0	0.21382	0.148547	0.00976	0.0287667	0.0381467	0.113173	0.02646	0.0158	0.0697867	0.04456	0.0207933	0.1063	0.0535667	0	0	0	0	
0.05424	0.0434733	0.02604	0.0211267	0.09002	0.01348	0.0132533	0.0281267	0.0165733	0.00409333	0.105833	0.01838	4.66667e-05	0	0.144833	0	0	0.00757333	0	0.137307	0.09462	0.00664	0.0187133	0.0249067	0.07264	0.01734	0.0102133	0.0446867	0.0279267	0.0133667	0.0679733	0.0356133	0	0	0	0	
0.03862	0.03146	0.0185733	0.0150867	0.06522	0.00933333	0.00954	0.0196467	0.0117267	0.00294	0.0759667	0.0131067	2.66667e-05	0	0.103713	0	0	0.00523333	0	0.0985067	0.0683533	0.00486	0.01336	0.0171667	0.05192	0.0122733	0.00725333	0.0322933	0.0203533	0.00908667	0.0493533	0.0249467	0	0	0	0	
0.19744	0.158253	0.0924667	0.078	0.325673	0.0493867	0.0480667	0.103033	0.05978	0.01536	0.386687	0.0643333	0.000173333	0	0.525987	0	0	0.0268333	0	0.499327	0.343727	0.02428	0.06686	0.0912933	0.261953	0.0632067	0.0380867	0.162913	0.102633	0.0481267	0.2488	0.1266	0	0	0	0	
