0	0	0	0	0.233487	0.0334533	0.0332133	0.07176	0.0417733	0.0107667	0.27404	0.0453333	0.00012	0	0.371793	0	0	0.0183333	0	0.35358	0.24368	0.0172333	0.0467733	0.0642267	0.186587	0.0446467	0.02652	0.11416	0.0716067	0.0341133	0.17858	0.0876133	0.0837867	0.05332	0.0384667	0.19634	
0	0	0	0	0.188967	0.0267533	0.0261467	0.05876	0.0342533	0.00847333	0.220867	0.0370333	8.66667e-05	0	0.30054	0	0	0.01502	0	0.285607	0.196947	0.0133667	0.0383333	0.05198	0.149467	0.0364333	0.0214133	0.0933133	0.05776	0.0277533	0.144707	0.0704067	0.0672133	0.04294	0.0309333	0.15954	
0	0	0	0	0.11222	0.0161667	0.0160133	0.03346	0.0201667	0.00519333	0.130673	0.0218267	4.66667e-05	0	0.177813	0	0	0.00898	0	0.16888	0.11614	0.00796	0.0225267	0.0312333	0.08926	0.0217133	0.01266	0.0542267	0.0347933	0.0166867	0.08486	0.04152	0.03958	0.0257067	0.01892	0.0936533	
0	0	0	0	0.0943733	0.0132867	0.01352	0.02842	0.0166333	0.00436	0.1106	0.0180067	2.66667e-05	0	0.149573	0	0	0.00759333	0	0.142007	0.0985733	0.00648667	0.01892	0.02562	0.0745333	0.01798	0.01052	0.0465667	0.02864	0.0138067	0.0716467	0.0355067	0.0329467	0.02142	0.0154133	0.07982	
0.233487	0.188967	0.11222	0.0943733	0	0	0	0	0.05948	0.0152067	0.489473	0.0648867	0.0002	0	0.628847	0	0	0.03136	0	0.597687	0.412093	0.0282533	0.0797267	0.108973	0.31506	0.07566	0.0444733	0.193853	0.134147	0.06448	0.265973	0.164447	0.142553	0.0912133	0.0658533	0.329427	
0.0334533	0.0267533	0.0161667	0.0132867	0	0	0	0	0.0126667	0.00312	0.06038	0.0134933	4e-05	0	0.08962	0	0	0.00468667	0	0.0849733	0.05902	0.00414667	0.0108867	0.0156067	0.04472	0.0109267	0.00659333	0.02742	0.0142	0.00658667	0.0519867	0.0168867	0.01968	0.0127733	0.00915333	0.0480533	
0.0332133	0.0261467	0.0160133	0.01352	0	0	0	0	0.0127867	0.00331333	0.0592733	0.01352	1.33333e-05	0	0.08888	0	0	0.00440667	0	0.0844867	0.05846	0.00393333	0.01112	0.01538	0.0442867	0.0107333	0.00652667	0.0273467	0.0144133	0.00679333	0.0505533	0.0171333	0.0192467	0.0127867	0.00924667	0.0476133	
0.07176	0.05876	0.03346	0.02842	0	0	0	0	0.0278933	0.00715333	0.127053	0.0303	2.66667e-05	0	0.192373	0	0	0.00947333	0	0.182927	0.125767	0.00871333	0.02482	0.0331	0.09578	0.0234533	0.01352	0.0596467	0.03004	0.0145	0.11128	0.03658	0.0420467	0.0266133	0.01948	0.10426	
0.0417733	0.0342533	0.0201667	0.0166333	0.05948	0.0126667	0.0127867	0.0278933	0	0	0	0	2e-05	0	0.112807	0	0	0.00536667	0	0.10746	0.0735667	0.00513333	0.0143867	0.01974	0.0569133	0.0134533	0.00803333	0.0344267	0.0167467	0.00806	0.0677867	0.0202333	0.0252267	0.01528	0.0114733	0.0608467	
0.0107667	0.00847333	0.00519333	0.00436	0.0152067	0.00312	0.00331333	0.00715333	0	0	0	0	1.33333e-05	0	0.02878	0	0	0.00162	0	0.0271733	0.0186933	0.00118667	0.00362	0.00529333	0.0141467	0.00336	0.00196	0.00932667	0.00439333	0.00199333	0.01728	0.00512667	0.00630667	0.00379333	0.00288667	0.0158067	
0.27404	0.220867	0.130673	0.1106	0.489473	0.06038	0.0592733	0.127053	0	0	0	0	0.0002	0	0.73598	0	0	0.0373467	0	0.698833	0.48338	0.0333533	0.0931933	0.126253	0.36778	0.0889067	0.0522467	0.227247	0.15386	0.07344	0.32112	0.18776	0.16612	0.107067	0.0774	0.385593	
0.0453333	0.0370333	0.0218267	0.0180067	0.0648867	0.0134933	0.01352	0.0303	0	0	0	0	4.66667e-05	0	0.122153	0	0	0.00559333	0	0.116607	0.0797	0.00537333	0.0153533	0.0217733	0.0610067	0.0150533	0.00887333	0.0372667	0.0178	0.00886667	0.0736067	0.0219267	0.0258733	0.0172467	0.0119733	0.0671067	
0.00012	8.66667e-05	4.66667e-05	2.66667e-05	0.0002	4e-05	1.33333e-05	2.66667e-05	2e-05	1.33333e-05	0.0002	4.66667e-05	0	0	0	0	0	1.33333e-05	0	0.000266667	0.00018	1.33333e-05	4.66667e-05	4e-05	0.000133333	3.33333e-05	2.66667e-05	8.66667e-05	4e-05	3.33333e-05	0.00014	6.66667e-05	8e-05	5.33333e-05	4.66667e-05	0.0001	
0	0	0	0	0	0	0	0	0	0	0	0	0	0	0	0	0	0	0	0	0	0	0	0	0	0	0	0	0	0	0	0	0	0	0	0	
0.371793	0.30054	0.177813	0.149573	0.628847	0.08962	0.08888	0.192373	0.112807	0.02878	0.73598	0.122153	0	0	0	0	0	0.0499133	0	0.949807	0.65516	0.0450333	0.126507	0.17302	0.499713	0.12074	0.0710867	0.30818	0.19276	0.0923267	0.479653	0.23498	0.223447	0.143333	0.103687	0.529253	
0	0	0	0	0	0	0	0	0	0	0	0	0	0	0	0	0	0	0	0	0	0	0	0	0	0	0	0	0	0	0	0	0	0	0	0	
0	0	0	0	0	0	0	0	0	0	0	0	0	0	0	0	0	0	0	0	0	0	0	0	0	0	0	0	0	0	0	0	0	0	0	0	
0.0183333	0.01502	0.00898	0.00759333	0.03136	0.00468667	0.00440667	0.00947333	0.00536667	0.00162	0.0373467	0.00559333	1.33333e-05	0	0.0499133	0	0	0	0	0	0.0328067	0.00222667	0.00612667	0.00876667	0.0248467	0.00618	0.00334	0.01556	0.00962667	0.00444	0.0239333	0.0119267	0.0115933	0.00726	0.005	0.0260733	
0	0	0	0	0	0	0	0	0	0	0	0	0	0	0	0	0	0	0	0	0	0	0	0	0	0	0	0	0	0	0	0	0	0	0	0	
0.35358	0.285607	0.16888	0.142007	0.597687	0.0849733	0.0844867	0.182927	0.10746	0.0271733	0.698833	0.116607	0.000266667	0	0.949807	0	0	0	0	0	0.622533	0.04282	0.120427	0.164293	0.475	0.114593	0.0677733	0.292707	0.183173	0.08792	0.45586	0.22312	0.211933	0.136127	0.0987333	0.50328	
0.24368	0.196947	0.11614	0.0985733	0.412093	0.05902	0.05846	0.125767	0.0735667	0.0186933	0.48338	0.0797	0.00018	0	0.65516	0	0	0.0328067	0	0.622533	0	0	0	0	0.327133	0.07902	0.0465867	0.2026	0.126187	0.0599667	0.314913	0.154273	0.14696	0.0939067	0.0677133	0.34676	
0.0172333	0.0133667	0.00796	0.00648667	0.0282533	0.00414667	0.00393333	0.00871333	0.00513333	0.00118667	0.0333533	0.00537333	1.33333e-05	0	0.0450333	0	0	0.00222667	0	0.04282	0	0	0	0	0.0222533	0.00536667	0.00326667	0.01416	0.00866667	0.00422	0.0215533	0.0106067	0.0101867	0.00671333	0.00471333	0.0234333	
0.0467733	0.0383333	0.0225267	0.01892	0.0797267	0.0108867	0.01112	0.02482	0.0143867	0.00362	0.0931933	0.0153533	4.66667e-05	0	0.126507	0	0	0.00612667	0	0.120427	0	0	0	0	0.06348	0.0151867	0.00880667	0.03908	0.0243667	0.0119867	0.0606533	0.0295467	0.0276733	0.0181467	0.01328	0.0674533	
0.0642267	0.05198	0.0312333	0.02562	0.108973	0.0156067	0.01538	0.0331	0.01974	0.00529333	0.126253	0.0217733	4e-05	0	0.17302	0	0	0.00876667	0	0.164293	0	0	0	0	0.08698	0.0212	0.0124533	0.0524267	0.03358	0.0161867	0.0826733	0.04062	0.0387067	0.02462	0.0180267	0.0917067	
0.186587	0.149467	0.08926	0.0745333	0.31506	0.04472	0.0442867	0.09578	0.0569133	0.0141467	0.36778	0.0610067	0.000133333	0	0.499713	0	0	0.0248467	0	0.475	0.327133	0.0222533	0.06348	0.08698	0	0	0	0	0.0958733	0.0460533	0.239953	0.117967	0.110807	0.0708133	0.0524867	0.26574	
0.0446467	0.0364333	0.0217133	0.01798	0.07566	0.0109267	0.0107333	0.0234533	0.0134533	0.00336	0.0889067	0.0150533	3.33333e-05	0	0.12074	0	0	0.00618	0	0.114593	0.07902	0.00536667	0.0151867	0.0212	0	0	0	0	0.0235667	0.0111067	0.0575	0.0286	0.0273533	0.01772	0.01232	0.06338	
0.02652	0.0214133	0.01266	0.01052	0.0444733	0.00659333	0.00652667	0.01352	0.00803333	0.00196	0.0522467	0.00887333	2.66667e-05	0	0.0710867	0	0	0.00334	0	0.0677733	0.0465867	0.00326667	0.00880667	0.0124533	0	0	0	0	0.0139867	0.00653333	0.0338867	0.0167067	0.01604	0.0104267	0.00731333	0.0373333	
0.11416	0.0933133	0.0542267	0.0465667	0.193853	0.02742	0.0273467	0.0596467	0.0344267	0.00932667	0.227247	0.0372667	8.66667e-05	0	0.30818	0	0	0.01556	0	0.292707	0.2026	0.01416	0.03908	0.0524267	0	0	0	0	0.0593733	0.0286667	0.148453	0.0717733	0.0693267	0.0444267	0.0316133	0.1629	
0.0716067	0.05776	0.0347933	0.02864	0.134147	0.0142	0.0144133	0.03004	0.0167467	0.00439333	0.15386	0.0178	4e-05	0	0.19276	0	0	0.00962667	0	0.183173	0.126187	0.00866667	0.0243667	0.03358	0.0958733	0.0235667	0.0139867	0.0593733	0	0	0	0	0.0487067	0.03156	0.0233467	0.0891867	
0.0341133	0.0277533	0.0166867	0.0138067	0.06448	0.00658667	0.00679333	0.0145	0.00806	0.00199333	0.07344	0.00886667	3.33333e-05	0	0.0923267	0	0	0.00444	0	0.08792	0.0599667	0.00422	0.0119867	0.0161867	0.0460533	0.0111067	0.00653333	0.0286667	0	0	0	0	0.0234067	0.0152933	0.0107933	0.0428667	
0.17858	0.144707	0.08486	0.0716467	0.265973	0.0519867	0.0505533	0.11128	0.0677867	0.01728	0.32112	0.0736067	0.00014	0	0.479653	0	0	0.0239333	0	0.45586	0.314913	0.0215533	0.0606533	0.0826733	0.239953	0.0575	0.0338867	0.148453	0	0	0	0	0.0914133	0.0582667	0.0421133	0.288	
0.0876133	0.0704067	0.04152	0.0355067	0.164447	0.0168867	0.0171333	0.03658	0.0202333	0.00512667	0.18776	0.0219267	6.66667e-05	0	0.23498	0	0	0.0119267	0	0.22312	0.154273	0.0106067	0.0295467	0.04062	0.117967	0.0286	0.0167067	0.0717733	0	0	0	0	0.06	0.0382667	0.02748	0.1093	
0.0837867	0.0672133	0.03958	0.0329467	0.142553	0.01968	0.0192467	0.0420467	0.0252267	0.00630667	0.16612	0.0258733	8e-05	0	0.223447	0	0	0.0115933	0	0.211933	0.14696	0.0101867	0.0276733	0.0387067	0.110807	0.0273533	0.01604	0.0693267	0.0487067	0.0234067	0.0914133	0.06	0	0	0	0	
0.05332	0.04294	0.0257067	0.02142	0.0912133	0.0127733	0.0127867	0.0266133	0.01528	0.00379333	0.107067	0.0172467	5.33333e-05	0	0.143333	0	0	0.00726	0	0.136127	0.0939067	0.00671333	0.0181467	0.02462	0.0708133	0.01772	0.0104267	0.0444267	0.03156	0.0152933	0.0582667	0.0382667	0	0	0	0	
0.0384667	0.0309333	0.01892	0.0154133	0.0658533	0.00915333	0.00924667	0.01948	0.0114733	0.00288667	0.0774	0.0119733	4.66667e-05	0	0.103687	0	0	0.005	0	0.0987333	0.0677133	0.00471333	0.01328	0.0180267	0.0524867	0.01232	0.00731333	0.0316133	0.0233467	0.0107933	0.0421133	0.02748	0	0	0	0	
0.19634	0.15954	0.0936533	0.07982	0.329427	0.0480533	0.0476133	0.10426	0.0608467	0.0158067	0.385593	0.0671067	0.0001	0	0.529253	0	0	0.0260733	0	0.50328	0.34676	0.0234333	0.0674533	0.0917067	0.26574	0.06338	0.0373333	0.1629	0.0891867	0.0428667	0.288	0.1093	0	0	0	0	
