0	0	0	0	0.25248	0.0299533	0.0287067	0.0616133	0.041	0.0111267	0.27716	0.0434667	8.66667e-05	0	0.372667	0	0	0.01846	0	0.354293	0.243447	0.01688	0.04788	0.0645467	0.184733	0.0442067	0.0274467	0.116367	0.0717933	0.03338	0.17894	0.08864	0.0836933	0.0544133	0.0398067	0.19484	
0	0	0	0	0.206687	0.02354	0.0225067	0.0508667	0.03366	0.00832	0.226233	0.0353867	4.66667e-05	0	0.303553	0	0	0.01474	0	0.28886	0.197453	0.01364	0.0394333	0.0530733	0.149713	0.0368467	0.02146	0.09558	0.0593333	0.0269667	0.144713	0.0725867	0.0683667	0.0451867	0.0313933	0.158653	
0	0	0	0	0.120073	0.0145733	0.0128533	0.0284	0.0189733	0.00488	0.13178	0.0202667	4e-05	0	0.17586	0	0	0.00862	0	0.16728	0.11426	0.00843333	0.0232067	0.03	0.0875933	0.02072	0.01272	0.0548667	0.0343933	0.01588	0.08332	0.0423067	0.03978	0.02546	0.01848	0.09218	
0	0	0	0	0.0479933	0.02448	0.0235067	0.0517667	0.02056	0.00524667	0.1009	0.02104	4e-05	0	0.147707	0	0	0.00768	0	0.140067	0.0972467	0.00639333	0.0188667	0.02524	0.0753733	0.0174867	0.0105533	0.0443333	0.02432	0.0115067	0.0814333	0.0304867	0.03274	0.02132	0.0148533	0.0788333	
0.25248	0.206687	0.120073	0.0479933	0	0	0	0	0.0541667	0.0138267	0.502173	0.0570667	0.000146667	0	0.627087	0	0	0.0312533	0	0.59598	0.4092	0.0282467	0.0816	0.108187	0.304113	0.07698	0.0459533	0.200187	0.13752	0.0629467	0.25728	0.169487	0.144527	0.0938333	0.06712	0.321753	
0.0299533	0.02354	0.0145733	0.02448	0	0	0	0	0.0149267	0.00384	0.0581067	0.0156733	2.66667e-05	0	0.09252	0	0	0.00446667	0	0.08808	0.06022	0.00428	0.0116667	0.01638	0.04786	0.0107133	0.00663333	0.02734	0.0129533	0.00566	0.0579867	0.0159467	0.0203267	0.0131867	0.00953333	0.0495	
0.0287067	0.0225067	0.0128533	0.0235067	0	0	0	0	0.0142067	0.00370667	0.0552667	0.0143933	1.33333e-05	0	0.08756	0	0	0.00459333	0	0.08298	0.0574933	0.00377333	0.0111333	0.0151733	0.045	0.00976667	0.00649333	0.0263133	0.0125667	0.00598667	0.05398	0.01504	0.0189	0.0124667	0.00874667	0.04746	
0.0616133	0.0508667	0.0284	0.0517667	0	0	0	0	0.0308933	0.0082	0.120527	0.0330267	2.66667e-05	0	0.19262	0	0	0.00918667	0	0.18346	0.125493	0.00904667	0.0249867	0.03312	0.10044	0.0218	0.0131	0.0573067	0.0268	0.01314	0.11916	0.0335467	0.0408267	0.0268933	0.0191333	0.105793	
0.041	0.03366	0.0189733	0.02056	0.0541667	0.0149267	0.0142067	0.0308933	0	0	0	0	3.33333e-05	0	0.11416	0	0	0.0056	0	0.108593	0.07482	0.00537333	0.0146467	0.0193533	0.07152	0.00994667	0.00631333	0.0264133	0.01318	0.00592	0.0781467	0.0169467	0.02416	0.0160467	0.0113067	0.06268	
0.0111267	0.00832	0.00488	0.00524667	0.0138267	0.00384	0.00370667	0.0082	0	0	0	0	6.66667e-06	0	0.0295667	0	0	0.00151333	0	0.02806	0.0192467	0.00128	0.00378	0.00526667	0.01872	0.0026	0.00154	0.00671333	0.00351333	0.00148	0.0203	0.00428	0.00642667	0.00406667	0.0028	0.01628	
0.27716	0.226233	0.13178	0.1009	0.502173	0.0581067	0.0552667	0.120527	0	0	0	0	0.000153333	0	0.73592	0	0	0.0365933	0	0.69948	0.47962	0.0330133	0.09564	0.1278	0.3317	0.0964333	0.0581733	0.249767	0.158633	0.0736867	0.308787	0.194967	0.16842	0.109633	0.07854	0.37948	
0.0434667	0.0353867	0.0202667	0.02104	0.0570667	0.0156733	0.0143933	0.0330267	0	0	0	0	2e-05	0	0.12014	0	0	0.00579333	0	0.114367	0.07872	0.00568	0.01532	0.02044	0.0754733	0.01028	0.00615333	0.0282533	0.0145133	0.00664667	0.0811733	0.0178267	0.0255733	0.0166333	0.0118867	0.0660667	
8.66667e-05	4.66667e-05	4e-05	4e-05	0.000146667	2.66667e-05	1.33333e-05	2.66667e-05	3.33333e-05	6.66667e-06	0.000153333	2e-05	0	0	0	0	0	2.66667e-05	0	0.000186667	0.000146667	6.66667e-06	2.66667e-05	3.33333e-05	0.00012	2e-05	2e-05	5.33333e-05	2.66667e-05	2.66667e-05	0.000126667	3.33333e-05	4.66667e-05	4e-05	2.66667e-05	0.0001	
0	0	0	0	0	0	0	0	0	0	0	0	0	0	0	0	0	0	0	0	0	0	0	0	0	0	0	0	0	0	0	0	0	0	0	0	
0.372667	0.303553	0.17586	0.147707	0.627087	0.09252	0.08756	0.19262	0.11416	0.0295667	0.73592	0.12014	0	0	0	0	0	0.0494733	0	0.950313	0.65226	0.04534	0.12936	0.172827	0.497293	0.11924	0.07216	0.311093	0.189813	0.0877067	0.48828	0.233987	0.224533	0.14634	0.104507	0.524407	
0	0	0	0	0	0	0	0	0	0	0	0	0	0	0	0	0	0	0	0	0	0	0	0	0	0	0	0	0	0	0	0	0	0	0	0	
0	0	0	0	0	0	0	0	0	0	0	0	0	0	0	0	0	0	0	0	0	0	0	0	0	0	0	0	0	0	0	0	0	0	0	0	
0.01846	0.01474	0.00862	0.00768	0.0312533	0.00446667	0.00459333	0.00918667	0.0056	0.00151333	0.0365933	0.00579333	2.66667e-05	0	0.0494733	0	0	0	0	0	0.0326533	0.00230667	0.00648667	0.00805333	0.0244333	0.00608	0.00350667	0.01548	0.00944	0.00452	0.0239667	0.0115733	0.0107933	0.00723333	0.00509333	0.02638	
0	0	0	0	0	0	0	0	0	0	0	0	0	0	0	0	0	0	0	0	0	0	0	0	0	0	0	0	0	0	0	0	0	0	0	0	
0.354293	0.28886	0.16728	0.140067	0.59598	0.08808	0.08298	0.18346	0.108593	0.02806	0.69948	0.114367	0.000186667	0	0.950313	0	0	0	0	0	0.619753	0.04304	0.1229	0.164807	0.47298	0.11318	0.0686733	0.295667	0.1804	0.0832133	0.46444	0.222447	0.213787	0.139147	0.09944	0.498127	
0.243447	0.197453	0.11426	0.0972467	0.4092	0.06022	0.0574933	0.125493	0.07482	0.0192467	0.47962	0.07872	0.000146667	0	0.65226	0	0	0.0326533	0	0.619753	0	0	0	0	0.324567	0.07766	0.0471133	0.203067	0.12386	0.0569133	0.319207	0.152427	0.146267	0.09578	0.0685533	0.341807	
0.01688	0.01364	0.00843333	0.00639333	0.0282467	0.00428	0.00377333	0.00904667	0.00537333	0.00128	0.0330133	0.00568	6.66667e-06	0	0.04534	0	0	0.00230667	0	0.04304	0	0	0	0	0.0225667	0.00552	0.0033	0.01396	0.00856	0.00408667	0.0219533	0.0107467	0.0100467	0.00643333	0.00482	0.0240467	
0.04788	0.0394333	0.0232067	0.0188667	0.0816	0.0116667	0.0111333	0.0249867	0.0146467	0.00378	0.09564	0.01532	2.66667e-05	0	0.12936	0	0	0.00648667	0	0.1229	0	0	0	0	0.06426	0.0156867	0.0091	0.04034	0.0245533	0.0113	0.0634533	0.03008	0.0284133	0.01898	0.0133867	0.0686067	
0.0645467	0.0530733	0.03	0.02524	0.108187	0.01638	0.0151733	0.03312	0.0193533	0.00526667	0.1278	0.02044	3.33333e-05	0	0.172827	0	0	0.00805333	0	0.164807	0	0	0	0	0.08602	0.0203933	0.0126667	0.05378	0.0328667	0.0154333	0.0837933	0.0407667	0.0398533	0.0251867	0.0177733	0.0900467	
0.184733	0.149713	0.0875933	0.0753733	0.304113	0.04786	0.045	0.10044	0.07152	0.01872	0.3317	0.0754733	0.00012	0	0.497293	0	0	0.0244333	0	0.47298	0.324567	0.0225667	0.06426	0.08602	0	0	0	0	0.0910133	0.04218	0.25106	0.11316	0.11042	0.0730733	0.0516133	0.262307	
0.0442067	0.0368467	0.02072	0.0174867	0.07698	0.0107133	0.00976667	0.0218	0.00994667	0.0026	0.0964333	0.01028	2e-05	0	0.11924	0	0	0.00608	0	0.11318	0.07766	0.00552	0.0156867	0.0203933	0	0	0	0	0.0231933	0.0109067	0.05592	0.02924	0.0273733	0.0171333	0.0126467	0.0621067	
0.0274467	0.02146	0.01272	0.0105533	0.0459533	0.00663333	0.00649333	0.0131	0.00631333	0.00154	0.0581733	0.00615333	2e-05	0	0.07216	0	0	0.00350667	0	0.0686733	0.0471133	0.0033	0.0091	0.0126667	0	0	0	0	0.0142	0.00671333	0.0340667	0.0172	0.0165867	0.0107533	0.00726667	0.0375733	
0.116367	0.09558	0.0548667	0.0443333	0.200187	0.02734	0.0263133	0.0573067	0.0264133	0.00671333	0.249767	0.0282533	5.33333e-05	0	0.311093	0	0	0.01548	0	0.295667	0.203067	0.01396	0.04034	0.05378	0	0	0	0	0.0614333	0.0279333	0.14736	0.07442	0.0702	0.04542	0.0330067	0.16252	
0.0717933	0.0593333	0.0343933	0.02432	0.13752	0.0129533	0.0125667	0.0268	0.01318	0.00351333	0.158633	0.0145133	2.66667e-05	0	0.189813	0	0	0.00944	0	0.1804	0.12386	0.00856	0.0245533	0.0328667	0.0910133	0.0231933	0.0142	0.0614333	0	0	0	0	0.0491067	0.03142	0.0233733	0.08594	
0.03338	0.0269667	0.01588	0.0115067	0.0629467	0.00566	0.00598667	0.01314	0.00592	0.00148	0.0736867	0.00664667	2.66667e-05	0	0.0877067	0	0	0.00452	0	0.0832133	0.0569133	0.00408667	0.0113	0.0154333	0.04218	0.0109067	0.00671333	0.0279333	0	0	0	0	0.0225267	0.0151133	0.01054	0.0395533	
0.17894	0.144713	0.08332	0.0814333	0.25728	0.0579867	0.05398	0.11916	0.0781467	0.0203	0.308787	0.0811733	0.000126667	0	0.48828	0	0	0.0239667	0	0.46444	0.319207	0.0219533	0.0634533	0.0837933	0.25106	0.05592	0.0340667	0.14736	0	0	0	0	0.0918533	0.06004	0.0426267	0.293887	
0.08864	0.0725867	0.0423067	0.0304867	0.169487	0.0159467	0.01504	0.0335467	0.0169467	0.00428	0.194967	0.0178267	3.33333e-05	0	0.233987	0	0	0.0115733	0	0.222447	0.152427	0.0107467	0.03008	0.0407667	0.11316	0.02924	0.0172	0.07442	0	0	0	0	0.0610933	0.0398067	0.0279933	0.105127	
0.0836933	0.0683667	0.03978	0.03274	0.144527	0.0203267	0.0189	0.0408267	0.02416	0.00642667	0.16842	0.0255733	4.66667e-05	0	0.224533	0	0	0.0107933	0	0.213787	0.146267	0.0100467	0.0284133	0.0398533	0.11042	0.0273733	0.0165867	0.0702	0.0491067	0.0225267	0.0918533	0.0610933	0	0	0	0	
0.0544133	0.0451867	0.02546	0.02132	0.0938333	0.0131867	0.0124667	0.0268933	0.0160467	0.00406667	0.109633	0.0166333	4e-05	0	0.14634	0	0	0.00723333	0	0.139147	0.09578	0.00643333	0.01898	0.0251867	0.0730733	0.0171333	0.0107533	0.04542	0.03142	0.0151133	0.06004	0.0398067	0	0	0	0	
0.0398067	0.0313933	0.01848	0.0148533	0.06712	0.00953333	0.00874667	0.0191333	0.0113067	0.0028	0.07854	0.0118867	2.66667e-05	0	0.104507	0	0	0.00509333	0	0.09944	0.0685533	0.00482	0.0133867	0.0177733	0.0516133	0.0126467	0.00726667	0.0330067	0.0233733	0.01054	0.0426267	0.0279933	0	0	0	0	
0.19484	0.158653	0.09218	0.0788333	0.321753	0.0495	0.04746	0.105793	0.06268	0.01628	0.37948	0.0660667	0.0001	0	0.524407	0	0	0.02638	0	0.498127	0.341807	0.0240467	0.0686067	0.0900467	0.262307	0.0621067	0.0375733	0.16252	0.08594	0.0395533	0.293887	0.105127	0	0	0	0	
