0	0	0	0	0.21252	0.02989	0.03545	0.04359	0.03019	0.00916	0.2599	0.0222	0.00131	0.00065	0.31871	0.00078	0.00105	0.00545	0.00088	0.31407	0.1853	0.01071	0.11454	0.0109	0.21467	0.02508	0.04491	0.03679	0.02887	0.02025	0.24673	0.0256	0.05699	0.05219	0.06274	0.14953	
0	0	0	0	0.25834	0.02965	0.03649	0.04231	0.0331	0.01024	0.29881	0.02464	0.0015	0.00084	0.36349	0.00096	0.00102	0.00609	0.00113	0.35855	0.20984	0.01243	0.13105	0.01347	0.24348	0.02845	0.05209	0.04277	0.03459	0.02399	0.27716	0.03105	0.06546	0.0592	0.07322	0.16891	
0	0	0	0	0.12436	0.01824	0.02064	0.02435	0.01721	0.0052	0.15202	0.01316	0.00071	0.00041	0.18591	0.00056	0.00049	0.00298	0.00046	0.18366	0.10857	0.00604	0.06639	0.00659	0.12424	0.01521	0.0264	0.02174	0.01694	0.01207	0.14299	0.01559	0.03277	0.03119	0.03699	0.08664	
0	0	0	0	0.0363	0.02385	0.02835	0.03567	0.01596	0.00413	0.09256	0.01152	0.00057	0.00027	0.12308	0.00025	0.00039	0.00203	0.00031	0.12144	0.06805	0.00444	0.04741	0.00427	0.09121	0.00757	0.01377	0.01162	0.00745	0.00578	0.10376	0.00718	0.01895	0.01711	0.02106	0.06705	
0.21252	0.25834	0.12436	0.0363	0	0	0	0	0.04045	0.01214	0.5484	0.03053	0.00257	0.00142	0.62592	0.00161	0.00184	0.01039	0.00179	0.6175	0.37842	0.02046	0.21099	0.02165	0.38398	0.05867	0.10349	0.08538	0.0726	0.05082	0.44251	0.06559	0.12407	0.11355	0.1398	0.2541	
0.02989	0.02965	0.01824	0.02385	0	0	0	0	0.01834	0.00565	0.06434	0.0133	0.00043	0.00016	0.10071	0.00033	0.00031	0.0017	0.00032	0.0993	0.05384	0.0036	0.04035	0.00384	0.0799	0.00484	0.00931	0.00758	0.004	0.00285	0.09117	0.00361	0.0127	0.01248	0.01463	0.06182	
0.03545	0.03649	0.02064	0.02835	0	0	0	0	0.01853	0.00563	0.0833	0.01347	0.00044	0.00022	0.12004	0.00023	0.0003	0.002	0.00025	0.11838	0.06324	0.00426	0.04886	0.00457	0.09504	0.00568	0.01073	0.00948	0.00468	0.00402	0.10779	0.00444	0.01685	0.01522	0.01731	0.07155	
0.04359	0.04231	0.02435	0.03567	0	0	0	0	0.01914	0.00531	0.10725	0.01422	0.00065	0.00037	0.14452	0.00038	0.0005	0.00246	0.00042	0.14254	0.07626	0.0053	0.05919	0.00517	0.11468	0.00712	0.01364	0.01048	0.00657	0.0044	0.12917	0.00578	0.02055	0.01844	0.02227	0.08466	
0.03019	0.0331	0.01721	0.01596	0.04045	0.01834	0.01853	0.01914	0	0	0	0	0.00037	0.00018	0.09569	0.00022	0.00026	0.00151	0.00023	0.09446	0.05232	0.00315	0.03743	0.00356	0.0718	0.00567	0.01052	0.00847	0.00598	0.00394	0.08092	0.00562	0.00863	0.00753	0.00978	0.07052	
0.00916	0.01024	0.0052	0.00413	0.01214	0.00565	0.00563	0.00531	0	0	0	0	0.00012	0.0001	0.02845	6e-05	0.00013	0.00055	0.00014	0.02791	0.01571	0.00102	0.01115	0.00085	0.02119	0.0018	0.00327	0.00247	0.00172	0.00122	0.02411	0.00168	0.00269	0.00223	0.00268	0.02113	
0.2599	0.29881	0.15202	0.09256	0.5484	0.06434	0.0833	0.10725	0	0	0	0	0.00334	0.00174	0.7961	0.00211	0.0024	0.0132	0.00227	0.78542	0.46381	0.027	0.28437	0.02811	0.52701	0.06473	0.11562	0.09593	0.07546	0.05363	0.60602	0.06818	0.15639	0.14397	0.17482	0.32811	
0.0222	0.02464	0.01316	0.01152	0.03053	0.0133	0.01347	0.01422	0	0	0	0	0.00026	0.00015	0.07095	0.00016	0.00016	0.00129	0.00014	0.06993	0.03992	0.00245	0.02644	0.00271	0.0536	0.00411	0.00776	0.00605	0.00469	0.0033	0.05959	0.00394	0.00646	0.00596	0.00673	0.05237	
0.00131	0.0015	0.00071	0.00057	0.00257	0.00043	0.00044	0.00065	0.00037	0.00012	0.00334	0.00026	0	0	0	0	1e-05	5e-05	2e-05	0.00401	0.00239	0.00014	0.00142	0.00014	0.00272	0.00034	0.00065	0.00038	0.00033	0.00032	0.00315	0.00029	0.00078	0.00062	0.00086	0.00183	
0.00065	0.00084	0.00041	0.00027	0.00142	0.00016	0.00022	0.00037	0.00018	0.0001	0.00174	0.00015	0	0	0	0	3e-05	5e-05	1e-05	0.00208	0.00124	0.00013	0.00076	4e-05	0.00139	0.00019	0.00033	0.00026	0.00012	0.00014	0.00174	0.00017	0.00048	0.00032	0.00037	0.001	
0.31871	0.36349	0.18591	0.12308	0.62592	0.10071	0.12004	0.14452	0.09569	0.02845	0.7961	0.07095	0	0	0	0	0.00291	0.0164	0.00275	0.96913	0.56679	0.03323	0.35623	0.03494	0.66769	0.07558	0.13587	0.11205	0.08724	0.06152	0.76365	0.07878	0.1725	0.15835	0.19228	0.46806	
0.00078	0.00096	0.00056	0.00025	0.00161	0.00033	0.00023	0.00038	0.00022	6e-05	0.00211	0.00016	0	0	0	0	0	5e-05	0	0.0025	0.00134	0.00012	0.00098	0.00011	0.0018	0.0002	0.00032	0.00023	0.00016	0.00011	0.0021	0.00018	0.00041	0.0004	0.0005	0.00124	
0.00105	0.00102	0.00049	0.00039	0.00184	0.00031	0.0003	0.0005	0.00026	0.00013	0.0024	0.00016	1e-05	3e-05	0.00291	0	0	0	0	0	0.00167	0.00014	0.00103	0.00011	0.00209	0.00022	0.00033	0.00031	0.00028	0.00019	0.00226	0.00022	0.00051	0.00043	0.0006	0.00141	
0.00545	0.00609	0.00298	0.00203	0.01039	0.0017	0.002	0.00246	0.00151	0.00055	0.0132	0.00129	5e-05	5e-05	0.0164	5e-05	0	0	0	0	0.00916	0.00059	0.00614	0.00066	0.01128	0.00132	0.0022	0.00175	0.00147	0.00097	0.01263	0.00148	0.00299	0.00262	0.00349	0.00745	
0.00088	0.00113	0.00046	0.00031	0.00179	0.00032	0.00025	0.00042	0.00023	0.00014	0.00227	0.00014	2e-05	1e-05	0.00275	0	0	0	0	0	0.00179	7e-05	0.00082	0.0001	0.00183	0.00018	0.00043	0.00034	0.0003	0.00015	0.00201	0.00032	0.00044	0.00049	0.0006	0.00125	
0.31407	0.35855	0.18366	0.12144	0.6175	0.0993	0.11838	0.14254	0.09446	0.02791	0.78542	0.06993	0.00401	0.00208	0.96913	0.0025	0	0	0	0	0.55914	0.03282	0.3514	0.03436	0.6584	0.07459	0.13421	0.11052	0.0858	0.06078	0.75374	0.0774	0.17023	0.15615	0.18932	0.46202	
0.1853	0.20984	0.10857	0.06805	0.37842	0.05384	0.06324	0.07626	0.05232	0.01571	0.46381	0.03992	0.00239	0.00124	0.56679	0.00134	0.00167	0.00916	0.00179	0.55914	0	0	0	0	0.34841	0.05334	0.09235	0.07766	0.06814	0.04858	0.39172	0.06332	0.10281	0.09487	0.11528	0.2588	
0.01071	0.01243	0.00604	0.00444	0.02046	0.0036	0.00426	0.0053	0.00315	0.00102	0.027	0.00245	0.00014	0.00013	0.03323	0.00012	0.00014	0.00059	7e-05	0.03282	0	0	0	0	0.02182	0.00251	0.0051	0.00419	0.00164	0.00112	0.02929	0.00157	0.00591	0.00504	0.00631	0.01636	
0.11454	0.13105	0.06639	0.04741	0.21099	0.04035	0.04886	0.05919	0.03743	0.01115	0.28437	0.02644	0.00142	0.00076	0.35623	0.00098	0.00103	0.00614	0.00082	0.3514	0	0	0	0	0.28081	0.01758	0.03418	0.02682	0.01626	0.01121	0.31865	0.01327	0.05961	0.05465	0.06579	0.17934	
0.0109	0.01347	0.00659	0.00427	0.02165	0.00384	0.00457	0.00517	0.00356	0.00085	0.02811	0.00271	0.00014	4e-05	0.03494	0.00011	0.00011	0.00066	0.0001	0.03436	0	0	0	0	0.02256	0.00288	0.00554	0.00425	0.00181	0.00118	0.03098	0.00126	0.00584	0.00513	0.00663	0.01763	
0.21467	0.24348	0.12424	0.09121	0.38398	0.0799	0.09504	0.11468	0.0718	0.02119	0.52701	0.0536	0.00272	0.00139	0.66769	0.0018	0.00209	0.01128	0.00183	0.6584	0.34841	0.02182	0.28081	0.02256	0	0	0	0	0.04583	0.03285	0.55372	0.0412	0.11344	0.10293	0.12458	0.33265	
0.02508	0.02845	0.01521	0.00757	0.05867	0.00484	0.00568	0.00712	0.00567	0.0018	0.06473	0.00411	0.00034	0.00019	0.07558	0.0002	0.00022	0.00132	0.00018	0.07459	0.05334	0.00251	0.01758	0.00288	0	0	0	0	0.01158	0.00825	0.04586	0.01062	0.01474	0.01298	0.01678	0.03181	
0.04491	0.05209	0.0264	0.01377	0.10349	0.00931	0.01073	0.01364	0.01052	0.00327	0.11562	0.00776	0.00065	0.00033	0.13587	0.00032	0.00033	0.0022	0.00043	0.13421	0.09235	0.0051	0.03418	0.00554	0	0	0	0	0.01583	0.01088	0.09649	0.01397	0.02483	0.02404	0.02876	0.05954	
0.03679	0.04277	0.02174	0.01162	0.08538	0.00758	0.00948	0.01048	0.00847	0.00247	0.09593	0.00605	0.00038	0.00026	0.11205	0.00023	0.00031	0.00175	0.00034	0.11052	0.07766	0.00419	0.02682	0.00425	0	0	0	0	0.01461	0.01011	0.07457	0.01363	0.02116	0.01974	0.02389	0.04813	
0.02887	0.03459	0.01694	0.00745	0.0726	0.004	0.00468	0.00657	0.00598	0.00172	0.07546	0.00469	0.00033	0.00012	0.08724	0.00016	0.00028	0.00147	0.0003	0.0858	0.06814	0.00164	0.01626	0.00181	0.04583	0.01158	0.01583	0.01461	0	0	0	0	0.01994	0.01721	0.02248	0.02822	
0.02025	0.02399	0.01207	0.00578	0.05082	0.00285	0.00402	0.0044	0.00394	0.00122	0.05363	0.0033	0.00032	0.00014	0.06152	0.00011	0.00019	0.00097	0.00015	0.06078	0.04858	0.00112	0.01121	0.00118	0.03285	0.00825	0.01088	0.01011	0	0	0	0	0.01341	0.01268	0.01614	0.01986	
0.24673	0.27716	0.14299	0.10376	0.44251	0.09117	0.10779	0.12917	0.08092	0.02411	0.60602	0.05959	0.00315	0.00174	0.76365	0.0021	0.00226	0.01263	0.00201	0.75374	0.39172	0.02929	0.31865	0.03098	0.55372	0.04586	0.09649	0.07457	0	0	0	0	0.12337	0.11351	0.13554	0.39822	
0.0256	0.03105	0.01559	0.00718	0.06559	0.00361	0.00444	0.00578	0.00562	0.00168	0.06818	0.00394	0.00029	0.00017	0.07878	0.00018	0.00022	0.00148	0.00032	0.0774	0.06332	0.00157	0.01327	0.00126	0.0412	0.01062	0.01397	0.01363	0	0	0	0	0.01745	0.01629	0.01985	0.02583	
0.05699	0.06546	0.03277	0.01895	0.12407	0.0127	0.01685	0.02055	0.00863	0.00269	0.15639	0.00646	0.00078	0.00048	0.1725	0.00041	0.00051	0.00299	0.00044	0.17023	0.10281	0.00591	0.05961	0.00584	0.11344	0.01474	0.02483	0.02116	0.01994	0.01341	0.12337	0.01745	0	0	0	0	
0.05219	0.0592	0.03119	0.01711	0.11355	0.01248	0.01522	0.01844	0.00753	0.00223	0.14397	0.00596	0.00062	0.00032	0.15835	0.0004	0.00043	0.00262	0.00049	0.15615	0.09487	0.00504	0.05465	0.00513	0.10293	0.01298	0.02404	0.01974	0.01721	0.01268	0.11351	0.01629	0	0	0	0	
0.06274	0.07322	0.03699	0.02106	0.1398	0.01463	0.01731	0.02227	0.00978	0.00268	0.17482	0.00673	0.00086	0.00037	0.19228	0.0005	0.0006	0.00349	0.0006	0.18932	0.11528	0.00631	0.06579	0.00663	0.12458	0.01678	0.02876	0.02389	0.02248	0.01614	0.13554	0.01985	0	0	0	0	
0.14953	0.16891	0.08664	0.06705	0.2541	0.06182	0.07155	0.08466	0.07052	0.02113	0.32811	0.05237	0.00183	0.001	0.46806	0.00124	0.00141	0.00745	0.00125	0.46202	0.2588	0.01636	0.17934	0.01763	0.33265	0.03181	0.05954	0.04813	0.02822	0.01986	0.39822	0.02583	0	0	0	0	
