0	0	0	0	0.200514	0.0396143	0.0412143	0.0473857	0.0382238	0.011719	0.250019	0.0287667	0.000857143	0.000414286	0.326567	0.000890476	0.000514286	0.0171048	0.000833333	0.310276	0.184519	0.0150905	0.11329	0.0158286	0.215948	0.0297381	0.0413381	0.0417048	0.0338667	0.0239714	0.241624	0.0292667	0.060019	0.053419	0.066181	0.14911	
0	0	0	0	0.212019	0.0422333	0.0437905	0.0516238	0.0403143	0.0118381	0.266552	0.0309619	0.000847619	0.000414286	0.347614	0.000790476	0.000614286	0.0181619	0.000804762	0.330086	0.1952	0.016581	0.121219	0.0166667	0.230567	0.0313429	0.0435286	0.0442286	0.0356476	0.0250286	0.258405	0.0305857	0.0641762	0.0560143	0.0689952	0.160481	
0	0	0	0	0.115219	0.0228524	0.0237857	0.0276762	0.0223714	0.00691905	0.143719	0.0165238	0.000447619	0.00022381	0.188352	0.000509524	0.000266667	0.00998571	0.000495238	0.178786	0.105538	0.00888571	0.0661333	0.00897619	0.124419	0.0166429	0.0243857	0.0240857	0.0191429	0.0137714	0.139395	0.0172238	0.0351333	0.0299762	0.0373524	0.0870714	
0	0	0	0	0.0802143	0.0157429	0.0166333	0.019481	0.0156143	0.00450952	0.100143	0.0118048	0.000366667	0.000219048	0.131152	0.000333333	0.000190476	0.00668095	0.000333333	0.124867	0.074281	0.00629524	0.0453571	0.0061381	0.0864667	0.012	0.0168381	0.0167667	0.0135095	0.00925714	0.0971952	0.0121095	0.0242238	0.0205905	0.0266238	0.0606333	
0.200514	0.212019	0.115219	0.0802143	0	0	0	0	0.0708667	0.0214571	0.462252	0.0533905	0.00150952	0.000752381	0.604152	0.00155238	0.000885714	0.0311857	0.00147143	0.574424	0.340238	0.0287524	0.210171	0.0288048	0.400505	0.0544381	0.0760048	0.077019	0.0621762	0.0439095	0.447552	0.0543286	0.111752	0.097419	0.121248	0.277548	
0.0396143	0.0422333	0.0228524	0.0157429	0	0	0	0	0.0134095	0.00408571	0.0923048	0.0106429	0.000333333	0.000190476	0.119614	0.000304762	0.000219048	0.00630952	0.000309524	0.113605	0.0674286	0.00571905	0.0417095	0.00558571	0.0791667	0.0109619	0.0151238	0.0151905	0.0120905	0.00882381	0.0889429	0.0105857	0.0220524	0.0193476	0.0235286	0.0555143	
0.0412143	0.0437905	0.0237857	0.0166333	0	0	0	0	0.0143857	0.00460476	0.095181	0.0112524	0.000333333	0.000161905	0.124614	0.000314286	0.00022381	0.00674762	0.000309524	0.118143	0.0699857	0.0057619	0.0435952	0.00608095	0.0823286	0.0111524	0.0161238	0.015819	0.0131095	0.00889524	0.092381	0.0110381	0.0230429	0.0201571	0.0251667	0.0570571	
0.0473857	0.0516238	0.0276762	0.019481	0	0	0	0	0.0178619	0.0048381	0.110695	0.0127714	0.000342857	0.000166667	0.145305	0.000352381	0.000257143	0.00769048	0.00037619	0.137843	0.0818857	0.00661905	0.0505238	0.0071381	0.0954	0.0131714	0.0188381	0.0187571	0.0147905	0.0104	0.107743	0.0132333	0.0267048	0.0230762	0.0292095	0.0671762	
0.0382238	0.0403143	0.0223714	0.0156143	0.0708667	0.0134095	0.0143857	0.0178619	0	0	0	0	0.00032381	0.0001	0.115776	0.00032381	0.000190476	0.0059381	0.00027619	0.110119	0.0652333	0.00555714	0.0402476	0.00548571	0.0763238	0.0105429	0.0149429	0.0147143	0.0120048	0.00825714	0.0858714	0.0103905	0.0218667	0.0186333	0.0232381	0.0527857	
0.011719	0.0118381	0.00691905	0.00450952	0.0214571	0.00408571	0.00460476	0.0048381	0	0	0	0	6.19048e-05	3.33333e-05	0.0348095	8.09524e-05	3.33333e-05	0.00194286	9.52381e-05	0.0329143	0.0194	0.00155238	0.0122429	0.00179048	0.0229	0.00311905	0.00460476	0.0043619	0.00359048	0.0024619	0.0257905	0.00314286	0.00639524	0.0054381	0.00704286	0.0161095	
0.250019	0.266552	0.143719	0.100143	0.462252	0.0923048	0.095181	0.110695	0	0	0	0	0.0019	0.000990476	0.755714	0.00182857	0.00119048	0.0391857	0.00190952	0.718148	0.425343	0.0355905	0.263129	0.0363714	0.500724	0.0680429	0.0952381	0.0964286	0.0774476	0.0547429	0.5604	0.0678429	0.139267	0.121781	0.151086	0.3483	
0.0287667	0.0309619	0.0165238	0.0118048	0.0533905	0.0106429	0.0112524	0.0127714	0	0	0	0	0.000233333	0.000147619	0.0873857	0.000290476	0.000171429	0.00486667	0.000185714	0.0828333	0.0495619	0.00415238	0.030381	0.0039619	0.0574524	0.00801905	0.0113048	0.011281	0.00912381	0.00656667	0.0645571	0.00780952	0.0160238	0.0141476	0.0177857	0.0401	
0.000857143	0.000847619	0.000447619	0.000366667	0.00150952	0.000333333	0.000333333	0.000342857	0.00032381	6.19048e-05	0.0019	0.000233333	0	0	0	0	0	0.000142857	1.42857e-05	0.0023619	0.00139048	0.000152381	0.000847619	0.000128571	0.00177143	0.00022381	0.000209524	0.000314286	0.000252381	0.000195238	0.00190952	0.000161905	0.00047619	0.000361905	0.000519048	0.0011619	
0.000414286	0.000414286	0.00022381	0.000219048	0.000752381	0.000190476	0.000161905	0.000166667	0.0001	3.33333e-05	0.000990476	0.000147619	0	0	0	0	0	0.000104762	0	0.00116667	0.000695238	5.2381e-05	0.000485714	3.80952e-05	0.000819048	8.09524e-05	0.00017619	0.000195238	0.000138095	9.04762e-05	0.000909524	0.000133333	0.000195238	0.000238095	0.000233333	0.000604762	
0.326567	0.347614	0.188352	0.131152	0.604152	0.119614	0.124614	0.145305	0.115776	0.0348095	0.755714	0.0873857	0	0	0	0	0.00158571	0.0515381	0.00244762	0.938114	0.555976	0.0465667	0.34379	0.0473524	0.653119	0.0892095	0.12539	0.125967	0.101533	0.071619	0.731862	0.0886714	0.182495	0.158895	0.197895	0.4544	
0.000890476	0.000790476	0.000509524	0.000333333	0.00155238	0.000304762	0.000314286	0.000352381	0.00032381	8.09524e-05	0.00182857	0.000290476	0	0	0	0	0	0.000147619	4.7619e-06	0.00237143	0.00147619	8.09524e-05	0.00087619	9.04762e-05	0.00169048	0.000209524	0.000314286	0.000309524	0.000242857	0.00012381	0.0019381	0.000219048	0.000385714	0.000504762	0.000504762	0.00112857	
0.000514286	0.000614286	0.000266667	0.000190476	0.000885714	0.000219048	0.00022381	0.000257143	0.000190476	3.33333e-05	0.00119048	0.000171429	0	0	0.00158571	0	0	0	0	0	0.000880952	6.66667e-05	0.000547619	9.04762e-05	0.00105714	0.000152381	0.000161905	0.000214286	0.000180952	0.000104762	0.00110476	0.000195238	0.000304762	0.000257143	0.000285714	0.000738095	
0.0171048	0.0181619	0.00998571	0.00668095	0.0311857	0.00630952	0.00674762	0.00769048	0.0059381	0.00194286	0.0391857	0.00486667	0.000142857	0.000104762	0.0515381	0.000147619	0	0	0	0	0.0288619	0.00229524	0.0182095	0.00256667	0.034419	0.0045619	0.00641429	0.0065381	0.00521905	0.00377619	0.0381762	0.0047619	0.00930476	0.00784286	0.0103952	0.0243905	
0.000833333	0.000804762	0.000495238	0.000333333	0.00147143	0.000309524	0.000309524	0.00037619	0.00027619	9.52381e-05	0.00190952	0.000185714	1.42857e-05	0	0.00244762	4.7619e-06	0	0	0	0	0.00132381	0.000114286	0.000861905	0.000166667	0.00156667	0.00022381	0.000342857	0.000333333	0.000228571	0.00017619	0.00184762	0.000214286	0.000385714	0.0004	0.000457143	0.00122381	
0.310276	0.330086	0.178786	0.124867	0.574424	0.113605	0.118143	0.137843	0.110119	0.0329143	0.718148	0.0828333	0.0023619	0.00116667	0.938114	0.00237143	0	0	0	0	0.528471	0.0443762	0.326381	0.0447857	0.620357	0.0847857	0.119171	0.1197	0.0965381	0.0679714	0.69549	0.0840143	0.173557	0.1515	0.188014	0.430943	
0.184519	0.1952	0.105538	0.074281	0.340238	0.0674286	0.0699857	0.0818857	0.0652333	0.0194	0.425343	0.0495619	0.00139048	0.000695238	0.555976	0.00147619	0.000880952	0.0288619	0.00132381	0.528471	0	0	0	0	0.368148	0.0504	0.0703238	0.0706667	0.0596048	0.0426952	0.404367	0.0528714	0.10181	0.0899857	0.111467	0.256276	
0.0150905	0.016581	0.00888571	0.00629524	0.0287524	0.00571905	0.0057619	0.00661905	0.00555714	0.00155238	0.0355905	0.00415238	0.000152381	5.2381e-05	0.0465667	8.09524e-05	6.66667e-05	0.00229524	0.000114286	0.0443762	0	0	0	0	0.0308143	0.00410952	0.00606667	0.0058619	0.00519524	0.00349048	0.0336762	0.00449048	0.00845238	0.0076381	0.00922857	0.0215333	
0.11329	0.121219	0.0661333	0.0453571	0.210171	0.0417095	0.0435952	0.0505238	0.0402476	0.0122429	0.263129	0.030381	0.000847619	0.000485714	0.34379	0.00087619	0.000547619	0.0182095	0.000861905	0.326381	0	0	0	0	0.227062	0.0310476	0.0439857	0.0439048	0.0322095	0.0222429	0.264029	0.027519	0.0645619	0.0546667	0.0689619	0.15781	
0.0158286	0.0166667	0.00897619	0.0061381	0.0288048	0.00558571	0.00608095	0.0071381	0.00548571	0.00179048	0.0363714	0.0039619	0.000128571	3.80952e-05	0.0473524	9.04762e-05	9.04762e-05	0.00256667	0.000166667	0.0447857	0	0	0	0	0.0313762	0.00416667	0.00571429	0.00635238	0.00515714	0.0036	0.0345476	0.00430476	0.00872857	0.00770952	0.00949524	0.0216762	
0.215948	0.230567	0.124419	0.0864667	0.400505	0.0791667	0.0823286	0.0954	0.0763238	0.0229	0.500724	0.0574524	0.00177143	0.000819048	0.653119	0.00169048	0.00105714	0.034419	0.00156667	0.620357	0.368148	0.0308143	0.227062	0.0313762	0	0	0	0	0.0677952	0.0475	0.483738	0.0583667	0.120881	0.105381	0.130229	0.30091	
0.0297381	0.0313429	0.0166429	0.012	0.0544381	0.0109619	0.0111524	0.0131714	0.0105429	0.00311905	0.0680429	0.00801905	0.00022381	8.09524e-05	0.0892095	0.000209524	0.000152381	0.0045619	0.00022381	0.0847857	0.0504	0.00410952	0.0310476	0.00416667	0	0	0	0	0.00876667	0.00640952	0.0665905	0.00795714	0.0165714	0.0143095	0.0174952	0.0413476	
0.0413381	0.0435286	0.0243857	0.0168381	0.0760048	0.0151238	0.0161238	0.0188381	0.0149429	0.00460476	0.0952381	0.0113048	0.000209524	0.00017619	0.12539	0.000314286	0.000161905	0.00641429	0.000342857	0.119171	0.0703238	0.00606667	0.0439857	0.00571429	0	0	0	0	0.0129333	0.00937143	0.0922333	0.0115524	0.0230381	0.0201476	0.025719	0.0571857	
0.0417048	0.0442286	0.0240857	0.0167667	0.077019	0.0151905	0.015819	0.0187571	0.0147143	0.0043619	0.0964286	0.011281	0.000314286	0.000195238	0.125967	0.000309524	0.000214286	0.0065381	0.000333333	0.1197	0.0706667	0.0058619	0.0439048	0.00635238	0	0	0	0	0.0126714	0.00874762	0.0940571	0.0113095	0.0230619	0.0201619	0.0257095	0.0578524	
0.0338667	0.0356476	0.0191429	0.0135095	0.0621762	0.0120905	0.0131095	0.0147905	0.0120048	0.00359048	0.0774476	0.00912381	0.000252381	0.000138095	0.101533	0.000242857	0.000180952	0.00521905	0.000228571	0.0965381	0.0596048	0.00519524	0.0322095	0.00515714	0.0677952	0.00876667	0.0129333	0.0126714	0	0	0	0	0.018981	0.0168381	0.0204238	0.0459238	
0.0239714	0.0250286	0.0137714	0.00925714	0.0439095	0.00882381	0.00889524	0.0104	0.00825714	0.0024619	0.0547429	0.00656667	0.000195238	9.04762e-05	0.071619	0.00012381	0.000104762	0.00377619	0.00017619	0.0679714	0.0426952	0.00349048	0.0222429	0.0036	0.0475	0.00640952	0.00937143	0.00874762	0	0	0	0	0.0128857	0.0115476	0.0140524	0.0335429	
0.241624	0.258405	0.139395	0.0971952	0.447552	0.0889429	0.092381	0.107743	0.0858714	0.0257905	0.5604	0.0645571	0.00190952	0.000909524	0.731862	0.0019381	0.00110476	0.0381762	0.00184762	0.69549	0.404367	0.0336762	0.264029	0.0345476	0.483738	0.0665905	0.0922333	0.0940571	0	0	0	0	0.135438	0.11699	0.147576	0.336614	
0.0292667	0.0305857	0.0172238	0.0121095	0.0543286	0.0105857	0.0110381	0.0132333	0.0103905	0.00314286	0.0678429	0.00780952	0.000161905	0.000133333	0.0886714	0.000219048	0.000195238	0.0047619	0.000214286	0.0840143	0.0528714	0.00449048	0.027519	0.00430476	0.0583667	0.00795714	0.0115524	0.0113095	0	0	0	0	0.0162476	0.0146238	0.0171	0.0412143	
0.060019	0.0641762	0.0351333	0.0242238	0.111752	0.0220524	0.0230429	0.0267048	0.0218667	0.00639524	0.139267	0.0160238	0.00047619	0.000195238	0.182495	0.000385714	0.000304762	0.00930476	0.000385714	0.173557	0.10181	0.00845238	0.0645619	0.00872857	0.120881	0.0165714	0.0230381	0.0230619	0.018981	0.0128857	0.135438	0.0162476	0	0	0	0	
0.053419	0.0560143	0.0299762	0.0205905	0.097419	0.0193476	0.0201571	0.0230762	0.0186333	0.0054381	0.121781	0.0141476	0.000361905	0.000238095	0.158895	0.000504762	0.000257143	0.00784286	0.0004	0.1515	0.0899857	0.0076381	0.0546667	0.00770952	0.105381	0.0143095	0.0201476	0.0201619	0.0168381	0.0115476	0.11699	0.0146238	0	0	0	0	
0.066181	0.0689952	0.0373524	0.0266238	0.121248	0.0235286	0.0251667	0.0292095	0.0232381	0.00704286	0.151086	0.0177857	0.000519048	0.000233333	0.197895	0.000504762	0.000285714	0.0103952	0.000457143	0.188014	0.111467	0.00922857	0.0689619	0.00949524	0.130229	0.0174952	0.025719	0.0257095	0.0204238	0.0140524	0.147576	0.0171	0	0	0	0	
0.14911	0.160481	0.0870714	0.0606333	0.277548	0.0555143	0.0570571	0.0671762	0.0527857	0.0161095	0.3483	0.0401	0.0011619	0.000604762	0.4544	0.00112857	0.000738095	0.0243905	0.00122381	0.430943	0.256276	0.0215333	0.15781	0.0216762	0.30091	0.0413476	0.0571857	0.0578524	0.0459238	0.0335429	0.336614	0.0412143	0	0	0	0	
