0	0	0	0	0.20483	0.05231	0.05103	0.05299	0.0564	0.02793	0.23091	0.04592	0.00125	0.00064	0.35833	0.00094	0.00092	0.00364	0.00047	0.35613	0.21404	0.00559	0.12263	0.0189	0.26722	0.02497	0.03625	0.03272	0.03127	0.01043	0.29694	0.02252	0.04711	0.04377	0.02392	0.24636	
0	0	0	0	0.15442	0.03841	0.0407	0.03995	0.04264	0.02095	0.17543	0.03446	0.00086	0.00055	0.27134	0.00073	0.00084	0.00296	0.00039	0.26929	0.16188	0.0041	0.09342	0.01408	0.20157	0.01837	0.02857	0.02497	0.02223	0.00747	0.22651	0.01727	0.03562	0.03295	0.01956	0.18535	
0	0	0	0	0.11076	0.02692	0.02793	0.02802	0.0304	0.01465	0.12358	0.025	0.00063	0.00029	0.19222	0.00049	0.00065	0.00206	0.00033	0.19059	0.11477	0.00318	0.06553	0.01015	0.14449	0.01302	0.01934	0.01678	0.01591	0.00549	0.16004	0.01219	0.0254	0.02399	0.0128	0.13144	
0	0	0	0	0.04683	0.04169	0.0414	0.04181	0.02667	0.01322	0.11034	0.0215	0.00053	0.00037	0.17047	0.00036	0.00042	0.00192	0.00026	0.16913	0.10226	0.00262	0.05801	0.00884	0.12743	0.01158	0.01733	0.01539	0.01409	0.00508	0.14159	0.01097	0.02183	0.0204	0.01184	0.11766	
0.20483	0.15442	0.11076	0.04683	0	0	0	0	0.08073	0.03952	0.33105	0.06554	0.00166	0.00109	0.51287	0.00122	0.00139	0.00527	0.00068	0.5095	0.30735	0.00764	0.17557	0.02628	0.38233	0.03508	0.05303	0.0464	0.04305	0.01497	0.42602	0.0328	0.06731	0.06289	0.03573	0.35091	
0.05231	0.03841	0.02692	0.04169	0	0	0	0	0.02426	0.01256	0.10251	0.02	0.00054	0.00024	0.1581	0.00045	0.0005	0.00173	0.00023	0.15687	0.09305	0.0026	0.05486	0.00882	0.11825	0.01093	0.01568	0.01447	0.01321	0.00466	0.13175	0.00971	0.02089	0.01978	0.01042	0.10824	
0.05103	0.0407	0.02793	0.0414	0	0	0	0	0.02566	0.01216	0.10243	0.02081	0.00059	0.00031	0.15973	0.00043	0.00045	0.00181	0.00033	0.15847	0.09616	0.0026	0.05406	0.00824	0.11876	0.011	0.01653	0.01477	0.01333	0.00425	0.13357	0.00991	0.02062	0.01914	0.01096	0.11034	
0.05299	0.03995	0.02802	0.04181	0	0	0	0	0.02546	0.01251	0.10427	0.02053	0.00048	0.00021	0.16166	0.00042	0.00049	0.00177	0.00021	0.1603	0.09639	0.00265	0.0551	0.00863	0.12137	0.01093	0.01625	0.01422	0.01391	0.00459	0.13374	0.01053	0.02114	0.0193	0.01101	0.11132	
0.0564	0.04264	0.0304	0.02667	0.08073	0.02426	0.02566	0.02546	0	0	0	0	0.00045	0.00023	0.15501	0.00042	0.00043	0.00162	0.00019	0.15387	0.10255	0.00216	0.04497	0.00643	0.11582	0.01071	0.01614	0.01344	0.01222	0.0041	0.13032	0.00947	0.01397	0.013	0.00751	0.12163	
0.02793	0.02095	0.01465	0.01322	0.03952	0.01256	0.01216	0.01251	0	0	0	0	0.00022	0.00014	0.07616	0.00023	0.00027	0.00085	0.00012	0.07551	0.04963	0.00111	0.02251	0.0035	0.05702	0.0054	0.00744	0.00689	0.00595	0.00227	0.0642	0.00433	0.00709	0.00626	0.00343	0.05997	
0.23091	0.17543	0.12358	0.11034	0.33105	0.10251	0.10243	0.10427	0	0	0	0	0.00206	0.00127	0.63541	0.00152	0.00176	0.00683	0.00089	0.63078	0.35833	0.01047	0.23498	0.03648	0.47391	0.04314	0.06528	0.05793	0.05579	0.01868	0.52391	0.04188	0.09783	0.09094	0.05118	0.40031	
0.04592	0.03446	0.025	0.0215	0.06554	0.02	0.02081	0.02053	0	0	0	0	0.00054	0.00021	0.12578	0.00035	0.00037	0.00128	0.00025	0.12498	0.08244	0.00175	0.03713	0.00556	0.09396	0.00869	0.01263	0.0116	0.00954	0.00342	0.10665	0.00727	0.01107	0.01091	0.006	0.0989	
0.00125	0.00086	0.00063	0.00053	0.00166	0.00054	0.00059	0.00048	0.00045	0.00022	0.00206	0.00054	0	0	0	0	1e-05	5e-05	0	0.00321	0.00188	6e-05	0.00117	0.00016	0.00246	0.00021	0.00033	0.00027	0.00028	9e-05	0.00274	0.00016	0.00048	0.0004	0.00019	0.0022	
0.00064	0.00055	0.00029	0.00037	0.00109	0.00024	0.00031	0.00021	0.00023	0.00014	0.00127	0.00021	0	0	0	0	0	0	1e-05	0.00184	0.00098	8e-05	0.00065	0.00014	0.00138	9e-05	0.00018	0.0002	0.00014	4e-05	0.00156	0.00011	0.00015	0.0002	0.00015	0.00135	
0.35833	0.27134	0.19222	0.17047	0.51287	0.1581	0.15973	0.16166	0.15501	0.07616	0.63541	0.12578	0	0	0	0	0.00282	0.0105	0.00143	0.97761	0.58855	0.0153	0.33697	0.05154	0.73506	0.06742	0.10069	0.08919	0.08288	0.02831	0.81868	0.06249	0.12902	0.12024	0.06763	0.67547	
0.00094	0.00073	0.00049	0.00036	0.00122	0.00045	0.00043	0.00042	0.00042	0.00023	0.00152	0.00035	0	0	0	0	0	3e-05	1e-05	0.00248	0.00154	5e-05	0.0008	0.00013	0.00181	0.00022	0.00029	0.0002	0.0002	3e-05	0.0021	0.00019	0.00031	0.00027	0.00015	0.00179	
0.00092	0.00084	0.00065	0.00042	0.00139	0.0005	0.00045	0.00049	0.00043	0.00027	0.00176	0.00037	1e-05	0	0.00282	0	0	0	0	0	0.00172	5e-05	0.00094	0.00012	0.0021	0.00023	0.00031	0.00019	0.00023	6e-05	0.00234	0.0002	0.00046	0.00027	0.00018	0.00192	
0.00364	0.00296	0.00206	0.00192	0.00527	0.00173	0.00181	0.00177	0.00162	0.00085	0.00683	0.00128	5e-05	0	0.0105	3e-05	0	0	0	0	0.00629	0.00014	0.00369	0.00046	0.00797	0.00065	0.00107	0.00089	0.00088	0.00035	0.0088	0.00055	0.0014	0.00114	0.00071	0.00733	
0.00047	0.00039	0.00033	0.00026	0.00068	0.00023	0.00033	0.00021	0.00019	0.00012	0.00089	0.00025	0	1e-05	0.00143	1e-05	0	0	0	0	0.00089	1e-05	0.0005	5e-05	0.00105	0.00012	0.00015	0.00013	9e-05	2e-05	0.0013	4e-05	0.00016	0.00015	7e-05	0.00107	
0.35613	0.26929	0.19059	0.16913	0.5095	0.15687	0.15847	0.1603	0.15387	0.07551	0.63078	0.12498	0.00321	0.00184	0.97761	0.00248	0	0	0	0	0.58405	0.01529	0.33446	0.05134	0.72959	0.06694	0.09996	0.08865	0.0823	0.02804	0.81264	0.06216	0.12794	0.11955	0.06716	0.67049	
0.21404	0.16188	0.11477	0.10226	0.30735	0.09305	0.09616	0.09639	0.10255	0.04963	0.35833	0.08244	0.00188	0.00098	0.58855	0.00154	0.00172	0.00629	0.00089	0.58405	0	0	0	0	0.43888	0.03996	0.06098	0.05313	0.06652	0.02255	0.45339	0.05049	0.09172	0.08435	0.04749	0.36939	
0.00559	0.0041	0.00318	0.00262	0.00764	0.0026	0.0026	0.00265	0.00216	0.00111	0.01047	0.00175	6e-05	8e-05	0.0153	5e-05	5e-05	0.00014	1e-05	0.01529	0	0	0	0	0.01121	0.00119	0.00167	0.00142	0.0016	0.00051	0.01229	0.00109	0.00158	0.00172	0.00096	0.01123	
0.12263	0.09342	0.06553	0.05801	0.17557	0.05486	0.05406	0.0551	0.04497	0.02251	0.23498	0.03713	0.00117	0.00065	0.33697	0.0008	0.00094	0.00369	0.0005	0.33446	0	0	0	0	0.2517	0.02319	0.034	0.0307	0.01022	0.00356	0.31841	0.0074	0.03088	0.02975	0.01662	0.26234	
0.0189	0.01408	0.01015	0.00884	0.02628	0.00882	0.00824	0.00863	0.00643	0.0035	0.03648	0.00556	0.00016	0.00014	0.05154	0.00013	0.00012	0.00046	5e-05	0.05134	0	0	0	0	0.03892	0.0036	0.00484	0.00461	0.00516	0.00185	0.04099	0.00397	0.00578	0.00529	0.00305	0.03785	
0.26722	0.20157	0.14449	0.12743	0.38233	0.11825	0.11876	0.12137	0.11582	0.05702	0.47391	0.09396	0.00246	0.00138	0.73506	0.00181	0.0021	0.00797	0.00105	0.72959	0.43888	0.01121	0.2517	0.03892	0	0	0	0	0.06194	0.02109	0.61112	0.04656	0.09643	0.08947	0.05051	0.5043	
0.02497	0.01837	0.01302	0.01158	0.03508	0.01093	0.011	0.01093	0.01071	0.0054	0.04314	0.00869	0.00021	9e-05	0.06742	0.00022	0.00023	0.00065	0.00012	0.06694	0.03996	0.00119	0.02319	0.0036	0	0	0	0	0.00543	0.00187	0.05651	0.00413	0.00884	0.0085	0.00453	0.04607	
0.03625	0.02857	0.01934	0.01733	0.05303	0.01568	0.01653	0.01625	0.01614	0.00744	0.06528	0.01263	0.00033	0.00018	0.10069	0.00029	0.00031	0.00107	0.00015	0.09996	0.06098	0.00167	0.034	0.00484	0	0	0	0	0.00833	0.00305	0.08358	0.00653	0.01339	0.01196	0.00682	0.06932	
0.03272	0.02497	0.01678	0.01539	0.0464	0.01447	0.01477	0.01422	0.01344	0.00689	0.05793	0.0116	0.00027	0.0002	0.08919	0.0002	0.00019	0.00089	0.00013	0.08865	0.05313	0.00142	0.0307	0.00461	0	0	0	0	0.0078	0.00246	0.07387	0.00573	0.0113	0.01118	0.00626	0.06112	
0.03127	0.02223	0.01591	0.01409	0.04305	0.01321	0.01333	0.01391	0.01222	0.00595	0.05579	0.00954	0.00028	0.00014	0.08288	0.0002	0.00023	0.00088	9e-05	0.0823	0.06652	0.0016	0.01022	0.00516	0.06194	0.00543	0.00833	0.0078	0	0	0	0	0.01993	0.01725	0.01013	0.03619	
0.01043	0.00747	0.00549	0.00508	0.01497	0.00466	0.00425	0.00459	0.0041	0.00227	0.01868	0.00342	9e-05	4e-05	0.02831	3e-05	6e-05	0.00035	2e-05	0.02804	0.02255	0.00051	0.00356	0.00185	0.02109	0.00187	0.00305	0.00246	0	0	0	0	0.00676	0.00607	0.00305	0.01259	
0.29694	0.22651	0.16004	0.14159	0.42602	0.13175	0.13357	0.13374	0.13032	0.0642	0.52391	0.10665	0.00274	0.00156	0.81868	0.0021	0.00234	0.0088	0.0013	0.81264	0.45339	0.01229	0.31841	0.04099	0.61112	0.05651	0.08358	0.07387	0	0	0	0	0.08948	0.08406	0.04737	0.60417	
0.02252	0.01727	0.01219	0.01097	0.0328	0.00971	0.00991	0.01053	0.00947	0.00433	0.04188	0.00727	0.00016	0.00011	0.06249	0.00019	0.0002	0.00055	4e-05	0.06216	0.05049	0.00109	0.0074	0.00397	0.04656	0.00413	0.00653	0.00573	0	0	0	0	0.01379	0.01373	0.00757	0.02786	
0.04711	0.03562	0.0254	0.02183	0.06731	0.02089	0.02062	0.02114	0.01397	0.00709	0.09783	0.01107	0.00048	0.00015	0.12902	0.00031	0.00046	0.0014	0.00016	0.12794	0.09172	0.00158	0.03088	0.00578	0.09643	0.00884	0.01339	0.0113	0.01993	0.00676	0.08948	0.01379	0	0	0	0	
0.04377	0.03295	0.02399	0.0204	0.06289	0.01978	0.01914	0.0193	0.013	0.00626	0.09094	0.01091	0.0004	0.0002	0.12024	0.00027	0.00027	0.00114	0.00015	0.11955	0.08435	0.00172	0.02975	0.00529	0.08947	0.0085	0.01196	0.01118	0.01725	0.00607	0.08406	0.01373	0	0	0	0	
0.02392	0.01956	0.0128	0.01184	0.03573	0.01042	0.01096	0.01101	0.00751	0.00343	0.05118	0.006	0.00019	0.00015	0.06763	0.00015	0.00018	0.00071	7e-05	0.06716	0.04749	0.00096	0.01662	0.00305	0.05051	0.00453	0.00682	0.00626	0.01013	0.00305	0.04737	0.00757	0	0	0	0	
0.24636	0.18535	0.13144	0.11766	0.35091	0.10824	0.11034	0.11132	0.12163	0.05997	0.40031	0.0989	0.0022	0.00135	0.67547	0.00179	0.00192	0.00733	0.00107	0.67049	0.36939	0.01123	0.26234	0.03785	0.5043	0.04607	0.06932	0.06112	0.03619	0.01259	0.60417	0.02786	0	0	0	0	
