0	0	0	0	0.18673	0.05845	0.05972	0.06026	0.0587	0.02768	0.22751	0.05127	0.00159	0.00071	0.36161	0.00125	0.00157	0.00523	0.00091	0.35745	0.22043	0.00636	0.12053	0.01784	0.26834	0.02703	0.03513	0.03466	0.03054	0.01014	0.30431	0.02017	0.05104	0.04572	0.03048	0.23792	
0	0	0	0	0.13275	0.04288	0.04521	0.04436	0.0431	0.01962	0.16576	0.03672	0.00114	0.00071	0.26239	0.00096	0.00123	0.00375	0.00071	0.25951	0.16103	0.00446	0.08636	0.01335	0.19375	0.02027	0.02487	0.02631	0.02146	0.00707	0.22166	0.01501	0.03804	0.03397	0.02149	0.1717	
0	0	0	0	0.09755	0.03107	0.03185	0.03213	0.03214	0.01431	0.11943	0.02672	0.00086	0.00054	0.19053	0.00067	0.00086	0.00241	0.00041	0.18892	0.11617	0.00334	0.06368	0.00941	0.14008	0.01455	0.019	0.01897	0.01564	0.00538	0.16084	0.01074	0.02748	0.02454	0.01529	0.12529	
0	0	0	0	0.09068	0.02823	0.02907	0.02906	0.02854	0.01344	0.11104	0.02402	0.00068	0.00031	0.17543	0.00062	0.00081	0.00227	0.0005	0.17346	0.10765	0.00341	0.0573	0.00868	0.12899	0.01363	0.01713	0.01729	0.01427	0.00473	0.14783	0.01021	0.02502	0.02296	0.01457	0.11449	
0.18673	0.13275	0.09755	0.09068	0	0	0	0	0.08239	0.03829	0.31727	0.06976	0.00231	0.00118	0.50258	0.00164	0.00234	0.00692	0.00131	0.49714	0.30838	0.00867	0.16586	0.0248	0.37136	0.03851	0.04895	0.04889	0.04105	0.01398	0.42426	0.02842	0.07243	0.06509	0.04171	0.32848	
0.05845	0.04288	0.03107	0.02823	0	0	0	0	0.02612	0.0125	0.09966	0.02235	0.00071	0.00037	0.15894	0.00061	0.00061	0.00207	0.00036	0.15759	0.09673	0.00291	0.053	0.00799	0.11765	0.01174	0.01548	0.01576	0.01316	0.00437	0.13429	0.00881	0.02275	0.02039	0.01307	0.10442	
0.05972	0.04521	0.03185	0.02907	0	0	0	0	0.02775	0.01177	0.1032	0.02313	0.00069	0.0004	0.16421	0.00055	0.00079	0.00213	0.00039	0.16254	0.10024	0.00293	0.05453	0.00815	0.12135	0.01211	0.0161	0.01629	0.01436	0.00449	0.13771	0.00929	0.02329	0.0209	0.01353	0.10813	
0.06026	0.04436	0.03213	0.02906	0	0	0	0	0.02622	0.01249	0.10361	0.02349	0.00056	0.00032	0.16423	0.0007	0.00073	0.00254	0.00047	0.16207	0.09993	0.00306	0.05448	0.00834	0.1208	0.01312	0.0156	0.01629	0.01334	0.00448	0.13838	0.00961	0.02311	0.02081	0.01352	0.10837	
0.0587	0.0431	0.03214	0.02854	0.08239	0.02612	0.02775	0.02622	0	0	0	0	0.00058	0.00044	0.16088	0.00058	0.00071	0.00204	0.00043	0.1593	0.09814	0.003	0.05327	0.00807	0.11805	0.01246	0.01541	0.01656	0.01297	0.00416	0.13662	0.00873	0.01912	0.01692	0.01064	0.1158	
0.02768	0.01962	0.01431	0.01344	0.03829	0.0125	0.01177	0.01249	0	0	0	0	0.00023	0.0001	0.07446	0.00026	0.00034	0.00101	0.00023	0.07347	0.04486	0.00135	0.02517	0.00367	0.05549	0.0053	0.00714	0.00712	0.00588	0.00216	0.06296	0.00405	0.00863	0.0077	0.00509	0.05363	
0.22751	0.16576	0.11943	0.11104	0.31727	0.09966	0.1032	0.10361	0	0	0	0	0.00282	0.00136	0.61736	0.0022	0.0027	0.00854	0.0014	0.6111	0.3788	0.01076	0.20369	0.03049	0.45655	0.04699	0.06061	0.05959	0.05193	0.01724	0.51883	0.03574	0.09774	0.08711	0.05697	0.38192	
0.05127	0.03672	0.02672	0.02402	0.06976	0.02235	0.02313	0.02349	0	0	0	0	0.00064	0.00037	0.13726	0.00046	0.00072	0.00207	0.00047	0.13547	0.08348	0.00246	0.04574	0.00705	0.10107	0.01073	0.01297	0.01396	0.01113	0.00376	0.11623	0.00761	0.01609	0.01546	0.00913	0.09805	
0.00159	0.00114	0.00086	0.00068	0.00231	0.00071	0.00069	0.00056	0.00058	0.00023	0.00282	0.00064	0	0	0	0	2e-05	8e-05	1e-05	0.00416	0.00266	5e-05	0.00135	0.00021	0.00322	0.00034	0.00039	0.00032	0.00034	9e-05	0.00367	0.00017	0.00053	0.0006	0.00034	0.0028	
0.00071	0.00071	0.00054	0.00031	0.00118	0.00037	0.0004	0.00032	0.00044	0.0001	0.00136	0.00037	0	0	0	0	0	1e-05	0	0.00226	0.00131	7e-05	0.00075	0.00014	0.00162	0.0002	0.00025	0.0002	0.00018	0.00013	0.00184	0.00012	0.00023	0.00031	0.00023	0.0015	
0.36161	0.26239	0.19053	0.17543	0.50258	0.15894	0.16421	0.16423	0.16088	0.07446	0.61736	0.13726	0	0	0	0	0.00443	0.01349	0.00251	0.96953	0.59914	0.01737	0.32462	0.04883	0.72374	0.07475	0.09525	0.09622	0.08115	0.027	0.82615	0.05566	0.14043	0.12561	0.081	0.64292	
0.00125	0.00096	0.00067	0.00062	0.00164	0.00061	0.00055	0.0007	0.00058	0.00026	0.0022	0.00046	0	0	0	0	2e-05	8e-05	1e-05	0.00339	0.00217	8e-05	0.00115	0.0001	0.00258	0.00019	0.00024	0.00049	0.00024	0.0001	0.00298	0.00018	0.00039	0.00067	0.00026	0.00218	
0.00157	0.00123	0.00086	0.00081	0.00234	0.00061	0.00079	0.00073	0.00071	0.00034	0.0027	0.00072	2e-05	0	0.00443	2e-05	0	0	0	0	0.00271	4e-05	0.00154	0.00018	0.00313	0.00042	0.00047	0.00045	0.00046	8e-05	0.00367	0.00026	0.00064	0.00054	0.00032	0.00297	
0.00523	0.00375	0.00241	0.00227	0.00692	0.00207	0.00213	0.00254	0.00204	0.00101	0.00854	0.00207	8e-05	1e-05	0.01349	8e-05	0	0	0	0	0.00833	0.00021	0.00451	0.00061	0.01002	0.00108	0.00129	0.00127	0.00121	0.00038	0.01135	0.00072	0.00192	0.00191	0.00107	0.00876	
0.00091	0.00071	0.00041	0.0005	0.00131	0.00036	0.00039	0.00047	0.00043	0.00023	0.0014	0.00047	1e-05	0	0.00251	1e-05	0	0	0	0	0.0016	4e-05	0.00075	0.00014	0.00188	0.00022	0.00022	0.00021	0.00017	0.00011	0.00209	0.00016	0.00037	0.00029	0.00027	0.0016	
0.35745	0.25951	0.18892	0.17346	0.49714	0.15759	0.16254	0.16207	0.1593	0.07347	0.6111	0.13547	0.00416	0.00226	0.96953	0.00339	0	0	0	0	0.59264	0.01728	0.32107	0.04835	0.71613	0.07376	0.09415	0.0953	0.08007	0.02675	0.81753	0.05499	0.13865	0.12445	0.08017	0.63607	
0.22043	0.16103	0.11617	0.10765	0.30838	0.09673	0.10024	0.09993	0.09814	0.04486	0.3788	0.08348	0.00266	0.00131	0.59914	0.00217	0.00271	0.00833	0.0016	0.59264	0	0	0	0	0.4441	0.04553	0.05805	0.0576	0.04992	0.01688	0.50393	0.03455	0.09224	0.0827	0.05321	0.37713	
0.00636	0.00446	0.00334	0.00341	0.00867	0.00291	0.00293	0.00306	0.003	0.00135	0.01076	0.00246	5e-05	7e-05	0.01737	8e-05	4e-05	0.00021	4e-05	0.01728	0	0	0	0	0.01266	0.00144	0.00147	0.002	0.00152	0.00046	0.01455	0.00104	0.00221	0.00226	0.00119	0.01191	
0.12053	0.08636	0.06368	0.0573	0.16586	0.053	0.05453	0.05448	0.05327	0.02517	0.20369	0.04574	0.00135	0.00075	0.32462	0.00115	0.00154	0.00451	0.00075	0.32107	0	0	0	0	0.23832	0.02481	0.0321	0.03264	0.02657	0.00865	0.27478	0.01787	0.04104	0.03671	0.02361	0.22651	
0.01784	0.01335	0.00941	0.00868	0.0248	0.00799	0.00815	0.00834	0.00807	0.00367	0.03049	0.00705	0.00021	0.00014	0.04883	0.0001	0.00018	0.00061	0.00014	0.04835	0	0	0	0	0.03608	0.0037	0.00451	0.00499	0.0039	0.00133	0.04138	0.00267	0.00609	0.00552	0.00382	0.03385	
0.26834	0.19375	0.14008	0.12899	0.37136	0.11765	0.12135	0.1208	0.11805	0.05549	0.45655	0.10107	0.00322	0.00162	0.72374	0.00258	0.00313	0.01002	0.00188	0.71613	0.4441	0.01266	0.23832	0.03608	0	0	0	0	0.0596	0.02017	0.61024	0.04115	0.10365	0.09279	0.0597	0.47502	
0.02703	0.02027	0.01455	0.01363	0.03851	0.01174	0.01211	0.01312	0.01246	0.0053	0.04699	0.01073	0.00034	0.0002	0.07475	0.00019	0.00042	0.00108	0.00022	0.07376	0.04553	0.00144	0.02481	0.0037	0	0	0	0	0.00638	0.0019	0.06306	0.00414	0.01023	0.00948	0.00633	0.04944	
0.03513	0.02487	0.019	0.01713	0.04895	0.01548	0.0161	0.0156	0.01541	0.00714	0.06061	0.01297	0.00039	0.00025	0.09525	0.00024	0.00047	0.00129	0.00022	0.09415	0.05805	0.00147	0.0321	0.00451	0	0	0	0	0.00768	0.00269	0.0806	0.00516	0.01347	0.01239	0.00822	0.06205	
0.03466	0.02631	0.01897	0.01729	0.04889	0.01576	0.01629	0.01629	0.01656	0.00712	0.05959	0.01396	0.00032	0.0002	0.09622	0.00049	0.00045	0.00127	0.00021	0.0953	0.0576	0.002	0.03264	0.00499	0	0	0	0	0.00825	0.00256	0.08074	0.00568	0.01423	0.01253	0.00758	0.06289	
0.03054	0.02146	0.01564	0.01427	0.04105	0.01316	0.01436	0.01334	0.01297	0.00588	0.05193	0.01113	0.00034	0.00018	0.08115	0.00024	0.00046	0.00121	0.00017	0.08007	0.04992	0.00152	0.02657	0.0039	0.0596	0.00638	0.00768	0.00825	0	0	0	0	0.01525	0.01381	0.00898	0.04387	
0.01014	0.00707	0.00538	0.00473	0.01398	0.00437	0.00449	0.00448	0.00416	0.00216	0.01724	0.00376	9e-05	0.00013	0.027	0.0001	8e-05	0.00038	0.00011	0.02675	0.01688	0.00046	0.00865	0.00133	0.02017	0.0019	0.00269	0.00256	0	0	0	0	0.00476	0.0046	0.00288	0.01508	
0.30431	0.22166	0.16084	0.14783	0.42426	0.13429	0.13771	0.13838	0.13662	0.06296	0.51883	0.11623	0.00367	0.00184	0.82615	0.00298	0.00367	0.01135	0.00209	0.81753	0.50393	0.01455	0.27478	0.04138	0.61024	0.06306	0.0806	0.08074	0	0	0	0	0.11112	0.09963	0.06382	0.56007	
0.02017	0.01501	0.01074	0.01021	0.02842	0.00881	0.00929	0.00961	0.00873	0.00405	0.03574	0.00761	0.00017	0.00012	0.05566	0.00018	0.00026	0.00072	0.00016	0.05499	0.03455	0.00104	0.01787	0.00267	0.04115	0.00414	0.00516	0.00568	0	0	0	0	0.01045	0.00915	0.00615	0.03038	
0.05104	0.03804	0.02748	0.02502	0.07243	0.02275	0.02329	0.02311	0.01912	0.00863	0.09774	0.01609	0.00053	0.00023	0.14043	0.00039	0.00064	0.00192	0.00037	0.13865	0.09224	0.00221	0.04104	0.00609	0.10365	0.01023	0.01347	0.01423	0.01525	0.00476	0.11112	0.01045	0	0	0	0	
0.04572	0.03397	0.02454	0.02296	0.06509	0.02039	0.0209	0.02081	0.01692	0.0077	0.08711	0.01546	0.0006	0.00031	0.12561	0.00067	0.00054	0.00191	0.00029	0.12445	0.0827	0.00226	0.03671	0.00552	0.09279	0.00948	0.01239	0.01253	0.01381	0.0046	0.09963	0.00915	0	0	0	0	
0.03048	0.02149	0.01529	0.01457	0.04171	0.01307	0.01353	0.01352	0.01064	0.00509	0.05697	0.00913	0.00034	0.00023	0.081	0.00026	0.00032	0.00107	0.00027	0.08017	0.05321	0.00119	0.02361	0.00382	0.0597	0.00633	0.00822	0.00758	0.00898	0.00288	0.06382	0.00615	0	0	0	0	
0.23792	0.1717	0.12529	0.11449	0.32848	0.10442	0.10813	0.10837	0.1158	0.05363	0.38192	0.09805	0.0028	0.0015	0.64292	0.00218	0.00297	0.00876	0.0016	0.63607	0.37713	0.01191	0.22651	0.03385	0.47502	0.04944	0.06205	0.06289	0.04387	0.01508	0.56007	0.03038	0	0	0	0	
