0	0	0	0	0.1871	0.05885	0.06124	0.06058	0.05926	0.02686	0.23113	0.05052	0.00144	0.00097	0.3641	0.00126	0.00168	0.00534	0.00092	0.35983	0.22326	0.00643	0.11946	0.01862	0.26899	0.02665	0.03615	0.03598	0.03085	0.01028	0.3046	0.02204	0.05177	0.04632	0.03103	0.23865	
0	0	0	0	0.1354	0.04156	0.04358	0.045	0.04347	0.01963	0.16646	0.03598	0.00105	0.00073	0.26293	0.00083	0.00129	0.00392	0.00064	0.25969	0.16115	0.00465	0.08606	0.01368	0.1928	0.02034	0.02584	0.02656	0.02232	0.00723	0.22017	0.01582	0.03766	0.03219	0.02151	0.17418	
0	0	0	0	0.09732	0.03063	0.03203	0.03124	0.03076	0.01464	0.11974	0.02608	0.00067	0.00045	0.18951	0.00059	0.00079	0.00257	0.00038	0.18748	0.11578	0.00318	0.06278	0.00948	0.13961	0.01441	0.01839	0.01881	0.0155	0.00536	0.15949	0.01087	0.02614	0.02346	0.01663	0.12499	
0	0	0	0	0.08891	0.02755	0.02974	0.02927	0.0284	0.01329	0.10876	0.02502	0.00081	0.00049	0.17357	0.0006	0.00067	0.00224	0.00046	0.1721	0.10558	0.00345	0.05732	0.00912	0.12833	0.01287	0.01683	0.01744	0.01512	0.00451	0.14555	0.01029	0.02484	0.02179	0.014	0.11484	
0.1871	0.1354	0.09732	0.08891	0	0	0	0	0.08318	0.03812	0.31765	0.06978	0.00213	0.00144	0.50344	0.00172	0.00225	0.00743	0.00138	0.49767	0.30794	0.00891	0.16591	0.02597	0.37092	0.03868	0.04947	0.04966	0.04238	0.01379	0.42225	0.03031	0.07103	0.063	0.04233	0.33237	
0.05885	0.04156	0.03063	0.02755	0	0	0	0	0.02524	0.01132	0.09978	0.02225	0.00059	0.00033	0.15717	0.0005	0.00067	0.00206	0.00043	0.15543	0.09601	0.00307	0.05161	0.0079	0.11585	0.0114	0.01578	0.01556	0.01382	0.00434	0.13081	0.00962	0.02221	0.01981	0.01377	0.1028	
0.06124	0.04358	0.03203	0.02974	0	0	0	0	0.02642	0.01271	0.10479	0.02267	0.00064	0.00042	0.16493	0.0006	0.00066	0.00228	0.00029	0.16336	0.10155	0.003	0.05407	0.00797	0.12154	0.01211	0.01611	0.01683	0.01351	0.00444	0.13874	0.0099	0.0235	0.02014	0.01364	0.10931	
0.06058	0.045	0.03124	0.02927	0	0	0	0	0.02705	0.01227	0.10387	0.0229	0.00061	0.00045	0.16457	0.00046	0.00085	0.0023	0.0003	0.16264	0.10027	0.00273	0.05403	0.00906	0.12142	0.01208	0.01585	0.01674	0.01408	0.00481	0.13801	0.00919	0.02367	0.02081	0.01343	0.10818	
0.05926	0.04347	0.03076	0.0284	0.08318	0.02524	0.02642	0.02705	0	0	0	0	0.00064	0.00032	0.16043	0.0005	0.0007	0.00225	0.00043	0.15851	0.0974	0.00318	0.05304	0.00827	0.11751	0.01269	0.01576	0.01593	0.01293	0.0045	0.13531	0.00915	0.01781	0.01578	0.01036	0.11794	
0.02686	0.01963	0.01464	0.01329	0.03812	0.01132	0.01271	0.01227	0	0	0	0	0.00024	0.00024	0.07369	0.00025	0.00028	0.00101	0.00011	0.07302	0.04448	0.00124	0.02481	0.00389	0.05425	0.00539	0.00755	0.00723	0.00636	0.0021	0.06234	0.00362	0.00756	0.00744	0.00466	0.05476	
0.23113	0.16646	0.11974	0.10876	0.31765	0.09978	0.10479	0.10387	0	0	0	0	0.00259	0.00175	0.61968	0.00207	0.00284	0.00886	0.00157	0.61282	0.38193	0.01072	0.20196	0.03148	0.45724	0.04617	0.06014	0.06254	0.05404	0.01737	0.51625	0.03843	0.09984	0.08742	0.05929	0.37954	
0.05052	0.03598	0.02608	0.02502	0.06978	0.02225	0.02267	0.0229	0	0	0	0	0.0005	0.00033	0.13631	0.00046	0.00061	0.00195	0.00029	0.13475	0.08196	0.00257	0.04581	0.00726	0.10073	0.01002	0.01376	0.01309	0.01046	0.00341	0.11591	0.00782	0.0152	0.01312	0.00886	0.10042	
0.00144	0.00105	0.00067	0.00081	0.00213	0.00059	0.00064	0.00061	0.00064	0.00024	0.00259	0.0005	0	0	0	0	1e-05	6e-05	2e-05	0.00388	0.00227	0.00012	0.00133	0.00025	0.00291	0.00023	0.00037	0.00046	0.00042	8e-05	0.0032	0.00027	0.00072	0.0005	0.00029	0.00246	
0.00097	0.00073	0.00045	0.00049	0.00144	0.00033	0.00042	0.00045	0.00032	0.00024	0.00175	0.00033	0	0	0	0	1e-05	0.00011	0	0.00252	0.00143	6e-05	0.00092	0.00023	0.00179	0.00027	0.00031	0.00027	0.00017	9e-05	0.00226	0.00012	0.00028	0.00036	0.00023	0.00177	
0.3641	0.26293	0.18951	0.17357	0.50344	0.15717	0.16493	0.16457	0.16043	0.07369	0.61968	0.13631	0	0	0	0	0.00439	0.01385	0.00236	0.96951	0.60025	0.01749	0.3221	0.05027	0.72247	0.07352	0.09624	0.09788	0.08286	0.02711	0.82172	0.05842	0.13894	0.12251	0.08237	0.64629	
0.00126	0.00083	0.00059	0.0006	0.00172	0.0005	0.0006	0.00046	0.0005	0.00025	0.00207	0.00046	0	0	0	0	2e-05	5e-05	2e-05	0.00319	0.00182	4e-05	0.00127	0.00015	0.00256	0.00025	0.00029	0.00018	0.00034	0.0001	0.00263	0.00021	0.00047	0.00039	0.00028	0.00214	
0.00168	0.00129	0.00079	0.00067	0.00225	0.00067	0.00066	0.00085	0.0007	0.00028	0.00284	0.00061	1e-05	1e-05	0.00439	2e-05	0	0	0	0	0.00273	5e-05	0.00148	0.00017	0.00308	0.00039	0.00045	0.00051	0.00039	0.00017	0.00354	0.00033	0.00077	0.00044	0.00035	0.00287	
0.00534	0.00392	0.00257	0.00224	0.00743	0.00206	0.00228	0.0023	0.00225	0.00101	0.00886	0.00195	6e-05	0.00011	0.01385	5e-05	0	0	0	0	0.00829	0.00026	0.00485	0.00067	0.01023	0.00108	0.00136	0.0014	0.00121	0.0003	0.01183	0.00073	0.0022	0.00155	0.00128	0.00904	
0.00092	0.00064	0.00038	0.00046	0.00138	0.00043	0.00029	0.0003	0.00043	0.00011	0.00157	0.00029	2e-05	0	0.00236	2e-05	0	0	0	0	0.00138	5e-05	0.00085	0.00012	0.00179	0.00017	0.00024	0.0002	0.00028	9e-05	0.00193	0.0001	0.00039	0.00036	0.00013	0.00152	
0.35983	0.25969	0.18748	0.1721	0.49767	0.15543	0.16336	0.16264	0.15851	0.07302	0.61282	0.13475	0.00388	0.00252	0.96951	0.00319	0	0	0	0	0.59337	0.01735	0.31844	0.04994	0.71463	0.07263	0.09516	0.09668	0.08191	0.02682	0.81251	0.05786	0.13705	0.12141	0.08141	0.63923	
0.22326	0.16115	0.11578	0.10558	0.30794	0.09601	0.10155	0.10027	0.0974	0.04448	0.38193	0.08196	0.00227	0.00143	0.60025	0.00182	0.00273	0.00829	0.00138	0.59337	0	0	0	0	0.44201	0.04456	0.05845	0.06075	0.05225	0.0169	0.4995	0.03712	0.0948	0.08316	0.05556	0.37225	
0.00643	0.00465	0.00318	0.00345	0.00891	0.00307	0.003	0.00273	0.00318	0.00124	0.01072	0.00257	0.00012	6e-05	0.01749	4e-05	5e-05	0.00026	5e-05	0.01735	0	0	0	0	0.01293	0.00135	0.00169	0.00174	0.00123	0.00044	0.01496	0.00108	0.00191	0.00204	0.00129	0.01247	
0.11946	0.08606	0.06278	0.05732	0.16591	0.05161	0.05407	0.05403	0.05304	0.02481	0.20196	0.04581	0.00133	0.00092	0.3221	0.00127	0.00148	0.00485	0.00085	0.31844	0	0	0	0	0.23757	0.02445	0.03211	0.03149	0.02625	0.00878	0.2727	0.01789	0.03789	0.03336	0.02288	0.23149	
0.01862	0.01368	0.00948	0.00912	0.02597	0.0079	0.00797	0.00906	0.00827	0.00389	0.03148	0.00726	0.00025	0.00023	0.05027	0.00015	0.00017	0.00067	0.00012	0.04994	0	0	0	0	0.03722	0.00391	0.00496	0.00481	0.00406	0.00126	0.04265	0.00293	0.00581	0.0052	0.00344	0.03645	
0.26899	0.1928	0.13961	0.12833	0.37092	0.11585	0.12154	0.12142	0.11751	0.05425	0.45724	0.10073	0.00291	0.00179	0.72247	0.00256	0.00308	0.01023	0.00179	0.71463	0.44201	0.01293	0.23757	0.03722	0	0	0	0	0.06127	0.01994	0.6059	0.04262	0.10163	0.0907	0.06098	0.47642	
0.02665	0.02034	0.01441	0.01287	0.03868	0.0114	0.01211	0.01208	0.01269	0.00539	0.04617	0.01002	0.00023	0.00027	0.07352	0.00025	0.00039	0.00108	0.00017	0.07263	0.04456	0.00135	0.02445	0.00391	0	0	0	0	0.0061	0.00202	0.06178	0.00437	0.01063	0.00916	0.00598	0.0485	
0.03615	0.02584	0.01839	0.01683	0.04947	0.01578	0.01611	0.01585	0.01576	0.00755	0.06014	0.01376	0.00037	0.00031	0.09624	0.00029	0.00045	0.00136	0.00024	0.09516	0.05845	0.00169	0.03211	0.00496	0	0	0	0	0.00799	0.0027	0.08026	0.00626	0.01421	0.01156	0.00805	0.06339	
0.03598	0.02656	0.01881	0.01744	0.04966	0.01556	0.01683	0.01674	0.01593	0.00723	0.06254	0.01309	0.00046	0.00027	0.09788	0.00018	0.00051	0.0014	0.0002	0.09668	0.06075	0.00174	0.03149	0.00481	0	0	0	0	0.00843	0.00272	0.08187	0.00577	0.01394	0.01234	0.00816	0.06435	
0.03085	0.02232	0.0155	0.01512	0.04238	0.01382	0.01351	0.01408	0.01293	0.00636	0.05404	0.01046	0.00042	0.00017	0.08286	0.00034	0.00039	0.00121	0.00028	0.08191	0.05225	0.00123	0.02625	0.00406	0.06127	0.0061	0.00799	0.00843	0	0	0	0	0.01655	0.01487	0.01012	0.04225	
0.01028	0.00723	0.00536	0.00451	0.01379	0.00434	0.00444	0.00481	0.0045	0.0021	0.01737	0.00341	8e-05	9e-05	0.02711	0.0001	0.00017	0.0003	9e-05	0.02682	0.0169	0.00044	0.00878	0.00126	0.01994	0.00202	0.0027	0.00272	0	0	0	0	0.00546	0.00472	0.00321	0.01399	
0.3046	0.22017	0.15949	0.14555	0.42225	0.13081	0.13874	0.13801	0.13531	0.06234	0.51625	0.11591	0.0032	0.00226	0.82172	0.00263	0.00354	0.01183	0.00193	0.81251	0.4995	0.01496	0.2727	0.04265	0.6059	0.06178	0.08026	0.08187	0	0	0	0	0.10662	0.09343	0.06273	0.56703	
0.02204	0.01582	0.01087	0.01029	0.03031	0.00962	0.0099	0.00919	0.00915	0.00362	0.03843	0.00782	0.00027	0.00012	0.05842	0.00021	0.00033	0.00073	0.0001	0.05786	0.03712	0.00108	0.01789	0.00293	0.04262	0.00437	0.00626	0.00577	0	0	0	0	0.01178	0.01074	0.00711	0.02939	
0.05177	0.03766	0.02614	0.02484	0.07103	0.02221	0.0235	0.02367	0.01781	0.00756	0.09984	0.0152	0.00072	0.00028	0.13894	0.00047	0.00077	0.0022	0.00039	0.13705	0.0948	0.00191	0.03789	0.00581	0.10163	0.01063	0.01421	0.01394	0.01655	0.00546	0.10662	0.01178	0	0	0	0	
0.04632	0.03219	0.02346	0.02179	0.063	0.01981	0.02014	0.02081	0.01578	0.00744	0.08742	0.01312	0.0005	0.00036	0.12251	0.00039	0.00044	0.00155	0.00036	0.12141	0.08316	0.00204	0.03336	0.0052	0.0907	0.00916	0.01156	0.01234	0.01487	0.00472	0.09343	0.01074	0	0	0	0	
0.03103	0.02151	0.01663	0.014	0.04233	0.01377	0.01364	0.01343	0.01036	0.00466	0.05929	0.00886	0.00029	0.00023	0.08237	0.00028	0.00035	0.00128	0.00013	0.08141	0.05556	0.00129	0.02288	0.00344	0.06098	0.00598	0.00805	0.00816	0.01012	0.00321	0.06273	0.00711	0	0	0	0	
0.23865	0.17418	0.12499	0.11484	0.33237	0.1028	0.10931	0.10818	0.11794	0.05476	0.37954	0.10042	0.00246	0.00177	0.64629	0.00214	0.00287	0.00904	0.00152	0.63923	0.37225	0.01247	0.23149	0.03645	0.47642	0.0485	0.06339	0.06435	0.04225	0.01399	0.56703	0.02939	0	0	0	0	
