0	0	0	0	0.18771	0.05942	0.06143	0.06082	0.0602	0.02723	0.23237	0.04958	0.0015	0.00103	0.36583	0.00102	0.00172	0.00505	0.00116	0.36145	0.22336	0.00648	0.12043	0.01911	0.26936	0.02733	0.03704	0.03565	0.03026	0.01023	0.30809	0.0208	0.05213	0.046	0.03094	0.24031	
0	0	0	0	0.13511	0.04217	0.04448	0.04356	0.04338	0.02041	0.16509	0.03644	0.00117	0.00074	0.2625	0.00091	0.00097	0.00351	0.00087	0.25997	0.1611	0.0048	0.08588	0.01354	0.19341	0.02044	0.02596	0.02551	0.02268	0.00773	0.2194	0.01551	0.03702	0.03236	0.02211	0.17383	
0	0	0	0	0.09772	0.03069	0.03133	0.03234	0.03043	0.01381	0.1211	0.02674	0.0007	0.0005	0.19018	0.0007	0.0008	0.00247	0.00057	0.18824	0.11698	0.00336	0.06224	0.0095	0.13974	0.01479	0.01864	0.01891	0.01644	0.00542	0.15909	0.01113	0.02662	0.02482	0.01584	0.1248	
0	0	0	0	0.08876	0.02739	0.02828	0.02879	0.02785	0.01295	0.10918	0.02324	0.00078	0.00048	0.17136	0.0006	0.00078	0.00226	0.0004	0.16978	0.10413	0.00308	0.05755	0.00846	0.12583	0.01253	0.01747	0.01739	0.01459	0.00465	0.14375	0.01023	0.02422	0.02212	0.0145	0.11238	
0.18771	0.13511	0.09772	0.08876	0	0	0	0	0.08171	0.0373	0.32065	0.06964	0.00196	0.00149	0.50414	0.00171	0.00213	0.00676	0.00161	0.4988	0.30832	0.00917	0.16624	0.02557	0.37174	0.03815	0.05026	0.04915	0.04298	0.0145	0.42285	0.02897	0.07143	0.06362	0.04186	0.33239	
0.05942	0.04217	0.03069	0.02739	0	0	0	0	0.0254	0.01232	0.10051	0.02144	0.00075	0.00037	0.15807	0.00048	0.00077	0.00213	0.00048	0.15629	0.09666	0.00283	0.05174	0.00844	0.1163	0.01262	0.01523	0.01552	0.01341	0.00426	0.1322	0.0098	0.02233	0.01964	0.01349	0.10421	
0.06143	0.04448	0.03133	0.02828	0	0	0	0	0.02768	0.01246	0.1028	0.02258	0.00072	0.00045	0.16383	0.00052	0.00078	0.00219	0.00047	0.16208	0.10025	0.00275	0.05398	0.00854	0.12005	0.01214	0.01683	0.0165	0.01371	0.00477	0.13744	0.0096	0.02298	0.02101	0.01347	0.10806	
0.06082	0.04356	0.03234	0.02879	0	0	0	0	0.02707	0.01232	0.10378	0.02234	0.00072	0.00044	0.16383	0.00052	0.00059	0.00221	0.00044	0.16227	0.10034	0.00297	0.05414	0.00806	0.12025	0.01218	0.01679	0.01629	0.01387	0.0045	0.13784	0.0093	0.02325	0.02103	0.01457	0.10666	
0.0602	0.04338	0.03043	0.02785	0.08171	0.0254	0.02768	0.02707	0	0	0	0	0.0008	0.0005	0.16005	0.00051	0.00063	0.002	0.00057	0.15866	0.09586	0.00308	0.05419	0.00873	0.1177	0.01218	0.01598	0.016	0.01261	0.00434	0.13622	0.00869	0.01763	0.01559	0.01057	0.11807	
0.02723	0.02041	0.01381	0.01295	0.0373	0.01232	0.01246	0.01232	0	0	0	0	0.00032	0.00019	0.07362	0.00027	0.00029	0.00123	0.00028	0.0726	0.04473	0.00133	0.02475	0.00359	0.05432	0.0053	0.00733	0.00745	0.00581	0.00196	0.06249	0.00414	0.00832	0.00714	0.00466	0.05428	
0.23237	0.16509	0.1211	0.10918	0.32065	0.10051	0.1028	0.10378	0	0	0	0	0.00248	0.00171	0.62152	0.00203	0.00279	0.00817	0.0018	0.61498	0.38406	0.01099	0.20152	0.03117	0.45667	0.04769	0.06225	0.06113	0.05473	0.01841	0.51724	0.03736	0.09924	0.08947	0.05947	0.37956	
0.04958	0.03644	0.02674	0.02324	0.06964	0.02144	0.02258	0.02234	0	0	0	0	0.00055	0.00035	0.13468	0.00042	0.00056	0.00189	0.00035	0.1332	0.08092	0.00232	0.04564	0.00712	0.09965	0.00992	0.01355	0.01288	0.01082	0.00332	0.11438	0.00748	0.0148	0.0131	0.00869	0.09941	
0.0015	0.00117	0.0007	0.00078	0.00196	0.00075	0.00072	0.00072	0.0008	0.00032	0.00248	0.00055	0	0	0	0	1e-05	4e-05	2e-05	0.00408	0.00249	9e-05	0.00127	0.0003	0.00298	0.00028	0.00042	0.00047	0.00034	0.00012	0.0035	0.00019	0.00049	0.00066	0.0003	0.0027	
0.00103	0.00074	0.0005	0.00048	0.00149	0.00037	0.00045	0.00044	0.0005	0.00019	0.00171	0.00035	0	0	0	0	1e-05	6e-05	0	0.00268	0.0017	4e-05	0.00083	0.00018	0.00198	0.00023	0.00025	0.00029	0.00025	8e-05	0.00225	0.00017	0.00049	0.00027	0.00028	0.00171	
0.36583	0.2625	0.19018	0.17136	0.50414	0.15807	0.16383	0.16383	0.16005	0.07362	0.62152	0.13468	0	0	0	0	0.00424	0.01316	0.00297	0.9695	0.59944	0.01755	0.32298	0.0499	0.72102	0.07435	0.09811	0.09639	0.08311	0.02776	0.82185	0.05715	0.13853	0.12405	0.08262	0.64467	
0.00102	0.00091	0.0007	0.0006	0.00171	0.00048	0.00052	0.00052	0.00051	0.00027	0.00203	0.00042	0	0	0	0	1e-05	3e-05	1e-05	0.00318	0.00194	4e-05	0.00102	0.00023	0.00236	0.00023	0.00033	0.00031	0.00027	7e-05	0.00273	0.00016	0.00048	0.00032	0.00019	0.00224	
0.00172	0.00097	0.0008	0.00078	0.00213	0.00077	0.00078	0.00059	0.00063	0.00029	0.00279	0.00056	1e-05	1e-05	0.00424	1e-05	0	0	0	0	0.00264	6e-05	0.00131	0.00026	0.003	0.0003	0.00046	0.00051	0.00026	0.00013	0.00365	0.00023	0.00064	0.00061	0.00048	0.00254	
0.00505	0.00351	0.00247	0.00226	0.00676	0.00213	0.00219	0.00221	0.002	0.00123	0.00817	0.00189	4e-05	6e-05	0.01316	3e-05	0	0	0	0	0.00788	0.00029	0.0044	0.00072	0.00963	0.00101	0.00128	0.00137	0.00118	0.00037	0.01093	0.00081	0.00193	0.00169	0.00098	0.00869	
0.00116	0.00087	0.00057	0.0004	0.00161	0.00048	0.00047	0.00044	0.00057	0.00028	0.0018	0.00035	2e-05	0	0.00297	1e-05	0	0	0	0	0.00201	2e-05	0.00082	0.00015	0.0023	0.00017	0.00023	0.0003	0.0003	5e-05	0.00252	0.00013	0.00048	0.0003	0.00029	0.00193	
0.36145	0.25997	0.18824	0.16978	0.4988	0.15629	0.16208	0.16227	0.15866	0.0726	0.61498	0.1332	0.00408	0.00268	0.9695	0.00318	0	0	0	0	0.59304	0.01735	0.31957	0.04948	0.71341	0.07361	0.09714	0.09528	0.08223	0.02748	0.81323	0.0565	0.13694	0.1227	0.08164	0.63816	
0.22336	0.1611	0.11698	0.10413	0.30832	0.09666	0.10025	0.10034	0.09586	0.04473	0.38406	0.08092	0.00249	0.0017	0.59944	0.00194	0.00264	0.00788	0.00201	0.59304	0	0	0	0	0.4416	0.04588	0.05936	0.05873	0.05217	0.01746	0.50039	0.03555	0.09581	0.08427	0.05573	0.36976	
0.00648	0.0048	0.00336	0.00308	0.00917	0.00283	0.00275	0.00297	0.00308	0.00133	0.01099	0.00232	9e-05	4e-05	0.01755	4e-05	6e-05	0.00029	2e-05	0.01735	0	0	0	0	0.01294	0.00134	0.00158	0.00186	0.00136	0.00046	0.01485	0.00105	0.00208	0.00183	0.0012	0.01261	
0.12043	0.08588	0.06224	0.05755	0.16624	0.05174	0.05398	0.05414	0.05419	0.02475	0.20152	0.04564	0.00127	0.00083	0.32298	0.00102	0.00131	0.0044	0.00082	0.31957	0	0	0	0	0.23717	0.02376	0.03323	0.03194	0.02621	0.00851	0.27309	0.01829	0.03632	0.03417	0.02293	0.23268	
0.01911	0.01354	0.0095	0.00846	0.02557	0.00844	0.00854	0.00806	0.00873	0.00359	0.03117	0.00712	0.0003	0.00018	0.0499	0.00023	0.00026	0.00072	0.00015	0.04948	0	0	0	0	0.03663	0.00411	0.00494	0.00493	0.00423	0.0016	0.042	0.00278	0.00578	0.00503	0.00353	0.03627	
0.26936	0.19341	0.13974	0.12583	0.37174	0.1163	0.12005	0.12025	0.1177	0.05432	0.45667	0.09965	0.00298	0.00198	0.72102	0.00236	0.003	0.00963	0.0023	0.71341	0.4416	0.01294	0.23717	0.03663	0	0	0	0	0.06157	0.02024	0.60463	0.0419	0.10222	0.09082	0.0609	0.4744	
0.02733	0.02044	0.01479	0.01253	0.03815	0.01262	0.01214	0.01218	0.01218	0.0053	0.04769	0.00992	0.00028	0.00023	0.07435	0.00023	0.0003	0.00101	0.00017	0.07361	0.04588	0.00134	0.02376	0.00411	0	0	0	0	0.00648	0.0022	0.06227	0.00414	0.01052	0.00989	0.00655	0.04813	
0.03704	0.02596	0.01864	0.01747	0.05026	0.01523	0.01683	0.01679	0.01598	0.00733	0.06225	0.01355	0.00042	0.00025	0.09811	0.00033	0.00046	0.00128	0.00023	0.09714	0.05936	0.00158	0.03323	0.00494	0	0	0	0	0.00803	0.00275	0.08263	0.0057	0.01399	0.01238	0.00787	0.06487	
0.03565	0.02551	0.01891	0.01739	0.04915	0.01552	0.0165	0.01629	0.016	0.00745	0.06113	0.01288	0.00047	0.00029	0.09639	0.00031	0.00051	0.00137	0.0003	0.09528	0.05873	0.00186	0.03194	0.00493	0	0	0	0	0.00789	0.00284	0.0808	0.00593	0.01326	0.01221	0.00807	0.06392	
0.03026	0.02268	0.01644	0.01459	0.04298	0.01341	0.01371	0.01387	0.01261	0.00581	0.05473	0.01082	0.00034	0.00025	0.08311	0.00027	0.00026	0.00118	0.0003	0.08223	0.05217	0.00136	0.02621	0.00423	0.06157	0.00648	0.00803	0.00789	0	0	0	0	0.01681	0.01556	0.01001	0.04159	
0.01023	0.00773	0.00542	0.00465	0.0145	0.00426	0.00477	0.0045	0.00434	0.00196	0.01841	0.00332	0.00012	8e-05	0.02776	7e-05	0.00013	0.00037	5e-05	0.02748	0.01746	0.00046	0.00851	0.0016	0.02024	0.0022	0.00275	0.00284	0	0	0	0	0.00577	0.00517	0.0036	0.01349	
0.30809	0.2194	0.15909	0.14375	0.42285	0.1322	0.13744	0.13784	0.13622	0.06249	0.51724	0.11438	0.0035	0.00225	0.82185	0.00273	0.00365	0.01093	0.00252	0.81323	0.50039	0.01485	0.27309	0.042	0.60463	0.06227	0.08263	0.0808	0	0	0	0	0.10558	0.09416	0.06306	0.56753	
0.0208	0.01551	0.01113	0.01023	0.02897	0.0098	0.0096	0.0093	0.00869	0.00414	0.03736	0.00748	0.00019	0.00017	0.05715	0.00016	0.00023	0.00081	0.00013	0.0565	0.03555	0.00105	0.01829	0.00278	0.0419	0.00414	0.0057	0.00593	0	0	0	0	0.01183	0.01041	0.00672	0.02871	
0.05213	0.03702	0.02662	0.02422	0.07143	0.02233	0.02298	0.02325	0.01763	0.00832	0.09924	0.0148	0.00049	0.00049	0.13853	0.00048	0.00064	0.00193	0.00048	0.13694	0.09581	0.00208	0.03632	0.00578	0.10222	0.01052	0.01399	0.01326	0.01681	0.00577	0.10558	0.01183	0	0	0	0	
0.046	0.03236	0.02482	0.02212	0.06362	0.01964	0.02101	0.02103	0.01559	0.00714	0.08947	0.0131	0.00066	0.00027	0.12405	0.00032	0.00061	0.00169	0.0003	0.1227	0.08427	0.00183	0.03417	0.00503	0.09082	0.00989	0.01238	0.01221	0.01556	0.00517	0.09416	0.01041	0	0	0	0	
0.03094	0.02211	0.01584	0.0145	0.04186	0.01349	0.01347	0.01457	0.01057	0.00466	0.05947	0.00869	0.0003	0.00028	0.08262	0.00019	0.00048	0.00098	0.00029	0.08164	0.05573	0.0012	0.02293	0.00353	0.0609	0.00655	0.00787	0.00807	0.01001	0.0036	0.06306	0.00672	0	0	0	0	
0.24031	0.17383	0.1248	0.11238	0.33239	0.10421	0.10806	0.10666	0.11807	0.05428	0.37956	0.09941	0.0027	0.00171	0.64467	0.00224	0.00254	0.00869	0.00193	0.63816	0.36976	0.01261	0.23268	0.03627	0.4744	0.04813	0.06487	0.06392	0.04159	0.01349	0.56753	0.02871	0	0	0	0	
