0	0	0	0	0.18665	0.05877	0.06034	0.06095	0.05939	0.02655	0.23173	0.04904	0.00164	0.0008	0.36315	0.00112	0.00145	0.00468	0.00106	0.35952	0.22155	0.00667	0.12065	0.01784	0.26783	0.02763	0.03475	0.0365	0.03099	0.01015	0.30398	0.02159	0.05157	0.04522	0.02977	0.24015	
0	0	0	0	0.13415	0.04329	0.04399	0.04482	0.04268	0.01998	0.16667	0.03692	0.00093	0.00075	0.2636	0.00097	0.00121	0.00366	0.00077	0.26061	0.16206	0.00491	0.08591	0.01337	0.19511	0.01982	0.02572	0.0256	0.02272	0.00736	0.22072	0.01545	0.03787	0.03286	0.02275	0.17277	
0	0	0	0	0.09843	0.0296	0.03205	0.03177	0.03043	0.01367	0.12104	0.02671	0.00079	0.00033	0.19011	0.00062	0.00076	0.00268	0.0005	0.18791	0.11633	0.00323	0.06254	0.00975	0.14026	0.01429	0.01818	0.01912	0.0164	0.00572	0.15827	0.01146	0.02729	0.0238	0.01544	0.12532	
0	0	0	0	0.08981	0.02788	0.02812	0.02938	0.02871	0.01237	0.1094	0.02471	0.0008	0.00043	0.17324	0.00072	0.00088	0.00233	0.00045	0.17153	0.10571	0.00294	0.05785	0.00869	0.12797	0.01309	0.01734	0.01679	0.01542	0.00467	0.14465	0.01045	0.02468	0.02227	0.01422	0.11402	
0.18665	0.13415	0.09843	0.08981	0	0	0	0	0.0822	0.03711	0.31972	0.07001	0.00191	0.00111	0.5044	0.00162	0.00215	0.00683	0.00133	0.49873	0.3074	0.00922	0.16662	0.0258	0.37165	0.03826	0.04906	0.05007	0.04339	0.01469	0.42102	0.02994	0.07258	0.06383	0.0418	0.33083	
0.05877	0.04329	0.0296	0.02788	0	0	0	0	0.02505	0.0116	0.10084	0.02205	0.00065	0.00041	0.15788	0.0006	0.0006	0.00192	0.00041	0.15661	0.09759	0.00276	0.0517	0.00749	0.11717	0.01192	0.01478	0.01567	0.01353	0.00454	0.13153	0.00994	0.02306	0.01993	0.01314	0.10341	
0.06034	0.04399	0.03205	0.02812	0	0	0	0	0.02686	0.01192	0.10317	0.02255	0.00077	0.00037	0.16269	0.00067	0.00069	0.00221	0.00043	0.16117	0.09965	0.00282	0.05376	0.00827	0.12053	0.01234	0.01566	0.01597	0.01453	0.00408	0.13614	0.00975	0.02244	0.02017	0.01326	0.10863	
0.06095	0.04482	0.03177	0.02938	0	0	0	0	0.0271	0.01194	0.10511	0.02277	0.00083	0.00042	0.16513	0.00054	0.00086	0.00239	0.00061	0.16306	0.10101	0.00295	0.05487	0.00809	0.12182	0.01231	0.01649	0.0163	0.01408	0.00459	0.13893	0.00932	0.02333	0.02022	0.01398	0.10939	
0.05939	0.04268	0.03043	0.02871	0.0822	0.02505	0.02686	0.0271	0	0	0	0	0.00075	0.00036	0.1595	0.0006	0.00056	0.00236	0.00038	0.15791	0.09427	0.00287	0.05546	0.00861	0.11865	0.01213	0.01487	0.01556	0.01281	0.00433	0.1354	0.00867	0.01668	0.01522	0.01019	0.11912	
0.02655	0.01998	0.01367	0.01237	0.03711	0.0116	0.01192	0.01194	0	0	0	0	0.00033	0.00026	0.07171	0.00027	0.00034	0.001	0.00015	0.07108	0.0434	0.00113	0.02438	0.00366	0.05327	0.0051	0.00703	0.00717	0.00582	0.00176	0.06069	0.0043	0.00749	0.00716	0.00472	0.0532	
0.23173	0.16667	0.12104	0.1094	0.31972	0.10084	0.10317	0.10511	0	0	0	0	0.00256	0.00144	0.62278	0.00206	0.00284	0.00833	0.00189	0.61578	0.38553	0.01128	0.20128	0.03075	0.45855	0.04759	0.06103	0.06167	0.05578	0.01847	0.51617	0.03842	0.10253	0.08895	0.05878	0.37858	
0.04904	0.03692	0.02671	0.02471	0.07001	0.02205	0.02255	0.02277	0	0	0	0	0.00052	0.00025	0.13611	0.0005	0.00056	0.00166	0.00036	0.1348	0.08245	0.00247	0.04583	0.00663	0.1007	0.01001	0.01306	0.01361	0.01112	0.00334	0.11536	0.00756	0.01471	0.01282	0.00849	0.10136	
0.00164	0.00093	0.00079	0.0008	0.00191	0.00065	0.00077	0.00083	0.00075	0.00033	0.00256	0.00052	0	0	0	0	3e-05	6e-05	0	0.00407	0.00243	6e-05	0.00146	0.00021	0.00307	0.00023	0.00038	0.00048	0.00041	0.0001	0.00343	0.00022	0.00063	0.00058	0.00036	0.00259	
0.0008	0.00075	0.00033	0.00043	0.00111	0.00041	0.00037	0.00042	0.00036	0.00026	0.00144	0.00025	0	0	0	0	1e-05	6e-05	0	0.00224	0.00152	1e-05	0.00063	0.00015	0.0017	0.00024	0.00016	0.00021	0.00017	7e-05	0.00195	0.00012	0.00043	0.00034	0.0001	0.00144	
0.36315	0.2636	0.19011	0.17324	0.5044	0.15788	0.16269	0.16513	0.1595	0.07171	0.62278	0.13611	0	0	0	0	0.00425	0.01316	0.00278	0.96991	0.59961	0.01762	0.3237	0.04917	0.72385	0.07409	0.09518	0.09698	0.08469	0.02765	0.81938	0.05838	0.13993	0.12281	0.0813	0.64606	
0.00112	0.00097	0.00062	0.00072	0.00162	0.0006	0.00067	0.00054	0.0006	0.00027	0.00206	0.0005	0	0	0	0	1e-05	7e-05	0	0.00335	0.00209	6e-05	0.00116	0.00012	0.00255	0.00027	0.00027	0.00034	0.00026	8e-05	0.00286	0.00023	0.00042	0.00042	0.00042	0.00217	
0.00145	0.00121	0.00076	0.00088	0.00215	0.0006	0.00069	0.00086	0.00056	0.00034	0.00284	0.00056	3e-05	1e-05	0.00425	1e-05	0	0	0	0	0.00259	3e-05	0.00143	0.00025	0.00324	0.00028	0.00043	0.00035	0.00028	0.00012	0.00358	0.00032	0.00068	0.00059	0.00044	0.00259	
0.00468	0.00366	0.00268	0.00233	0.00683	0.00192	0.00221	0.00239	0.00236	0.001	0.00833	0.00166	6e-05	6e-05	0.01316	7e-05	0	0	0	0	0.00774	0.00028	0.00463	0.0007	0.00978	0.00102	0.00119	0.00136	0.00099	0.00037	0.01125	0.00074	0.0019	0.00157	0.001	0.00888	
0.00106	0.00077	0.0005	0.00045	0.00133	0.00041	0.00043	0.00061	0.00038	0.00015	0.00189	0.00036	0	0	0.00278	0	0	0	0	0	0.00165	6e-05	0.00097	0.0001	0.00204	0.00024	0.00026	0.00024	0.00026	6e-05	0.00219	0.00027	0.00038	0.00033	0.00023	0.00184	
0.35952	0.26061	0.18791	0.17153	0.49873	0.15661	0.16117	0.16306	0.15791	0.07108	0.61578	0.1348	0.00407	0.00224	0.96991	0.00335	0	0	0	0	0.59367	0.01738	0.31992	0.0486	0.71611	0.07329	0.09411	0.09606	0.084	0.02735	0.8106	0.05762	0.13845	0.12166	0.08051	0.63895	
0.22155	0.16206	0.11633	0.10571	0.3074	0.09759	0.09965	0.10101	0.09427	0.0434	0.38553	0.08245	0.00243	0.00152	0.59961	0.00209	0.00259	0.00774	0.00165	0.59367	0	0	0	0	0.44063	0.04583	0.05909	0.0601	0.0535	0.0172	0.49787	0.03708	0.09628	0.08568	0.05719	0.3665	
0.00667	0.00491	0.00323	0.00294	0.00922	0.00276	0.00282	0.00295	0.00287	0.00113	0.01128	0.00247	6e-05	1e-05	0.01762	6e-05	3e-05	0.00028	6e-05	0.01738	0	0	0	0	0.01317	0.00142	0.00152	0.00164	0.00144	0.00053	0.01485	0.00093	0.00191	0.00184	0.00114	0.01286	
0.12065	0.08591	0.06254	0.05785	0.16662	0.0517	0.05376	0.05487	0.05546	0.02438	0.20128	0.04583	0.00146	0.00063	0.3237	0.00116	0.00143	0.00463	0.00097	0.31992	0	0	0	0	0.24129	0.02396	0.03039	0.03131	0.02653	0.00873	0.27359	0.0181	0.03779	0.0316	0.02072	0.23684	
0.01784	0.01337	0.00975	0.00869	0.0258	0.00749	0.00827	0.00809	0.00861	0.00366	0.03075	0.00663	0.00021	0.00015	0.04917	0.00012	0.00025	0.0007	0.0001	0.0486	0	0	0	0	0.03608	0.00362	0.00499	0.00496	0.00406	0.00144	0.04131	0.00284	0.00543	0.00503	0.00313	0.03606	
0.26783	0.19511	0.14026	0.12797	0.37165	0.11717	0.12053	0.12182	0.11865	0.05327	0.45855	0.1007	0.00307	0.0017	0.72385	0.00255	0.00324	0.00978	0.00204	0.71611	0.44063	0.01317	0.24129	0.03608	0	0	0	0	0.06308	0.02074	0.60413	0.04322	0.10323	0.09175	0.05982	0.47637	
0.02763	0.01982	0.01429	0.01309	0.03826	0.01192	0.01234	0.01231	0.01213	0.0051	0.04759	0.01001	0.00023	0.00024	0.07409	0.00027	0.00028	0.00102	0.00024	0.07329	0.04583	0.00142	0.02396	0.00362	0	0	0	0	0.00612	0.00197	0.06257	0.00417	0.01087	0.00869	0.00573	0.04954	
0.03475	0.02572	0.01818	0.01734	0.04906	0.01478	0.01566	0.01649	0.01487	0.00703	0.06103	0.01306	0.00038	0.00016	0.09518	0.00027	0.00043	0.00119	0.00026	0.09411	0.05909	0.00152	0.03039	0.00499	0	0	0	0	0.00779	0.00257	0.07999	0.00564	0.0132	0.01168	0.00787	0.06324	
0.0365	0.0256	0.01912	0.01679	0.05007	0.01567	0.01597	0.0163	0.01556	0.00717	0.06167	0.01361	0.00048	0.00021	0.09698	0.00034	0.00035	0.00136	0.00024	0.09606	0.0601	0.00164	0.03131	0.00496	0	0	0	0	0.00854	0.00262	0.08093	0.00592	0.01411	0.01203	0.00876	0.06311	
0.03099	0.02272	0.0164	0.01542	0.04339	0.01353	0.01453	0.01408	0.01281	0.00582	0.05578	0.01112	0.00041	0.00017	0.08469	0.00026	0.00028	0.00099	0.00026	0.084	0.0535	0.00144	0.02653	0.00406	0.06308	0.00612	0.00779	0.00854	0	0	0	0	0.018	0.01666	0.01061	0.04026	
0.01015	0.00736	0.00572	0.00467	0.01469	0.00454	0.00408	0.00459	0.00433	0.00176	0.01847	0.00334	0.0001	7e-05	0.02765	8e-05	0.00012	0.00037	6e-05	0.02735	0.0172	0.00053	0.00873	0.00144	0.02074	0.00197	0.00257	0.00262	0	0	0	0	0.006	0.00487	0.00336	0.01367	
0.30398	0.22072	0.15827	0.14465	0.42102	0.13153	0.13614	0.13893	0.1354	0.06069	0.51617	0.11536	0.00343	0.00195	0.81938	0.00286	0.00358	0.01125	0.00219	0.8106	0.49787	0.01485	0.27359	0.04131	0.60413	0.06257	0.07999	0.08093	0	0	0	0	0.10474	0.0918	0.06116	0.56992	
0.02159	0.01545	0.01146	0.01045	0.02994	0.00994	0.00975	0.00932	0.00867	0.0043	0.03842	0.00756	0.00022	0.00012	0.05838	0.00023	0.00032	0.00074	0.00027	0.05762	0.03708	0.00093	0.0181	0.00284	0.04322	0.00417	0.00564	0.00592	0	0	0	0	0.01267	0.01082	0.00705	0.02841	
0.05157	0.03787	0.02729	0.02468	0.07258	0.02306	0.02244	0.02333	0.01668	0.00749	0.10253	0.01471	0.00063	0.00043	0.13993	0.00042	0.00068	0.0019	0.00038	0.13845	0.09628	0.00191	0.03779	0.00543	0.10323	0.01087	0.0132	0.01411	0.018	0.006	0.10474	0.01267	0	0	0	0	
0.04522	0.03286	0.0238	0.02227	0.06383	0.01993	0.02017	0.02022	0.01522	0.00716	0.08895	0.01282	0.00058	0.00034	0.12281	0.00042	0.00059	0.00157	0.00033	0.12166	0.08568	0.00184	0.0316	0.00503	0.09175	0.00869	0.01168	0.01203	0.01666	0.00487	0.0918	0.01082	0	0	0	0	
0.02977	0.02275	0.01544	0.01422	0.0418	0.01314	0.01326	0.01398	0.01019	0.00472	0.05878	0.00849	0.00036	0.0001	0.0813	0.00042	0.00044	0.001	0.00023	0.08051	0.05719	0.00114	0.02072	0.00313	0.05982	0.00573	0.00787	0.00876	0.01061	0.00336	0.06116	0.00705	0	0	0	0	
0.24015	0.17277	0.12532	0.11402	0.33083	0.10341	0.10863	0.10939	0.11912	0.0532	0.37858	0.10136	0.00259	0.00144	0.64606	0.00217	0.00259	0.00888	0.00184	0.63895	0.3665	0.01286	0.23684	0.03606	0.47637	0.04954	0.06324	0.06311	0.04026	0.01367	0.56992	0.02841	0	0	0	0	
