0	0	0	0	0.18843	0.05788	0.06006	0.06107	0.05989	0.02612	0.2306	0.05083	0.00151	0.001	0.36366	0.00127	0.00138	0.00504	0.00109	0.35993	0.22429	0.00673	0.1182	0.01822	0.26867	0.02774	0.03567	0.03536	0.03051	0.01013	0.30513	0.02167	0.05077	0.04606	0.03052	0.24009	
0	0	0	0	0.1348	0.04296	0.0432	0.04494	0.04361	0.01892	0.16717	0.0362	0.00093	0.00065	0.26345	0.00087	0.00118	0.00364	0.0008	0.26028	0.16215	0.00479	0.08539	0.01357	0.19633	0.01934	0.02481	0.02542	0.0221	0.0073	0.22105	0.01545	0.03715	0.03383	0.02159	0.17333	
0	0	0	0	0.09746	0.03165	0.0328	0.03145	0.03123	0.01457	0.12036	0.0272	0.00076	0.00057	0.19133	0.0007	0.00081	0.00305	0.00063	0.18887	0.11725	0.00349	0.06301	0.00961	0.14132	0.01438	0.01857	0.01909	0.01527	0.00546	0.1613	0.01133	0.02722	0.02389	0.0164	0.12585	
0	0	0	0	0.08939	0.02801	0.02794	0.02796	0.02835	0.01308	0.10835	0.02352	0.00069	0.00027	0.17185	0.00049	0.0007	0.00221	0.00039	0.17	0.10461	0.00343	0.05631	0.00895	0.1266	0.01281	0.01681	0.01708	0.01525	0.00469	0.14409	0.00927	0.0246	0.02138	0.01424	0.11308	
0.18843	0.1348	0.09746	0.08939	0	0	0	0	0.08302	0.03707	0.31956	0.07043	0.00196	0.00125	0.50519	0.00168	0.00224	0.00699	0.00133	0.49952	0.31063	0.0093	0.16459	0.02556	0.3743	0.0377	0.04869	0.04939	0.04237	0.01403	0.42433	0.02935	0.07147	0.06461	0.04275	0.33125	
0.05788	0.04296	0.03165	0.02801	0	0	0	0	0.02655	0.01145	0.10081	0.02169	0.00066	0.00033	0.15906	0.00045	0.00064	0.00257	0.00065	0.15664	0.09795	0.00294	0.05172	0.00789	0.11679	0.01247	0.01544	0.0158	0.01362	0.00422	0.13316	0.0095	0.02224	0.0195	0.01337	0.10539	
0.06006	0.0432	0.0328	0.02794	0	0	0	0	0.02652	0.01177	0.10306	0.02265	0.00058	0.00046	0.16234	0.00062	0.00059	0.00204	0.00047	0.1609	0.09937	0.00299	0.05322	0.00842	0.11992	0.01195	0.01603	0.0161	0.01392	0.00476	0.13567	0.00965	0.02329	0.01996	0.01362	0.10713	
0.06107	0.04494	0.03145	0.02796	0	0	0	0	0.02699	0.0124	0.10305	0.02298	0.00069	0.00045	0.1637	0.00058	0.0006	0.00234	0.00046	0.16202	0.10035	0.00321	0.05338	0.00848	0.12191	0.01215	0.0157	0.01566	0.01322	0.00457	0.13841	0.00922	0.02274	0.02109	0.01301	0.10858	
0.05989	0.04361	0.03123	0.02835	0.08302	0.02655	0.02652	0.02699	0	0	0	0	0.00073	0.00034	0.16147	0.00054	0.00065	0.00216	0.00044	0.15983	0.09711	0.00284	0.05439	0.00874	0.11823	0.01242	0.01659	0.01584	0.01307	0.00434	0.1367	0.00897	0.01744	0.01525	0.01075	0.11964	
0.02612	0.01892	0.01457	0.01308	0.03707	0.01145	0.01177	0.0124	0	0	0	0	0.00032	0.00022	0.07195	0.0002	0.0003	0.00101	0.00015	0.07123	0.0437	0.00127	0.024	0.00372	0.05274	0.00549	0.00715	0.00731	0.00513	0.00195	0.06152	0.00409	0.00754	0.00664	0.00441	0.0541	
0.2306	0.16717	0.12036	0.10835	0.31956	0.10081	0.10306	0.10305	0	0	0	0	0.00238	0.00164	0.6204	0.00206	0.00264	0.00889	0.00189	0.61306	0.38563	0.01167	0.19854	0.03064	0.45988	0.04625	0.0595	0.06085	0.05464	0.0178	0.51698	0.03706	0.10037	0.08974	0.05942	0.37695	
0.05083	0.0362	0.0272	0.02352	0.07043	0.02169	0.02265	0.02298	0	0	0	0	0.00046	0.00029	0.13647	0.00053	0.00048	0.00188	0.00043	0.13496	0.08186	0.00266	0.04598	0.00725	0.10207	0.01011	0.01262	0.01295	0.01029	0.00349	0.11637	0.0076	0.01439	0.01353	0.00817	0.10166	
0.00151	0.00093	0.00076	0.00069	0.00196	0.00066	0.00058	0.00069	0.00073	0.00032	0.00238	0.00046	0	0	0	0	0	3e-05	0	0.00386	0.00246	8e-05	0.00112	0.00023	0.00287	0.0004	0.00026	0.00036	0.0003	0.00013	0.00325	0.00021	0.00056	0.00058	0.0003	0.00245	
0.001	0.00065	0.00057	0.00027	0.00125	0.00033	0.00046	0.00045	0.00034	0.00022	0.00164	0.00029	0	0	0	0	1e-05	7e-05	1e-05	0.0024	0.00166	4e-05	0.00065	0.00014	0.002	6e-05	0.0002	0.00023	0.00018	5e-05	0.00209	0.00017	0.00031	0.00032	0.0002	0.00166	
0.36366	0.26345	0.19133	0.17185	0.50519	0.15906	0.16234	0.1637	0.16147	0.07195	0.6204	0.13647	0	0	0	0	0.00405	0.01377	0.00289	0.96958	0.60215	0.01824	0.32004	0.04986	0.72553	0.07359	0.09513	0.09604	0.08236	0.02732	0.82347	0.05714	0.13844	0.12389	0.08184	0.64612	
0.00127	0.00087	0.0007	0.00049	0.00168	0.00045	0.00062	0.00058	0.00054	0.0002	0.00206	0.00053	0	0	0	0	1e-05	7e-05	1e-05	0.00324	0.00203	8e-05	0.0011	0.00012	0.00252	0.00022	0.00027	0.00032	0.00029	8e-05	0.00276	0.0002	0.00043	0.00037	0.00041	0.00212	
0.00138	0.00118	0.00081	0.0007	0.00224	0.00064	0.00059	0.0006	0.00065	0.0003	0.00264	0.00048	0	1e-05	0.00405	1e-05	0	0	0	0	0.00244	9e-05	0.00136	0.00018	0.00306	0.0003	0.00042	0.00029	0.00033	6e-05	0.00349	0.00019	0.00051	0.00057	0.00033	0.00266	
0.00504	0.00364	0.00305	0.00221	0.00699	0.00257	0.00204	0.00234	0.00216	0.00101	0.00889	0.00188	3e-05	7e-05	0.01377	7e-05	0	0	0	0	0.00851	0.00022	0.00439	0.00082	0.01033	0.00112	0.00125	0.00124	0.00108	0.0004	0.01158	0.00088	0.00178	0.00178	0.00134	0.00904	
0.00109	0.0008	0.00063	0.00039	0.00133	0.00065	0.00047	0.00046	0.00044	0.00015	0.00189	0.00043	0	1e-05	0.00289	1e-05	0	0	0	0	0.00176	6e-05	0.00094	0.00015	0.0021	0.00026	0.00032	0.00023	0.00022	8e-05	0.00246	0.00015	0.00043	0.00042	0.00031	0.00175	
0.35993	0.26028	0.18887	0.17	0.49952	0.15664	0.1609	0.16202	0.15983	0.07123	0.61306	0.13496	0.00386	0.0024	0.96958	0.00324	0	0	0	0	0.59559	0.01807	0.31622	0.0492	0.71743	0.07259	0.09387	0.09519	0.0815	0.02704	0.81404	0.0565	0.13702	0.12239	0.08077	0.6389	
0.22429	0.16215	0.11725	0.10461	0.31063	0.09795	0.09937	0.10035	0.09711	0.0437	0.38563	0.08186	0.00246	0.00166	0.60215	0.00203	0.00244	0.00851	0.00176	0.59559	0	0	0	0	0.44591	0.04492	0.05777	0.0597	0.05226	0.0174	0.50258	0.03606	0.09721	0.08596	0.05688	0.36825	
0.00673	0.00479	0.00349	0.00343	0.0093	0.00294	0.00299	0.00321	0.00284	0.00127	0.01167	0.00266	8e-05	4e-05	0.01824	8e-05	9e-05	0.00022	6e-05	0.01807	0	0	0	0	0.01327	0.00144	0.00199	0.00174	0.00144	0.00051	0.01541	0.00108	0.00216	0.00197	0.00138	0.01293	
0.1182	0.08539	0.06301	0.05631	0.16459	0.05172	0.05322	0.05338	0.05439	0.024	0.19854	0.04598	0.00112	0.00065	0.32004	0.0011	0.00136	0.00439	0.00094	0.31622	0	0	0	0	0.2364	0.02459	0.03115	0.03077	0.02538	0.00825	0.27127	0.01801	0.03476	0.03218	0.02128	0.23469	
0.01822	0.01357	0.00961	0.00895	0.02556	0.00789	0.00842	0.00848	0.00874	0.00372	0.03064	0.00725	0.00023	0.00014	0.04986	0.00012	0.00018	0.00082	0.00015	0.0492	0	0	0	0	0.03734	0.00332	0.00495	0.00474	0.00405	0.00142	0.04231	0.00257	0.00561	0.00505	0.00321	0.03648	
0.26867	0.19633	0.14132	0.1266	0.3743	0.11679	0.11992	0.12191	0.11823	0.05274	0.45988	0.10207	0.00287	0.002	0.72553	0.00252	0.00306	0.01033	0.0021	0.71743	0.44591	0.01327	0.2364	0.03734	0	0	0	0	0.06069	0.02037	0.60936	0.0425	0.10258	0.09153	0.0607	0.47811	
0.02774	0.01934	0.01438	0.01281	0.0377	0.01247	0.01195	0.01215	0.01242	0.00549	0.04625	0.01011	0.0004	6e-05	0.07359	0.00022	0.0003	0.00112	0.00026	0.07259	0.04492	0.00144	0.02459	0.00332	0	0	0	0	0.00625	0.00195	0.06184	0.00423	0.01053	0.00934	0.00632	0.04808	
0.03567	0.02481	0.01857	0.01681	0.04869	0.01544	0.01603	0.0157	0.01659	0.00715	0.0595	0.01262	0.00026	0.0002	0.09513	0.00027	0.00042	0.00125	0.00032	0.09387	0.05777	0.00199	0.03115	0.00495	0	0	0	0	0.00813	0.0027	0.07989	0.00514	0.01301	0.01194	0.00788	0.06303	
0.03536	0.02542	0.01909	0.01708	0.04939	0.0158	0.0161	0.01566	0.01584	0.00731	0.06085	0.01295	0.00036	0.00023	0.09604	0.00032	0.00029	0.00124	0.00023	0.09519	0.0597	0.00174	0.03077	0.00474	0	0	0	0	0.00806	0.00256	0.08048	0.00585	0.01362	0.01235	0.00785	0.06313	
0.03051	0.0221	0.01527	0.01525	0.04237	0.01362	0.01392	0.01322	0.01307	0.00513	0.05464	0.01029	0.0003	0.00018	0.08236	0.00029	0.00033	0.00108	0.00022	0.0815	0.05226	0.00144	0.02538	0.00405	0.06069	0.00625	0.00813	0.00806	0	0	0	0	0.01718	0.01536	0.01036	0.04023	
0.01013	0.0073	0.00546	0.00469	0.01403	0.00422	0.00476	0.00457	0.00434	0.00195	0.0178	0.00349	0.00013	5e-05	0.02732	8e-05	6e-05	0.0004	8e-05	0.02704	0.0174	0.00051	0.00825	0.00142	0.02037	0.00195	0.0027	0.00256	0	0	0	0	0.00587	0.00515	0.00335	0.01321	
0.30513	0.22105	0.1613	0.14409	0.42433	0.13316	0.13567	0.13841	0.1367	0.06152	0.51698	0.11637	0.00325	0.00209	0.82347	0.00276	0.00349	0.01158	0.00246	0.81404	0.50258	0.01541	0.27127	0.04231	0.60936	0.06184	0.07989	0.08048	0	0	0	0	0.1046	0.09387	0.06168	0.57142	
0.02167	0.01545	0.01133	0.00927	0.02935	0.0095	0.00965	0.00922	0.00897	0.00409	0.03706	0.0076	0.00021	0.00017	0.05714	0.0002	0.00019	0.00088	0.00015	0.0565	0.03606	0.00108	0.01801	0.00257	0.0425	0.00423	0.00514	0.00585	0	0	0	0	0.01209	0.01078	0.00736	0.02749	
0.05077	0.03715	0.02722	0.0246	0.07147	0.02224	0.02329	0.02274	0.01744	0.00754	0.10037	0.01439	0.00056	0.00031	0.13844	0.00043	0.00051	0.00178	0.00043	0.13702	0.09721	0.00216	0.03476	0.00561	0.10258	0.01053	0.01301	0.01362	0.01718	0.00587	0.1046	0.01209	0	0	0	0	
0.04606	0.03383	0.02389	0.02138	0.06461	0.0195	0.01996	0.02109	0.01525	0.00664	0.08974	0.01353	0.00058	0.00032	0.12389	0.00037	0.00057	0.00178	0.00042	0.12239	0.08596	0.00197	0.03218	0.00505	0.09153	0.00934	0.01194	0.01235	0.01536	0.00515	0.09387	0.01078	0	0	0	0	
0.03052	0.02159	0.0164	0.01424	0.04275	0.01337	0.01362	0.01301	0.01075	0.00441	0.05942	0.00817	0.0003	0.0002	0.08184	0.00041	0.00033	0.00134	0.00031	0.08077	0.05688	0.00138	0.02128	0.00321	0.0607	0.00632	0.00788	0.00785	0.01036	0.00335	0.06168	0.00736	0	0	0	0	
0.24009	0.17333	0.12585	0.11308	0.33125	0.10539	0.10713	0.10858	0.11964	0.0541	0.37695	0.10166	0.00245	0.00166	0.64612	0.00212	0.00266	0.00904	0.00175	0.6389	0.36825	0.01293	0.23469	0.03648	0.47811	0.04808	0.06303	0.06313	0.04023	0.01321	0.57142	0.02749	0	0	0	0	
