0	0	0	0	0.210769	0.0337	0.0400846	0.0438923	0.0328154	0.00986923	0.261092	0.0246692	0.00104615	0.000530769	0.326215	0.000653846	0.000738462	0.00417692	0.000823077	0.322708	0.193992	0.0105385	0.112362	0.0115538	0.227746	0.0253846	0.0390923	0.0362231	0.0271538	0.0207846	0.255962	0.0245462	0.0559692	0.0541385	0.0613231	0.157015	
0	0	0	0	0.262523	0.0294846	0.0240077	0.0420231	0.0289923	0.00810769	0.300208	0.0207308	0.00108462	0.000569231	0.355754	0.000630769	0.000823077	0.00425385	0.000784615	0.352177	0.216108	0.0116692	0.1174	0.0128615	0.235885	0.0310385	0.0475692	0.0435462	0.0329538	0.0242308	0.270769	0.0300846	0.0649692	0.0620385	0.069	0.162031	
0	0	0	0	0.123385	0.0199462	0.0237538	0.0254308	0.0196615	0.00566154	0.152746	0.0144462	0.000569231	0.000376923	0.191146	0.000423077	0.000507692	0.0022	0.000569231	0.189238	0.113438	0.00628462	0.0655308	0.00726154	0.132954	0.0141308	0.0234615	0.0219692	0.0146	0.0117154	0.152069	0.0141308	0.0318077	0.0324538	0.0353154	0.0929385	
0	0	0	0	0.0324231	0.0250692	0.0296923	0.0338154	0.0163846	0.00464615	0.0884923	0.0114769	0.0004	0.0003	0.120077	0.000223077	0.000261538	0.00152308	0.000353846	0.118862	0.0691615	0.00389231	0.0440077	0.00393846	0.0912615	0.00680769	0.0120308	0.0109	0.00654615	0.00535385	0.102462	0.00663846	0.0174846	0.0171077	0.0195769	0.0668308	
0.210769	0.262523	0.123385	0.0324231	0	0	0	0	0.0394692	0.0113385	0.549185	0.0291077	0.00180769	0.0011	0.624946	0.00124615	0.00157692	0.00735385	0.00170769	0.618462	0.384369	0.0209077	0.200423	0.0234	0.387877	0.0632846	0.0923077	0.0856308	0.0671615	0.0513923	0.448731	0.0618154	0.121954	0.119215	0.133192	0.254738	
0.0337	0.0294846	0.0199462	0.0250692	0	0	0	0	0.0245846	0.00723077	0.0586077	0.0177769	0.000376923	0.000184615	0.107462	0.000176923	0.000153846	0.00154615	0.000230769	0.106269	0.0613154	0.00320769	0.0401	0.00357692	0.0890846	0.00392308	0.00796154	0.00723077	0.00408462	0.00308462	0.0971462	0.00388462	0.0123308	0.0125615	0.0136231	0.0696846	
0.0400846	0.0240077	0.0237538	0.0296923	0	0	0	0	0.0200462	0.00567692	0.0772462	0.0145692	0.000461538	0.000223077	0.116585	0.000269231	0.000269231	0.00140769	0.000207692	0.115654	0.0663385	0.00355385	0.0440615	0.00358462	0.0945769	0.00437692	0.00986923	0.00871538	0.00431538	0.00333077	0.105485	0.00440769	0.0151615	0.014	0.0163	0.0720769	
0.0438923	0.0420231	0.0254308	0.0338154	0	0	0	0	0.0137538	0.00403846	0.1175	0.00986923	0.000453846	0.000269231	0.1442	0.000238462	0.000330769	0.00184615	0.000384615	0.1426	0.0806769	0.00471538	0.0547154	0.00505385	0.116308	0.00577692	0.0120154	0.0110615	0.00569231	0.00427692	0.1299	0.00529231	0.0207846	0.0199615	0.0221	0.0823154	
0.0328154	0.0289923	0.0196615	0.0163846	0.0394692	0.0245846	0.0200462	0.0137538	0	0	0	0	0.000384615	0.000230769	0.0970692	0.000169231	0.000176923	0.00100769	0.000238462	0.0964308	0.0580769	0.00273846	0.0342385	0.0028	0.0802692	0.00365385	0.00716154	0.00676923	0.00473846	0.00356923	0.0848615	0.00468462	0.00859231	0.00882308	0.00881538	0.0716231	
0.00986923	0.00810769	0.00566154	0.00464615	0.0113385	0.00723077	0.00567692	0.00403846	0	0	0	0	0.000107692	2.30769e-05	0.0280769	7.69231e-05	4.61538e-05	0.000446154	7.69231e-05	0.0277154	0.0161462	0.000792308	0.0102538	0.00109231	0.0228	0.00123846	0.00228462	0.00196154	0.00121538	0.00103077	0.0247385	0.0013	0.00256923	0.00241538	0.00255385	0.0207462	
0.261092	0.300208	0.152746	0.0884923	0.549185	0.0586077	0.0772462	0.1175	0	0	0	0	0.00239231	0.00135385	0.797277	0.00151538	0.00193846	0.00964615	0.00209231	0.788862	0.478562	0.0267077	0.2678	0.0294692	0.525562	0.0698538	0.107769	0.0993538	0.0719846	0.0546385	0.609869	0.0660462	0.152708	0.147954	0.167208	0.334669	
0.0246692	0.0207308	0.0144462	0.0114769	0.0291077	0.0177769	0.0145692	0.00986923	0	0	0	0	0.000215385	0.000169231	0.0707692	0.000169231	0.000169231	0.00105385	0.000123077	0.0699769	0.0399154	0.00214615	0.0270077	0.00225385	0.0592154	0.00261538	0.00493846	0.00455385	0.00331538	0.00284615	0.0617923	0.00336923	0.00636154	0.00654615	0.00663846	0.0517769	
0.00104615	0.00108462	0.000569231	0.0004	0.00180769	0.000376923	0.000461538	0.000453846	0.000384615	0.000107692	0.00239231	0.000215385	0	0	0	0	0	3.07692e-05	7.69231e-06	0.00306154	0.00177692	0.000130769	0.00106923	0.000123077	0.00213846	0.000207692	0.000384615	0.000369231	0.000192308	0.000130769	0.00261538	0.000161538	0.000423077	0.000507692	0.000584615	0.00158462	
0.000530769	0.000569231	0.000376923	0.0003	0.0011	0.000184615	0.000223077	0.000269231	0.000230769	2.30769e-05	0.00135385	0.000169231	0	0	0	0	7.69231e-06	0	0	0.00176923	0.00102308	6.15385e-05	0.000638462	5.38462e-05	0.00118462	0.000184615	0.000215385	0.000192308	0.000138462	0.000107692	0.00140769	0.000123077	0.000369231	0.000223077	0.000284615	0.0009	
0.326215	0.355754	0.191146	0.120077	0.624946	0.107462	0.116585	0.1442	0.0970692	0.0280769	0.797277	0.0707692	0	0	0	0	0.00231538	0.0121	0.00252308	0.976254	0.588754	0.0321	0.336938	0.0354	0.683246	0.0767692	0.1213	0.111877	0.0807385	0.0617	0.775762	0.0749923	0.1691	0.164685	0.183954	0.475454	
0.000653846	0.000630769	0.000423077	0.000223077	0.00124615	0.000176923	0.000269231	0.000238462	0.000169231	7.69231e-05	0.00151538	0.000169231	0	0	0	0	7.69231e-06	2.30769e-05	0	0.0019	0.00114615	9.23077e-05	0.000653846	3.84615e-05	0.00127692	0.0002	0.000253846	0.0002	0.000184615	0.000146154	0.00147692	0.000123077	0.000338462	0.000323077	0.000392308	0.000876923	
0.000738462	0.000823077	0.000507692	0.000261538	0.00157692	0.000153846	0.000269231	0.000330769	0.000176923	4.61538e-05	0.00193846	0.000169231	0	7.69231e-06	0.00231538	7.69231e-06	0	0	0	0	0.0013	8.46154e-05	0.000884615	6.15385e-05	0.00166154	0.000176923	0.000323077	0.000169231	0.000215385	0.000176923	0.00173077	0.000207692	0.000415385	0.000407692	0.000415385	0.00109231	
0.00417692	0.00425385	0.0022	0.00152308	0.00735385	0.00154615	0.00140769	0.00184615	0.00100769	0.000446154	0.00964615	0.00105385	3.07692e-05	0	0.0121	2.30769e-05	0	0	0	0	0.00696154	0.000415385	0.00425385	0.000523077	0.00868462	0.000907692	0.00134615	0.00121538	0.00105385	0.0007	0.00953077	0.000869231	0.00204615	0.00194615	0.00210769	0.00605385	
0.000823077	0.000784615	0.000569231	0.000353846	0.00170769	0.000230769	0.000207692	0.000384615	0.000238462	7.69231e-05	0.00209231	0.000123077	7.69231e-06	0	0.00252308	0	0	0	0	0	0.00156154	0.0001	0.000792308	7.69231e-05	0.00171538	0.0002	0.000276923	0.000338462	0.000207692	0.000123077	0.00198462	0.000215385	0.0004	0.000469231	0.000507692	0.00115385	
0.322708	0.352177	0.189238	0.118862	0.618462	0.106269	0.115654	0.1426	0.0964308	0.0277154	0.788862	0.0699769	0.00306154	0.00176923	0.976254	0.0019	0	0	0	0	0.582877	0.0317846	0.333369	0.0349538	0.675785	0.0760769	0.120208	0.110915	0.0797769	0.0610846	0.768015	0.0741077	0.167369	0.162915	0.182185	0.470515	
0.193992	0.216108	0.113438	0.0691615	0.384369	0.0613154	0.0663385	0.0806769	0.0580769	0.0161462	0.478562	0.0399154	0.00177692	0.00102308	0.588754	0.00114615	0.0013	0.00696154	0.00156154	0.582877	0	0	0	0	0.372285	0.0586692	0.0825077	0.0792385	0.0652846	0.0495462	0.418177	0.0596923	0.115385	0.104477	0.116308	0.256531	
0.0105385	0.0116692	0.00628462	0.00389231	0.0209077	0.00320769	0.00355385	0.00471538	0.00273846	0.000792308	0.0267077	0.00214615	0.000130769	6.15385e-05	0.0321	9.23077e-05	8.46154e-05	0.000415385	0.0001	0.0317846	0	0	0	0	0.0189385	0.00269231	0.00556923	0.00518462	0.00149231	0.0012	0.0283	0.00139231	0.00521538	0.00457692	0.00562308	0.0169692	
0.112362	0.1174	0.0655308	0.0440077	0.200423	0.0401	0.0440615	0.0547154	0.0342385	0.0102538	0.2678	0.0270077	0.00106923	0.000638462	0.336938	0.000653846	0.000884615	0.00425385	0.000792308	0.333369	0	0	0	0	0.275662	0.0133308	0.0279615	0.0223462	0.0129538	0.0101615	0.303546	0.0126385	0.0443692	0.0512846	0.0570231	0.186623	
0.0115538	0.0128615	0.00726154	0.00393846	0.0234	0.00357692	0.00358462	0.00505385	0.0028	0.00109231	0.0294692	0.00225385	0.000123077	5.38462e-05	0.0354	3.84615e-05	6.15385e-05	0.000523077	7.69231e-05	0.0349538	0	0	0	0	0.0209615	0.00266923	0.00611538	0.00586923	0.00152308	0.00117692	0.0312385	0.00167692	0.00526154	0.0054	0.00626154	0.0186923	
0.227746	0.235885	0.132954	0.0912615	0.387877	0.0890846	0.0945769	0.116308	0.0802692	0.0228	0.525562	0.0592154	0.00213846	0.00118462	0.683246	0.00127692	0.00166154	0.00868462	0.00171538	0.675785	0.372285	0.0189385	0.275662	0.0209615	0	0	0	0	0.0443615	0.0335	0.568808	0.0411769	0.112169	0.1104	0.123377	0.3419	
0.0253846	0.0310385	0.0141308	0.00680769	0.0632846	0.00392308	0.00437692	0.00577692	0.00365385	0.00123846	0.0698538	0.00261538	0.000207692	0.000184615	0.0767692	0.0002	0.000176923	0.000907692	0.0002	0.0760769	0.0586692	0.00269231	0.0133308	0.00266923	0	0	0	0	0.0165077	0.0130538	0.0318308	0.0159692	0.0156154	0.0156538	0.0169077	0.0291846	
0.0390923	0.0475692	0.0234615	0.0120308	0.0923077	0.00796154	0.00986923	0.0120154	0.00716154	0.00228462	0.107769	0.00493846	0.000384615	0.000215385	0.1213	0.000253846	0.000323077	0.00134615	0.000276923	0.120208	0.0825077	0.00556923	0.0279615	0.00611538	0	0	0	0	0.0106692	0.00783077	0.0943385	0.00931538	0.0218462	0.0211154	0.0228	0.0563923	
0.0362231	0.0435462	0.0219692	0.0109	0.0856308	0.00723077	0.00871538	0.0110615	0.00676923	0.00196154	0.0993538	0.00455385	0.000369231	0.000192308	0.111877	0.0002	0.000169231	0.00121538	0.000338462	0.110915	0.0792385	0.00518462	0.0223462	0.00586923	0	0	0	0	0.00971538	0.0077	0.0862846	0.00893846	0.0206	0.0185692	0.0221308	0.0513385	
0.0271538	0.0329538	0.0146	0.00654615	0.0671615	0.00408462	0.00431538	0.00569231	0.00473846	0.00121538	0.0719846	0.00331538	0.000192308	0.000138462	0.0807385	0.000184615	0.000215385	0.00105385	0.000207692	0.0797769	0.0652846	0.00149231	0.0129538	0.00152308	0.0443615	0.0165077	0.0106692	0.00971538	0	0	0	0	0.0186615	0.0184923	0.0209308	0.0231692	
0.0207846	0.0242308	0.0117154	0.00535385	0.0513923	0.00308462	0.00333077	0.00427692	0.00356923	0.00103077	0.0546385	0.00284615	0.000130769	0.000107692	0.0617	0.000146154	0.000176923	0.0007	0.000123077	0.0610846	0.0495462	0.0012	0.0101615	0.00117692	0.0335	0.0130538	0.00783077	0.0077	0	0	0	0	0.0141462	0.0143538	0.0157538	0.0178308	
0.255962	0.270769	0.152069	0.102462	0.448731	0.0971462	0.105485	0.1299	0.0848615	0.0247385	0.609869	0.0617923	0.00261538	0.00140769	0.775762	0.00147692	0.00173077	0.00953077	0.00198462	0.768015	0.418177	0.0283	0.303546	0.0312385	0.568808	0.0318308	0.0943385	0.0862846	0	0	0	0	0.119662	0.116369	0.129354	0.415877	
0.0245462	0.0300846	0.0141308	0.00663846	0.0618154	0.00388462	0.00440769	0.00529231	0.00468462	0.0013	0.0660462	0.00336923	0.000161538	0.000123077	0.0749923	0.000123077	0.000207692	0.000869231	0.000215385	0.0741077	0.0596923	0.00139231	0.0126385	0.00167692	0.0411769	0.0159692	0.00931538	0.00893846	0	0	0	0	0.0177615	0.0165231	0.0191769	0.0219385	
0.0559692	0.0649692	0.0318077	0.0174846	0.121954	0.0123308	0.0151615	0.0207846	0.00859231	0.00256923	0.152708	0.00636154	0.000423077	0.000369231	0.1691	0.000338462	0.000415385	0.00204615	0.0004	0.167369	0.115385	0.00521538	0.0443692	0.00526154	0.112169	0.0156154	0.0218462	0.0206	0.0186615	0.0141462	0.119662	0.0177615	0	0	0	0	
0.0541385	0.0620385	0.0324538	0.0171077	0.119215	0.0125615	0.014	0.0199615	0.00882308	0.00241538	0.147954	0.00654615	0.000507692	0.000223077	0.164685	0.000323077	0.000407692	0.00194615	0.000469231	0.162915	0.104477	0.00457692	0.0512846	0.0054	0.1104	0.0156538	0.0211154	0.0185692	0.0184923	0.0143538	0.116369	0.0165231	0	0	0	0	
0.0613231	0.069	0.0353154	0.0195769	0.133192	0.0136231	0.0163	0.0221	0.00881538	0.00255385	0.167208	0.00663846	0.000584615	0.000284615	0.183954	0.000392308	0.000415385	0.00210769	0.000507692	0.182185	0.116308	0.00562308	0.0570231	0.00626154	0.123377	0.0169077	0.0228	0.0221308	0.0209308	0.0157538	0.129354	0.0191769	0	0	0	0	
0.157015	0.162031	0.0929385	0.0668308	0.254738	0.0696846	0.0720769	0.0823154	0.0716231	0.0207462	0.334669	0.0517769	0.00158462	0.0009	0.475454	0.000876923	0.00109231	0.00605385	0.00115385	0.470515	0.256531	0.0169692	0.186623	0.0186923	0.3419	0.0291846	0.0563923	0.0513385	0.0231692	0.0178308	0.415877	0.0219385	0	0	0	0	
