0	0	0	0	0.212669	0.0321462	0.0382692	0.0434385	0.0318692	0.00933077	0.262577	0.0227462	0.00114615	0.0005	0.324338	0.000538462	0.000630769	0.00363077	0.000792308	0.321469	0.195415	0.0101308	0.109754	0.0112231	0.222008	0.0257	0.0405769	0.0382385	0.0272462	0.0206308	0.252777	0.0258692	0.0554692	0.0537	0.0615385	0.155815	
0	0	0	0	0.263869	0.0304846	0.0251846	0.0405	0.0308923	0.00898462	0.297315	0.0228462	0.00127692	0.000684615	0.357346	0.000730769	0.000769231	0.0043	0.000830769	0.354138	0.216692	0.0119154	0.119315	0.0121154	0.239346	0.0296923	0.0468308	0.0441692	0.0321308	0.0235692	0.274669	0.0296692	0.0635231	0.0611846	0.0713923	0.163938	
0	0	0	0	0.123769	0.0183769	0.0223846	0.0252308	0.0187385	0.00551538	0.152169	0.0133385	0.000661538	0.000323077	0.188331	0.000446154	0.000384615	0.00216154	0.000407692	0.186808	0.113223	0.00632308	0.0638462	0.00636923	0.129185	0.0150385	0.0237462	0.0217923	0.0152692	0.0119308	0.147815	0.0147462	0.0325538	0.0308769	0.0361077	0.0902231	
0	0	0	0	0.0339077	0.0253615	0.0308308	0.0335769	0.0168077	0.00479231	0.0900769	0.012	0.000284615	0.000246154	0.122869	0.000276923	0.000284615	0.00148462	0.000261538	0.121646	0.0706769	0.00392308	0.0446615	0.00441538	0.0936077	0.00656154	0.0123615	0.0111462	0.00725385	0.00524615	0.104454	0.00672308	0.0183308	0.0169769	0.0197538	0.0686154	
0.212669	0.263869	0.123769	0.0339077	0	0	0	0	0.0396923	0.0117308	0.5535	0.0292923	0.00219231	0.00118462	0.629585	0.00125385	0.00133077	0.00741538	0.0015	0.623969	0.394762	0.0200615	0.198531	0.0208615	0.389254	0.0629	0.0936	0.0884615	0.0676769	0.0511846	0.451769	0.0635846	0.123154	0.118308	0.136446	0.256308	
0.0321462	0.0304846	0.0183769	0.0253615	0	0	0	0	0.0236692	0.00684615	0.0593154	0.0165385	0.000246154	0.000169231	0.105762	0.000192308	0.000207692	0.00127692	0.000192308	0.104692	0.0580231	0.00356154	0.0409769	0.00380769	0.0868846	0.00400769	0.00822308	0.00725385	0.00408462	0.00277692	0.0956538	0.00385385	0.0120462	0.0119769	0.0137923	0.0685538	
0.0382692	0.0251846	0.0223846	0.0308308	0	0	0	0	0.0204462	0.00603077	0.0758308	0.0143615	0.000392308	0.0002	0.115785	0.000292308	0.000184615	0.0013	0.000238462	0.114946	0.0636923	0.00396154	0.0447154	0.0043	0.0945385	0.00454615	0.00933077	0.00825385	0.00433077	0.00336154	0.104831	0.00414615	0.0148923	0.014	0.0164769	0.0713	
0.0434385	0.0405	0.0252308	0.0335769	0	0	0	0	0.0145	0.00401538	0.113492	0.0107385	0.000538462	0.0002	0.141754	0.000253846	0.000346154	0.00158462	0.000361538	0.140454	0.0795308	0.00470769	0.0533538	0.00515385	0.113469	0.00553846	0.0123615	0.0113769	0.00580769	0.00405385	0.127462	0.00542308	0.0197846	0.0184538	0.0220769	0.0824308	
0.0318692	0.0308923	0.0187385	0.0168077	0.0396923	0.0236692	0.0204462	0.0145	0	0	0	0	0.000323077	0.000238462	0.0975308	0.000215385	0.000176923	0.00127692	0.000223077	0.0966308	0.0554615	0.00302308	0.0362769	0.00354615	0.0807769	0.00394615	0.00708462	0.0065	0.00544615	0.00370769	0.0841	0.00505385	0.00860769	0.00797692	0.00956154	0.0721615	
0.00933077	0.00898462	0.00551538	0.00479231	0.0117308	0.00684615	0.00603077	0.00401538	0	0	0	0	0.000107692	6.92308e-05	0.0283692	7.69231e-05	7.69231e-05	0.000330769	6.15385e-05	0.0281538	0.0157769	0.000961538	0.011	0.000884615	0.0232538	0.00119231	0.00212308	0.00205385	0.00160769	0.00121538	0.0245077	0.00129231	0.00230769	0.00226154	0.00264615	0.0214077	
0.262577	0.297315	0.152169	0.0900769	0.5535	0.0593154	0.0758308	0.113492	0	0	0	0	0.00267692	0.00136154	0.7965	0.0016	0.00163077	0.00916923	0.00186923	0.789469	0.485423	0.0260385	0.263369	0.0273077	0.521846	0.0691385	0.109038	0.102115	0.0711154	0.0538231	0.610054	0.0671462	0.152908	0.146631	0.169554	0.333046	
0.0227462	0.0228462	0.0133385	0.012	0.0292923	0.0165385	0.0143615	0.0107385	0	0	0	0	0.000261538	8.46154e-05	0.0704846	0.0001	0.000184615	0.0008	0.000138462	0.0698077	0.0393462	0.00226923	0.0269308	0.00238462	0.0582692	0.00271538	0.00526923	0.00467692	0.00373077	0.00263077	0.0610538	0.00351538	0.00605385	0.00586923	0.00703077	0.0519769	
0.00114615	0.00127692	0.000661538	0.000284615	0.00219231	0.000246154	0.000392308	0.000538462	0.000323077	0.000107692	0.00267692	0.000261538	0	0	0	0	7.69231e-06	5.38462e-05	0	0.00330769	0.00196154	0.000161538	0.00116923	7.69231e-05	0.00221538	0.000292308	0.000361538	0.0005	0.000261538	0.000207692	0.00263846	0.000261538	0.0006	0.000546154	0.000676923	0.00154615	
0.0005	0.000684615	0.000323077	0.000246154	0.00118462	0.000169231	0.0002	0.0002	0.000238462	6.92308e-05	0.00136154	8.46154e-05	0	0	0	0	7.69231e-06	2.30769e-05	1.53846e-05	0.00170769	0.00116154	3.84615e-05	0.000507692	4.61538e-05	0.00113077	0.000161538	0.000230769	0.000230769	0.000253846	0.000153846	0.00123077	0.000115385	0.000307692	0.000230769	0.000376923	0.000838462	
0.324338	0.357346	0.188331	0.122869	0.629585	0.105762	0.115785	0.141754	0.0975308	0.0283692	0.7965	0.0704846	0	0	0	0	0.00205385	0.0114769	0.00227692	0.977077	0.591608	0.0320154	0.335331	0.0339308	0.679392	0.0764077	0.122715	0.114369	0.0811692	0.0608615	0.774408	0.0764462	0.168631	0.161585	0.187308	0.475362	
0.000538462	0.000730769	0.000446154	0.000276923	0.00125385	0.000192308	0.000292308	0.000253846	0.000215385	7.69231e-05	0.0016	0.0001	0	0	0	0	0	2.30769e-05	0	0.00196923	0.00127692	7.69231e-05	0.000569231	6.92308e-05	0.00140769	0.000130769	0.000207692	0.000246154	0.000215385	0.000153846	0.00143846	0.000184615	0.000338462	0.000376923	0.000430769	0.000846154	
0.000630769	0.000769231	0.000384615	0.000284615	0.00133077	0.000207692	0.000184615	0.000346154	0.000176923	7.69231e-05	0.00163077	0.000184615	7.69231e-06	7.69231e-06	0.00205385	0	0	0	0	0	0.00113846	6.92308e-05	0.000784615	7.69231e-05	0.00144615	0.000153846	0.000246154	0.000223077	0.000169231	0.000123077	0.00160769	0.000169231	0.0003	0.000353846	0.000438462	0.000976923	
0.00363077	0.0043	0.00216154	0.00148462	0.00741538	0.00127692	0.0013	0.00158462	0.00127692	0.000330769	0.00916923	0.0008	5.38462e-05	2.30769e-05	0.0114769	2.30769e-05	0	0	0	0	0.00683077	0.000423077	0.00393846	0.000384615	0.00776923	0.000946154	0.00153846	0.00132308	0.000892308	0.000746154	0.00893846	0.001	0.00197692	0.00196923	0.00213077	0.0055	
0.000792308	0.000830769	0.000407692	0.000261538	0.0015	0.000192308	0.000238462	0.000361538	0.000223077	6.15385e-05	0.00186923	0.000138462	0	1.53846e-05	0.00227692	0	0	0	0	0	0.00142308	4.61538e-05	0.000769231	5.38462e-05	0.00169231	0.000192308	0.000215385	0.000192308	0.000253846	0.000153846	0.00174615	0.000138462	0.000461538	0.000492308	0.000338462	0.001	
0.321469	0.354138	0.186808	0.121646	0.623969	0.104692	0.114946	0.140454	0.0966308	0.0281538	0.789469	0.0698077	0.00330769	0.00170769	0.977077	0.00196923	0	0	0	0	0.586615	0.0317538	0.332085	0.0336077	0.673238	0.0757	0.121515	0.113608	0.0805846	0.0603538	0.767423	0.0757	0.167138	0.159923	0.185885	0.471115	
0.195415	0.216692	0.113223	0.0706769	0.394762	0.0580231	0.0636923	0.0795308	0.0554615	0.0157769	0.485423	0.0393462	0.00196154	0.00116154	0.591608	0.00127692	0.00113846	0.00683077	0.00142308	0.586615	0	0	0	0	0.371108	0.0585462	0.0856462	0.0807077	0.0658769	0.0498231	0.418492	0.0618154	0.110954	0.104131	0.121323	0.2596	
0.0101308	0.0119154	0.00632308	0.00392308	0.0200615	0.00356154	0.00396154	0.00470769	0.00302308	0.000961538	0.0260385	0.00226923	0.000161538	3.84615e-05	0.0320154	7.69231e-05	6.92308e-05	0.000423077	4.61538e-05	0.0317538	0	0	0	0	0.0196308	0.0025	0.00533846	0.00482308	0.00147692	0.000876923	0.0286077	0.00133077	0.00490769	0.00483077	0.00539231	0.0171615	
0.109754	0.119315	0.0638462	0.0446615	0.198531	0.0409769	0.0447154	0.0533538	0.0362769	0.011	0.263369	0.0269308	0.00116923	0.000507692	0.335331	0.000569231	0.000784615	0.00393846	0.000769231	0.332085	0	0	0	0	0.272646	0.0131231	0.0273	0.0245077	0.0130692	0.00961538	0.302446	0.0124462	0.0484692	0.0487385	0.0563538	0.184015	
0.0112231	0.0121154	0.00636923	0.00441538	0.0208615	0.00380769	0.0043	0.00515385	0.00354615	0.000884615	0.0273077	0.00238462	7.69231e-05	4.61538e-05	0.0339308	6.92308e-05	7.69231e-05	0.000384615	5.38462e-05	0.0336077	0	0	0	0	0.0207615	0.00282308	0.00523077	0.00530769	0.00147692	0.00106154	0.0301692	0.00141538	0.00554615	0.00503846	0.00572308	0.0178154	
0.222008	0.239346	0.129185	0.0936077	0.389254	0.0868846	0.0945385	0.113469	0.0807769	0.0232538	0.521846	0.0582692	0.00221538	0.00113077	0.679392	0.00140769	0.00144615	0.00776923	0.00169231	0.673238	0.371108	0.0196308	0.272646	0.0207615	0	0	0	0	0.0451692	0.0336308	0.562146	0.0432	0.110692	0.106108	0.123554	0.343792	
0.0257	0.0296923	0.0150385	0.00656154	0.0629	0.00400769	0.00454615	0.00553846	0.00394615	0.00119231	0.0691385	0.00271538	0.000292308	0.000161538	0.0764077	0.000130769	0.000153846	0.000946154	0.000192308	0.0757	0.0585462	0.0025	0.0131231	0.00282308	0	0	0	0	0.0155462	0.0122077	0.0340692	0.0151692	0.0158462	0.0150692	0.0177692	0.0283077	
0.0405769	0.0468308	0.0237462	0.0123615	0.0936	0.00822308	0.00933077	0.0123615	0.00708462	0.00212308	0.109038	0.00526923	0.000361538	0.000230769	0.122715	0.000207692	0.000246154	0.00153846	0.000215385	0.121515	0.0856462	0.00533846	0.0273	0.00523077	0	0	0	0	0.0106308	0.00816154	0.0952385	0.00948462	0.0226462	0.0210462	0.0242385	0.0555846	
0.0382385	0.0441692	0.0217923	0.0111462	0.0884615	0.00725385	0.00825385	0.0113769	0.0065	0.00205385	0.102115	0.00467692	0.0005	0.000230769	0.114369	0.000246154	0.000223077	0.00132308	0.000192308	0.113608	0.0807077	0.00482308	0.0245077	0.00530769	0	0	0	0	0.0105538	0.00737692	0.0882615	0.00915385	0.0206923	0.0205154	0.0232308	0.0509077	
0.0272462	0.0321308	0.0152692	0.00725385	0.0676769	0.00408462	0.00433077	0.00580769	0.00544615	0.00160769	0.0711154	0.00373077	0.000261538	0.000253846	0.0811692	0.000215385	0.000169231	0.000892308	0.000253846	0.0805846	0.0658769	0.00147692	0.0130692	0.00147692	0.0451692	0.0155462	0.0106308	0.0105538	0	0	0	0	0.0191308	0.0179	0.0205308	0.0243385	
0.0206308	0.0235692	0.0119308	0.00524615	0.0511846	0.00277692	0.00336154	0.00405385	0.00370769	0.00121538	0.0538231	0.00263077	0.000207692	0.000153846	0.0608615	0.000153846	0.000123077	0.000746154	0.000153846	0.0603538	0.0498231	0.000876923	0.00961538	0.00106154	0.0336308	0.0122077	0.00816154	0.00737692	0	0	0	0	0.0144231	0.0134692	0.0155	0.0179846	
0.252777	0.274669	0.147815	0.104454	0.451769	0.0956538	0.104831	0.127462	0.0841	0.0245077	0.610054	0.0610538	0.00263846	0.00123077	0.774408	0.00143846	0.00160769	0.00893846	0.00174615	0.767423	0.418492	0.0286077	0.302446	0.0301692	0.562146	0.0340692	0.0952385	0.0882615	0	0	0	0	0.118462	0.114862	0.132508	0.413885	
0.0258692	0.0296692	0.0147462	0.00672308	0.0635846	0.00385385	0.00414615	0.00542308	0.00505385	0.00129231	0.0671462	0.00351538	0.000261538	0.000115385	0.0764462	0.000184615	0.000169231	0.001	0.000138462	0.0757	0.0618154	0.00133077	0.0124462	0.00141538	0.0432	0.0151692	0.00948462	0.00915385	0	0	0	0	0.0178615	0.0165077	0.0202538	0.0223846	
0.0554692	0.0635231	0.0325538	0.0183308	0.123154	0.0120462	0.0148923	0.0197846	0.00860769	0.00230769	0.152908	0.00605385	0.0006	0.000307692	0.168631	0.000338462	0.0003	0.00197692	0.000461538	0.167138	0.110954	0.00490769	0.0484692	0.00554615	0.110692	0.0158462	0.0226462	0.0206923	0.0191308	0.0144231	0.118462	0.0178615	0	0	0	0	
0.0537	0.0611846	0.0308769	0.0169769	0.118308	0.0119769	0.014	0.0184538	0.00797692	0.00226154	0.146631	0.00586923	0.000546154	0.000230769	0.161585	0.000376923	0.000353846	0.00196923	0.000492308	0.159923	0.104131	0.00483077	0.0487385	0.00503846	0.106108	0.0150692	0.0210462	0.0205154	0.0179	0.0134692	0.114862	0.0165077	0	0	0	0	
0.0615385	0.0713923	0.0361077	0.0197538	0.136446	0.0137923	0.0164769	0.0220769	0.00956154	0.00264615	0.169554	0.00703077	0.000676923	0.000376923	0.187308	0.000430769	0.000438462	0.00213077	0.000338462	0.185885	0.121323	0.00539231	0.0563538	0.00572308	0.123554	0.0177692	0.0242385	0.0232308	0.0205308	0.0155	0.132508	0.0202538	0	0	0	0	
0.155815	0.163938	0.0902231	0.0686154	0.256308	0.0685538	0.0713	0.0824308	0.0721615	0.0214077	0.333046	0.0519769	0.00154615	0.000838462	0.475362	0.000846154	0.000976923	0.0055	0.001	0.471115	0.2596	0.0171615	0.184015	0.0178154	0.343792	0.0283077	0.0555846	0.0509077	0.0243385	0.0179846	0.413885	0.0223846	0	0	0	0	
