0	0	0	0	0.229577	0.0333	0.0286538	0.0554692	0.0356385	0.0133231	0.260362	0.0376769	0.00304615	0.00283846	0.338292	0.00282308	0.00274615	0.00889231	0.0023	0.333062	0.214369	0.0216308	0.0592154	0.0517846	0.168785	0.0513154	0.0304769	0.0964231	0.0633308	0.0346385	0.173708	0.0753231	0.0730923	0.0627	0.0447846	0.166423	
0	0	0	0	0.216285	0.0310231	0.0269	0.0511846	0.0321	0.0122154	0.245608	0.0354692	0.00293077	0.00284615	0.317146	0.00246923	0.00282308	0.00900769	0.00227692	0.311285	0.2012	0.0204615	0.0552077	0.0485231	0.156323	0.0485308	0.0285	0.0920385	0.0586462	0.0320462	0.163569	0.0711308	0.0682154	0.0583385	0.0424308	0.156408	
0	0	0	0	0.125785	0.0185077	0.0158308	0.0297462	0.0192923	0.00709231	0.142192	0.0212923	0.00165385	0.00135385	0.185354	0.00150769	0.00156923	0.00506154	0.0011	0.182138	0.116462	0.0116769	0.0334231	0.0283077	0.0911923	0.0286	0.0172308	0.0528462	0.0351308	0.0185462	0.0955846	0.0406077	0.0392846	0.0342	0.0240538	0.0923308	
0	0	0	0	0.0418846	0.0273846	0.0235077	0.0449615	0.0182077	0.00668462	0.0929231	0.0199231	0.00102308	0.00108462	0.134508	0.00112308	0.00105385	0.00383846	0.000923077	0.131923	0.0840385	0.00919231	0.0240615	0.0204462	0.0708308	0.0197615	0.0114846	0.0356615	0.0215692	0.0117846	0.0782923	0.0260923	0.0279615	0.0238846	0.0168615	0.0690308	
0.229577	0.216285	0.125785	0.0418846	0	0	0	0	0.0434	0.0166308	0.505185	0.0483154	0.00526923	0.00472308	0.598877	0.00466154	0.00506154	0.0164385	0.00406923	0.587962	0.380177	0.0379615	0.104023	0.0913692	0.277192	0.0979462	0.0578154	0.180577	0.125323	0.0688077	0.269731	0.149669	0.130854	0.112408	0.0794154	0.290854	
0.0333	0.0310231	0.0185077	0.0273846	0	0	0	0	0.0179	0.00626154	0.0673385	0.0187154	0.00107692	0.000915385	0.107385	0.000838462	0.000907692	0.00286923	0.000676923	0.105762	0.0676692	0.00691538	0.0189385	0.0166923	0.0598308	0.0142077	0.00843077	0.0277462	0.0142462	0.00800769	0.0697308	0.0182308	0.0220923	0.0189308	0.0141538	0.0550385	
0.0286538	0.0269	0.0158308	0.0235077	0	0	0	0	0.0149	0.00572308	0.0581692	0.0161	0.000753846	0.0008	0.0925154	0.000823077	0.000784615	0.00256923	0.000615385	0.0909231	0.0578308	0.00632308	0.0169077	0.0138308	0.0519462	0.0125154	0.00721538	0.0232154	0.0136846	0.0068	0.0592	0.0152077	0.0191923	0.0163077	0.012	0.0473923	
0.0554692	0.0511846	0.0297462	0.0449615	0	0	0	0	0.0290385	0.0107	0.110392	0.0312308	0.00155385	0.00168462	0.176523	0.0016	0.00143846	0.00492308	0.00123846	0.173762	0.110392	0.0117615	0.0320385	0.0271692	0.0981615	0.0235385	0.0142308	0.0454308	0.0254231	0.0134	0.112492	0.0300462	0.0364154	0.0314769	0.0225615	0.0909077	
0.0356385	0.0321	0.0192923	0.0182077	0.0434	0.0179	0.0149	0.0290385	0	0	0	0	0.000992308	0.0008	0.102646	0.0008	0.000876923	0.00269231	0.000707692	0.100962	0.0641308	0.00669231	0.0189538	0.0154615	0.0651923	0.0112	0.00661538	0.0222308	0.0129385	0.00666923	0.0705923	0.0150385	0.0213846	0.0177	0.0132462	0.0529077	
0.0133231	0.0122154	0.00709231	0.00668462	0.0166308	0.00626154	0.00572308	0.0107	0	0	0	0	0.000338462	0.000330769	0.0383231	0.000323077	0.000384615	0.000923077	0.000292308	0.0377154	0.0242846	0.00270769	0.00665385	0.00566923	0.0243692	0.00416923	0.00260769	0.00816923	0.00488462	0.00279231	0.0262923	0.00534615	0.00793077	0.00671538	0.00486923	0.0198	
0.260362	0.245608	0.142192	0.0929231	0.505185	0.0673385	0.0581692	0.110392	0	0	0	0	0.00637692	0.00597692	0.722823	0.00590769	0.00607692	0.0201923	0.00484615	0.709969	0.458631	0.0464308	0.124692	0.111331	0.326646	0.120277	0.0712923	0.222869	0.147038	0.08	0.337331	0.176715	0.156946	0.135238	0.0961769	0.352723	
0.0376769	0.0354692	0.0212923	0.0199231	0.0483154	0.0187154	0.0161	0.0312308	0	0	0	0	0.000946154	0.00101538	0.111508	0.000892308	0.000853846	0.00299231	0.000753846	0.109762	0.0690231	0.00713077	0.0216077	0.0166	0.0709231	0.0125615	0.00717692	0.0237	0.0138154	0.00755385	0.0769385	0.0160538	0.0222923	0.0194692	0.0138385	0.0587615	
0.00304615	0.00293077	0.00165385	0.00102308	0.00526923	0.00107692	0.000753846	0.00155385	0.000992308	0.000338462	0.00637692	0.000946154	0	0	0	0	0.000115385	0.000253846	3.07692e-05	0.00825385	0.00533077	0.000623077	0.00141538	0.00128462	0.00410769	0.00131538	0.000861538	0.00236923	0.00133077	0.000815385	0.00443846	0.00206923	0.00182308	0.00147692	0.00111538	0.00423846	
0.00283846	0.00284615	0.00135385	0.00108462	0.00472308	0.000915385	0.0008	0.00168462	0.0008	0.000330769	0.00597692	0.00101538	0	0	0	0	5.38462e-05	0.000207692	6.92308e-05	0.00779231	0.00503077	0.000523077	0.00137692	0.00119231	0.00387692	0.00113077	0.000761538	0.00235385	0.00140769	0.000792308	0.00422308	0.0017	0.00183846	0.00152308	0.000915385	0.00384615	
0.338292	0.317146	0.185354	0.134508	0.598877	0.107385	0.0925154	0.176523	0.102646	0.0383231	0.722823	0.111508	0	0	0	0	0.00793846	0.0261692	0.00642308	0.934769	0.600869	0.0613308	0.167685	0.145415	0.475446	0.1445	0.0852615	0.270092	0.174585	0.0946	0.498377	0.207738	0.203192	0.174746	0.125154	0.472208	
0.00282308	0.00246923	0.00150769	0.00112308	0.00466154	0.000838462	0.000823077	0.0016	0.0008	0.000323077	0.00590769	0.000892308	0	0	0	0	8.46154e-05	0.000169231	7.69231e-05	0.00759231	0.00483846	0.000484615	0.00143077	0.00116923	0.0037	0.00126154	0.000807692	0.00215385	0.00135385	0.000807692	0.00411538	0.00164615	0.0017	0.00137692	0.000946154	0.0039	
0.00274615	0.00282308	0.00156923	0.00105385	0.00506154	0.000907692	0.000784615	0.00143846	0.000876923	0.000384615	0.00607692	0.000853846	0.000115385	5.38462e-05	0.00793846	8.46154e-05	0	0	0	0	0.00503077	0.000538462	0.00138462	0.00123846	0.00383846	0.00117692	0.000684615	0.00249231	0.00128462	0.000846154	0.00411538	0.00194615	0.00185385	0.00144615	0.0011	0.00379231	
0.00889231	0.00900769	0.00506154	0.00383846	0.0164385	0.00286923	0.00256923	0.00492308	0.00269231	0.000923077	0.0201923	0.00299231	0.000253846	0.000207692	0.0261692	0.000169231	0	0	0	0	0.0166846	0.00159231	0.00474615	0.00377692	0.0130308	0.00416923	0.00201538	0.00758462	0.00469231	0.00262308	0.0136231	0.00586154	0.00544615	0.00502308	0.00356923	0.0127615	
0.0023	0.00227692	0.0011	0.000923077	0.00406923	0.000676923	0.000615385	0.00123846	0.000707692	0.000292308	0.00484615	0.000753846	3.07692e-05	6.92308e-05	0.00642308	7.69231e-05	0	0	0	0	0.00393846	0.000461538	0.0012	0.001	0.00326154	0.001	0.000653846	0.00168462	0.00113077	0.000646154	0.00335385	0.00146923	0.00134615	0.00113077	0.000861538	0.00326154	
0.333062	0.311285	0.182138	0.131923	0.587962	0.105762	0.0909231	0.173762	0.100962	0.0377154	0.709969	0.109762	0.00825385	0.00779231	0.934769	0.00759231	0	0	0	0	0.590415	0.0603692	0.164577	0.143046	0.467	0.141862	0.0843385	0.265208	0.171569	0.0929	0.490062	0.203877	0.199908	0.171523	0.1226	0.464377	
0.214369	0.2012	0.116462	0.0840385	0.380177	0.0676692	0.0578308	0.110392	0.0641308	0.0242846	0.458631	0.0690231	0.00533077	0.00503077	0.600869	0.00483846	0.00503077	0.0166846	0.00393846	0.590415	0	0	0	0	0.293823	0.0909846	0.0537154	0.177546	0.114354	0.0618769	0.303062	0.136777	0.129769	0.111392	0.0791769	0.295731	
0.0216308	0.0204615	0.0116769	0.00919231	0.0379615	0.00691538	0.00632308	0.0117615	0.00669231	0.00270769	0.0464308	0.00713077	0.000623077	0.000523077	0.0613308	0.000484615	0.000538462	0.00159231	0.000461538	0.0603692	0	0	0	0	0.0299308	0.00944615	0.00549231	0.0180923	0.0109923	0.00573846	0.0338231	0.0124077	0.0128308	0.0111231	0.0082	0.0308077	
0.0592154	0.0552077	0.0334231	0.0240615	0.104023	0.0189385	0.0169077	0.0320385	0.0189538	0.00665385	0.124692	0.0216077	0.00141538	0.00137692	0.167685	0.00143077	0.00138462	0.00474615	0.0012	0.164577	0	0	0	0	0.0994462	0.0237385	0.0140385	0.0346846	0.0283154	0.0157231	0.0936923	0.0341769	0.0354385	0.0299	0.0217385	0.0848308	
0.0517846	0.0485231	0.0283077	0.0204462	0.0913692	0.0166923	0.0138308	0.0271692	0.0154615	0.00566923	0.111331	0.0166	0.00128462	0.00119231	0.145415	0.00116923	0.00123846	0.00377692	0.001	0.143046	0	0	0	0	0.0639308	0.0240385	0.0144462	0.0466462	0.0250154	0.0136769	0.0805769	0.0297923	0.0305154	0.0267077	0.0190154	0.0728231	
0.168785	0.156323	0.0911923	0.0708308	0.277192	0.0598308	0.0519462	0.0981615	0.0651923	0.0243692	0.326646	0.0709231	0.00410769	0.00387692	0.475446	0.0037	0.00383846	0.0130308	0.00326154	0.467	0.293823	0.0299308	0.0994462	0.0639308	0	0	0	0	0.0780308	0.0424154	0.273054	0.0936308	0.0997692	0.0858154	0.0617692	0.239777	
0.0513154	0.0485308	0.0286	0.0197615	0.0979462	0.0142077	0.0125154	0.0235385	0.0112	0.00416923	0.120277	0.0125615	0.00131538	0.00113077	0.1445	0.00126154	0.00117692	0.00416923	0.001	0.141862	0.0909846	0.00944615	0.0237385	0.0240385	0	0	0	0	0.0319615	0.0170846	0.0608923	0.0382692	0.0320615	0.0274385	0.0191	0.0696077	
0.0304769	0.0285	0.0172308	0.0114846	0.0578154	0.00843077	0.00721538	0.0142308	0.00661538	0.00260769	0.0712923	0.00717692	0.000861538	0.000761538	0.0852615	0.000807692	0.000684615	0.00201538	0.000653846	0.0843385	0.0537154	0.00549231	0.0140385	0.0144462	0	0	0	0	0.0164154	0.00908462	0.0428769	0.0193154	0.0187	0.0156462	0.0110846	0.0422615	
0.0964231	0.0920385	0.0528462	0.0356615	0.180577	0.0277462	0.0232154	0.0454308	0.0222308	0.00816923	0.222869	0.0237	0.00236923	0.00235385	0.270092	0.00215385	0.00249231	0.00758462	0.00168462	0.265208	0.177546	0.0180923	0.0346846	0.0466462	0	0	0	0	0.0522692	0.0284308	0.134331	0.0619385	0.0580231	0.0502231	0.0361769	0.132546	
0.0633308	0.0586462	0.0351308	0.0215692	0.125323	0.0142462	0.0136846	0.0254231	0.0129385	0.00488462	0.147038	0.0138154	0.00133077	0.00140769	0.174585	0.00135385	0.00128462	0.00469231	0.00113077	0.171569	0.114354	0.0109923	0.0283154	0.0250154	0.0780308	0.0319615	0.0164154	0.0522692	0	0	0	0	0.0423769	0.0372385	0.0258615	0.0732	
0.0346385	0.0320462	0.0185462	0.0117846	0.0688077	0.00800769	0.0068	0.0134	0.00666923	0.00279231	0.08	0.00755385	0.000815385	0.000792308	0.0946	0.000807692	0.000846154	0.00262308	0.000646154	0.0929	0.0618769	0.00573846	0.0157231	0.0136769	0.0424154	0.0170846	0.00908462	0.0284308	0	0	0	0	0.0227692	0.0200692	0.0145385	0.0396385	
0.173708	0.163569	0.0955846	0.0782923	0.269731	0.0697308	0.0592	0.112492	0.0705923	0.0262923	0.337331	0.0769385	0.00443846	0.00422308	0.498377	0.00411538	0.00411538	0.0136231	0.00335385	0.490062	0.303062	0.0338231	0.0936923	0.0805769	0.273054	0.0608923	0.0428769	0.134331	0	0	0	0	0.0921308	0.0788154	0.0571308	0.283077	
0.0753231	0.0711308	0.0406077	0.0260923	0.149669	0.0182308	0.0152077	0.0300462	0.0150385	0.00534615	0.176715	0.0160538	0.00206923	0.0017	0.207738	0.00164615	0.00194615	0.00586154	0.00146923	0.203877	0.136777	0.0124077	0.0341769	0.0297923	0.0936308	0.0382692	0.0193154	0.0619385	0	0	0	0	0.0512769	0.043	0.0306	0.0882769	
0.0730923	0.0682154	0.0392846	0.0279615	0.130854	0.0220923	0.0191923	0.0364154	0.0213846	0.00793077	0.156946	0.0222923	0.00182308	0.00183846	0.203192	0.0017	0.00185385	0.00544615	0.00134615	0.199908	0.129769	0.0128308	0.0354385	0.0305154	0.0997692	0.0320615	0.0187	0.0580231	0.0423769	0.0227692	0.0921308	0.0512769	0	0	0	0	
0.0627	0.0583385	0.0342	0.0238846	0.112408	0.0189308	0.0163077	0.0314769	0.0177	0.00671538	0.135238	0.0194692	0.00147692	0.00152308	0.174746	0.00137692	0.00144615	0.00502308	0.00113077	0.171523	0.111392	0.0111231	0.0299	0.0267077	0.0858154	0.0274385	0.0156462	0.0502231	0.0372385	0.0200692	0.0788154	0.043	0	0	0	0	
0.0447846	0.0424308	0.0240538	0.0168615	0.0794154	0.0141538	0.012	0.0225615	0.0132462	0.00486923	0.0961769	0.0138385	0.00111538	0.000915385	0.125154	0.000946154	0.0011	0.00356923	0.000861538	0.1226	0.0791769	0.0082	0.0217385	0.0190154	0.0617692	0.0191	0.0110846	0.0361769	0.0258615	0.0145385	0.0571308	0.0306	0	0	0	0	
0.166423	0.156408	0.0923308	0.0690308	0.290854	0.0550385	0.0473923	0.0909077	0.0529077	0.0198	0.352723	0.0587615	0.00423846	0.00384615	0.472208	0.0039	0.00379231	0.0127615	0.00326154	0.464377	0.295731	0.0308077	0.0848308	0.0728231	0.239777	0.0696077	0.0422615	0.132546	0.0732	0.0396385	0.283077	0.0882769	0	0	0	0	
