0	0	0	0	0.20426	0.05303	0.05467	0.05535	0.0574	0.0271	0.23273	0.05008	0.00157	0.00114	0.36336	0.00124	0.00184	0.00487	0.00112	0.35948	0.22324	0.00622	0.11994	0.01791	0.26894	0.02762	0.03465	0.0361	0.03136	0.01133	0.30194	0.02268	0.05176	0.04666	0.03027	0.23862	
0	0	0	0	0.14661	0.03898	0.04063	0.04094	0.04367	0.01853	0.16842	0.03654	0.00117	0.00062	0.26449	0.00088	0.00122	0.00364	0.00068	0.26162	0.16483	0.00433	0.08547	0.01253	0.19433	0.02113	0.02623	0.02547	0.02269	0.00833	0.22026	0.01588	0.03826	0.03412	0.02201	0.17277	
0	0	0	0	0.10656	0.0285	0.02814	0.02893	0.03136	0.01356	0.12066	0.02655	0.00092	0.00059	0.18997	0.00065	0.00081	0.00265	0.00046	0.18821	0.11755	0.00338	0.06194	0.00926	0.14055	0.01395	0.01909	0.01854	0.01678	0.00588	0.1584	0.01107	0.02723	0.02257	0.01534	0.12699	
0	0	0	0	0.05147	0.03939	0.04082	0.04172	0.02764	0.01218	0.1101	0.02348	0.00073	0.0005	0.17162	0.00055	0.0009	0.00239	0.00043	0.16968	0.10583	0.00279	0.05683	0.00795	0.12621	0.01311	0.01747	0.01661	0.01469	0.00513	0.14315	0.01043	0.02361	0.02199	0.01424	0.11356	
0.20426	0.14661	0.10656	0.05147	0	0	0	0	0.08252	0.03634	0.32053	0.06951	0.00236	0.0015	0.50342	0.00162	0.00242	0.00699	0.00149	0.498	0.31094	0.00874	0.16521	0.02401	0.37153	0.03848	0.04934	0.04955	0.04354	0.01596	0.4189	0.0305	0.07145	0.06387	0.04185	0.33173	
0.05303	0.03898	0.0285	0.03939	0	0	0	0	0.02553	0.01133	0.101	0.02204	0.00076	0.00041	0.15819	0.00054	0.00068	0.00229	0.00035	0.15658	0.0975	0.0025	0.05206	0.00784	0.11711	0.01212	0.01553	0.01514	0.0136	0.00468	0.13225	0.00937	0.02232	0.02011	0.01263	0.10484	
0.05467	0.04063	0.02814	0.04082	0	0	0	0	0.02606	0.01158	0.10473	0.02189	0.00062	0.00046	0.16263	0.00055	0.00084	0.00209	0.00036	0.16097	0.10046	0.00255	0.05344	0.00781	0.11988	0.0123	0.01601	0.01607	0.01429	0.0049	0.13514	0.00993	0.0237	0.02064	0.01325	0.10667	
0.05535	0.04094	0.02893	0.04172	0	0	0	0	0.02596	0.01212	0.10565	0.02321	0.00065	0.00048	0.1652	0.00061	0.00083	0.00218	0.00049	0.16344	0.10255	0.00293	0.05347	0.00799	0.12151	0.01291	0.01656	0.01596	0.01409	0.00513	0.13746	0.01026	0.02339	0.02072	0.01413	0.1087	
0.0574	0.04367	0.03136	0.02764	0.08252	0.02553	0.02606	0.02596	0	0	0	0	0.00055	0.00051	0.15841	0.0006	0.00076	0.00216	0.00034	0.15681	0.09446	0.00275	0.05465	0.00821	0.1173	0.01226	0.01524	0.01527	0.0118	0.00465	0.13548	0.00814	0.01533	0.0138	0.00896	0.12198	
0.0271	0.01853	0.01356	0.01218	0.03634	0.01133	0.01158	0.01212	0	0	0	0	0.00026	0.0002	0.07064	0.00027	0.00035	0.00096	0.00022	0.06984	0.04207	0.00131	0.02464	0.00335	0.052	0.0055	0.00715	0.00672	0.00568	0.00185	0.06011	0.00373	0.00667	0.00616	0.00422	0.05432	
0.23273	0.16842	0.12066	0.1101	0.32053	0.101	0.10473	0.10565	0	0	0	0	0.00288	0.00172	0.6253	0.00201	0.00304	0.00862	0.00179	0.61846	0.39439	0.0103	0.19787	0.02935	0.46111	0.04763	0.06198	0.06119	0.0578	0.02031	0.51265	0.04115	0.10502	0.09365	0.06114	0.3721	
0.05008	0.03654	0.02655	0.02348	0.06951	0.02204	0.02189	0.02321	0	0	0	0	0.0007	0.00042	0.13509	0.00044	0.00062	0.00181	0.00034	0.13388	0.08053	0.00236	0.04702	0.00674	0.09962	0.01042	0.01307	0.01354	0.01024	0.00386	0.11551	0.00704	0.01384	0.01173	0.00754	0.10354	
0.00157	0.00117	0.00092	0.00073	0.00236	0.00076	0.00062	0.00065	0.00055	0.00026	0.00288	0.0007	0	0	0	0	2e-05	4e-05	1e-05	0.00432	0.00279	5e-05	0.00145	0.0001	0.00323	0.00025	0.00043	0.00048	0.00038	0.00011	0.00361	0.00029	0.00063	0.00057	0.00036	0.00283	
0.00114	0.00062	0.00059	0.0005	0.0015	0.00041	0.00046	0.00048	0.00051	0.0002	0.00172	0.00042	0	0	0	0	2e-05	3e-05	1e-05	0.00279	0.0015	5e-05	0.00114	0.00016	0.00209	0.00021	0.00033	0.00022	0.00025	0.00013	0.00232	0.00015	0.00033	0.00041	0.00018	0.00193	
0.36336	0.26449	0.18997	0.17162	0.50342	0.15819	0.16263	0.1652	0.15841	0.07064	0.6253	0.13509	0	0	0	0	0.00473	0.01342	0.00266	0.96863	0.60516	0.01658	0.32046	0.04724	0.72222	0.07513	0.09635	0.09574	0.08464	0.0303	0.81503	0.05947	0.13951	0.12397	0.08107	0.64489	
0.00124	0.00088	0.00065	0.00055	0.00162	0.00054	0.00055	0.00061	0.0006	0.00027	0.00201	0.00044	0	0	0	0	0	6e-05	1e-05	0.00325	0.002	4e-05	0.00113	0.00015	0.00249	0.00022	0.00033	0.00028	0.00025	0.00013	0.00279	0.00015	0.00039	0.00039	0.00025	0.00229	
0.00184	0.00122	0.00081	0.0009	0.00242	0.00068	0.00084	0.00083	0.00076	0.00035	0.00304	0.00062	2e-05	2e-05	0.00473	0	0	0	0	0	0.00318	8e-05	0.0013	0.00021	0.0034	0.0005	0.00045	0.00042	0.00043	0.00016	0.00397	0.00021	0.00073	0.00062	0.00046	0.00296	
0.00487	0.00364	0.00265	0.00239	0.00699	0.00229	0.00209	0.00218	0.00216	0.00096	0.00862	0.00181	4e-05	3e-05	0.01342	6e-05	0	0	0	0	0.00825	0.0002	0.00452	0.00058	0.00983	0.00114	0.00126	0.00132	0.00118	0.00038	0.01137	0.00062	0.00185	0.00154	0.00134	0.00882	
0.00112	0.00068	0.00046	0.00043	0.00149	0.00035	0.00036	0.00049	0.00034	0.00022	0.00179	0.00034	1e-05	1e-05	0.00266	1e-05	0	0	0	0	0.00159	4e-05	0.00088	0.00018	0.00206	0.00017	0.00019	0.00027	0.00028	9e-05	0.00214	0.00018	0.00037	0.00042	0.00018	0.00172	
0.35948	0.26162	0.18821	0.16968	0.498	0.15658	0.16097	0.16344	0.15681	0.06984	0.61846	0.13388	0.00432	0.00279	0.96863	0.00325	0	0	0	0	0.59843	0.0164	0.31748	0.04668	0.71474	0.074	0.09554	0.09471	0.08363	0.03004	0.80627	0.05905	0.13791	0.12276	0.07988	0.63844	
0.22324	0.16483	0.11755	0.10583	0.31094	0.0975	0.10046	0.10255	0.09446	0.04207	0.39439	0.08053	0.00279	0.0015	0.60516	0.002	0.00318	0.00825	0.00159	0.59843	0	0	0	0	0.44657	0.04651	0.05904	0.05933	0.05638	0.02009	0.49557	0.03941	0.10131	0.09097	0.05933	0.35984	
0.00622	0.00433	0.00338	0.00279	0.00874	0.0025	0.00255	0.00293	0.00275	0.00131	0.0103	0.00236	5e-05	5e-05	0.01658	4e-05	8e-05	0.0002	4e-05	0.0164	0	0	0	0	0.01242	0.00121	0.00154	0.00155	0.00138	0.00037	0.01414	0.00083	0.00169	0.00146	0.00097	0.0126	
0.11994	0.08547	0.06194	0.05683	0.16521	0.05206	0.05344	0.05347	0.05465	0.02464	0.19787	0.04702	0.00145	0.00114	0.32046	0.00113	0.0013	0.00452	0.00088	0.31748	0	0	0	0	0.23607	0.02466	0.03234	0.03111	0.02418	0.0088	0.27397	0.01723	0.03255	0.02901	0.01865	0.24397	
0.01791	0.01253	0.00926	0.00795	0.02401	0.00784	0.00781	0.00799	0.00821	0.00335	0.02935	0.00674	0.0001	0.00016	0.04724	0.00015	0.00021	0.00058	0.00018	0.04668	0	0	0	0	0.03497	0.00343	0.00452	0.00473	0.00358	0.00141	0.04007	0.00259	0.00531	0.0039	0.00291	0.03553	
0.26894	0.19433	0.14055	0.12621	0.37153	0.11711	0.11988	0.12151	0.1173	0.052	0.46111	0.09962	0.00323	0.00209	0.72222	0.00249	0.0034	0.00983	0.00206	0.71474	0.44657	0.01242	0.23607	0.03497	0	0	0	0	0.06242	0.02239	0.60126	0.04396	0.10259	0.09191	0.05949	0.47604	
0.02762	0.02113	0.01395	0.01311	0.03848	0.01212	0.0123	0.01291	0.01226	0.0055	0.04763	0.01042	0.00025	0.00021	0.07513	0.00022	0.0005	0.00114	0.00017	0.074	0.04651	0.00121	0.02466	0.00343	0	0	0	0	0.00644	0.00229	0.06263	0.00445	0.01079	0.00921	0.00637	0.04944	
0.03465	0.02623	0.01909	0.01747	0.04934	0.01553	0.01601	0.01656	0.01524	0.00715	0.06198	0.01307	0.00043	0.00033	0.09635	0.00033	0.00045	0.00126	0.00019	0.09554	0.05904	0.00154	0.03234	0.00452	0	0	0	0	0.00867	0.00301	0.07979	0.00597	0.01371	0.01224	0.00807	0.06342	
0.0361	0.02547	0.01854	0.01661	0.04955	0.01514	0.01607	0.01596	0.01527	0.00672	0.06119	0.01354	0.00048	0.00022	0.09574	0.00028	0.00042	0.00132	0.00027	0.09471	0.05933	0.00155	0.03111	0.00473	0	0	0	0	0.00799	0.00298	0.08007	0.00568	0.01377	0.01198	0.00793	0.06304	
0.03136	0.02269	0.01678	0.01469	0.04354	0.0136	0.01429	0.01409	0.0118	0.00568	0.0578	0.01024	0.00038	0.00025	0.08464	0.00025	0.00043	0.00118	0.00028	0.08363	0.05638	0.00138	0.02418	0.00358	0.06242	0.00644	0.00867	0.00799	0	0	0	0	0.02005	0.01797	0.01205	0.03545	
0.01133	0.00833	0.00588	0.00513	0.01596	0.00468	0.0049	0.00513	0.00465	0.00185	0.02031	0.00386	0.00011	0.00013	0.0303	0.00013	0.00016	0.00038	9e-05	0.03004	0.02009	0.00037	0.0088	0.00141	0.02239	0.00229	0.00301	0.00298	0	0	0	0	0.00782	0.00607	0.00414	0.01264	
0.30194	0.22026	0.1584	0.14315	0.4189	0.13225	0.13514	0.13746	0.13548	0.06011	0.51265	0.11551	0.00361	0.00232	0.81503	0.00279	0.00397	0.01137	0.00214	0.80627	0.49557	0.01414	0.27397	0.04007	0.60126	0.06263	0.07979	0.08007	0	0	0	0	0.09813	0.08863	0.05753	0.57946	
0.02268	0.01588	0.01107	0.01043	0.0305	0.00937	0.00993	0.01026	0.00814	0.00373	0.04115	0.00704	0.00029	0.00015	0.05947	0.00015	0.00021	0.00062	0.00018	0.05905	0.03941	0.00083	0.01723	0.00259	0.04396	0.00445	0.00597	0.00568	0	0	0	0	0.01486	0.01267	0.00814	0.02439	
0.05176	0.03826	0.02723	0.02361	0.07145	0.02232	0.0237	0.02339	0.01533	0.00667	0.10502	0.01384	0.00063	0.00033	0.13951	0.00039	0.00073	0.00185	0.00037	0.13791	0.10131	0.00169	0.03255	0.00531	0.10259	0.01079	0.01371	0.01377	0.02005	0.00782	0.09813	0.01486	0	0	0	0	
0.04666	0.03412	0.02257	0.02199	0.06387	0.02011	0.02064	0.02072	0.0138	0.00616	0.09365	0.01173	0.00057	0.00041	0.12397	0.00039	0.00062	0.00154	0.00042	0.12276	0.09097	0.00146	0.02901	0.0039	0.09191	0.00921	0.01224	0.01198	0.01797	0.00607	0.08863	0.01267	0	0	0	0	
0.03027	0.02201	0.01534	0.01424	0.04185	0.01263	0.01325	0.01413	0.00896	0.00422	0.06114	0.00754	0.00036	0.00018	0.08107	0.00025	0.00046	0.00134	0.00018	0.07988	0.05933	0.00097	0.01865	0.00291	0.05949	0.00637	0.00807	0.00793	0.01205	0.00414	0.05753	0.00814	0	0	0	0	
0.23862	0.17277	0.12699	0.11356	0.33173	0.10484	0.10667	0.1087	0.12198	0.05432	0.3721	0.10354	0.00283	0.00193	0.64489	0.00229	0.00296	0.00882	0.00172	0.63844	0.35984	0.0126	0.24397	0.03553	0.47604	0.04944	0.06342	0.06304	0.03545	0.01264	0.57946	0.02439	0	0	0	0	
