0	0	0	0	0.20159	0.05442	0.05551	0.05578	0.05847	0.02648	0.23379	0.04856	0.00146	0.00096	0.36349	0.00139	0.00165	0.0046	0.00103	0.36002	0.22424	0.00648	0.11849	0.01809	0.26861	0.02761	0.03599	0.03509	0.03119	0.01091	0.30327	0.02193	0.05169	0.04662	0.02982	0.23917	
0	0	0	0	0.14742	0.03841	0.03942	0.03964	0.04272	0.01868	0.16813	0.03536	0.00118	0.0008	0.26212	0.00079	0.00119	0.00385	0.00067	0.25918	0.16102	0.00451	0.08644	0.01292	0.19114	0.0212	0.02627	0.02628	0.02326	0.0077	0.21798	0.01595	0.03681	0.03327	0.02155	0.17326	
0	0	0	0	0.10727	0.02862	0.02952	0.02823	0.03055	0.01353	0.12277	0.02679	0.00075	0.0005	0.19184	0.00055	0.00087	0.00284	0.00062	0.18931	0.1188	0.00358	0.06265	0.00861	0.14182	0.01488	0.01826	0.01868	0.01706	0.00555	0.15938	0.01165	0.02709	0.02454	0.01581	0.1262	
0	0	0	0	0.05349	0.03903	0.04103	0.04062	0.02767	0.01266	0.10988	0.02396	0.00078	0.00044	0.17229	0.00066	0.00091	0.00218	0.00048	0.1706	0.10713	0.00285	0.05627	0.00792	0.12728	0.01322	0.01669	0.01698	0.01511	0.00537	0.14355	0.01014	0.02514	0.02137	0.01418	0.11348	
0.20159	0.14742	0.10727	0.05349	0	0	0	0	0.08107	0.03631	0.32427	0.06812	0.00207	0.00134	0.50466	0.0017	0.0022	0.00722	0.00155	0.4988	0.31196	0.00908	0.16471	0.02402	0.37178	0.03951	0.04971	0.04877	0.04416	0.01462	0.42048	0.03051	0.07176	0.06409	0.04201	0.33191	
0.05442	0.03841	0.02862	0.03903	0	0	0	0	0.0255	0.01089	0.10191	0.02218	0.00064	0.00044	0.15892	0.00048	0.00073	0.0018	0.00051	0.15744	0.09775	0.00293	0.05246	0.00734	0.11715	0.01187	0.01582	0.01564	0.01428	0.00484	0.132	0.00936	0.02279	0.02071	0.01274	0.10424	
0.05551	0.03942	0.02952	0.04103	0	0	0	0	0.02615	0.01199	0.10521	0.02213	0.00079	0.00042	0.16367	0.0006	0.00087	0.00221	0.00039	0.16201	0.10145	0.00268	0.05331	0.00804	0.12015	0.01314	0.0158	0.01639	0.01388	0.005	0.13649	0.01011	0.02369	0.02022	0.01377	0.1078	
0.05578	0.03964	0.02823	0.04062	0	0	0	0	0.02669	0.01216	0.10318	0.02224	0.00067	0.0005	0.16249	0.00061	0.00082	0.00224	0.00035	0.16086	0.10003	0.00273	0.05337	0.00814	0.11977	0.01239	0.01588	0.01623	0.0143	0.00507	0.13521	0.00969	0.02249	0.02078	0.01284	0.10816	
0.05847	0.04272	0.03055	0.02767	0.08107	0.0255	0.02615	0.02669	0	0	0	0	0.0006	0.0004	0.15784	0.00057	0.00088	0.00219	0.00047	0.15587	0.09411	0.00301	0.05433	0.00796	0.11601	0.01242	0.01575	0.01523	0.0129	0.00391	0.13428	0.00832	0.01589	0.01378	0.00886	0.12088	
0.02648	0.01868	0.01353	0.01266	0.03631	0.01089	0.01199	0.01216	0	0	0	0	0.00032	0.00021	0.07057	0.00025	0.00035	0.00095	0.00019	0.06986	0.04246	0.00111	0.02408	0.0037	0.05225	0.00498	0.00698	0.00714	0.00558	0.0019	0.06004	0.00383	0.00641	0.006	0.00436	0.05458	
0.23379	0.16813	0.12277	0.10988	0.32427	0.10191	0.10521	0.10318	0	0	0	0	0.0027	0.00169	0.62801	0.00217	0.00285	0.00835	0.00182	0.62155	0.39491	0.01085	0.19971	0.0291	0.46261	0.04849	0.06144	0.06203	0.05787	0.02047	0.51551	0.04072	0.10545	0.09423	0.0608	0.37409	
0.04856	0.03536	0.02679	0.02396	0.06812	0.02218	0.02213	0.02224	0	0	0	0	0.00055	0.0004	0.13332	0.0004	0.00054	0.00198	0.00032	0.13183	0.07971	0.00245	0.04573	0.00678	0.09798	0.01102	0.01304	0.01263	0.01027	0.00325	0.11435	0.0068	0.01298	0.01179	0.00734	0.10256	
0.00146	0.00118	0.00075	0.00078	0.00207	0.00064	0.00079	0.00067	0.0006	0.00032	0.0027	0.00055	0	0	0	0	2e-05	5e-05	1e-05	0.00409	0.00279	4e-05	0.00124	0.0001	0.0031	0.00031	0.00034	0.00042	0.00034	0.00016	0.00344	0.00023	0.00058	0.00056	0.00028	0.00275	
0.00096	0.0008	0.0005	0.00044	0.00134	0.00044	0.00042	0.0005	0.0004	0.00021	0.00169	0.0004	0	0	0	0	1e-05	2e-05	1e-05	0.00266	0.00163	5e-05	0.00089	0.00013	0.00201	0.00025	0.00017	0.00027	0.00022	7e-05	0.00223	0.00018	0.00036	0.00042	0.00018	0.00174	
0.36349	0.26212	0.19184	0.17229	0.50466	0.15892	0.16367	0.16249	0.15784	0.07057	0.62801	0.13332	0	0	0	0	0.00457	0.01336	0.00278	0.96903	0.60471	0.01729	0.32062	0.04712	0.72116	0.07615	0.0964	0.09603	0.08576	0.0292	0.81572	0.05906	0.13937	0.12445	0.08055	0.64537	
0.00139	0.00079	0.00055	0.00066	0.0017	0.00048	0.0006	0.00061	0.00057	0.00025	0.00217	0.0004	0	0	0	0	2e-05	4e-05	0	0.00333	0.00206	4e-05	0.0011	0.00019	0.00258	0.0002	0.0003	0.00031	0.0003	0.0001	0.00279	0.0002	0.00042	0.00037	0.00035	0.00225	
0.00165	0.00119	0.00087	0.00091	0.0022	0.00073	0.00087	0.00082	0.00088	0.00035	0.00285	0.00054	2e-05	1e-05	0.00457	2e-05	0	0	0	0	0.00292	0	0.00152	0.00018	0.00318	0.00045	0.00053	0.00046	0.00047	0.00015	0.00378	0.00022	0.00064	0.00066	0.0004	0.00292	
0.0046	0.00385	0.00284	0.00218	0.00722	0.0018	0.00221	0.00224	0.00219	0.00095	0.00835	0.00198	5e-05	2e-05	0.01336	4e-05	0	0	0	0	0.00792	0.00031	0.00454	0.0007	0.00984	0.00111	0.00129	0.00123	0.00135	0.00039	0.01095	0.00078	0.00178	0.00151	0.00121	0.00897	
0.00103	0.00067	0.00062	0.00048	0.00155	0.00051	0.00039	0.00035	0.00047	0.00019	0.00182	0.00032	1e-05	1e-05	0.00278	0	0	0	0	0	0.00162	6e-05	0.001	0.00012	0.002	0.00022	0.00025	0.00033	0.00023	9e-05	0.00228	0.0002	0.00038	0.00038	0.00027	0.00177	
0.36002	0.25918	0.18931	0.1706	0.4988	0.15744	0.16201	0.16086	0.15587	0.06986	0.62155	0.13183	0.00409	0.00266	0.96903	0.00333	0	0	0	0	0.59873	0.01705	0.31679	0.04654	0.71383	0.07513	0.09514	0.09501	0.08457	0.0289	0.80717	0.05847	0.13793	0.12325	0.07948	0.63845	
0.22424	0.16102	0.1188	0.10713	0.31196	0.09775	0.10145	0.10003	0.09411	0.04246	0.39491	0.07971	0.00279	0.00163	0.60471	0.00206	0.00292	0.00792	0.00162	0.59873	0	0	0	0	0.44591	0.047	0.05947	0.05881	0.05616	0.01879	0.49679	0.03945	0.10116	0.09133	0.05902	0.35968	
0.00648	0.00451	0.00358	0.00285	0.00908	0.00293	0.00268	0.00273	0.00301	0.00111	0.01085	0.00245	4e-05	5e-05	0.01729	4e-05	0	0.00031	6e-05	0.01705	0	0	0	0	0.01263	0.00122	0.00196	0.00161	0.00145	0.00035	0.01461	0.00101	0.00183	0.00147	0.00101	0.01311	
0.11849	0.08644	0.06265	0.05627	0.16471	0.05246	0.05331	0.05337	0.05433	0.02408	0.19971	0.04573	0.00124	0.00089	0.32062	0.0011	0.00152	0.00454	0.001	0.31679	0	0	0	0	0.23475	0.02497	0.03176	0.03237	0.02556	0.00916	0.27236	0.01677	0.03292	0.02871	0.01882	0.2434	
0.01809	0.01292	0.00861	0.00792	0.02402	0.00734	0.00804	0.00814	0.00796	0.0037	0.0291	0.00678	0.0001	0.00013	0.04712	0.00019	0.00018	0.0007	0.00012	0.04654	0	0	0	0	0.03556	0.00372	0.00402	0.00424	0.00345	0.00123	0.04042	0.00244	0.00482	0.00429	0.00251	0.03592	
0.26861	0.19114	0.14182	0.12728	0.37178	0.11715	0.12015	0.11977	0.11601	0.05225	0.46261	0.09798	0.0031	0.00201	0.72116	0.00258	0.00318	0.00984	0.002	0.71383	0.44591	0.01263	0.23475	0.03556	0	0	0	0	0.06396	0.02155	0.59988	0.04346	0.10376	0.09177	0.05894	0.47438	
0.02761	0.0212	0.01488	0.01322	0.03951	0.01187	0.01314	0.01239	0.01242	0.00498	0.04849	0.01102	0.00031	0.00025	0.07615	0.0002	0.00045	0.00111	0.00022	0.07513	0.047	0.00122	0.02497	0.00372	0	0	0	0	0.00654	0.00219	0.06374	0.00444	0.01064	0.00909	0.00641	0.05077	
0.03599	0.02627	0.01826	0.01669	0.04971	0.01582	0.0158	0.01588	0.01575	0.00698	0.06144	0.01304	0.00034	0.00017	0.0964	0.0003	0.00053	0.00129	0.00025	0.09514	0.05947	0.00196	0.03176	0.00402	0	0	0	0	0.00802	0.0029	0.07994	0.00635	0.01275	0.01285	0.00809	0.06352	
0.03509	0.02628	0.01868	0.01698	0.04877	0.01564	0.01639	0.01623	0.01523	0.00714	0.06203	0.01263	0.00042	0.00027	0.09603	0.00031	0.00046	0.00123	0.00033	0.09501	0.05881	0.00161	0.03237	0.00424	0	0	0	0	0.0081	0.00289	0.08062	0.00542	0.01358	0.01209	0.00792	0.06344	
0.03119	0.02326	0.01706	0.01511	0.04416	0.01428	0.01388	0.0143	0.0129	0.00558	0.05787	0.01027	0.00034	0.00022	0.08576	0.0003	0.00047	0.00135	0.00023	0.08457	0.05616	0.00145	0.02556	0.00345	0.06396	0.00654	0.00802	0.0081	0	0	0	0	0.02049	0.01815	0.0121	0.03588	
0.01091	0.0077	0.00555	0.00537	0.01462	0.00484	0.005	0.00507	0.00391	0.0019	0.02047	0.00325	0.00016	7e-05	0.0292	0.0001	0.00015	0.00039	9e-05	0.0289	0.01879	0.00035	0.00916	0.00123	0.02155	0.00219	0.0029	0.00289	0	0	0	0	0.00726	0.00616	0.00418	0.01193	
0.30327	0.21798	0.15938	0.14355	0.42048	0.132	0.13649	0.13521	0.13428	0.06004	0.51551	0.11435	0.00344	0.00223	0.81572	0.00279	0.00378	0.01095	0.00228	0.80717	0.49679	0.01461	0.27236	0.04042	0.59988	0.06374	0.07994	0.08062	0	0	0	0	0.0988	0.08879	0.05712	0.57947	
0.02193	0.01595	0.01165	0.01014	0.03051	0.00936	0.01011	0.00969	0.00832	0.00383	0.04072	0.0068	0.00023	0.00018	0.05906	0.0002	0.00022	0.00078	0.0002	0.05847	0.03945	0.00101	0.01677	0.00244	0.04346	0.00444	0.00635	0.00542	0	0	0	0	0.01418	0.0127	0.00796	0.02483	
0.05169	0.03681	0.02709	0.02514	0.07176	0.02279	0.02369	0.02249	0.01589	0.00641	0.10545	0.01298	0.00058	0.00036	0.13937	0.00042	0.00064	0.00178	0.00038	0.13793	0.10116	0.00183	0.03292	0.00482	0.10376	0.01064	0.01275	0.01358	0.02049	0.00726	0.0988	0.01418	0	0	0	0	
0.04662	0.03327	0.02454	0.02137	0.06409	0.02071	0.02022	0.02078	0.01378	0.006	0.09423	0.01179	0.00056	0.00042	0.12445	0.00037	0.00066	0.00151	0.00038	0.12325	0.09133	0.00147	0.02871	0.00429	0.09177	0.00909	0.01285	0.01209	0.01815	0.00616	0.08879	0.0127	0	0	0	0	
0.02982	0.02155	0.01581	0.01418	0.04201	0.01274	0.01377	0.01284	0.00886	0.00436	0.0608	0.00734	0.00028	0.00018	0.08055	0.00035	0.0004	0.00121	0.00027	0.07948	0.05902	0.00101	0.01882	0.00251	0.05894	0.00641	0.00809	0.00792	0.0121	0.00418	0.05712	0.00796	0	0	0	0	
0.23917	0.17326	0.1262	0.11348	0.33191	0.10424	0.1078	0.10816	0.12088	0.05458	0.37409	0.10256	0.00275	0.00174	0.64537	0.00225	0.00292	0.00897	0.00177	0.63845	0.35968	0.01311	0.2434	0.03592	0.47438	0.05077	0.06352	0.06344	0.03588	0.01193	0.57947	0.02483	0	0	0	0	
