0	0	0	0	0.2329	0.041	0.0382308	0.0477231	0.0423077	0.0123692	0.272285	0.0328923	0.00167692	0.00104615	0.355808	0.00132308	0.000923077	0.00638462	0.000438462	0.352108	0.206246	0.0235923	0.106262	0.0237538	0.2366	0.0370538	0.0271615	0.0590385	0.0629	0.0213462	0.240138	0.0354692	0.0972692	0.0501769	0.0450923	0.167315	
0	0	0	0	0.249192	0.0303231	0.0280538	0.0356385	0.0371308	0.0106462	0.266246	0.0291846	0.00155385	0.000769231	0.339838	0.00104615	0.00110769	0.00646923	0.000523077	0.335108	0.197369	0.0231615	0.0999923	0.0226846	0.221538	0.0376769	0.0260385	0.0579538	0.0630231	0.0217077	0.223585	0.0348923	0.0936615	0.0487769	0.0440769	0.156692	
0	0	0	0	0.114985	0.0210308	0.0188615	0.0242615	0.0210462	0.00617692	0.135285	0.0166308	0.000830769	0.000438462	0.177308	0.000561538	0.000423077	0.00344615	0.000346154	0.174923	0.102169	0.0117077	0.0531615	0.0121	0.118654	0.0188538	0.0134231	0.0282077	0.0305462	0.0110846	0.120031	0.0174769	0.0486154	0.0250231	0.0228231	0.0826769	
0	0	0	0	0.0286615	0.0287462	0.0263308	0.0340615	0.0180538	0.00548462	0.0798308	0.0144308	0.000538462	0.000284615	0.116685	0.000292308	0.000353846	0.00209231	0.000238462	0.115115	0.0636462	0.00805385	0.0379308	0.00816923	0.0843077	0.00966923	0.00738462	0.0164385	0.0147615	0.0053	0.0888538	0.00888462	0.0302923	0.0145	0.0137385	0.0592692	
0.2329	0.249192	0.114985	0.0286615	0	0	0	0	0.0509308	0.0146308	0.520854	0.0393231	0.00301538	0.0016	0.619285	0.00183846	0.0018	0.0115154	0.000861538	0.611562	0.373192	0.0400308	0.172723	0.0397923	0.382438	0.0765385	0.0523308	0.114431	0.134577	0.0469077	0.368254	0.076	0.176677	0.094	0.0859154	0.269146	
0.041	0.0303231	0.0210308	0.0287462	0	0	0	0	0.0263615	0.0076	0.0662154	0.0209231	0.000492308	0.000246154	0.119869	0.000492308	0.000315385	0.00216154	0.000238462	0.118385	0.0629	0.00856923	0.0408308	0.0088	0.0900615	0.00847692	0.00686154	0.0157	0.0116385	0.00388462	0.0992	0.00637692	0.0292385	0.0140538	0.0124385	0.0653692	
0.0382308	0.0280538	0.0188615	0.0263308	0	0	0	0	0.0182	0.00526923	0.0732462	0.0147615	0.0005	0.000284615	0.110338	0.000353846	0.000307692	0.00222308	0.000230769	0.108715	0.0584154	0.00796154	0.0370154	0.00808462	0.0827462	0.00816154	0.00634615	0.0142231	0.0112615	0.00398462	0.0899769	0.00625385	0.0286	0.0133846	0.0122154	0.0572769	
0.0477231	0.0356385	0.0242615	0.0340615	0	0	0	0	0.0230462	0.00717692	0.0933308	0.0181308	0.000592308	0.000407692	0.140146	0.000538462	0.000384615	0.00249231	0.000215385	0.138592	0.0749231	0.00995385	0.0467769	0.0100308	0.105854	0.0100769	0.00846923	0.0172846	0.0137538	0.00466154	0.115177	0.00809231	0.0353231	0.0170385	0.0151615	0.0741615	
0.0423077	0.0371308	0.0210462	0.0180538	0.0509308	0.0263615	0.0182	0.0230462	0	0	0	0	0.000584615	0.000346154	0.117223	0.000384615	0.000361538	0.00213077	0.000223077	0.115823	0.0624385	0.00853077	0.0390077	0.00856154	0.0831692	0.00985385	0.00805385	0.0174615	0.0127538	0.00501538	0.0938769	0.00689231	0.0205077	0.00973846	0.00925385	0.0790385	
0.0123692	0.0106462	0.00617692	0.00548462	0.0146308	0.0076	0.00526923	0.00717692	0	0	0	0	0.000184615	0.0001	0.0342769	0.000115385	0.000123077	0.000569231	5.38462e-05	0.0339308	0.0179231	0.00235385	0.0118923	0.00250769	0.0243385	0.00290769	0.00221538	0.00521538	0.0036	0.00124615	0.0278692	0.00196154	0.00596923	0.00296154	0.00276923	0.0229769	
0.272285	0.266246	0.135285	0.0798308	0.520854	0.0662154	0.0732462	0.0933308	0	0	0	0	0.00344615	0.00188462	0.745985	0.00233077	0.00204615	0.0140077	0.00113846	0.736454	0.440269	0.0493154	0.215231	0.0488308	0.487669	0.0830615	0.0572462	0.125669	0.144762	0.0496923	0.477077	0.0821154	0.227315	0.118038	0.106554	0.301738	
0.0328923	0.0291846	0.0166308	0.0144308	0.0393231	0.0209231	0.0147615	0.0181308	0	0	0	0	0.000384615	0.000207692	0.0921538	0.000392308	0.000276923	0.00168462	0.000130769	0.0910462	0.0488	0.00631538	0.0312154	0.00680769	0.0659231	0.00743077	0.00649231	0.0132923	0.0101154	0.00348462	0.0737846	0.00575385	0.0160462	0.00773846	0.00715385	0.0622	
0.00167692	0.00155385	0.000830769	0.000538462	0.00301538	0.000492308	0.0005	0.000592308	0.000584615	0.000184615	0.00344615	0.000384615	0	0	0	0	2.30769e-05	0.0001	7.69231e-06	0.00446923	0.00263077	0.0003	0.00137692	0.000292308	0.00300769	0.000423077	0.000330769	0.000838462	0.000830769	0.000253846	0.00306923	0.000446154	0.00121538	0.0007	0.000507692	0.00217692	
0.00104615	0.000769231	0.000438462	0.000284615	0.0016	0.000246154	0.000284615	0.000407692	0.000346154	0.0001	0.00188462	0.000207692	0	0	0	0	0	3.84615e-05	7.69231e-06	0.00249231	0.00144615	0.000184615	0.000738462	0.000169231	0.00164615	0.000246154	0.000223077	0.000423077	0.000469231	0.000176923	0.00167692	0.000215385	0.000715385	0.000423077	0.000223077	0.00117692	
0.355808	0.339838	0.177308	0.116685	0.619285	0.119869	0.110338	0.140146	0.117223	0.0342769	0.745985	0.0921538	0	0	0	0	0.00276154	0.0182	0.00153077	0.967146	0.563585	0.0658154	0.294246	0.0659923	0.654169	0.102269	0.0733	0.1599	0.1694	0.0588154	0.665608	0.0958154	0.267085	0.136892	0.124585	0.461077	
0.00132308	0.00104615	0.000561538	0.000292308	0.00183846	0.000492308	0.000353846	0.000538462	0.000384615	0.000115385	0.00233077	0.000392308	0	0	0	0	2.30769e-05	5.38462e-05	0	0.00314615	0.00176923	0.000215385	0.000984615	0.000253846	0.00227692	0.000315385	0.000153846	0.000476923	0.000530769	0.000192308	0.00225385	0.000246154	0.000823077	0.000461538	0.000415385	0.00152308	
0.000923077	0.00110769	0.000423077	0.000353846	0.0018	0.000315385	0.000307692	0.000384615	0.000361538	0.000123077	0.00204615	0.000276923	2.30769e-05	0	0.00276154	2.30769e-05	0	0	0	0	0.00163077	0.000192308	0.000853846	0.000130769	0.00193077	0.000307692	0.000207692	0.000361538	0.000484615	0.000207692	0.00180769	0.000307692	0.000792308	0.000353846	0.000453846	0.00120769	
0.00638462	0.00646923	0.00344615	0.00209231	0.0115154	0.00216154	0.00222308	0.00249231	0.00213077	0.000569231	0.0140077	0.00168462	0.0001	3.84615e-05	0.0182	5.38462e-05	0	0	0	0	0.0103462	0.0013	0.00551538	0.00123077	0.0120538	0.002	0.00127692	0.00306154	0.00305385	0.00116154	0.0123154	0.00186154	0.0053	0.00237692	0.00213077	0.00858462	
0.000438462	0.000523077	0.000346154	0.000238462	0.000861538	0.000238462	0.000230769	0.000215385	0.000223077	5.38462e-05	0.00113846	0.000130769	7.69231e-06	7.69231e-06	0.00153077	0	0	0	0	0	0.000869231	0.000107692	0.000453846	0.000115385	0.00103077	0.0001	0.000153846	0.000261538	0.000230769	7.69231e-05	0.00107692	0.000161538	0.000392308	0.000192308	0.000138462	0.000823077	
0.352108	0.335108	0.174923	0.115115	0.611562	0.118385	0.108715	0.138592	0.115823	0.0339308	0.736454	0.0910462	0.00446923	0.00249231	0.967146	0.00314615	0	0	0	0	0.556585	0.0649154	0.290523	0.0652308	0.646085	0.100846	0.0723692	0.157954	0.167462	0.0579923	0.657408	0.0943923	0.263354	0.135554	0.123008	0.455338	
0.206246	0.197369	0.102169	0.0636462	0.373192	0.0629	0.0584154	0.0749231	0.0624385	0.0179231	0.440269	0.0488	0.00263077	0.00144615	0.563585	0.00176923	0.00163077	0.0103462	0.000869231	0.556585	0	0	0	0	0.337769	0.0735	0.0494462	0.108715	0.129077	0.0443462	0.323054	0.0729538	0.164377	0.0888154	0.0812077	0.235031	
0.0235923	0.0231615	0.0117077	0.00805385	0.0400308	0.00856923	0.00796154	0.00995385	0.00853077	0.00235385	0.0493154	0.00631538	0.0003	0.000184615	0.0658154	0.000215385	0.000192308	0.0013	0.000107692	0.0649154	0	0	0	0	0.0427692	0.00694615	0.00525385	0.0115462	0.00686923	0.00249231	0.0529462	0.00420769	0.0163154	0.00745385	0.00717692	0.0355692	
0.106262	0.0999923	0.0531615	0.0379308	0.172723	0.0408308	0.0370154	0.0467769	0.0390077	0.0118923	0.215231	0.0312154	0.00137692	0.000738462	0.294246	0.000984615	0.000853846	0.00551538	0.000453846	0.290523	0	0	0	0	0.237746	0.0158692	0.0138692	0.0298615	0.0285	0.0100846	0.243138	0.0156231	0.0726846	0.0342462	0.0306385	0.159777	
0.0237538	0.0226846	0.0121	0.00816923	0.0397923	0.0088	0.00808462	0.0100308	0.00856154	0.00250769	0.0488308	0.00680769	0.000292308	0.000169231	0.0659923	0.000253846	0.000130769	0.00123077	0.000115385	0.0652308	0	0	0	0	0.0428154	0.00693846	0.00543846	0.0115154	0.00678462	0.00251538	0.0534692	0.00393846	0.0164615	0.00796154	0.00670769	0.0355769	
0.2366	0.221538	0.118654	0.0843077	0.382438	0.0900615	0.0827462	0.105854	0.0831692	0.0243385	0.487669	0.0659231	0.00300769	0.00164615	0.654169	0.00227692	0.00193077	0.0120538	0.00103077	0.646085	0.337769	0.0427692	0.237746	0.0428154	0	0	0	0	0.0874154	0.0306231	0.493685	0.0493769	0.1749	0.0870308	0.0776923	0.321477	
0.0370538	0.0376769	0.0188538	0.00966923	0.0765385	0.00847692	0.00816154	0.0100769	0.00985385	0.00290769	0.0830615	0.00743077	0.000423077	0.000246154	0.102269	0.000315385	0.000307692	0.002	0.0001	0.100846	0.0735	0.00694615	0.0158692	0.00693846	0	0	0	0	0.0314154	0.0108154	0.0430769	0.0179462	0.0298846	0.0166077	0.0153154	0.0414462	
0.0271615	0.0260385	0.0134231	0.00738462	0.0523308	0.00686154	0.00634615	0.00846923	0.00805385	0.00221538	0.0572462	0.00649231	0.000330769	0.000223077	0.0733	0.000153846	0.000207692	0.00127692	0.000153846	0.0723692	0.0494462	0.00525385	0.0138692	0.00543846	0	0	0	0	0.0160769	0.00579231	0.0429769	0.00916154	0.0203923	0.0106154	0.0105538	0.0324462	
0.0590385	0.0579538	0.0282077	0.0164385	0.114431	0.0157	0.0142231	0.0172846	0.0174615	0.00521538	0.125669	0.0132923	0.000838462	0.000423077	0.1599	0.000476923	0.000361538	0.00306154	0.000261538	0.157954	0.108715	0.0115462	0.0298615	0.0115154	0	0	0	0	0.0363231	0.0122077	0.0928692	0.0202385	0.0446615	0.0242231	0.0221692	0.0705846	
0.0629	0.0630231	0.0305462	0.0147615	0.134577	0.0116385	0.0112615	0.0137538	0.0127538	0.0036	0.144762	0.0101154	0.000830769	0.000469231	0.1694	0.000530769	0.000484615	0.00305385	0.000230769	0.167462	0.129077	0.00686923	0.0285	0.00678462	0.0874154	0.0314154	0.0160769	0.0363231	0	0	0	0	0.0522154	0.0350769	0.0320154	0.0519231	
0.0213462	0.0217077	0.0110846	0.0053	0.0469077	0.00388462	0.00398462	0.00466154	0.00501538	0.00124615	0.0496923	0.00348462	0.000253846	0.000176923	0.0588154	0.000192308	0.000207692	0.00116154	7.69231e-05	0.0579923	0.0443462	0.00249231	0.0100846	0.00251538	0.0306231	0.0108154	0.00579231	0.0122077	0	0	0	0	0.0182	0.0120538	0.0111538	0.0180308	
0.240138	0.223585	0.120031	0.0888538	0.368254	0.0992	0.0899769	0.115177	0.0938769	0.0278692	0.477077	0.0737846	0.00306923	0.00167692	0.665608	0.00225385	0.00180769	0.0123154	0.00107692	0.657408	0.323054	0.0529462	0.243138	0.0534692	0.493685	0.0430769	0.0429769	0.0928692	0	0	0	0	0.1693	0.0714769	0.0649846	0.366846	
0.0354692	0.0348923	0.0174769	0.00888462	0.076	0.00637692	0.00625385	0.00809231	0.00689231	0.00196154	0.0821154	0.00575385	0.000446154	0.000215385	0.0958154	0.000246154	0.000307692	0.00186154	0.000161538	0.0943923	0.0729538	0.00420769	0.0156231	0.00393846	0.0493769	0.0179462	0.00916154	0.0202385	0	0	0	0	0.0301231	0.0198692	0.0175769	0.0291538	
0.0972692	0.0936615	0.0486154	0.0302923	0.176677	0.0292385	0.0286	0.0353231	0.0205077	0.00596923	0.227315	0.0160462	0.00121538	0.000715385	0.267085	0.000823077	0.000792308	0.0053	0.000392308	0.263354	0.164377	0.0163154	0.0726846	0.0164615	0.1749	0.0298846	0.0203923	0.0446615	0.0522154	0.0182	0.1693	0.0301231	0	0	0	0	
0.0501769	0.0487769	0.0250231	0.0145	0.094	0.0140538	0.0133846	0.0170385	0.00973846	0.00296154	0.118038	0.00773846	0.0007	0.000423077	0.136892	0.000461538	0.000353846	0.00237692	0.000192308	0.135554	0.0888154	0.00745385	0.0342462	0.00796154	0.0870308	0.0166077	0.0106154	0.0242231	0.0350769	0.0120538	0.0714769	0.0198692	0	0	0	0	
0.0450923	0.0440769	0.0228231	0.0137385	0.0859154	0.0124385	0.0122154	0.0151615	0.00925385	0.00276923	0.106554	0.00715385	0.000507692	0.000223077	0.124585	0.000415385	0.000453846	0.00213077	0.000138462	0.123008	0.0812077	0.00717692	0.0306385	0.00670769	0.0776923	0.0153154	0.0105538	0.0221692	0.0320154	0.0111538	0.0649846	0.0175769	0	0	0	0	
0.167315	0.156692	0.0826769	0.0592692	0.269146	0.0653692	0.0572769	0.0741615	0.0790385	0.0229769	0.301738	0.0622	0.00217692	0.00117692	0.461077	0.00152308	0.00120769	0.00858462	0.000823077	0.455338	0.235031	0.0355692	0.159777	0.0355769	0.321477	0.0414462	0.0324462	0.0705846	0.0519231	0.0180308	0.366846	0.0291538	0	0	0	0	
