0	0	0	0	0.228762	0.0428077	0.0394538	0.0495692	0.0410692	0.0131769	0.273185	0.0331615	0.00146154	0.000876923	0.356992	0.00126154	0.00109231	0.00679231	0.000576923	0.352131	0.206277	0.0244231	0.106485	0.0234077	0.237369	0.0376615	0.0270385	0.0585231	0.0623154	0.0214769	0.241054	0.0357462	0.0961	0.0517923	0.0453769	0.167323	
0	0	0	0	0.251277	0.0296077	0.0267769	0.0339615	0.0370231	0.0111538	0.2645	0.0289462	0.00173846	0.000707692	0.338162	0.00101538	0.000946154	0.00623846	0.000576923	0.333862	0.196377	0.0224692	0.100454	0.0223231	0.221062	0.0369923	0.0266385	0.0569308	0.063	0.0214077	0.221469	0.0357462	0.0925769	0.0494231	0.0443308	0.155292	
0	0	0	0	0.114115	0.0207462	0.0192154	0.0248923	0.0210692	0.00602308	0.1354	0.0164769	0.000846154	0.000446154	0.177069	0.000607692	0.000569231	0.00331538	0.000215385	0.174869	0.1017	0.0121923	0.0534385	0.0116385	0.118408	0.0185615	0.0130615	0.0289385	0.0311077	0.0107923	0.119785	0.0172846	0.0471923	0.0253	0.0227385	0.0837385	
0	0	0	0	0.0290692	0.0278	0.0272077	0.0347385	0.0184615	0.00535385	0.0808462	0.0141538	0.000446154	0.000376923	0.117677	0.000315385	0.000292308	0.00196923	0.000153846	0.1164	0.0653538	0.00871538	0.0367385	0.00800769	0.0845154	0.00940769	0.00804615	0.0168462	0.0151615	0.00520769	0.0900846	0.00836154	0.0304077	0.0152538	0.0138077	0.0593462	
0.228762	0.251277	0.114115	0.0290692	0	0	0	0	0.0494308	0.0152692	0.5187	0.0398231	0.00284615	0.00152308	0.616831	0.00202308	0.00166923	0.0113077	0.000984615	0.609262	0.371308	0.0407231	0.171969	0.0392231	0.379646	0.0768615	0.0532	0.113515	0.133685	0.0455692	0.367846	0.0761231	0.172354	0.0970846	0.0855846	0.2682	
0.0428077	0.0296077	0.0207462	0.0278	0	0	0	0	0.0275462	0.00838462	0.0633231	0.0217077	0.000653846	0.000230769	0.119638	0.000438462	0.000384615	0.00226154	0.000184615	0.118131	0.0637538	0.00854615	0.0402923	0.00836923	0.0906846	0.00818462	0.00687692	0.0152154	0.0116462	0.00380769	0.0994385	0.00606923	0.0284538	0.0139615	0.0121692	0.0663769	
0.0394538	0.0267769	0.0192154	0.0272077	0	0	0	0	0.0184154	0.00510769	0.0753769	0.0137538	0.000430769	0.000253846	0.111692	0.000276923	0.000284615	0.00210769	0.000161538	0.1101	0.0590308	0.0083	0.0372923	0.00803077	0.0839923	0.00790769	0.00636923	0.0143846	0.0112385	0.00415385	0.0906231	0.00663846	0.0286615	0.0136462	0.0124692	0.0578769	
0.0495692	0.0339615	0.0248923	0.0347385	0	0	0	0	0.0222308	0.00694615	0.0965308	0.0174538	0.000561538	0.0004	0.141738	0.000461538	0.000561538	0.00263846	0.000192308	0.139769	0.0756154	0.0102308	0.0475615	0.00975385	0.107031	0.00966923	0.00833846	0.0181231	0.0150154	0.00535385	0.114485	0.00830769	0.0368077	0.0170769	0.0160308	0.0732462	
0.0410692	0.0370231	0.0210692	0.0184615	0.0494308	0.0275462	0.0184154	0.0222308	0	0	0	0	0.000461538	0.000323077	0.116415	0.000423077	0.000315385	0.00190769	0.000123077	0.115277	0.0608538	0.00893077	0.0390462	0.00879231	0.0830308	0.00954615	0.00797692	0.0170692	0.0121769	0.0039	0.095	0.00654615	0.0198462	0.00957692	0.00937692	0.0788231	
0.0131769	0.0111538	0.00602308	0.00535385	0.0152692	0.00838462	0.00510769	0.00694615	0	0	0	0	0.000146154	0.000123077	0.0353615	7.69231e-05	8.46154e-05	0.000569231	4.61538e-05	0.0350077	0.0184	0.00278462	0.0119154	0.00260769	0.0249538	0.00308462	0.00233846	0.00533077	0.00370769	0.00119231	0.0284923	0.00231538	0.0062	0.00307692	0.00270769	0.0237231	
0.273185	0.2645	0.1354	0.0808462	0.5187	0.0633231	0.0753769	0.0965308	0	0	0	0	0.0034	0.00163077	0.746485	0.00241538	0.00220769	0.0140846	0.00118462	0.736454	0.442354	0.0496769	0.214669	0.0472308	0.486808	0.0828462	0.0583385	0.125938	0.146408	0.0505615	0.473885	0.0830769	0.223323	0.121123	0.107154	0.302331	
0.0331615	0.0289462	0.0164769	0.0141538	0.0398231	0.0217077	0.0137538	0.0174538	0	0	0	0	0.000484615	0.000330769	0.0916385	0.000284615	0.000292308	0.00175385	0.000169231	0.0905231	0.0481	0.00640769	0.0314846	0.00674615	0.0665615	0.00714615	0.00613077	0.0129	0.00929231	0.00323077	0.0750154	0.0052	0.0169077	0.00799231	0.00701538	0.0608231	
0.00146154	0.00173846	0.000846154	0.000446154	0.00284615	0.000653846	0.000430769	0.000561538	0.000461538	0.000146154	0.0034	0.000484615	0	0	0	0	7.69231e-06	3.84615e-05	1.53846e-05	0.00443077	0.00266923	0.000369231	0.00120769	0.000246154	0.00291538	0.000492308	0.000361538	0.000723077	0.000823077	0.000230769	0.00293846	0.0005	0.00121538	0.000646154	0.000615385	0.00201538	
0.000876923	0.000707692	0.000446154	0.000376923	0.00152308	0.000230769	0.000253846	0.0004	0.000323077	0.000123077	0.00163077	0.000330769	0	0	0	0	0	6.92308e-05	0	0.00233846	0.00127692	0.000115385	0.000846154	0.000169231	0.00167692	0.000215385	0.000146154	0.000369231	0.000484615	0.000130769	0.00156154	0.000230769	0.0005	0.000353846	0.000323077	0.00123077	
0.356992	0.338162	0.177069	0.117677	0.616831	0.119638	0.111692	0.141738	0.116415	0.0353615	0.746485	0.0916385	0	0	0	0	0.00287692	0.0181692	0.00150769	0.967346	0.563938	0.0670923	0.294177	0.0646923	0.654669	0.101631	0.0741	0.1595	0.169738	0.0582769	0.665808	0.0960769	0.263608	0.140246	0.124915	0.461131	
0.00126154	0.00101538	0.000607692	0.000315385	0.00202308	0.000438462	0.000276923	0.000461538	0.000423077	7.69231e-05	0.00241538	0.000284615	0	0	0	0	1.53846e-05	3.84615e-05	0	0.00314615	0.00182308	0.000223077	0.000884615	0.000269231	0.00209231	0.000284615	0.000176923	0.000646154	0.000538462	0.000246154	0.00208462	0.000330769	0.000953846	0.000523077	0.0004	0.00132308	
0.00109231	0.000946154	0.000569231	0.000292308	0.00166923	0.000384615	0.000284615	0.000561538	0.000315385	8.46154e-05	0.00220769	0.000292308	7.69231e-06	0	0.00287692	1.53846e-05	0	0	0	0	0.00172308	0.000169231	0.000830769	0.000176923	0.00183077	0.000238462	0.000261538	0.000569231	0.000492308	0.000184615	0.00195385	0.000269231	0.000753846	0.000430769	0.000392308	0.00132308	
0.00679231	0.00623846	0.00331538	0.00196923	0.0113077	0.00226154	0.00210769	0.00263846	0.00190769	0.000569231	0.0140846	0.00175385	3.84615e-05	6.92308e-05	0.0181692	3.84615e-05	0	0	0	0	0.0104462	0.00116154	0.00557692	0.00113077	0.0120462	0.00188462	0.00149231	0.00289231	0.00320769	0.000992308	0.0123154	0.0018	0.00485385	0.00248462	0.00223846	0.00873846	
0.000576923	0.000576923	0.000215385	0.000153846	0.000984615	0.000184615	0.000161538	0.000192308	0.000123077	4.61538e-05	0.00118462	0.000169231	1.53846e-05	0	0.00150769	0	0	0	0	0	0.000823077	0.0001	0.0005	0.0001	0.000984615	0.000153846	0.000138462	0.000246154	0.000153846	7.69231e-05	0.00111538	0.000176923	0.000384615	0.000192308	0.000192308	0.000753846	
0.352131	0.333862	0.174869	0.1164	0.609262	0.118131	0.1101	0.139769	0.115277	0.0350077	0.736454	0.0905231	0.00443077	0.00233846	0.967346	0.00314615	0	0	0	0	0.556715	0.0663692	0.290208	0.0639692	0.646492	0.100346	0.0728923	0.157531	0.167731	0.0576308	0.657008	0.0948923	0.260285	0.138662	0.123431	0.454885	
0.206277	0.196377	0.1017	0.0653538	0.371308	0.0637538	0.0590308	0.0756154	0.0608538	0.0184	0.442354	0.0481	0.00266923	0.00127692	0.563938	0.00182308	0.00172308	0.0104462	0.000823077	0.556715	0	0	0	0	0.337377	0.0743615	0.0501692	0.1078	0.129615	0.0442077	0.323246	0.0726385	0.163877	0.0926462	0.0832538	0.229931	
0.0244231	0.0224692	0.0121923	0.00871538	0.0407231	0.00854615	0.0083	0.0102308	0.00893077	0.00278462	0.0496769	0.00640769	0.000369231	0.000115385	0.0670923	0.000223077	0.000169231	0.00116154	0.0001	0.0663692	0	0	0	0	0.0433615	0.00631538	0.00560769	0.0125154	0.00704615	0.00259231	0.0542385	0.00392308	0.0165	0.00808462	0.00688462	0.0363308	
0.106485	0.100454	0.0534385	0.0367385	0.171969	0.0402923	0.0372923	0.0475615	0.0390462	0.0119154	0.214669	0.0314846	0.00120769	0.000846154	0.294177	0.000884615	0.000830769	0.00557692	0.0005	0.290208	0	0	0	0	0.2386	0.0155231	0.0135	0.0294923	0.0280615	0.00963846	0.242946	0.0164692	0.0704154	0.0338615	0.0296231	0.163215	
0.0234077	0.0223231	0.0116385	0.00800769	0.0392231	0.00836923	0.00803077	0.00975385	0.00879231	0.00260769	0.0472308	0.00674615	0.000246154	0.000169231	0.0646923	0.000269231	0.000176923	0.00113077	0.0001	0.0639692	0	0	0	0	0.0420154	0.00642308	0.00550769	0.0114308	0.00686154	0.00244615	0.0519615	0.00410769	0.0154846	0.00717692	0.00649231	0.0362231	
0.237369	0.221062	0.118408	0.0845154	0.379646	0.0906846	0.0839923	0.107031	0.0830308	0.0249538	0.486808	0.0665615	0.00291538	0.00167692	0.654669	0.00209231	0.00183077	0.0120462	0.000984615	0.646492	0.337377	0.0433615	0.2386	0.0420154	0	0	0	0	0.0884385	0.0299462	0.493246	0.0497231	0.172823	0.0866308	0.0782154	0.323685	
0.0376615	0.0369923	0.0185615	0.00940769	0.0768615	0.00818462	0.00790769	0.00966923	0.00954615	0.00308462	0.0828462	0.00714615	0.000492308	0.000215385	0.101631	0.000284615	0.000238462	0.00188462	0.000153846	0.100346	0.0743615	0.00631538	0.0155231	0.00642308	0	0	0	0	0.0332385	0.0112769	0.0392846	0.0188231	0.0286769	0.0188308	0.0156615	0.0394538	
0.0270385	0.0266385	0.0130615	0.00804615	0.0532	0.00687692	0.00636923	0.00833846	0.00797692	0.00233846	0.0583385	0.00613077	0.000361538	0.000146154	0.0741	0.000176923	0.000261538	0.00149231	0.000138462	0.0728923	0.0501692	0.00560769	0.0135	0.00550769	0	0	0	0	0.0157077	0.00551538	0.0442462	0.00931538	0.0208692	0.0114308	0.0102615	0.0322231	
0.0585231	0.0569308	0.0289385	0.0168462	0.113515	0.0152154	0.0143846	0.0181231	0.0170692	0.00533077	0.125938	0.0129	0.000723077	0.000369231	0.1595	0.000646154	0.000569231	0.00289231	0.000246154	0.157531	0.1078	0.0125154	0.0294923	0.0114308	0	0	0	0	0.0342	0.0121462	0.0956154	0.0192769	0.0439077	0.0248769	0.0221154	0.0703385	
0.0623154	0.063	0.0311077	0.0151615	0.133685	0.0116462	0.0112385	0.0150154	0.0121769	0.00370769	0.146408	0.00929231	0.000823077	0.000484615	0.169738	0.000538462	0.000492308	0.00320769	0.000153846	0.167731	0.129615	0.00704615	0.0280615	0.00686154	0.0884385	0.0332385	0.0157077	0.0342	0	0	0	0	0.0499692	0.0376462	0.0325615	0.0514077	
0.0214769	0.0214077	0.0107923	0.00520769	0.0455692	0.00380769	0.00415385	0.00535385	0.0039	0.00119231	0.0505615	0.00323077	0.000230769	0.000130769	0.0582769	0.000246154	0.000184615	0.000992308	7.69231e-05	0.0576308	0.0442077	0.00259231	0.00963846	0.00244615	0.0299462	0.0112769	0.00551538	0.0121462	0	0	0	0	0.0172154	0.0127538	0.0113692	0.0175462	
0.241054	0.221469	0.119785	0.0900846	0.367846	0.0994385	0.0906231	0.114485	0.095	0.0284923	0.473885	0.0750154	0.00293846	0.00156154	0.665808	0.00208462	0.00195385	0.0123154	0.00111538	0.657008	0.323246	0.0542385	0.242946	0.0519615	0.493246	0.0392846	0.0442462	0.0956154	0	0	0	0	0.171592	0.0704231	0.0635538	0.366823	
0.0357462	0.0357462	0.0172846	0.00836154	0.0761231	0.00606923	0.00663846	0.00830769	0.00654615	0.00231538	0.0830769	0.0052	0.0005	0.000230769	0.0960769	0.000330769	0.000269231	0.0018	0.000176923	0.0948923	0.0726385	0.00392308	0.0164692	0.00410769	0.0497231	0.0188231	0.00931538	0.0192769	0	0	0	0	0.0275	0.0209462	0.0187692	0.0299231	
0.0961	0.0925769	0.0471923	0.0304077	0.172354	0.0284538	0.0286615	0.0368077	0.0198462	0.0062	0.223323	0.0169077	0.00121538	0.0005	0.263608	0.000953846	0.000753846	0.00485385	0.000384615	0.260285	0.163877	0.0165	0.0704154	0.0154846	0.172823	0.0286769	0.0208692	0.0439077	0.0499692	0.0172154	0.171592	0.0275	0	0	0	0	
0.0517923	0.0494231	0.0253	0.0152538	0.0970846	0.0139615	0.0136462	0.0170769	0.00957692	0.00307692	0.121123	0.00799231	0.000646154	0.000353846	0.140246	0.000523077	0.000430769	0.00248462	0.000192308	0.138662	0.0926462	0.00808462	0.0338615	0.00717692	0.0866308	0.0188308	0.0114308	0.0248769	0.0376462	0.0127538	0.0704231	0.0209462	0	0	0	0	
0.0453769	0.0443308	0.0227385	0.0138077	0.0855846	0.0121692	0.0124692	0.0160308	0.00937692	0.00270769	0.107154	0.00701538	0.000615385	0.000323077	0.124915	0.0004	0.000392308	0.00223846	0.000192308	0.123431	0.0832538	0.00688462	0.0296231	0.00649231	0.0782154	0.0156615	0.0102615	0.0221154	0.0325615	0.0113692	0.0635538	0.0187692	0	0	0	0	
0.167323	0.155292	0.0837385	0.0593462	0.2682	0.0663769	0.0578769	0.0732462	0.0788231	0.0237231	0.302331	0.0608231	0.00201538	0.00123077	0.461131	0.00132308	0.00132308	0.00873846	0.000753846	0.454885	0.229931	0.0363308	0.163215	0.0362231	0.323685	0.0394538	0.0322231	0.0703385	0.0514077	0.0175462	0.366823	0.0299231	0	0	0	0	
