0	0	0	0	0.238838	0.0489308	0.0395923	0.0684	0.0745308	0.0273692	0.232277	0.0615846	0.00191538	0.000953846	0.390762	0.00213077	0.00182308	0.00353846	0.00183077	0.388569	0.226892	0.00775385	0.0978769	0.0632385	0.256769	0.0311231	0.0418154	0.0660538	0.0464385	0.0153615	0.285746	0.0482154	0.0784846	0.0412923	0.0351769	0.240808	
0	0	0	0	0.134085	0.0273154	0.0220077	0.0388769	0.0422846	0.0144769	0.130438	0.0350846	0.00117692	0.000661538	0.219169	0.00127692	0.00118462	0.00217692	0.000992308	0.217931	0.127977	0.00409231	0.0537	0.0365154	0.143292	0.0178231	0.0235462	0.0376231	0.0250231	0.00900769	0.1608	0.0274538	0.0434154	0.0228077	0.0196923	0.136369	
0	0	0	0	0.113969	0.0234308	0.0193769	0.0331385	0.0368538	0.0122077	0.111162	0.0296923	0.00106154	0.0006	0.187523	0.000730769	0.000992308	0.00183846	0.000792308	0.186292	0.108577	0.00368462	0.0470385	0.0306154	0.121815	0.0147462	0.0204538	0.0329	0.0216077	0.00757692	0.138054	0.0226769	0.0373538	0.0189846	0.0173308	0.116246	
0	0	0	0	0.0454385	0.0457077	0.0365615	0.0643308	0.0380538	0.0135692	0.109308	0.0311077	0.00100769	0.000592308	0.1894	0.00103846	0.000984615	0.00176154	0.000884615	0.188408	0.107131	0.00375385	0.0492846	0.0318692	0.1256	0.0146	0.0202154	0.0316231	0.0167846	0.00633077	0.150131	0.0187923	0.0365231	0.0189769	0.0165846	0.119954	
0.238838	0.134085	0.113969	0.0454385	0	0	0	0	0.0962846	0.0334077	0.323615	0.0790231	0.00273077	0.00153846	0.525362	0.0027	0.00272308	0.00499231	0.00238462	0.522231	0.3135	0.0100923	0.124446	0.0842923	0.336338	0.0435538	0.0594231	0.0930154	0.0763692	0.0261538	0.350469	0.0793385	0.109246	0.0553077	0.0488462	0.318931	
0.0489308	0.0273154	0.0234308	0.0457077	0	0	0	0	0.0295231	0.0109231	0.0807154	0.0242231	0.000669231	0.000423077	0.143485	0.000807692	0.000761538	0.00136154	0.0008	0.142462	0.0797462	0.00279231	0.0381538	0.0246923	0.0974231	0.0106385	0.0144846	0.0228385	0.0106615	0.00375385	0.118815	0.0121538	0.0269	0.0145769	0.0124	0.0915077	
0.0395923	0.0220077	0.0193769	0.0365615	0	0	0	0	0.0238538	0.00886923	0.0652462	0.0195692	0.000615385	0.000346154	0.115923	0.000653846	0.000584615	0.00106154	0.000430769	0.115462	0.0642923	0.00229231	0.0312154	0.0197385	0.0776923	0.00906154	0.0117462	0.0190385	0.00824615	0.00316923	0.0970615	0.00906154	0.0221769	0.0116615	0.0100692	0.0736308	
0.0684	0.0388769	0.0331385	0.0643308	0	0	0	0	0.0420615	0.0144231	0.113608	0.0346538	0.00114615	0.0005	0.202085	0.00101538	0.000915385	0.0019	0.000884615	0.201046	0.113038	0.00410769	0.0540846	0.0335154	0.136023	0.0150385	0.0203769	0.0333077	0.0145769	0.0052	0.168385	0.0165846	0.0374538	0.0205154	0.0174692	0.129308	
0.0745308	0.0422846	0.0368538	0.0380538	0.0962846	0.0295231	0.0238538	0.0420615	0	0	0	0	0.000984615	0.000646154	0.189238	0.000853846	0.00103846	0.00199231	0.000892308	0.1878	0.105938	0.00416923	0.0574308	0.0241846	0.147562	0.00962308	0.0132846	0.0212538	0.0100231	0.00352308	0.167338	0.0108385	0.0267846	0.0140769	0.0122846	0.138577	
0.0273692	0.0144769	0.0122077	0.0135692	0.0334077	0.0109231	0.00886923	0.0144231	0	0	0	0	0.000323077	0.000253846	0.0666308	0.000415385	0.000346154	0.000615385	0.000361538	0.0663	0.0380308	0.00136923	0.0200846	0.00813846	0.0522	0.00344615	0.00462308	0.00735385	0.00354615	0.00122308	0.059	0.00385385	0.00900769	0.00487692	0.00432308	0.0494154	
0.232277	0.130438	0.111162	0.109308	0.323615	0.0807154	0.0652462	0.113608	0	0	0	0	0.0031	0.00153077	0.575454	0.0031	0.00285385	0.00524615	0.00255385	0.572531	0.339908	0.0104538	0.122469	0.110354	0.326838	0.0573077	0.0768923	0.122146	0.0879077	0.0305231	0.3712	0.0935538	0.137931	0.0719308	0.0622308	0.311092	
0.0615846	0.0350846	0.0296923	0.0311077	0.0790231	0.0242231	0.0195692	0.0346538	0	0	0	0	0.000753846	0.000376923	0.155531	0.000807692	0.000746154	0.00146154	0.000692308	0.154569	0.0867	0.00329231	0.0479154	0.0195615	0.120877	0.00791538	0.0112308	0.0174462	0.00837692	0.00300769	0.137192	0.00889231	0.0220538	0.0111769	0.00994615	0.114292	
0.00191538	0.00117692	0.00106154	0.00100769	0.00273077	0.000669231	0.000615385	0.00114615	0.000984615	0.000323077	0.0031	0.000753846	0	0	0	0	7.69231e-06	6.92308e-05	2.30769e-05	0.00506154	0.00274615	0.000192308	0.00119231	0.00103077	0.00317692	0.000476923	0.000607692	0.0009	0.000607692	0.000238462	0.00380769	0.000507692	0.000938462	0.000561538	0.000430769	0.00323077	
0.000953846	0.000661538	0.0006	0.000592308	0.00153846	0.000423077	0.000346154	0.0005	0.000646154	0.000253846	0.00153077	0.000376923	0	0	0	0	0	1.53846e-05	1.53846e-05	0.00277692	0.00183077	5.38462e-05	0.000623077	0.0003	0.00183077	0.000223077	0.000284615	0.000469231	0.000284615	0.000107692	0.00216154	0.000253846	0.000592308	0.000261538	0.000215385	0.00173846	
0.390762	0.219169	0.187523	0.1894	0.525362	0.143485	0.115923	0.202085	0.189238	0.0666308	0.575454	0.155531	0	0	0	0	0.00493077	0.00918462	0.00440769	0.968331	0.562885	0.0189385	0.244931	0.1601	0.639115	0.0772385	0.104531	0.165969	0.108323	0.0377	0.725054	0.115777	0.193215	0.100677	0.0877	0.605262	
0.00213077	0.00127692	0.000730769	0.00103846	0.0027	0.000807692	0.000653846	0.00101538	0.000853846	0.000415385	0.0031	0.000807692	0	0	0	0	4.61538e-05	4.61538e-05	5.38462e-05	0.00503077	0.00311538	0.0001	0.00115385	0.000807692	0.00335385	0.000353846	0.000607692	0.000861538	0.000638462	0.000230769	0.00370769	0.0006	0.00103077	0.000561538	0.000438462	0.00314615	
0.00182308	0.00118462	0.000992308	0.000984615	0.00272308	0.000761538	0.000584615	0.000915385	0.00103846	0.000346154	0.00285385	0.000746154	7.69231e-06	0	0.00493077	4.61538e-05	0	0	0	0	0.00292308	8.46154e-05	0.00123846	0.000738462	0.00319231	0.000461538	0.000507692	0.000823077	0.000461538	0.000284615	0.00366154	0.000576923	0.001	0.000507692	0.000446154	0.00303077	
0.00353846	0.00217692	0.00183846	0.00176154	0.00499231	0.00136154	0.00106154	0.0019	0.00199231	0.000615385	0.00524615	0.00146154	6.92308e-05	1.53846e-05	0.00918462	4.61538e-05	0	0	0	0	0.0052	0.000153846	0.00250769	0.00145385	0.00623846	0.000715385	0.00106154	0.0013	0.00116154	0.0003	0.0068	0.00105385	0.00179231	0.000961538	0.000784615	0.00577692	
0.00183077	0.000992308	0.000792308	0.000884615	0.00238462	0.0008	0.000430769	0.000884615	0.000892308	0.000361538	0.00255385	0.000692308	2.30769e-05	1.53846e-05	0.00440769	5.38462e-05	0	0	0	0	0.00252308	0.000130769	0.00114615	0.0007	0.00287692	0.000392308	0.000430769	0.0008	0.000492308	0.000184615	0.00328462	0.000538462	0.000776923	0.000515385	0.000346154	0.00286154	
0.388569	0.217931	0.186292	0.188408	0.522231	0.142462	0.115462	0.201046	0.1878	0.0663	0.572531	0.154569	0.00506154	0.00277692	0.968331	0.00503077	0	0	0	0	0.559931	0.0189154	0.243008	0.159346	0.635169	0.0767231	0.104031	0.165277	0.107738	0.0375077	0.720985	0.114969	0.192208	0.100077	0.0872077	0.601708	
0.226892	0.127977	0.108577	0.107131	0.3135	0.0797462	0.0642923	0.113038	0.105938	0.0380308	0.339908	0.0867	0.00274615	0.00183077	0.562885	0.00311538	0.00292308	0.0052	0.00252308	0.559931	0	0	0	0	0.3477	0.0501385	0.0665154	0.106223	0.0793385	0.0279308	0.378308	0.085	0.116777	0.0594692	0.0515769	0.342754	
0.00775385	0.00409231	0.00368462	0.00375385	0.0100923	0.00279231	0.00229231	0.00410769	0.00416923	0.00136923	0.0104538	0.00329231	0.000192308	5.38462e-05	0.0189385	0.0001	8.46154e-05	0.000153846	0.000130769	0.0189154	0	0	0	0	0.0117	0.00153077	0.00242308	0.00363077	0.00123846	0.0004	0.0159923	0.00165385	0.00366154	0.00176923	0.00165385	0.0122	
0.0978769	0.0537	0.0470385	0.0492846	0.124446	0.0381538	0.0312154	0.0540846	0.0574308	0.0200846	0.122469	0.0479154	0.00119231	0.000623077	0.244931	0.00115385	0.00123846	0.00250769	0.00114615	0.243008	0	0	0	0	0.213454	0.00753077	0.0101692	0.0167462	0.0160385	0.00526923	0.209762	0.0168308	0.0436769	0.0236769	0.0209231	0.159623	
0.0632385	0.0365154	0.0306154	0.0318692	0.0842923	0.0246923	0.0197385	0.0335154	0.0241846	0.00813846	0.110354	0.0195615	0.00103077	0.0003	0.1601	0.000807692	0.000738462	0.00145385	0.0007	0.159346	0	0	0	0	0.0746231	0.0190923	0.0269231	0.0416	0.0132385	0.00467692	0.130669	0.0136538	0.0316615	0.0171462	0.0146308	0.0988	
0.256769	0.143292	0.121815	0.1256	0.336338	0.0974231	0.0776923	0.136023	0.147562	0.0522	0.326838	0.120877	0.00317692	0.00183077	0.639115	0.00335385	0.00319231	0.00623846	0.00287692	0.635169	0.3477	0.0117	0.213454	0.0746231	0	0	0	0	0.0649154	0.0226077	0.491531	0.0684231	0.121469	0.0636769	0.0552462	0.407085	
0.0311231	0.0178231	0.0147462	0.0146	0.0435538	0.0106385	0.00906154	0.0150385	0.00962308	0.00344615	0.0573077	0.00791538	0.000476923	0.000223077	0.0772385	0.000353846	0.000461538	0.000715385	0.000392308	0.0767231	0.0501385	0.00153077	0.00753077	0.0190923	0	0	0	0	0.00985385	0.00346154	0.0542846	0.0106923	0.0160615	0.00833846	0.00760769	0.0462846	
0.0418154	0.0235462	0.0204538	0.0202154	0.0594231	0.0144846	0.0117462	0.0203769	0.0132846	0.00462308	0.0768923	0.0112308	0.000607692	0.000284615	0.104531	0.000607692	0.000507692	0.00106154	0.000430769	0.104031	0.0665154	0.00242308	0.0101692	0.0269231	0	0	0	0	0.0134	0.00485385	0.0732538	0.0145231	0.0222077	0.0119077	0.00997692	0.0619385	
0.0660538	0.0376231	0.0329	0.0316231	0.0930154	0.0228385	0.0190385	0.0333077	0.0212538	0.00735385	0.122146	0.0174462	0.0009	0.000469231	0.165969	0.000861538	0.000823077	0.0013	0.0008	0.165277	0.106223	0.00363077	0.0167462	0.0416	0	0	0	0	0.0216846	0.00735385	0.115662	0.0235	0.0360385	0.0181385	0.0159538	0.0980692	
0.0464385	0.0250231	0.0216077	0.0167846	0.0763692	0.0106615	0.00824615	0.0145769	0.0100231	0.00354615	0.0879077	0.00837692	0.000607692	0.000284615	0.108323	0.000638462	0.000461538	0.00116154	0.000492308	0.107738	0.0793385	0.00123846	0.0160385	0.0132385	0.0649154	0.00985385	0.0134	0.0216846	0	0	0	0	0.0296	0.0152846	0.0133846	0.0515846	
0.0153615	0.00900769	0.00757692	0.00633077	0.0261538	0.00375385	0.00316923	0.0052	0.00352308	0.00122308	0.0305231	0.00300769	0.000238462	0.000107692	0.0377	0.000230769	0.000284615	0.0003	0.000184615	0.0375077	0.0279308	0.0004	0.00526923	0.00467692	0.0226077	0.00346154	0.00485385	0.00735385	0	0	0	0	0.0101308	0.00520769	0.00483846	0.0181	
0.285746	0.1608	0.138054	0.150131	0.350469	0.118815	0.0970615	0.168385	0.167338	0.059	0.3712	0.137192	0.00380769	0.00216154	0.725054	0.00370769	0.00366154	0.0068	0.00328462	0.720985	0.378308	0.0159923	0.209762	0.130669	0.491531	0.0542846	0.0732538	0.115662	0	0	0	0	0.123931	0.0654538	0.0564769	0.488869	
0.0482154	0.0274538	0.0226769	0.0187923	0.0793385	0.0121538	0.00906154	0.0165846	0.0108385	0.00385385	0.0935538	0.00889231	0.000507692	0.000253846	0.115777	0.0006	0.000576923	0.00105385	0.000538462	0.114969	0.085	0.00165385	0.0168308	0.0136538	0.0684231	0.0106923	0.0145231	0.0235	0	0	0	0	0.0321154	0.0161154	0.0140846	0.0548231	
0.0784846	0.0434154	0.0373538	0.0365231	0.109246	0.0269	0.0221769	0.0374538	0.0267846	0.00900769	0.137931	0.0220538	0.000938462	0.000592308	0.193215	0.00103077	0.001	0.00179231	0.000776923	0.192208	0.116777	0.00366154	0.0436769	0.0316615	0.121469	0.0160615	0.0222077	0.0360385	0.0296	0.0101308	0.123931	0.0321154	0	0	0	0	
0.0412923	0.0228077	0.0189846	0.0189769	0.0553077	0.0145769	0.0116615	0.0205154	0.0140769	0.00487692	0.0719308	0.0111769	0.000561538	0.000261538	0.100677	0.000561538	0.000507692	0.000961538	0.000515385	0.100077	0.0594692	0.00176923	0.0236769	0.0171462	0.0636769	0.00833846	0.0119077	0.0181385	0.0152846	0.00520769	0.0654538	0.0161154	0	0	0	0	
0.0351769	0.0196923	0.0173308	0.0165846	0.0488462	0.0124	0.0100692	0.0174692	0.0122846	0.00432308	0.0622308	0.00994615	0.000430769	0.000215385	0.0877	0.000438462	0.000446154	0.000784615	0.000346154	0.0872077	0.0515769	0.00165385	0.0209231	0.0146308	0.0552462	0.00760769	0.00997692	0.0159538	0.0133846	0.00483846	0.0564769	0.0140846	0	0	0	0	
0.240808	0.136369	0.116246	0.119954	0.318931	0.0915077	0.0736308	0.129308	0.138577	0.0494154	0.311092	0.114292	0.00323077	0.00173846	0.605262	0.00314615	0.00303077	0.00577692	0.00286154	0.601708	0.342754	0.0122	0.159623	0.0988	0.407085	0.0462846	0.0619385	0.0980692	0.0515846	0.0181	0.488869	0.0548231	0	0	0	0	
