0	0	0	0	0.237454	0.0482769	0.0389538	0.0686846	0.0741615	0.0257231	0.233077	0.0604077	0.00219231	0.000961538	0.388169	0.00204615	0.00207692	0.00358462	0.00180769	0.3859	0.225785	0.00751538	0.0963923	0.0636769	0.253169	0.0316154	0.0417462	0.0668385	0.0440769	0.0161692	0.284192	0.0489308	0.0779	0.0407385	0.0361923	0.238538	
0	0	0	0	0.136608	0.0279538	0.0217923	0.0395154	0.0425923	0.0147385	0.134285	0.0342538	0.00117692	0.000638462	0.2229	0.00115385	0.0011	0.00193077	0.00108462	0.221754	0.128446	0.00453846	0.0558154	0.0370692	0.145377	0.0177538	0.0242462	0.0384923	0.0261769	0.0093	0.163092	0.0273	0.0441615	0.0239769	0.0200769	0.137654	
0	0	0	0	0.115162	0.0236769	0.0190385	0.0329077	0.0359769	0.0121692	0.1128	0.0298385	0.00104615	0.000561538	0.188138	0.00103846	0.00100769	0.00174615	0.00100769	0.187023	0.108715	0.00344615	0.0470462	0.0315769	0.122815	0.0149769	0.0203308	0.0326615	0.0219692	0.00788462	0.137192	0.0237385	0.0377308	0.0198769	0.0172846	0.115892	
0	0	0	0	0.0467692	0.0442615	0.0362462	0.0627	0.0373692	0.0133615	0.108392	0.0308538	0.000907692	0.000561538	0.187515	0.000992308	0.00110769	0.00193077	0.00106154	0.185877	0.106077	0.00367692	0.0487	0.0315231	0.126846	0.0137385	0.0192308	0.0301615	0.0165231	0.006	0.148508	0.0189462	0.0357769	0.0193385	0.0167615	0.1181	
0.237454	0.136608	0.115162	0.0467692	0	0	0	0	0.0943615	0.0334	0.330677	0.0775538	0.00273846	0.00137692	0.528954	0.00292308	0.00272308	0.00507692	0.00253077	0.525662	0.314215	0.00977692	0.124608	0.0873923	0.332	0.0453769	0.0614538	0.0971615	0.0746462	0.0275077	0.352515	0.0813231	0.108569	0.0580154	0.0506923	0.318715	
0.0482769	0.0279538	0.0236769	0.0442615	0	0	0	0	0.0298538	0.00989231	0.0801923	0.0242308	0.000723077	0.000407692	0.142323	0.000715385	0.000823077	0.00130769	0.000746154	0.141292	0.0791923	0.00279231	0.0378	0.0243846	0.0978692	0.0100769	0.0140308	0.0221923	0.0106769	0.00353846	0.118462	0.0114923	0.0279154	0.0141692	0.0125077	0.0895769	
0.0389538	0.0217923	0.0190385	0.0362462	0	0	0	0	0.0240462	0.00837692	0.0643308	0.0192769	0.000692308	0.000346154	0.114492	0.0005	0.000676923	0.00103846	0.000623077	0.113692	0.0635	0.00243846	0.0316231	0.0184692	0.0793154	0.00796154	0.0108	0.0179538	0.00853077	0.00299231	0.0951154	0.00939231	0.0214	0.0117231	0.00991538	0.0729923	
0.0686846	0.0395154	0.0329077	0.0627	0	0	0	0	0.0418385	0.0143231	0.113354	0.0342923	0.00116923	0.000592308	0.200954	0.00109231	0.00106923	0.00176923	0.00106154	0.199908	0.112115	0.00416923	0.0539231	0.0336	0.139023	0.0146692	0.0192692	0.0308462	0.0148923	0.00531538	0.166892	0.0167077	0.0376846	0.0200231	0.0172	0.1289	
0.0741615	0.0425923	0.0359769	0.0373692	0.0943615	0.0298538	0.0240462	0.0418385	0	0	0	0	0.0009	0.000461538	0.187846	0.000892308	0.000953846	0.00161538	0.0008	0.186731	0.105638	0.00383077	0.0577615	0.0228692	0.146685	0.00939231	0.0131231	0.0209	0.00990769	0.00341538	0.166223	0.0105538	0.0264231	0.0136154	0.0123538	0.137708	
0.0257231	0.0147385	0.0121692	0.0133615	0.0334	0.00989231	0.00837692	0.0143231	0	0	0	0	0.000369231	0.000269231	0.0650462	0.000307692	0.000338462	0.000538462	0.000292308	0.0648231	0.0370538	0.00126923	0.0198154	0.00785385	0.0504154	0.00361538	0.00453077	0.00743077	0.0034	0.00126923	0.0578154	0.00350769	0.00941538	0.00443846	0.00411538	0.0480231	
0.233077	0.134285	0.1128	0.108392	0.330677	0.0801923	0.0643308	0.113354	0	0	0	0	0.0033	0.00156923	0.580392	0.00329231	0.00318462	0.00568462	0.00302308	0.576662	0.339992	0.0106846	0.122854	0.115023	0.331754	0.0571769	0.0771923	0.122431	0.0875154	0.0320615	0.373185	0.0957923	0.137954	0.0744615	0.0638615	0.312277	
0.0604077	0.0342538	0.0298385	0.0308538	0.0775538	0.0242308	0.0192769	0.0342923	0	0	0	0	0.000753846	0.000423077	0.153438	0.000738462	0.000815385	0.00135385	0.000846154	0.152338	0.0863385	0.00339231	0.0475231	0.0181	0.119354	0.0079	0.0107077	0.0173923	0.00792308	0.00260769	0.135762	0.00906154	0.0217769	0.0114154	0.00998462	0.112177	
0.00219231	0.00117692	0.00104615	0.000907692	0.00273846	0.000723077	0.000692308	0.00116923	0.0009	0.000369231	0.0033	0.000753846	0	0	0	0	1.53846e-05	4.61538e-05	2.30769e-05	0.00523846	0.00317692	0.000153846	0.00119231	0.0008	0.00343846	0.000453846	0.000630769	0.0008	0.000615385	0.000307692	0.00371538	0.000684615	0.00109231	0.000476923	0.000492308	0.00326154	
0.000961538	0.000638462	0.000561538	0.000561538	0.00137692	0.000407692	0.000346154	0.000592308	0.000461538	0.000269231	0.00156923	0.000423077	0	0	0	0	7.69231e-06	1.53846e-05	0	0.0027	0.0015	9.23077e-05	0.000715385	0.000415385	0.00184615	0.000192308	0.000253846	0.000430769	0.000323077	7.69231e-05	0.00204615	0.000276923	0.000446154	0.000353846	0.000192308	0.00173077	
0.388169	0.2229	0.188138	0.187515	0.528954	0.142323	0.114492	0.200954	0.187846	0.0650462	0.580392	0.153438	0	0	0	0	0.00524615	0.0091	0.00490769	0.967469	0.561369	0.0188154	0.2448	0.161738	0.639485	0.0770308	0.104131	0.166077	0.107162	0.0387462	0.723492	0.117323	0.192954	0.102485	0.0891	0.602185	
0.00204615	0.00115385	0.00103846	0.000992308	0.00292308	0.000715385	0.0005	0.00109231	0.000892308	0.000307692	0.00329231	0.000738462	0	0	0	0	2.30769e-05	3.07692e-05	3.07692e-05	0.00514615	0.00297692	0.000115385	0.00124615	0.000892308	0.00343846	0.000407692	0.000538462	0.000846154	0.000646154	0.000223077	0.00373077	0.000630769	0.00107692	0.000615385	0.000530769	0.00300769	
0.00207692	0.0011	0.00100769	0.00110769	0.00272308	0.000823077	0.000676923	0.00106923	0.000953846	0.000338462	0.00318462	0.000815385	1.53846e-05	7.69231e-06	0.00524615	2.30769e-05	0	0	0	0	0.00303077	8.46154e-05	0.00130769	0.000869231	0.00355385	0.000323077	0.000461538	0.000953846	0.0006	0.000223077	0.00380769	0.000661538	0.00114615	0.000553846	0.000469231	0.00312308	
0.00358462	0.00193077	0.00174615	0.00193077	0.00507692	0.00130769	0.00103846	0.00176923	0.00161538	0.000538462	0.00568462	0.00135385	4.61538e-05	1.53846e-05	0.0091	3.07692e-05	0	0	0	0	0.00531538	0.000184615	0.0022	0.00149231	0.00582308	0.000653846	0.00102308	0.00169231	0.00121538	0.000269231	0.00663077	0.00107692	0.00184615	0.000946154	0.000853846	0.00554615	
0.00180769	0.00108462	0.00100769	0.00106154	0.00253077	0.000746154	0.000623077	0.00106154	0.0008	0.000292308	0.00302308	0.000846154	2.30769e-05	0	0.00490769	3.07692e-05	0	0	0	0	0.00302308	0.0001	0.00113077	0.000707692	0.00313846	0.000461538	0.000492308	0.000869231	0.000484615	0.000169231	0.00378462	0.000523077	0.000946154	0.000607692	0.000353846	0.00305385	
0.3859	0.221754	0.187023	0.185877	0.525662	0.141292	0.113692	0.199908	0.186731	0.0648231	0.576662	0.152338	0.00523846	0.0027	0.967469	0.00514615	0	0	0	0	0.557654	0.0188077	0.243315	0.160777	0.635692	0.0766462	0.103577	0.164638	0.106446	0.0386923	0.718762	0.116654	0.191631	0.101823	0.0886385	0.598462	
0.225785	0.128446	0.108715	0.106077	0.314215	0.0791923	0.0635	0.112115	0.105638	0.0370538	0.339992	0.0863385	0.00317692	0.0015	0.561369	0.00297692	0.00303077	0.00531538	0.00302308	0.557654	0	0	0	0	0.350515	0.0487385	0.0651154	0.104654	0.0796154	0.0283615	0.375585	0.0854615	0.114185	0.0610692	0.0528231	0.340946	
0.00751538	0.00453846	0.00344615	0.00367692	0.00977692	0.00279231	0.00243846	0.00416923	0.00383077	0.00126923	0.0106846	0.00339231	0.000153846	9.23077e-05	0.0188154	0.000115385	8.46154e-05	0.000184615	0.0001	0.0188077	0	0	0	0	0.0119923	0.00163077	0.0021	0.00345385	0.00143846	0.000446154	0.0158	0.00149231	0.00345385	0.00205385	0.00161538	0.0120538	
0.0963923	0.0558154	0.0470462	0.0487	0.124608	0.0378	0.0316231	0.0539231	0.0577615	0.0198154	0.122854	0.0475231	0.00119231	0.000715385	0.2448	0.00124615	0.00130769	0.0022	0.00113077	0.243315	0	0	0	0	0.213192	0.00753077	0.0103462	0.0168846	0.0149692	0.00604615	0.208885	0.0180538	0.0450769	0.0236615	0.0204308	0.158785	
0.0636769	0.0370692	0.0315769	0.0315231	0.0873923	0.0243846	0.0184692	0.0336	0.0228692	0.00785385	0.115023	0.0181	0.0008	0.000415385	0.161738	0.000892308	0.000869231	0.00149231	0.000707692	0.160777	0	0	0	0	0.0725077	0.0201846	0.0279923	0.0431615	0.0127231	0.0045	0.132715	0.0139077	0.0328538	0.0171462	0.0154462	0.0984	
0.253169	0.145377	0.122815	0.126846	0.332	0.0978692	0.0793154	0.139023	0.146685	0.0504154	0.331754	0.119354	0.00343846	0.00184615	0.639485	0.00343846	0.00355385	0.00582308	0.00313846	0.635692	0.350515	0.0119923	0.213192	0.0725077	0	0	0	0	0.0637846	0.0228538	0.491392	0.0701769	0.122562	0.0640154	0.0561231	0.405508	
0.0316154	0.0177538	0.0149769	0.0137385	0.0453769	0.0100769	0.00796154	0.0146692	0.00939231	0.00361538	0.0571769	0.0079	0.000453846	0.000192308	0.0770308	0.000407692	0.000323077	0.000653846	0.000461538	0.0766462	0.0487385	0.00163077	0.00753077	0.0201846	0	0	0	0	0.0101077	0.0037	0.0537923	0.0104846	0.0163692	0.00898462	0.00791538	0.0448154	
0.0417462	0.0242462	0.0203308	0.0192308	0.0614538	0.0140308	0.0108	0.0192692	0.0131231	0.00453077	0.0771923	0.0107077	0.000630769	0.000253846	0.104131	0.000538462	0.000461538	0.00102308	0.000492308	0.103577	0.0651154	0.0021	0.0103462	0.0279923	0	0	0	0	0.0136154	0.00503077	0.0723077	0.0146	0.0215846	0.0120538	0.0101385	0.0617769	
0.0668385	0.0384923	0.0326615	0.0301615	0.0971615	0.0221923	0.0179538	0.0308462	0.0209	0.00743077	0.122431	0.0173923	0.0008	0.000430769	0.166077	0.000846154	0.000953846	0.00169231	0.000869231	0.164638	0.104654	0.00345385	0.0168846	0.0431615	0	0	0	0	0.0212385	0.00776923	0.115492	0.0236538	0.0350538	0.0188769	0.0161385	0.0980846	
0.0440769	0.0261769	0.0219692	0.0165231	0.0746462	0.0106769	0.00853077	0.0148923	0.00990769	0.0034	0.0875154	0.00792308	0.000615385	0.000323077	0.107162	0.000646154	0.0006	0.00121538	0.000484615	0.106446	0.0796154	0.00143846	0.0149692	0.0127231	0.0637846	0.0101077	0.0136154	0.0212385	0	0	0	0	0.0286231	0.0154385	0.0137385	0.0509462	
0.0161692	0.0093	0.00788462	0.006	0.0275077	0.00353846	0.00299231	0.00531538	0.00341538	0.00126923	0.0320615	0.00260769	0.000307692	7.69231e-05	0.0387462	0.000223077	0.000223077	0.000269231	0.000169231	0.0386923	0.0283615	0.000446154	0.00604615	0.0045	0.0228538	0.0037	0.00503077	0.00776923	0	0	0	0	0.0105538	0.00589231	0.005	0.0179077	
0.284192	0.163092	0.137192	0.148508	0.352515	0.118462	0.0951154	0.166892	0.166223	0.0578154	0.373185	0.135762	0.00371538	0.00204615	0.723492	0.00373077	0.00380769	0.00663077	0.00378462	0.718762	0.375585	0.0158	0.208885	0.132715	0.491392	0.0537923	0.0723077	0.115492	0	0	0	0	0.124054	0.0653923	0.0566846	0.486854	
0.0489308	0.0273	0.0237385	0.0189462	0.0813231	0.0114923	0.00939231	0.0167077	0.0105538	0.00350769	0.0957923	0.00906154	0.000684615	0.000276923	0.117323	0.000630769	0.000661538	0.00107692	0.000523077	0.116654	0.0854615	0.00149231	0.0180538	0.0139077	0.0701769	0.0104846	0.0146	0.0236538	0	0	0	0	0.0323385	0.0172077	0.0148923	0.0544769	
0.0779	0.0441615	0.0377308	0.0357769	0.108569	0.0279154	0.0214	0.0376846	0.0264231	0.00941538	0.137954	0.0217769	0.00109231	0.000446154	0.192954	0.00107692	0.00114615	0.00184615	0.000946154	0.191631	0.114185	0.00345385	0.0450769	0.0328538	0.122562	0.0163692	0.0215846	0.0350538	0.0286231	0.0105538	0.124054	0.0323385	0	0	0	0	
0.0407385	0.0239769	0.0198769	0.0193385	0.0580154	0.0141692	0.0117231	0.0200231	0.0136154	0.00443846	0.0744615	0.0114154	0.000476923	0.000353846	0.102485	0.000615385	0.000553846	0.000946154	0.000607692	0.101823	0.0610692	0.00205385	0.0236615	0.0171462	0.0640154	0.00898462	0.0120538	0.0188769	0.0154385	0.00589231	0.0653923	0.0172077	0	0	0	0	
0.0361923	0.0200769	0.0172846	0.0167615	0.0506923	0.0125077	0.00991538	0.0172	0.0123538	0.00411538	0.0638615	0.00998462	0.000492308	0.000192308	0.0891	0.000530769	0.000469231	0.000853846	0.000353846	0.0886385	0.0528231	0.00161538	0.0204308	0.0154462	0.0561231	0.00791538	0.0101385	0.0161385	0.0137385	0.005	0.0566846	0.0148923	0	0	0	0	
0.238538	0.137654	0.115892	0.1181	0.318715	0.0895769	0.0729923	0.1289	0.137708	0.0480231	0.312277	0.112177	0.00326154	0.00173077	0.602185	0.00300769	0.00312308	0.00554615	0.00305385	0.598462	0.340946	0.0120538	0.158785	0.0984	0.405508	0.0448154	0.0617769	0.0980846	0.0509462	0.0179077	0.486854	0.0544769	0	0	0	0	
