0	0	0	0	0.237223	0.0481077	0.0387923	0.0681231	0.0754077	0.0264769	0.229731	0.0606308	0.00220769	0.000946154	0.387077	0.00201538	0.00202308	0.00353077	0.00176923	0.384923	0.224569	0.00773846	0.0956769	0.0642615	0.253708	0.0317	0.0402538	0.0665846	0.0441769	0.0156692	0.284146	0.0482538	0.0783077	0.0408308	0.0344769	0.238631	
0	0	0	0	0.135931	0.0275231	0.0223769	0.0395	0.0426077	0.0146231	0.133569	0.0345308	0.00119231	0.000523077	0.222423	0.00119231	0.00116923	0.002	0.000976923	0.221185	0.128485	0.00413077	0.0562615	0.0364538	0.145592	0.0181692	0.0238538	0.0377154	0.0253231	0.00905385	0.162654	0.0283	0.0438538	0.0233308	0.0203846	0.137762	
0	0	0	0	0.115131	0.0229615	0.0192692	0.0335538	0.0364769	0.0127308	0.112654	0.0290538	0.00106154	0.000523077	0.188362	0.000969231	0.000915385	0.00151538	0.000884615	0.1876	0.108823	0.00352308	0.0473385	0.0312308	0.123	0.0149692	0.0203846	0.0325615	0.0213154	0.00768462	0.138554	0.0233615	0.0375615	0.0203308	0.0169846	0.116038	
0	0	0	0	0.0465	0.0448692	0.0367538	0.0633846	0.0379538	0.0138	0.108538	0.0312154	0.000907692	0.000569231	0.189146	0.000884615	0.000953846	0.00171538	0.0008	0.188038	0.106777	0.00347692	0.0497385	0.0315154	0.130615	0.0134308	0.0178077	0.0296538	0.0172154	0.00603846	0.149531	0.0187231	0.0362462	0.0194538	0.0160923	0.119715	
0.237223	0.135931	0.115131	0.0465	0	0	0	0	0.0962769	0.0335308	0.327685	0.0772923	0.00297692	0.0014	0.527692	0.00271538	0.00258462	0.00467692	0.00233077	0.525192	0.314492	0.00979231	0.122977	0.0875231	0.325946	0.0472846	0.0623923	0.0991615	0.0736846	0.0266538	0.352862	0.0815846	0.108315	0.0576	0.0492154	0.319654	
0.0481077	0.0275231	0.0229615	0.0448692	0	0	0	0	0.029	0.0102615	0.0796692	0.0245308	0.000776923	0.000346154	0.141554	0.000784615	0.000746154	0.00132308	0.000584615	0.140808	0.0778	0.0029	0.0392	0.0235615	0.101177	0.00953846	0.0121462	0.0206	0.0101462	0.00372308	0.118269	0.0113231	0.0275692	0.0145077	0.0124077	0.0889769	
0.0387923	0.0223769	0.0192692	0.0367538	0	0	0	0	0.0244538	0.00867692	0.0647769	0.0192846	0.000592308	0.000315385	0.115677	0.000607692	0.000538462	0.00103846	0.000576923	0.115038	0.0641385	0.00227692	0.032	0.0187769	0.0824077	0.00768462	0.00996154	0.0171385	0.00900769	0.00286923	0.0962538	0.00906154	0.0220077	0.0114615	0.00976154	0.0739615	
0.0681231	0.0395	0.0335538	0.0633846	0	0	0	0	0.0427154	0.0151615	0.112362	0.0343231	0.00102308	0.0005	0.202085	0.000953846	0.00119231	0.00172308	0.000938462	0.200708	0.112223	0.0039	0.0548385	0.0336	0.143385	0.0137615	0.0178	0.0296154	0.0151923	0.0052	0.1675	0.0166692	0.0380769	0.0203769	0.0165538	0.129554	
0.0754077	0.0426077	0.0364769	0.0379538	0.0962769	0.029	0.0244538	0.0427154	0	0	0	0	0.000946154	0.000553846	0.189808	0.00113846	0.00102308	0.00160769	0.000938462	0.188877	0.107408	0.00411538	0.0591	0.0218231	0.148992	0.00936923	0.0131231	0.0209615	0.00982308	0.00342308	0.1686	0.0106	0.0270538	0.0137769	0.0123692	0.139246	
0.0264769	0.0146231	0.0127308	0.0138	0.0335308	0.0102615	0.00867692	0.0151615	0	0	0	0	0.000376923	0.000192308	0.0668154	0.000246154	0.000307692	0.000623077	0.000246154	0.0664538	0.0373462	0.00149231	0.0210308	0.00776154	0.0520538	0.00353077	0.00454615	0.0075	0.00348462	0.00124615	0.0592	0.0037	0.00964615	0.00491538	0.00415385	0.0489154	
0.229731	0.133569	0.112654	0.108538	0.327685	0.0796692	0.0647769	0.112362	0	0	0	0	0.00321538	0.00140769	0.577008	0.00286154	0.00303077	0.00520769	0.00249231	0.573762	0.336315	0.0101	0.121469	0.116608	0.331062	0.0573769	0.0746538	0.1214	0.0868308	0.0311077	0.370792	0.0957615	0.138108	0.0734615	0.0617538	0.311169	
0.0606308	0.0345308	0.0290538	0.0312154	0.0772923	0.0245308	0.0192846	0.0343231	0	0	0	0	0.000830769	0.000407692	0.153377	0.000815385	0.0007	0.00132308	0.000753846	0.152654	0.0875846	0.00316154	0.0474154	0.0172692	0.120808	0.00799231	0.00997692	0.0166538	0.00789231	0.00266923	0.136292	0.00857692	0.0211615	0.0117923	0.00966154	0.112815	
0.00220769	0.00119231	0.00106154	0.000907692	0.00297692	0.000776923	0.000592308	0.00102308	0.000946154	0.000376923	0.00321538	0.000830769	0	0	0	0	3.84615e-05	6.15385e-05	3.07692e-05	0.00523846	0.00298462	8.46154e-05	0.00137692	0.000923077	0.00356154	0.000392308	0.000553846	0.000861538	0.000523077	0.0002	0.00390769	0.000738462	0.00118462	0.000553846	0.000484615	0.00314615	
0.000946154	0.000523077	0.000523077	0.000569231	0.0014	0.000346154	0.000315385	0.0005	0.000553846	0.000192308	0.00140769	0.000407692	0	0	0	0	1.53846e-05	0	1.53846e-05	0.00253077	0.00141538	4.61538e-05	0.000646154	0.000453846	0.00163846	0.000192308	0.000330769	0.0004	0.000261538	6.92308e-05	0.00192308	0.000307692	0.000492308	0.000269231	0.000261538	0.00153846	
0.387077	0.222423	0.188362	0.189146	0.527692	0.141554	0.115677	0.202085	0.189808	0.0668154	0.577008	0.153377	0	0	0	0	0.00496923	0.00866154	0.00436923	0.969008	0.5615	0.0186462	0.245615	0.161246	0.644369	0.0773	0.100877	0.164462	0.106792	0.0379462	0.725346	0.116923	0.193269	0.102569	0.0868	0.604369	
0.00201538	0.00119231	0.000969231	0.000884615	0.00271538	0.000784615	0.000607692	0.000953846	0.00113846	0.000246154	0.00286154	0.000815385	0	0	0	0	3.84615e-05	3.84615e-05	1.53846e-05	0.00496923	0.00275385	9.23077e-05	0.00137692	0.000838462	0.00334615	0.000384615	0.000538462	0.000792308	0.000453846	0.000230769	0.00370769	0.000669231	0.00102308	0.000553846	0.000392308	0.00309231	
0.00202308	0.00116923	0.000915385	0.000953846	0.00258462	0.000746154	0.000538462	0.00119231	0.00102308	0.000307692	0.00303077	0.0007	3.84615e-05	1.53846e-05	0.00496923	3.84615e-05	0	0	0	0	0.00297692	8.46154e-05	0.00117692	0.000823077	0.00331538	0.000476923	0.000453846	0.000815385	0.000569231	0.000176923	0.00361538	0.0007	0.000938462	0.000630769	0.0004	0.00309231	
0.00353077	0.002	0.00151538	0.00171538	0.00467692	0.00132308	0.00103846	0.00172308	0.00160769	0.000623077	0.00520769	0.00132308	6.15385e-05	0	0.00866154	3.84615e-05	0	0	0	0	0.00481538	0.000169231	0.00235385	0.00142308	0.00578462	0.0007	0.000761538	0.00151538	0.00111538	0.000292308	0.00633846	0.00101538	0.00169231	0.00110769	0.000738462	0.00522308	
0.00176923	0.000976923	0.000884615	0.0008	0.00233077	0.000584615	0.000576923	0.000938462	0.000938462	0.000246154	0.00249231	0.000753846	3.07692e-05	1.53846e-05	0.00436923	1.53846e-05	0	0	0	0	0.00258462	4.61538e-05	0.00110769	0.000692308	0.00299231	0.000353846	0.000430769	0.000653846	0.000469231	0.000130769	0.00326923	0.000561538	0.000846154	0.000461538	0.000376923	0.00274615	
0.384923	0.221185	0.1876	0.188038	0.525192	0.140808	0.115038	0.200708	0.188877	0.0664538	0.573762	0.152654	0.00523846	0.00253077	0.969008	0.00496923	0	0	0	0	0.558277	0.0185692	0.244377	0.160523	0.640823	0.0767385	0.100654	0.163531	0.105877	0.0378462	0.721662	0.116362	0.192492	0.101746	0.0864231	0.601085	
0.224569	0.128485	0.108823	0.106777	0.314492	0.0778	0.0641385	0.112223	0.107408	0.0373462	0.336315	0.0875846	0.00298462	0.00141538	0.5615	0.00275385	0.00297692	0.00481538	0.00258462	0.558277	0	0	0	0	0.354715	0.0477846	0.0628077	0.103346	0.0788308	0.0275385	0.375815	0.0864692	0.115246	0.0608462	0.0516692	0.340892	
0.00773846	0.00413077	0.00352308	0.00347692	0.00979231	0.0029	0.00227692	0.0039	0.00411538	0.00149231	0.0101	0.00316154	8.46154e-05	4.61538e-05	0.0186462	9.23077e-05	8.46154e-05	0.000169231	4.61538e-05	0.0185692	0	0	0	0	0.0121077	0.00159231	0.00205385	0.00311538	0.00116154	0.000507692	0.0159846	0.00121538	0.00351538	0.0018	0.00151538	0.0120385	
0.0956769	0.0562615	0.0473385	0.0497385	0.122977	0.0392	0.032	0.0548385	0.0591	0.0210308	0.121469	0.0474154	0.00137692	0.000646154	0.245615	0.00137692	0.00117692	0.00235385	0.00110769	0.244377	0	0	0	0	0.215085	0.00776154	0.0100615	0.0161077	0.0156231	0.0055	0.211754	0.0161385	0.0447769	0.0238538	0.0199	0.160485	
0.0642615	0.0364538	0.0312308	0.0315154	0.0875231	0.0235615	0.0187769	0.0336	0.0218231	0.00776154	0.116608	0.0172692	0.000923077	0.000453846	0.161246	0.000838462	0.000823077	0.00142308	0.000692308	0.160523	0	0	0	0	0.0710077	0.0211308	0.0273769	0.0439462	0.0124154	0.0049	0.131331	0.0148154	0.0324308	0.0174462	0.0148538	0.0987308	
0.253708	0.145592	0.123	0.130615	0.325946	0.101177	0.0824077	0.143385	0.148992	0.0520538	0.331062	0.120808	0.00356154	0.00163846	0.644369	0.00334615	0.00331538	0.00578462	0.00299231	0.640823	0.354715	0.0121077	0.215085	0.0710077	0	0	0	0	0.0639538	0.0226846	0.497077	0.0692	0.122746	0.0645077	0.0552231	0.410438	
0.0317	0.0181692	0.0149692	0.0134308	0.0472846	0.00953846	0.00768462	0.0137615	0.00936923	0.00353077	0.0573769	0.00799231	0.000392308	0.000192308	0.0773	0.000384615	0.000476923	0.0007	0.000353846	0.0767385	0.0477846	0.00159231	0.00776154	0.0211308	0	0	0	0	0.00986154	0.0036	0.0538385	0.0109692	0.0168538	0.00884615	0.00706154	0.0455077	
0.0402538	0.0238538	0.0203846	0.0178077	0.0623923	0.0121462	0.00996154	0.0178	0.0131231	0.00454615	0.0746538	0.00997692	0.000553846	0.000330769	0.100877	0.000538462	0.000453846	0.000761538	0.000430769	0.100654	0.0628077	0.00205385	0.0100615	0.0273769	0	0	0	0	0.0131615	0.00465385	0.0698923	0.0145923	0.0214	0.0118385	0.00939231	0.0596692	
0.0665846	0.0377154	0.0325615	0.0296538	0.0991615	0.0206	0.0171385	0.0296154	0.0209615	0.0075	0.1214	0.0166538	0.000861538	0.0004	0.164462	0.000792308	0.000815385	0.00151538	0.000653846	0.163531	0.103346	0.00311538	0.0161077	0.0439462	0	0	0	0	0.0210538	0.00750769	0.114077	0.0238769	0.0349692	0.0187538	0.0162615	0.0965308	
0.0441769	0.0253231	0.0213154	0.0172154	0.0736846	0.0101462	0.00900769	0.0151923	0.00982308	0.00348462	0.0868308	0.00789231	0.000523077	0.000261538	0.106792	0.000453846	0.000569231	0.00111538	0.000469231	0.105877	0.0788308	0.00116154	0.0156231	0.0124154	0.0639538	0.00986154	0.0131615	0.0210538	0	0	0	0	0.0290231	0.0152462	0.0135308	0.0502308	
0.0156692	0.00905385	0.00768462	0.00603846	0.0266538	0.00372308	0.00286923	0.0052	0.00342308	0.00124615	0.0311077	0.00266923	0.0002	6.92308e-05	0.0379462	0.000230769	0.000176923	0.000292308	0.000130769	0.0378462	0.0275385	0.000507692	0.0055	0.0049	0.0226846	0.0036	0.00465385	0.00750769	0	0	0	0	0.0105769	0.00542308	0.00472308	0.0177231	
0.284146	0.162654	0.138554	0.149531	0.352862	0.118269	0.0962538	0.1675	0.1686	0.0592	0.370792	0.136292	0.00390769	0.00192308	0.725346	0.00370769	0.00361538	0.00633846	0.00326923	0.721662	0.375815	0.0159846	0.211754	0.131331	0.497077	0.0538385	0.0698923	0.114077	0	0	0	0	0.124638	0.0664077	0.0556615	0.488177	
0.0482538	0.0283	0.0233615	0.0187231	0.0815846	0.0113231	0.00906154	0.0166692	0.0106	0.0037	0.0957615	0.00857692	0.000738462	0.000307692	0.116923	0.000669231	0.0007	0.00101538	0.000561538	0.116362	0.0864692	0.00121538	0.0161385	0.0148154	0.0692	0.0109692	0.0145923	0.0238769	0	0	0	0	0.0317308	0.0168692	0.0140231	0.0560154	
0.0783077	0.0438538	0.0375615	0.0362462	0.108315	0.0275692	0.0220077	0.0380769	0.0270538	0.00964615	0.138108	0.0211615	0.00118462	0.000492308	0.193269	0.00102308	0.000938462	0.00169231	0.000846154	0.192492	0.115246	0.00351538	0.0447769	0.0324308	0.122746	0.0168538	0.0214	0.0349692	0.0290231	0.0105769	0.124638	0.0317308	0	0	0	0	
0.0408308	0.0233308	0.0203308	0.0194538	0.0576	0.0145077	0.0114615	0.0203769	0.0137769	0.00491538	0.0734615	0.0117923	0.000553846	0.000269231	0.102569	0.000553846	0.000630769	0.00110769	0.000461538	0.101746	0.0608462	0.0018	0.0238538	0.0174462	0.0645077	0.00884615	0.0118385	0.0187538	0.0152462	0.00542308	0.0664077	0.0168692	0	0	0	0	
0.0344769	0.0203846	0.0169846	0.0160923	0.0492154	0.0124077	0.00976154	0.0165538	0.0123692	0.00415385	0.0617538	0.00966154	0.000484615	0.000261538	0.0868	0.000392308	0.0004	0.000738462	0.000376923	0.0864231	0.0516692	0.00151538	0.0199	0.0148538	0.0552231	0.00706154	0.00939231	0.0162615	0.0135308	0.00472308	0.0556615	0.0140231	0	0	0	0	
0.238631	0.137762	0.116038	0.119715	0.319654	0.0889769	0.0739615	0.129554	0.139246	0.0489154	0.311169	0.112815	0.00314615	0.00153846	0.604369	0.00309231	0.00309231	0.00522308	0.00274615	0.601085	0.340892	0.0120385	0.160485	0.0987308	0.410438	0.0455077	0.0596692	0.0965308	0.0502308	0.0177231	0.488177	0.0560154	0	0	0	0	
