0	0	0	0	0.238346	0.0491538	0.0390923	0.0686077	0.0749692	0.0261154	0.232331	0.0617846	0.00202308	0.0013	0.389546	0.00233077	0.00201538	0.00366923	0.00157692	0.387938	0.225708	0.00735385	0.0976231	0.0645154	0.254162	0.0318846	0.0410154	0.0681385	0.0441923	0.0159077	0.286485	0.0486154	0.0784846	0.0418923	0.0349154	0.239908	
0	0	0	0	0.137385	0.0277231	0.0215077	0.0385923	0.0429462	0.0148154	0.133185	0.0342615	0.00110769	0.000676923	0.222269	0.00115385	0.00123846	0.00205385	0.000930769	0.220985	0.128738	0.0042	0.0554615	0.0368077	0.144669	0.0177385	0.0241692	0.0386308	0.0255615	0.00927692	0.162308	0.0280615	0.0440308	0.0236154	0.0200077	0.137554	
0	0	0	0	0.114485	0.0238538	0.0187	0.0326538	0.0361462	0.0121	0.111131	0.0303154	0.000930769	0.000446154	0.187354	0.000961538	0.000984615	0.00188462	0.000884615	0.185938	0.109362	0.00345385	0.0461615	0.0307154	0.122462	0.0150385	0.0199154	0.0322769	0.0215692	0.00751538	0.136815	0.0237923	0.0373385	0.0193692	0.0172077	0.115777	
0	0	0	0	0.0469077	0.0444615	0.0361308	0.0624	0.0382769	0.0133462	0.106877	0.0314	0.0011	0.000615385	0.187223	0.000961538	0.000923077	0.00165385	0.000861538	0.186462	0.106138	0.00386154	0.0491538	0.0307462	0.129608	0.0135615	0.0180692	0.0286615	0.0171231	0.00592308	0.148692	0.0181615	0.0362846	0.0188231	0.0158077	0.118985	
0.238346	0.137385	0.114485	0.0469077	0	0	0	0	0.0959308	0.0326154	0.330254	0.0783231	0.00257692	0.00144615	0.530146	0.00295385	0.00270769	0.00490769	0.00223846	0.527269	0.315546	0.00956923	0.122708	0.0893	0.324415	0.0476692	0.0629385	0.1021	0.0743923	0.0260538	0.354592	0.0820846	0.108808	0.0585308	0.0495231	0.320262	
0.0491538	0.0277231	0.0238538	0.0444615	0	0	0	0	0.0304615	0.0110231	0.0787923	0.0249154	0.000869231	0.000530769	0.142992	0.0008	0.000715385	0.00145385	0.0006	0.142423	0.0803769	0.00308462	0.0388538	0.0228769	0.101908	0.00961538	0.0128	0.0208692	0.0104154	0.00387692	0.119546	0.0113538	0.0271923	0.0138308	0.0118692	0.0923	
0.0390923	0.0215077	0.0187	0.0361308	0	0	0	0	0.0236231	0.00804615	0.0638538	0.0199077	0.0006	0.000307692	0.113962	0.000561538	0.000661538	0.00102308	0.000538462	0.113208	0.0626308	0.00238462	0.0312	0.0192154	0.0815692	0.0078	0.00991538	0.0161462	0.00879231	0.00323077	0.0944308	0.00897692	0.0217538	0.0115846	0.0096	0.0724923	
0.0686077	0.0385923	0.0326538	0.0624	0	0	0	0	0.0423231	0.0146923	0.110623	0.0346154	0.00111538	0.000753846	0.199292	0.00109231	0.00107692	0.00187692	0.000876923	0.198423	0.111392	0.00383077	0.0556385	0.0313923	0.143008	0.0131385	0.0175154	0.0285923	0.0148462	0.00546154	0.165731	0.0162154	0.0383846	0.0197538	0.0169462	0.127169	
0.0749692	0.0429462	0.0361462	0.0382769	0.0959308	0.0304615	0.0236231	0.0423231	0	0	0	0	0.000946154	0.000576923	0.189762	0.00105385	0.000938462	0.0018	0.0008	0.1888	0.107892	0.00408462	0.0591615	0.0212	0.147892	0.00982308	0.0133846	0.0212385	0.00952308	0.00342308	0.168838	0.0105538	0.0271	0.0137077	0.0118538	0.139677	
0.0261154	0.0148154	0.0121	0.0133462	0.0326154	0.0110231	0.00804615	0.0146923	0	0	0	0	0.000369231	0.000253846	0.0654077	0.000346154	0.000276923	0.0007	0.000338462	0.0650615	0.0369923	0.00144615	0.0203769	0.00756154	0.0508769	0.0036	0.00434615	0.00755385	0.00332308	0.00129231	0.0579846	0.00377692	0.00896154	0.00478462	0.00411538	0.0485154	
0.232331	0.133185	0.111131	0.106877	0.330254	0.0787923	0.0638538	0.110623	0	0	0	0	0.003	0.00165385	0.575608	0.00326154	0.0032	0.00529231	0.00241538	0.572615	0.336377	0.00999231	0.120531	0.116623	0.330554	0.0565846	0.0745231	0.121862	0.0875154	0.0311154	0.368931	0.0959615	0.137546	0.0736308	0.0623231	0.310023	
0.0617846	0.0342615	0.0303154	0.0314	0.0783231	0.0249154	0.0199077	0.0346154	0	0	0	0	0.000846154	0.000553846	0.155615	0.000746154	0.000746154	0.00146923	0.0007	0.154846	0.0886846	0.00334615	0.0483308	0.0174	0.121577	0.00821538	0.0109154	0.0170538	0.00808462	0.00279231	0.138546	0.00833846	0.0225308	0.0115769	0.00964615	0.114008	
0.00202308	0.00110769	0.000930769	0.0011	0.00257692	0.000869231	0.0006	0.00111538	0.000946154	0.000369231	0.003	0.000846154	0	0	0	0	1.53846e-05	6.15385e-05	1.53846e-05	0.00506923	0.00293846	4.61538e-05	0.00129231	0.000884615	0.00326923	0.000369231	0.000553846	0.000969231	0.000507692	0.000184615	0.00380769	0.000661538	0.000946154	0.000523077	0.000530769	0.00316154	
0.0013	0.000676923	0.000446154	0.000615385	0.00144615	0.000530769	0.000307692	0.000753846	0.000576923	0.000253846	0.00165385	0.000553846	0	0	0	0	1.53846e-05	1.53846e-05	7.69231e-06	0.003	0.00173077	9.23077e-05	0.000761538	0.000453846	0.00207692	0.000269231	0.000238462	0.000453846	0.000338462	6.92308e-05	0.00226923	0.000361538	0.000507692	0.000346154	0.000323077	0.00186154	
0.389546	0.222269	0.187354	0.187223	0.530146	0.142992	0.113962	0.199292	0.189762	0.0654077	0.575608	0.155615	0	0	0	0	0.00506923	0.00910769	0.00423077	0.967985	0.562354	0.0186	0.245062	0.160377	0.642069	0.0772	0.101785	0.165338	0.107	0.0381692	0.724292	0.116931	0.193562	0.102323	0.0865923	0.603915	
0.00233077	0.00115385	0.000961538	0.000961538	0.00295385	0.0008	0.000561538	0.00109231	0.00105385	0.000346154	0.00326154	0.000746154	0	0	0	0	6.15385e-05	7.69231e-05	0	0.00526923	0.00292308	0.000130769	0.00128462	0.00106923	0.00348462	0.000384615	0.000592308	0.000946154	0.0006	0.0002	0.00393077	0.000676923	0.00112308	0.000507692	0.000492308	0.00328462	
0.00201538	0.00123846	0.000984615	0.000923077	0.00270769	0.000715385	0.000661538	0.00107692	0.000938462	0.000276923	0.0032	0.000746154	1.53846e-05	1.53846e-05	0.00506923	6.15385e-05	0	0	0	0	0.00310769	9.23077e-05	0.00116154	0.0008	0.00349231	0.000330769	0.000569231	0.000769231	0.0006	0.000261538	0.00367692	0.000623077	0.000953846	0.000623077	0.000530769	0.00305385	
0.00366923	0.00205385	0.00188462	0.00165385	0.00490769	0.00145385	0.00102308	0.00187692	0.0018	0.0007	0.00529231	0.00146923	6.15385e-05	1.53846e-05	0.00910769	7.69231e-05	0	0	0	0	0.00533077	0.000176923	0.00237692	0.00137692	0.00618462	0.000661538	0.000776923	0.00163846	0.00100769	0.000323077	0.00684615	0.00108462	0.00163846	0.00113846	0.000707692	0.00577692	
0.00157692	0.000930769	0.000884615	0.000861538	0.00223846	0.0006	0.000538462	0.000876923	0.0008	0.000338462	0.00241538	0.0007	1.53846e-05	7.69231e-06	0.00423077	0	0	0	0	0	0.00246154	0.000123077	0.00102308	0.000646154	0.00284615	0.000392308	0.000438462	0.000576923	0.000507692	0.000153846	0.00312308	0.000469231	0.000815385	0.000453846	0.000330769	0.00265385	
0.387938	0.220985	0.185938	0.186462	0.527269	0.142423	0.113208	0.198423	0.1888	0.0650615	0.572615	0.154846	0.00506923	0.003	0.967985	0.00526923	0	0	0	0	0.559046	0.0184769	0.243838	0.159962	0.638377	0.0768385	0.101385	0.164723	0.106331	0.0378846	0.720654	0.116454	0.192731	0.101485	0.0863692	0.600738	
0.225708	0.128738	0.109362	0.106138	0.315546	0.0803769	0.0626308	0.111392	0.107892	0.0369923	0.336377	0.0886846	0.00293846	0.00173077	0.562354	0.00292308	0.00310769	0.00533077	0.00246154	0.559046	0	0	0	0	0.3562	0.0481	0.0632538	0.102392	0.0787692	0.0279846	0.376415	0.0867769	0.114931	0.0611462	0.0519538	0.341915	
0.00735385	0.0042	0.00345385	0.00386154	0.00956923	0.00308462	0.00238462	0.00383077	0.00408462	0.00144615	0.00999231	0.00334615	4.61538e-05	9.23077e-05	0.0186	0.000130769	9.23077e-05	0.000176923	0.000123077	0.0184769	0	0	0	0	0.0118231	0.00158462	0.00210769	0.00335385	0.00116154	0.000407692	0.0158846	0.00141538	0.00339231	0.00191538	0.0015	0.0120615	
0.0976231	0.0554615	0.0461615	0.0491538	0.122708	0.0388538	0.0312	0.0556385	0.0591615	0.0203769	0.120531	0.0483308	0.00129231	0.000761538	0.245062	0.00128462	0.00116154	0.00237692	0.00102308	0.243838	0	0	0	0	0.213385	0.00776154	0.0107	0.0165538	0.0154154	0.00566923	0.210738	0.0165769	0.0450231	0.0232769	0.0198923	0.160208	
0.0645154	0.0368077	0.0307154	0.0307462	0.0893	0.0228769	0.0192154	0.0313923	0.0212	0.00756154	0.116623	0.0174	0.000884615	0.000453846	0.160377	0.00106923	0.0008	0.00137692	0.000646154	0.159962	0	0	0	0	0.0694923	0.0207769	0.0271077	0.0454077	0.0131	0.00456154	0.131262	0.0138615	0.0327923	0.0173615	0.0145923	0.0980385	
0.254162	0.144669	0.122462	0.129608	0.324415	0.101908	0.0815692	0.143008	0.147892	0.0508769	0.330554	0.121577	0.00326923	0.00207692	0.642069	0.00348462	0.00349231	0.00618462	0.00284615	0.638377	0.3562	0.0118231	0.213385	0.0694923	0	0	0	0	0.0635	0.0224769	0.4958	0.0691231	0.122754	0.0643	0.0548923	0.408954	
0.0318846	0.0177385	0.0150385	0.0135615	0.0476692	0.00961538	0.0078	0.0131385	0.00982308	0.0036	0.0565846	0.00821538	0.000369231	0.000269231	0.0772	0.000384615	0.000330769	0.000661538	0.000392308	0.0768385	0.0481	0.00158462	0.00776154	0.0207769	0	0	0	0	0.0101077	0.00363077	0.0535231	0.0109615	0.0161538	0.00879231	0.00740769	0.0458692	
0.0410154	0.0241692	0.0199154	0.0180692	0.0629385	0.0128	0.00991538	0.0175154	0.0133846	0.00434615	0.0745231	0.0109154	0.000553846	0.000238462	0.101785	0.000592308	0.000569231	0.000776923	0.000438462	0.101385	0.0632538	0.00210769	0.0107	0.0271077	0	0	0	0	0.0131538	0.00453077	0.0708615	0.0146231	0.0217923	0.0115154	0.00986154	0.06	
0.0681385	0.0386308	0.0322769	0.0286615	0.1021	0.0208692	0.0161462	0.0285923	0.0212385	0.00755385	0.121862	0.0170538	0.000969231	0.000453846	0.165338	0.000946154	0.000769231	0.00163846	0.000576923	0.164723	0.102392	0.00335385	0.0165538	0.0454077	0	0	0	0	0.0216846	0.00798462	0.114115	0.0239231	0.0354385	0.0190923	0.0157769	0.0974	
0.0441923	0.0255615	0.0215692	0.0171231	0.0743923	0.0104154	0.00879231	0.0148462	0.00952308	0.00332308	0.0875154	0.00808462	0.000507692	0.000338462	0.107	0.0006	0.0006	0.00100769	0.000507692	0.106331	0.0787692	0.00116154	0.0154154	0.0131	0.0635	0.0101077	0.0131538	0.0216846	0	0	0	0	0.0290846	0.0153769	0.0132	0.0507846	
0.0159077	0.00927692	0.00751538	0.00592308	0.0260538	0.00387692	0.00323077	0.00546154	0.00342308	0.00129231	0.0311154	0.00279231	0.000184615	6.92308e-05	0.0381692	0.0002	0.000261538	0.000323077	0.000153846	0.0378846	0.0279846	0.000407692	0.00566923	0.00456154	0.0224769	0.00363077	0.00453077	0.00798462	0	0	0	0	0.0100077	0.00577692	0.00473846	0.0181	
0.286485	0.162308	0.136815	0.148692	0.354592	0.119546	0.0944308	0.165731	0.168838	0.0579846	0.368931	0.138546	0.00380769	0.00226923	0.724292	0.00393077	0.00367692	0.00684615	0.00312308	0.720654	0.376415	0.0158846	0.210738	0.131262	0.4958	0.0535231	0.0708615	0.114115	0	0	0	0	0.124877	0.0653692	0.0560385	0.488015	
0.0486154	0.0280615	0.0237923	0.0181615	0.0820846	0.0113538	0.00897692	0.0162154	0.0105538	0.00377692	0.0959615	0.00833846	0.000661538	0.000361538	0.116931	0.000676923	0.000623077	0.00108462	0.000469231	0.116454	0.0867769	0.00141538	0.0165769	0.0138615	0.0691231	0.0109615	0.0146231	0.0239231	0	0	0	0	0.0321692	0.0171769	0.0139615	0.0553231	
0.0784846	0.0440308	0.0373385	0.0362846	0.108808	0.0271923	0.0217538	0.0383846	0.0271	0.00896154	0.137546	0.0225308	0.000946154	0.000507692	0.193562	0.00112308	0.000953846	0.00163846	0.000815385	0.192731	0.114931	0.00339231	0.0450231	0.0327923	0.122754	0.0161538	0.0217923	0.0354385	0.0290846	0.0100077	0.124877	0.0321692	0	0	0	0	
0.0418923	0.0236154	0.0193692	0.0188231	0.0585308	0.0138308	0.0115846	0.0197538	0.0137077	0.00478462	0.0736308	0.0115769	0.000523077	0.000346154	0.102323	0.000507692	0.000623077	0.00113846	0.000453846	0.101485	0.0611462	0.00191538	0.0232769	0.0173615	0.0643	0.00879231	0.0115154	0.0190923	0.0153769	0.00577692	0.0653692	0.0171769	0	0	0	0	
0.0349154	0.0200077	0.0172077	0.0158077	0.0495231	0.0118692	0.0096	0.0169462	0.0118538	0.00411538	0.0623231	0.00964615	0.000530769	0.000323077	0.0865923	0.000492308	0.000530769	0.000707692	0.000330769	0.0863692	0.0519538	0.0015	0.0198923	0.0145923	0.0548923	0.00740769	0.00986154	0.0157769	0.0132	0.00473846	0.0560385	0.0139615	0	0	0	0	
0.239908	0.137554	0.115777	0.118985	0.320262	0.0923	0.0724923	0.127169	0.139677	0.0485154	0.310023	0.114008	0.00316154	0.00186154	0.603915	0.00328462	0.00305385	0.00577692	0.00265385	0.600738	0.341915	0.0120615	0.160208	0.0980385	0.408954	0.0458692	0.06	0.0974	0.0507846	0.0181	0.488015	0.0553231	0	0	0	0	
