0	0	0	0	0.20972	0.05015	0.05325	0.05577	0.05725	0.02581	0.23837	0.04746	0.0003	1e-05	0.36853	5e-05	0.00013	0.00387	2e-05	0.36487	0.22224	0.00579	0.1215	0.01936	0.27202	0.02346	0.03757	0.03584	0.03335	0.00932	0.30173	0.02449	0.0503	0.04324	0.0259	0.24945	
0	0	0	0	0.15224	0.03763	0.03787	0.03951	0.04214	0.01845	0.1722	0.03446	0.00014	4e-05	0.26697	0.0001	9e-05	0.00265	1e-05	0.2645	0.16139	0.00397	0.08808	0.01381	0.19593	0.01757	0.02766	0.02609	0.02342	0.00701	0.21901	0.01781	0.03647	0.03145	0.01748	0.18185	
0	0	0	0	0.10734	0.02644	0.02692	0.02884	0.03015	0.01296	0.12199	0.02444	0.00014	0	0.18936	4e-05	0.0001	0.00183	3e-05	0.18758	0.11348	0.00279	0.06382	0.00945	0.13962	0.0129	0.01905	0.01797	0.01693	0.00511	0.1554	0.0121	0.02494	0.02265	0.01292	0.12903	
0	0	0	0	0.05061	0.0401	0.04053	0.04308	0.02654	0.01267	0.11241	0.0227	0.00019	1e-05	0.17412	0	0.0001	0.00162	4e-05	0.17256	0.1043	0.00238	0.05826	0.00938	0.12803	0.01151	0.01789	0.01689	0.01512	0.00424	0.14333	0.01163	0.0236	0.02055	0.01169	0.11848	
0.20972	0.15224	0.10734	0.05061	0	0	0	0	0.08071	0.0357	0.33637	0.06713	0.0004	3e-05	0.51937	0.00011	0.00018	0.00514	3e-05	0.51456	0.31289	0.00777	0.17282	0.02643	0.38211	0.0341	0.0535	0.0502	0.04626	0.01315	0.42633	0.03417	0.07047	0.06118	0.03546	0.3528	
0.05015	0.03763	0.02644	0.0401	0	0	0	0	0.02424	0.01071	0.09943	0.01994	0.00012	2e-05	0.15416	2e-05	5e-05	0.00168	4e-05	0.15255	0.09369	0.00217	0.05021	0.00825	0.11426	0.0099	0.01529	0.01487	0.01387	0.00421	0.12604	0.0102	0.02082	0.01861	0.0105	0.10439	
0.05325	0.03787	0.02692	0.04053	0	0	0	0	0.02445	0.01156	0.10242	0.02014	0.0001	1e-05	0.15842	4e-05	8e-05	0.00147	1e-05	0.15701	0.0952	0.00253	0.0525	0.00834	0.11708	0.01029	0.01602	0.01518	0.01358	0.00394	0.12983	0.01122	0.02118	0.01823	0.01101	0.10815	
0.05577	0.03951	0.02884	0.04308	0	0	0	0	0.02668	0.01192	0.10675	0.02185	0.00015	0	0.16703	2e-05	0.00011	0.00168	2e-05	0.16539	0.09963	0.00246	0.05613	0.00898	0.12215	0.01115	0.01736	0.01654	0.01511	0.00438	0.13727	0.01044	0.02284	0.01987	0.01102	0.11347	
0.05725	0.04214	0.03015	0.02654	0.08071	0.02424	0.02445	0.02668	0	0	0	0	0.00012	2e-05	0.15591	3e-05	6e-05	0.00168	2e-05	0.15432	0.09	0.00233	0.05538	0.00837	0.11516	0.01039	0.01591	0.01462	0.01208	0.00343	0.13134	0.00923	0.01398	0.01205	0.00696	0.12309	
0.02581	0.01845	0.01296	0.01267	0.0357	0.01071	0.01156	0.01192	0	0	0	0	3e-05	0	0.06985	1e-05	4e-05	0.00073	1e-05	0.06911	0.04099	0.00129	0.02402	0.00359	0.05066	0.00504	0.00708	0.00711	0.00531	0.00158	0.05894	0.00406	0.00662	0.00559	0.00311	0.05457	
0.23837	0.1722	0.12199	0.11241	0.33637	0.09943	0.10242	0.10675	0	0	0	0	0.00049	2e-05	0.64432	0.00014	0.00026	0.00625	6e-05	0.6384	0.39541	0.00927	0.20722	0.03307	0.4748	0.04185	0.06587	0.06245	0.06108	0.01792	0.52045	0.04552	0.10296	0.0899	0.05205	0.40006	
0.04746	0.03446	0.02444	0.0227	0.06713	0.01994	0.02014	0.02185	0	0	0	0	0.00013	2e-05	0.1289	1e-05	6e-05	0.00131	1e-05	0.12768	0.07501	0.00204	0.04504	0.00697	0.09498	0.00816	0.01331	0.01261	0.01035	0.00275	0.10874	0.00722	0.01175	0.01035	0.00587	0.10109	
0.0003	0.00014	0.00014	0.00019	0.0004	0.00012	0.0001	0.00015	0.00012	3e-05	0.00049	0.00013	0	0	0	0	0	1e-05	0	0.00076	0.00054	0	0.00017	6e-05	0.00056	3e-05	8e-05	0.0001	8e-05	2e-05	0.00062	5e-05	0.00012	8e-05	6e-05	0.00051	
1e-05	4e-05	0	1e-05	3e-05	2e-05	1e-05	0	2e-05	0	2e-05	2e-05	0	0	0	0	0	0	0	6e-05	5e-05	0	1e-05	0	4e-05	0	1e-05	1e-05	1e-05	0	5e-05	0	1e-05	0	0	5e-05	
0.36853	0.26697	0.18936	0.17412	0.51937	0.15416	0.15842	0.16703	0.15591	0.06985	0.64432	0.1289	0	0	0	0	0.00042	0.00996	0.0001	0.9885	0.60071	0.01493	0.33145	0.05189	0.73485	0.06537	0.10208	0.09668	0.08872	0.02565	0.81864	0.06597	0.13516	0.11779	0.06792	0.67811	
5e-05	0.0001	4e-05	0	0.00011	2e-05	4e-05	2e-05	3e-05	1e-05	0.00014	1e-05	0	0	0	0	0	0	0	0.00019	0.00011	0	3e-05	5e-05	0.00015	4e-05	0	0	1e-05	1e-05	0.00016	1e-05	2e-05	2e-05	1e-05	0.00014	
0.00013	9e-05	0.0001	0.0001	0.00018	5e-05	8e-05	0.00011	6e-05	4e-05	0.00026	6e-05	0	0	0.00042	0	0	0	0	0	0.00029	2e-05	9e-05	2e-05	0.0003	4e-05	5e-05	3e-05	3e-05	3e-05	0.00028	8e-05	5e-05	4e-05	6e-05	0.00027	
0.00387	0.00265	0.00183	0.00162	0.00514	0.00168	0.00147	0.00168	0.00168	0.00073	0.00625	0.00131	1e-05	0	0.00996	0	0	0	0	0	0.00588	8e-05	0.00342	0.00059	0.00739	0.00068	0.00097	0.00093	0.00088	0.0003	0.00808	0.00071	0.00121	0.00097	0.00072	0.00707	
2e-05	1e-05	3e-05	4e-05	3e-05	4e-05	1e-05	2e-05	2e-05	1e-05	6e-05	1e-05	0	0	0.0001	0	0	0	0	0	5e-05	0	5e-05	0	8e-05	1e-05	1e-05	0	0	0	0.0001	0	2e-05	2e-05	0	6e-05	
0.36487	0.2645	0.18758	0.17256	0.51456	0.15255	0.15701	0.16539	0.15432	0.06911	0.6384	0.12768	0.00076	6e-05	0.9885	0.00019	0	0	0	0	0.59519	0.01483	0.3281	0.05139	0.72783	0.06471	0.10114	0.09583	0.08791	0.02535	0.81101	0.06524	0.13403	0.11686	0.06721	0.67141	
0.22224	0.16139	0.11348	0.1043	0.31289	0.09369	0.0952	0.09963	0.09	0.04099	0.39541	0.07501	0.00054	5e-05	0.60071	0.00011	0.00029	0.00588	5e-05	0.59519	0	0	0	0	0.44147	0.03942	0.06236	0.05816	0.07243	0.02137	0.45408	0.05353	0.09752	0.08538	0.04965	0.36886	
0.00579	0.00397	0.00279	0.00238	0.00777	0.00217	0.00253	0.00246	0.00233	0.00129	0.00927	0.00204	0	0	0.01493	0	2e-05	8e-05	0	0.01483	0	0	0	0	0.01131	0.00085	0.00145	0.00132	0.00054	0.0002	0.01376	0.00043	0.00138	0.00121	0.00063	0.01171	
0.1215	0.08808	0.06382	0.05826	0.17282	0.05021	0.0525	0.05613	0.05538	0.02402	0.20722	0.04504	0.00017	1e-05	0.33145	3e-05	9e-05	0.00342	5e-05	0.3281	0	0	0	0	0.24418	0.02182	0.03335	0.03231	0.01362	0.00359	0.30418	0.01027	0.03162	0.02687	0.01519	0.25798	
0.01936	0.01381	0.00945	0.00938	0.02643	0.00825	0.00834	0.00898	0.00837	0.00359	0.03307	0.00697	6e-05	0	0.05189	5e-05	2e-05	0.00059	0	0.05139	0	0	0	0	0.03864	0.00335	0.00501	0.005	0.00223	0.00052	0.04745	0.0018	0.00479	0.00443	0.00252	0.04026	
0.27202	0.19593	0.13962	0.12803	0.38211	0.11426	0.11708	0.12215	0.11516	0.05066	0.4748	0.09498	0.00056	4e-05	0.73485	0.00015	0.0003	0.00739	8e-05	0.72783	0.44147	0.01131	0.24418	0.03864	0	0	0	0	0.06578	0.01911	0.60236	0.04835	0.09905	0.08738	0.04916	0.50001	
0.02346	0.01757	0.0129	0.01151	0.0341	0.0099	0.01029	0.01115	0.01039	0.00504	0.04185	0.00816	3e-05	0	0.06537	4e-05	4e-05	0.00068	1e-05	0.06471	0.03942	0.00085	0.02182	0.00335	0	0	0	0	0.00557	0.00163	0.05386	0.00438	0.00913	0.00758	0.00455	0.04418	
0.03757	0.02766	0.01905	0.01789	0.0535	0.01529	0.01602	0.01736	0.01591	0.00708	0.06587	0.01331	8e-05	1e-05	0.10208	0	5e-05	0.00097	1e-05	0.10114	0.06236	0.00145	0.03335	0.00501	0	0	0	0	0.00881	0.00273	0.08388	0.00675	0.01416	0.01173	0.00732	0.06896	
0.03584	0.02609	0.01797	0.01689	0.0502	0.01487	0.01518	0.01654	0.01462	0.00711	0.06245	0.01261	0.0001	1e-05	0.09668	0	3e-05	0.00093	0	0.09583	0.05816	0.00132	0.03231	0.005	0	0	0	0	0.00866	0.00221	0.07937	0.00655	0.01297	0.0112	0.00696	0.06566	
0.03335	0.02342	0.01693	0.01512	0.04626	0.01387	0.01358	0.01511	0.01208	0.00531	0.06108	0.01035	8e-05	1e-05	0.08872	1e-05	3e-05	0.00088	0	0.08791	0.07243	0.00054	0.01362	0.00223	0.06578	0.00557	0.00881	0.00866	0	0	0	0	0.02065	0.01752	0.01026	0.04039	
0.00932	0.00701	0.00511	0.00424	0.01315	0.00421	0.00394	0.00438	0.00343	0.00158	0.01792	0.00275	2e-05	0	0.02565	1e-05	3e-05	0.0003	0	0.02535	0.02137	0.0002	0.00359	0.00052	0.01911	0.00163	0.00273	0.00221	0	0	0	0	0.00582	0.00527	0.00322	0.01137	
0.30173	0.21901	0.1554	0.14333	0.42633	0.12604	0.12983	0.13727	0.13134	0.05894	0.52045	0.10874	0.00062	5e-05	0.81864	0.00016	0.00028	0.00808	0.0001	0.81101	0.45408	0.01376	0.30418	0.04745	0.60236	0.05386	0.08388	0.07937	0	0	0	0	0.09322	0.08181	0.04735	0.59709	
0.02449	0.01781	0.0121	0.01163	0.03417	0.0102	0.01122	0.01044	0.00923	0.00406	0.04552	0.00722	5e-05	0	0.06597	1e-05	8e-05	0.00071	0	0.06524	0.05353	0.00043	0.01027	0.0018	0.04835	0.00438	0.00675	0.00655	0	0	0	0	0.01562	0.01329	0.00716	0.02996	
0.0503	0.03647	0.02494	0.0236	0.07047	0.02082	0.02118	0.02284	0.01398	0.00662	0.10296	0.01175	0.00012	1e-05	0.13516	2e-05	5e-05	0.00121	2e-05	0.13403	0.09752	0.00138	0.03162	0.00479	0.09905	0.00913	0.01416	0.01297	0.02065	0.00582	0.09322	0.01562	0	0	0	0	
0.04324	0.03145	0.02265	0.02055	0.06118	0.01861	0.01823	0.01987	0.01205	0.00559	0.0899	0.01035	8e-05	0	0.11779	2e-05	4e-05	0.00097	2e-05	0.11686	0.08538	0.00121	0.02687	0.00443	0.08738	0.00758	0.01173	0.0112	0.01752	0.00527	0.08181	0.01329	0	0	0	0	
0.0259	0.01748	0.01292	0.01169	0.03546	0.0105	0.01101	0.01102	0.00696	0.00311	0.05205	0.00587	6e-05	0	0.06792	1e-05	6e-05	0.00072	0	0.06721	0.04965	0.00063	0.01519	0.00252	0.04916	0.00455	0.00732	0.00696	0.01026	0.00322	0.04735	0.00716	0	0	0	0	
0.24945	0.18185	0.12903	0.11848	0.3528	0.10439	0.10815	0.11347	0.12309	0.05457	0.40006	0.10109	0.00051	5e-05	0.67811	0.00014	0.00027	0.00707	6e-05	0.67141	0.36886	0.01171	0.25798	0.04026	0.50001	0.04418	0.06896	0.06566	0.04039	0.01137	0.59709	0.02996	0	0	0	0	
