0	0	0	0	0.2098	0.05163	0.05329	0.05511	0.05944	0.02582	0.2377	0.04687	0.00026	1e-05	0.3695	6e-05	0.0002	0.00369	0.00012	0.36582	0.22287	0.00492	0.1229	0.01914	0.27352	0.02447	0.03651	0.03533	0.0328	0.0095	0.30314	0.02439	0.05061	0.04389	0.02428	0.25105	
0	0	0	0	0.14845	0.03672	0.03843	0.04029	0.04263	0.01861	0.16923	0.03342	0.00021	0	0.26366	2e-05	0.00012	0.00233	9e-05	0.26135	0.15831	0.00345	0.08816	0.01397	0.19546	0.01723	0.02656	0.02464	0.02289	0.00713	0.2174	0.01647	0.03562	0.03067	0.01768	0.17992	
0	0	0	0	0.10752	0.0255	0.02693	0.02912	0.02927	0.01329	0.12202	0.02449	0.00017	1e-05	0.18882	7e-05	7e-05	0.00181	4e-05	0.18715	0.11402	0.0028	0.0621	0.01015	0.13984	0.0123	0.01888	0.01805	0.01656	0.00505	0.15507	0.01239	0.0259	0.0229	0.01247	0.1278	
0	0	0	0	0.05061	0.0403	0.04287	0.04343	0.02813	0.01284	0.11334	0.0229	0.00013	1e-05	0.17703	4e-05	6e-05	0.00171	2e-05	0.17542	0.10673	0.00263	0.05871	0.00914	0.13006	0.012	0.01795	0.0172	0.01573	0.00453	0.14571	0.01124	0.02421	0.02118	0.01164	0.12018	
0.2098	0.14845	0.10752	0.05061	0	0	0	0	0.0831	0.03601	0.33221	0.06506	0.00044	3e-05	0.51583	8e-05	0.00021	0.0048	0.0002	0.51117	0.31136	0.00709	0.17092	0.02701	0.38165	0.03421	0.05174	0.04878	0.04451	0.01379	0.42505	0.03303	0.06994	0.06261	0.03449	0.34934	
0.05163	0.03672	0.0255	0.0403	0	0	0	0	0.0252	0.01094	0.09853	0.01948	0.00013	0	0.15399	3e-05	5e-05	0.00171	2e-05	0.15237	0.09349	0.00202	0.05098	0.00766	0.11339	0.01043	0.01547	0.01486	0.01413	0.00386	0.12601	0.01015	0.0208	0.01805	0.01002	0.10528	
0.05329	0.03843	0.02693	0.04287	0	0	0	0	0.02553	0.01158	0.10263	0.02178	8e-05	0	0.16141	3e-05	0.00011	0.00144	1e-05	0.15996	0.09716	0.00239	0.05346	0.00851	0.11956	0.01063	0.01624	0.01509	0.01457	0.00392	0.13284	0.01019	0.02257	0.01842	0.01076	0.10977	
0.05511	0.04029	0.02912	0.04343	0	0	0	0	0.02564	0.01203	0.10892	0.02136	0.00012	0	0.16778	5e-05	8e-05	0.00159	4e-05	0.16624	0.09992	0.0023	0.05651	0.00922	0.12428	0.01073	0.01645	0.01649	0.01477	0.00464	0.13742	0.01112	0.02303	0.01956	0.0108	0.11456	
0.05944	0.04263	0.02927	0.02813	0.0831	0.0252	0.02553	0.02564	0	0	0	0	7e-05	2e-05	0.15934	4e-05	8e-05	0.00161	7e-05	0.15771	0.09341	0.00225	0.05523	0.00858	0.11895	0.01051	0.01543	0.01458	0.01231	0.0036	0.13471	0.00885	0.01455	0.01211	0.00714	0.12567	
0.02582	0.01861	0.01329	0.01284	0.03601	0.01094	0.01158	0.01203	0	0	0	0	3e-05	0	0.07051	2e-05	3e-05	0.00065	2e-05	0.06986	0.04117	0.00089	0.0248	0.0037	0.05198	0.00467	0.00714	0.00677	0.00548	0.00144	0.05942	0.00422	0.00629	0.00563	0.00313	0.05551	
0.2377	0.16923	0.12202	0.11334	0.33221	0.09853	0.10263	0.10892	0	0	0	0	0.00061	1e-05	0.64158	9e-05	0.0003	0.00599	0.00013	0.63587	0.39145	0.00869	0.20863	0.03352	0.47344	0.04257	0.06474	0.06154	0.06033	0.01828	0.51982	0.04386	0.10327	0.0904	0.05025	0.39837	
0.04687	0.03342	0.02449	0.0229	0.06506	0.01948	0.02178	0.02136	0	0	0	0	6e-05	0	0.12758	4e-05	4e-05	0.00129	5e-05	0.1263	0.0759	0.00197	0.04321	0.0066	0.09451	0.00825	0.01259	0.01233	0.00986	0.00289	0.10737	0.00756	0.01223	0.0105	0.00555	0.0994	
0.00026	0.00021	0.00017	0.00013	0.00044	0.00013	8e-05	0.00012	7e-05	3e-05	0.00061	6e-05	0	0	0	0	0	2e-05	0	0.00075	0.00042	1e-05	0.00029	5e-05	0.00057	2e-05	7e-05	0.00011	7e-05	1e-05	0.00063	6e-05	0.00011	0.00015	6e-05	0.00045	
1e-05	0	1e-05	1e-05	3e-05	0	0	0	2e-05	0	1e-05	0	0	0	0	0	0	0	0	3e-05	1e-05	0	2e-05	0	2e-05	0	1e-05	0	0	0	3e-05	0	2e-05	0	0	1e-05	
0.3695	0.26366	0.18882	0.17703	0.51583	0.15399	0.16141	0.16778	0.15934	0.07051	0.64158	0.12758	0	0	0	0	0.00045	0.00952	0.00027	0.98877	0.60139	0.01379	0.33148	0.05235	0.73819	0.06594	0.09978	0.0951	0.0879	0.02619	0.82049	0.06443	0.1362	0.11848	0.06599	0.67834	
6e-05	2e-05	7e-05	4e-05	8e-05	3e-05	3e-05	5e-05	4e-05	2e-05	9e-05	4e-05	0	0	0	0	0	0	0	0.00019	0.00011	0	8e-05	0	0.0001	4e-05	4e-05	1e-05	1e-05	1e-05	0.00017	0	1e-05	1e-05	2e-05	0.00015	
0.0002	0.00012	7e-05	6e-05	0.00021	5e-05	0.00011	8e-05	8e-05	3e-05	0.0003	4e-05	0	0	0.00045	0	0	0	0	0	0.00023	1e-05	0.00018	3e-05	0.00034	2e-05	5e-05	4e-05	2e-05	2e-05	0.0004	1e-05	7e-05	7e-05	1e-05	0.0003	
0.00369	0.00233	0.00181	0.00171	0.0048	0.00171	0.00144	0.00159	0.00161	0.00065	0.00599	0.00129	2e-05	0	0.00952	0	0	0	0	0	0.00572	0.00014	0.00313	0.00055	0.00693	0.00064	0.00099	0.00098	0.00083	0.00031	0.00778	0.00062	0.0013	0.00112	0.00076	0.00636	
0.00012	9e-05	4e-05	2e-05	0.0002	2e-05	1e-05	4e-05	7e-05	2e-05	0.00013	5e-05	0	0	0.00027	0	0	0	0	0	0.00019	1e-05	6e-05	1e-05	0.0002	2e-05	2e-05	3e-05	4e-05	0	0.00021	2e-05	4e-05	4e-05	2e-05	0.00017	
0.36582	0.26135	0.18715	0.17542	0.51117	0.15237	0.15996	0.16624	0.15771	0.06986	0.63587	0.1263	0.00075	3e-05	0.98877	0.00019	0	0	0	0	0.59579	0.01364	0.3285	0.05181	0.73141	0.06532	0.09884	0.09417	0.08709	0.02588	0.81293	0.06384	0.13493	0.11741	0.06528	0.67212	
0.22287	0.15831	0.11402	0.10673	0.31136	0.09349	0.09716	0.09992	0.09341	0.04117	0.39145	0.0759	0.00042	1e-05	0.60139	0.00011	0.00023	0.00572	0.00019	0.59579	0	0	0	0	0.44364	0.03997	0.06098	0.05734	0.07214	0.0212	0.45582	0.05277	0.09827	0.08572	0.04721	0.37073	
0.00492	0.00345	0.0028	0.00263	0.00709	0.00202	0.00239	0.0023	0.00225	0.00089	0.00869	0.00197	1e-05	0	0.01379	0	1e-05	0.00014	1e-05	0.01364	0	0	0	0	0.01006	0.00094	0.00134	0.00146	0.00047	0.00019	0.01276	0.00038	0.00131	0.00113	0.00075	0.01061	
0.1229	0.08816	0.0621	0.05871	0.17092	0.05098	0.05346	0.05651	0.05523	0.0248	0.20863	0.04321	0.00029	2e-05	0.33148	8e-05	0.00018	0.00313	6e-05	0.3285	0	0	0	0	0.24646	0.02164	0.03227	0.0315	0.01319	0.00415	0.3046	0.00993	0.03201	0.02752	0.01534	0.257	
0.01914	0.01397	0.01015	0.00914	0.02701	0.00766	0.00851	0.00922	0.00858	0.0037	0.03352	0.0066	5e-05	0	0.05235	0	3e-05	0.00055	1e-05	0.05181	0	0	0	0	0.03872	0.00345	0.00531	0.00492	0.00218	0.00067	0.04814	0.00141	0.00475	0.00427	0.00277	0.04061	
0.27352	0.19546	0.13984	0.13006	0.38165	0.11339	0.11956	0.12428	0.11895	0.05198	0.47344	0.09451	0.00057	2e-05	0.73819	0.0001	0.00034	0.00693	0.0002	0.73141	0.44364	0.01006	0.24646	0.03872	0	0	0	0	0.0652	0.01936	0.60675	0.04757	0.10075	0.08779	0.04869	0.50165	
0.02447	0.01723	0.0123	0.012	0.03421	0.01043	0.01063	0.01073	0.01051	0.00467	0.04257	0.00825	2e-05	0	0.06594	4e-05	2e-05	0.00064	2e-05	0.06532	0.03997	0.00094	0.02164	0.00345	0	0	0	0	0.0057	0.00177	0.05447	0.00406	0.00892	0.00793	0.00457	0.04458	
0.03651	0.02656	0.01888	0.01795	0.05174	0.01547	0.01624	0.01645	0.01543	0.00714	0.06474	0.01259	7e-05	1e-05	0.09978	4e-05	5e-05	0.00099	2e-05	0.09884	0.06098	0.00134	0.03227	0.00531	0	0	0	0	0.00872	0.00275	0.08207	0.00636	0.01393	0.01161	0.00616	0.0682	
0.03533	0.02464	0.01805	0.0172	0.04878	0.01486	0.01509	0.01649	0.01458	0.00677	0.06154	0.01233	0.00011	0	0.0951	1e-05	4e-05	0.00098	3e-05	0.09417	0.05734	0.00146	0.0315	0.00492	0	0	0	0	0.00836	0.00233	0.07803	0.0065	0.01274	0.01131	0.00665	0.06452	
0.0328	0.02289	0.01656	0.01573	0.04451	0.01413	0.01457	0.01477	0.01231	0.00548	0.06033	0.00986	7e-05	0	0.0879	1e-05	2e-05	0.00083	4e-05	0.08709	0.07214	0.00047	0.01319	0.00218	0.0652	0.0057	0.00872	0.00836	0	0	0	0	0.02063	0.01754	0.0102	0.03961	
0.0095	0.00713	0.00505	0.00453	0.01379	0.00386	0.00392	0.00464	0.0036	0.00144	0.01828	0.00289	1e-05	0	0.02619	1e-05	2e-05	0.00031	0	0.02588	0.0212	0.00019	0.00415	0.00067	0.01936	0.00177	0.00275	0.00233	0	0	0	0	0.00609	0.00522	0.00301	0.01189	
0.30314	0.2174	0.15507	0.14571	0.42505	0.12601	0.13284	0.13742	0.13471	0.05942	0.51982	0.10737	0.00063	3e-05	0.82049	0.00017	0.0004	0.00778	0.00021	0.81293	0.45582	0.01276	0.3046	0.04814	0.60675	0.05447	0.08207	0.07803	0	0	0	0	0.0948	0.08233	0.04557	0.59862	
0.02439	0.01647	0.01239	0.01124	0.03303	0.01015	0.01019	0.01112	0.00885	0.00422	0.04386	0.00756	6e-05	0	0.06443	0	1e-05	0.00062	2e-05	0.06384	0.05277	0.00038	0.00993	0.00141	0.04757	0.00406	0.00636	0.0065	0	0	0	0	0.01482	0.01355	0.00729	0.02883	
0.05061	0.03562	0.0259	0.02421	0.06994	0.0208	0.02257	0.02303	0.01455	0.00629	0.10327	0.01223	0.00011	2e-05	0.1362	1e-05	7e-05	0.0013	4e-05	0.13493	0.09827	0.00131	0.03201	0.00475	0.10075	0.00892	0.01393	0.01274	0.02063	0.00609	0.0948	0.01482	0	0	0	0	
0.04389	0.03067	0.0229	0.02118	0.06261	0.01805	0.01842	0.01956	0.01211	0.00563	0.0904	0.0105	0.00015	0	0.11848	1e-05	7e-05	0.00112	4e-05	0.11741	0.08572	0.00113	0.02752	0.00427	0.08779	0.00793	0.01161	0.01131	0.01754	0.00522	0.08233	0.01355	0	0	0	0	
0.02428	0.01768	0.01247	0.01164	0.03449	0.01002	0.01076	0.0108	0.00714	0.00313	0.05025	0.00555	6e-05	0	0.06599	2e-05	1e-05	0.00076	2e-05	0.06528	0.04721	0.00075	0.01534	0.00277	0.04869	0.00457	0.00616	0.00665	0.0102	0.00301	0.04557	0.00729	0	0	0	0	
0.25105	0.17992	0.1278	0.12018	0.34934	0.10528	0.10977	0.11456	0.12567	0.05551	0.39837	0.0994	0.00045	1e-05	0.67834	0.00015	0.0003	0.00636	0.00017	0.67212	0.37073	0.01061	0.257	0.04061	0.50165	0.04458	0.0682	0.06452	0.03961	0.01189	0.59862	0.02883	0	0	0	0	
