0	0	0	0	0.20833	0.05121	0.05327	0.05548	0.05824	0.02552	0.2356	0.04893	0.00031	1e-05	0.36788	9e-05	0.00015	0.00357	7e-05	0.3645	0.21956	0.00569	0.12357	0.01947	0.27134	0.02447	0.03671	0.03577	0.0321	0.01003	0.30262	0.02354	0.0496	0.04222	0.02471	0.25176	
0	0	0	0	0.15179	0.03703	0.03816	0.03985	0.04095	0.01802	0.17268	0.03518	0.00023	3e-05	0.26655	2e-05	7e-05	0.0021	4e-05	0.26462	0.15998	0.00403	0.08888	0.01394	0.19726	0.01706	0.02652	0.02599	0.02334	0.00737	0.21809	0.01803	0.03627	0.03178	0.01825	0.18053	
0	0	0	0	0.10663	0.02529	0.02712	0.02747	0.02969	0.01336	0.11864	0.02482	0.00016	2e-05	0.18631	2e-05	5e-05	0.00177	5e-05	0.18464	0.11228	0.00247	0.06152	0.01024	0.13775	0.01261	0.01876	0.01739	0.01624	0.00487	0.15346	0.01194	0.02459	0.0223	0.0128	0.12682	
0	0	0	0	0.05144	0.04081	0.04209	0.04403	0.02814	0.0126	0.11384	0.02379	0.0001	0	0.17826	1e-05	4e-05	0.00167	4e-05	0.17662	0.10692	0.00264	0.05932	0.00949	0.13142	0.01171	0.01803	0.01721	0.01564	0.00474	0.14628	0.01171	0.02466	0.02051	0.01187	0.12133	
0.20833	0.15179	0.10663	0.05144	0	0	0	0	0.08114	0.03609	0.33264	0.06832	0.0004	4e-05	0.51768	7e-05	0.00018	0.00484	0.0001	0.51307	0.31067	0.00744	0.17264	0.02744	0.38277	0.03353	0.05145	0.05044	0.04544	0.01379	0.42503	0.03393	0.06958	0.06201	0.03466	0.35194	
0.05121	0.03703	0.02529	0.04081	0	0	0	0	0.02416	0.01058	0.09881	0.02079	0.00016	2e-05	0.15415	1e-05	3e-05	0.00145	2e-05	0.15284	0.09193	0.00237	0.05158	0.00846	0.11371	0.01044	0.01602	0.01417	0.0132	0.00423	0.12669	0.01022	0.02118	0.01709	0.01089	0.10518	
0.05327	0.03816	0.02712	0.04209	0	0	0	0	0.02575	0.01111	0.10228	0.0215	0.00017	0	0.16046	1e-05	5e-05	0.00131	5e-05	0.15923	0.0959	0.0024	0.05376	0.00858	0.11846	0.0109	0.01579	0.01549	0.0135	0.00456	0.13186	0.01072	0.0213	0.01828	0.01145	0.10961	
0.05548	0.03985	0.02747	0.04403	0	0	0	0	0.02597	0.01172	0.10703	0.02211	7e-05	0	0.16671	5e-05	5e-05	0.00151	3e-05	0.16524	0.10024	0.00262	0.05531	0.00866	0.12283	0.01098	0.01676	0.01626	0.01518	0.00443	0.13687	0.01035	0.02306	0.01943	0.01063	0.11371	
0.05824	0.04095	0.02969	0.02814	0.08114	0.02416	0.02575	0.02597	0	0	0	0	0.00017	2e-05	0.15681	2e-05	6e-05	0.00136	4e-05	0.15556	0.09139	0.00248	0.05422	0.00893	0.11648	0.0099	0.01591	0.01473	0.01252	0.00398	0.13161	0.00891	0.01425	0.01185	0.00744	0.12348	
0.02552	0.01802	0.01336	0.0126	0.03609	0.01058	0.01111	0.01172	0	0	0	0	6e-05	0	0.06943	1e-05	1e-05	0.00076	1e-05	0.06872	0.04048	0.00107	0.0242	0.00375	0.0516	0.00438	0.00697	0.00655	0.0052	0.00174	0.05829	0.00427	0.00605	0.00559	0.0033	0.05456	
0.2356	0.17268	0.11864	0.11384	0.33264	0.09881	0.10228	0.10703	0	0	0	0	0.00048	4e-05	0.64015	9e-05	0.00023	0.00573	0.00014	0.63466	0.39063	0.00937	0.20752	0.03324	0.4713	0.04299	0.0639	0.06257	0.0592	0.01839	0.51892	0.04425	0.10239	0.08928	0.05116	0.39793	
0.04893	0.03518	0.02482	0.02379	0.06832	0.02079	0.0215	0.02211	0	0	0	0	9e-05	0	0.13261	2e-05	1e-05	0.00126	1e-05	0.13144	0.07624	0.00191	0.04735	0.00722	0.09839	0.00858	0.01324	0.01251	0.0104	0.0029	0.11163	0.00779	0.01243	0.01009	0.00573	0.10447	
0.00031	0.00023	0.00016	0.0001	0.0004	0.00016	0.00017	7e-05	0.00017	6e-05	0.00048	9e-05	0	0	0	0	0	1e-05	0	0.00079	0.00053	2e-05	0.00021	4e-05	0.00054	4e-05	0.00014	8e-05	7e-05	2e-05	0.00065	6e-05	6e-05	0.00011	5e-05	0.00058	
1e-05	3e-05	2e-05	0	4e-05	2e-05	0	0	2e-05	0	4e-05	0	0	0	0	0	0	0	0	6e-05	4e-05	0	2e-05	0	6e-05	0	0	0	1e-05	0	5e-05	0	0	0	0	6e-05	
0.36788	0.26655	0.18631	0.17826	0.51768	0.15415	0.16046	0.16671	0.15681	0.06943	0.64015	0.13261	0	0	0	0	0.00031	0.0091	0.0002	0.98939	0.59807	0.01481	0.33303	0.05309	0.73708	0.0658	0.09985	0.09627	0.08723	0.02698	0.81966	0.06513	0.13503	0.1167	0.06758	0.67969	
9e-05	2e-05	2e-05	1e-05	7e-05	1e-05	1e-05	5e-05	2e-05	1e-05	9e-05	2e-05	0	0	0	0	0	0	0	0.00014	0.0001	0	3e-05	1e-05	9e-05	1e-05	3e-05	1e-05	1e-05	1e-05	9e-05	3e-05	3e-05	0	0	0.00011	
0.00015	7e-05	5e-05	4e-05	0.00018	3e-05	5e-05	5e-05	6e-05	1e-05	0.00023	1e-05	0	0	0.00031	0	0	0	0	0	0.00018	2e-05	0.0001	1e-05	0.00024	2e-05	2e-05	3e-05	5e-05	1e-05	0.00022	3e-05	3e-05	5e-05	4e-05	0.00019	
0.00357	0.0021	0.00177	0.00167	0.00484	0.00145	0.00131	0.00151	0.00136	0.00076	0.00573	0.00126	1e-05	0	0.0091	0	0	0	0	0	0.00549	0.00013	0.00301	0.00048	0.00675	0.00063	0.00092	0.00081	0.00078	0.00023	0.00739	0.00071	0.00134	0.00107	0.0006	0.0061	
7e-05	4e-05	5e-05	4e-05	0.0001	2e-05	5e-05	3e-05	4e-05	1e-05	0.00014	1e-05	0	0	0.0002	0	0	0	0	0	0.00016	0	4e-05	0	0.00016	0	2e-05	2e-05	3e-05	0	0.00015	2e-05	4e-05	2e-05	0	0.00014	
0.3645	0.26462	0.18464	0.17662	0.51307	0.15284	0.15923	0.16524	0.15556	0.06872	0.63466	0.13144	0.00079	6e-05	0.98939	0.00014	0	0	0	0	0.59291	0.01468	0.33014	0.05265	0.73062	0.0652	0.09906	0.0955	0.08646	0.02677	0.81269	0.06446	0.13371	0.11567	0.06699	0.67401	
0.21956	0.15998	0.11228	0.10692	0.31067	0.09193	0.0959	0.10024	0.09139	0.04048	0.39063	0.07624	0.00053	4e-05	0.59807	0.0001	0.00018	0.00549	0.00016	0.59291	0	0	0	0	0.44188	0.03919	0.05995	0.05772	0.07082	0.02191	0.45258	0.05343	0.09724	0.08436	0.04898	0.36816	
0.00569	0.00403	0.00247	0.00264	0.00744	0.00237	0.0024	0.00262	0.00248	0.00107	0.00937	0.00191	2e-05	0	0.01481	0	2e-05	0.00013	0	0.01468	0	0	0	0	0.01086	0.00094	0.00148	0.00155	0.00072	0.00013	0.01362	0.00036	0.0014	0.00123	0.00068	0.01152	
0.12357	0.08888	0.06152	0.05932	0.17264	0.05158	0.05376	0.05531	0.05422	0.0242	0.20752	0.04735	0.00021	2e-05	0.33303	3e-05	0.0001	0.00301	4e-05	0.33014	0	0	0	0	0.24636	0.02233	0.03278	0.03182	0.0137	0.00426	0.30558	0.00975	0.03135	0.02678	0.01576	0.2594	
0.01947	0.01394	0.01024	0.00949	0.02744	0.00846	0.00858	0.00866	0.00893	0.00375	0.03324	0.00722	4e-05	0	0.05309	1e-05	1e-05	0.00048	0	0.05265	0	0	0	0	0.03867	0.00339	0.00581	0.00527	0.00208	0.00071	0.04867	0.00168	0.00513	0.00444	0.00221	0.04136	
0.27134	0.19726	0.13775	0.13142	0.38277	0.11371	0.11846	0.12283	0.11648	0.0516	0.4713	0.09839	0.00054	6e-05	0.73708	9e-05	0.00024	0.00675	0.00016	0.73062	0.44188	0.01086	0.24636	0.03867	0	0	0	0	0.06377	0.01994	0.60606	0.048	0.1	0.08606	0.04901	0.5027	
0.02447	0.01706	0.01261	0.01171	0.03353	0.01044	0.0109	0.01098	0.0099	0.00438	0.04299	0.00858	4e-05	0	0.0658	1e-05	2e-05	0.00063	0	0.0652	0.03919	0.00094	0.02233	0.00339	0	0	0	0	0.00567	0.0018	0.05402	0.00436	0.00895	0.00737	0.00476	0.04477	
0.03671	0.02652	0.01876	0.01803	0.05145	0.01602	0.01579	0.01676	0.01591	0.00697	0.0639	0.01324	0.00014	0	0.09985	3e-05	2e-05	0.00092	2e-05	0.09906	0.05995	0.00148	0.03278	0.00581	0	0	0	0	0.00913	0.00269	0.08157	0.00663	0.01306	0.01154	0.00755	0.06787	
0.03577	0.02599	0.01739	0.01721	0.05044	0.01417	0.01549	0.01626	0.01473	0.00655	0.06257	0.01251	8e-05	0	0.09627	1e-05	3e-05	0.00081	2e-05	0.0955	0.05772	0.00155	0.03182	0.00527	0	0	0	0	0.00875	0.00258	0.0788	0.00623	0.01311	0.01184	0.00631	0.0651	
0.0321	0.02334	0.01624	0.01564	0.04544	0.0132	0.0135	0.01518	0.01252	0.0052	0.0592	0.0104	7e-05	1e-05	0.08723	1e-05	5e-05	0.00078	3e-05	0.08646	0.07082	0.00072	0.0137	0.00208	0.06377	0.00567	0.00913	0.00875	0	0	0	0	0.02028	0.01752	0.01005	0.03947	
0.01003	0.00737	0.00487	0.00474	0.01379	0.00423	0.00456	0.00443	0.00398	0.00174	0.01839	0.0029	2e-05	0	0.02698	1e-05	1e-05	0.00023	0	0.02677	0.02191	0.00013	0.00426	0.00071	0.01994	0.0018	0.00269	0.00258	0	0	0	0	0.00625	0.0053	0.00301	0.01245	
0.30262	0.21809	0.15346	0.14628	0.42503	0.12669	0.13186	0.13687	0.13161	0.05829	0.51892	0.11163	0.00065	5e-05	0.81966	9e-05	0.00022	0.00739	0.00015	0.81269	0.45258	0.01362	0.30558	0.04867	0.60606	0.05402	0.08157	0.0788	0	0	0	0	0.09364	0.08023	0.04695	0.59963	
0.02354	0.01803	0.01194	0.01171	0.03393	0.01022	0.01072	0.01035	0.00891	0.00427	0.04425	0.00779	6e-05	0	0.06513	3e-05	3e-05	0.00071	2e-05	0.06446	0.05343	0.00036	0.00975	0.00168	0.048	0.00436	0.00663	0.00623	0	0	0	0	0.01495	0.01376	0.00762	0.02889	
0.0496	0.03627	0.02459	0.02466	0.06958	0.02118	0.0213	0.02306	0.01425	0.00605	0.10239	0.01243	6e-05	0	0.13503	3e-05	3e-05	0.00134	4e-05	0.13371	0.09724	0.0014	0.03135	0.00513	0.1	0.00895	0.01306	0.01311	0.02028	0.00625	0.09364	0.01495	0	0	0	0	
0.04222	0.03178	0.0223	0.02051	0.06201	0.01709	0.01828	0.01943	0.01185	0.00559	0.08928	0.01009	0.00011	0	0.1167	0	5e-05	0.00107	2e-05	0.11567	0.08436	0.00123	0.02678	0.00444	0.08606	0.00737	0.01154	0.01184	0.01752	0.0053	0.08023	0.01376	0	0	0	0	
0.02471	0.01825	0.0128	0.01187	0.03466	0.01089	0.01145	0.01063	0.00744	0.0033	0.05116	0.00573	5e-05	0	0.06758	0	4e-05	0.0006	0	0.06699	0.04898	0.00068	0.01576	0.00221	0.04901	0.00476	0.00755	0.00631	0.01005	0.00301	0.04695	0.00762	0	0	0	0	
0.25176	0.18053	0.12682	0.12133	0.35194	0.10518	0.10961	0.11371	0.12348	0.05456	0.39793	0.10447	0.00058	6e-05	0.67969	0.00011	0.00019	0.0061	0.00014	0.67401	0.36816	0.01152	0.2594	0.04136	0.5027	0.04477	0.06787	0.0651	0.03947	0.01245	0.59963	0.02889	0	0	0	0	
