0	0	0	0	0.20964	0.05054	0.05327	0.05498	0.05788	0.02529	0.23858	0.04668	0.00033	3e-05	0.36799	8e-05	0.00017	0.0038	5e-05	0.36441	0.22107	0.00527	0.1227	0.01939	0.27169	0.02395	0.03689	0.0359	0.0314	0.01005	0.3027	0.02428	0.05001	0.04282	0.02528	0.25032	
0	0	0	0	0.15145	0.03673	0.03751	0.04033	0.04112	0.01885	0.17083	0.03522	0.00013	3e-05	0.2658	6e-05	5e-05	0.00242	7e-05	0.26348	0.16049	0.00377	0.08818	0.01358	0.19687	0.01803	0.02534	0.02578	0.02425	0.00658	0.2179	0.01729	0.03567	0.0309	0.01759	0.18186	
0	0	0	0	0.10712	0.02645	0.02692	0.02874	0.02987	0.01323	0.12089	0.02524	0.00016	4e-05	0.189	3e-05	3e-05	0.0018	1e-05	0.18739	0.11407	0.00281	0.06192	0.01043	0.13961	0.01242	0.01895	0.01825	0.01635	0.00505	0.1549	0.01293	0.02573	0.02279	0.01238	0.12833	
0	0	0	0	0.05144	0.03962	0.04169	0.04357	0.02775	0.01226	0.11389	0.02242	0.0001	1e-05	0.17618	3e-05	0.0001	0.00181	2e-05	0.17439	0.10597	0.00232	0.05929	0.00874	0.1295	0.01175	0.01804	0.01703	0.015	0.0045	0.14563	0.01119	0.02364	0.02029	0.01128	0.12111	
0.20964	0.15145	0.10712	0.05144	0	0	0	0	0.08062	0.03558	0.33499	0.06846	0.0004	9e-05	0.51905	0.00011	0.00019	0.00508	8e-05	0.5143	0.31184	0.00745	0.1732	0.02716	0.38411	0.03406	0.05154	0.04994	0.04551	0.01307	0.42748	0.03359	0.07032	0.06126	0.03436	0.35371	
0.05054	0.03673	0.02645	0.03962	0	0	0	0	0.02389	0.0108	0.09928	0.01937	0.00013	0	0.15319	2e-05	6e-05	0.0014	2e-05	0.15186	0.0919	0.00197	0.05179	0.00768	0.11257	0.01047	0.01533	0.01497	0.01295	0.00461	0.12541	0.01037	0.02041	0.0173	0.01014	0.10549	
0.05327	0.03751	0.02692	0.04169	0	0	0	0	0.02507	0.01125	0.10219	0.02088	0.0001	1e-05	0.15923	5e-05	3e-05	0.00162	2e-05	0.15772	0.0976	0.00228	0.05105	0.00846	0.11719	0.01068	0.01572	0.0158	0.01354	0.00447	0.13058	0.0108	0.02159	0.0189	0.01093	0.10797	
0.05498	0.04033	0.02874	0.04357	0	0	0	0	0.02704	0.012	0.10773	0.02085	9e-05	1e-05	0.1675	2e-05	7e-05	0.00173	3e-05	0.16579	0.10026	0.00247	0.05605	0.00884	0.1238	0.01094	0.01663	0.01625	0.015	0.00403	0.13766	0.01093	0.02273	0.01934	0.0111	0.11445	
0.05788	0.04112	0.02987	0.02775	0.08062	0.02389	0.02507	0.02704	0	0	0	0	0.00017	3e-05	0.15638	4e-05	8e-05	0.00167	3e-05	0.15484	0.09095	0.00232	0.05493	0.00842	0.11523	0.0106	0.01552	0.01527	0.01199	0.00379	0.13181	0.00903	0.01461	0.01193	0.00686	0.12322	
0.02529	0.01885	0.01323	0.01226	0.03558	0.0108	0.01125	0.012	0	0	0	0	4e-05	0	0.06958	1e-05	1e-05	0.0008	2e-05	0.0688	0.0406	0.00098	0.02413	0.00392	0.05152	0.00425	0.00677	0.00709	0.0054	0.00167	0.05834	0.00422	0.00644	0.00546	0.0031	0.05463	
0.23858	0.17083	0.12089	0.11389	0.33499	0.09928	0.10219	0.10773	0	0	0	0	0.00043	6e-05	0.64358	0.00012	0.00021	0.00628	9e-05	0.63761	0.39478	0.00899	0.20763	0.03279	0.47552	0.04263	0.06388	0.06216	0.05943	0.0178	0.52229	0.04467	0.10211	0.08959	0.05063	0.40186	
0.04668	0.03522	0.02524	0.02242	0.06846	0.01937	0.02088	0.02085	0	0	0	0	8e-05	2e-05	0.12943	3e-05	5e-05	0.00108	1e-05	0.12842	0.07527	0.00188	0.0454	0.00701	0.0954	0.00867	0.01305	0.01244	0.01018	0.00292	0.10869	0.00777	0.01189	0.00982	0.00594	0.10191	
0.00033	0.00013	0.00016	0.0001	0.0004	0.00013	0.0001	9e-05	0.00017	4e-05	0.00043	8e-05	0	0	0	0	0	1e-05	0	0.00071	0.00049	1e-05	0.0002	2e-05	0.00052	5e-05	6e-05	9e-05	6e-05	1e-05	0.00063	2e-05	8e-05	0.00013	5e-05	0.00046	
3e-05	3e-05	4e-05	1e-05	9e-05	0	1e-05	1e-05	3e-05	0	6e-05	2e-05	0	0	0	0	0	1e-05	0	0.0001	4e-05	0	6e-05	1e-05	5e-05	2e-05	2e-05	2e-05	0	0	0.0001	1e-05	1e-05	0	1e-05	9e-05	
0.36799	0.2658	0.189	0.17618	0.51905	0.15319	0.15923	0.1675	0.15638	0.06958	0.64358	0.12943	0	0	0	0	0.00035	0.00981	0.00015	0.98866	0.60096	0.01416	0.33176	0.05209	0.73693	0.06608	0.09911	0.09685	0.08692	0.02616	0.82023	0.06566	0.13493	0.11663	0.06647	0.68094	
8e-05	6e-05	3e-05	3e-05	0.00011	2e-05	5e-05	2e-05	4e-05	1e-05	0.00012	3e-05	0	0	0	0	0	0	0	0.0002	0.00011	0	7e-05	2e-05	0.00017	0	3e-05	0	2e-05	1e-05	0.00017	0	3e-05	4e-05	0	0.00013	
0.00017	5e-05	3e-05	0.0001	0.00019	6e-05	3e-05	7e-05	8e-05	1e-05	0.00021	5e-05	0	0	0.00035	0	0	0	0	0	0.00021	0	0.00013	1e-05	0.00025	2e-05	1e-05	7e-05	3e-05	2e-05	0.00029	1e-05	3e-05	5e-05	4e-05	0.00023	
0.0038	0.00242	0.0018	0.00181	0.00508	0.0014	0.00162	0.00173	0.00167	0.0008	0.00628	0.00108	1e-05	1e-05	0.00981	0	0	0	0	0	0.00572	0.00015	0.00329	0.00067	0.0075	0.00055	0.00085	0.00093	0.00081	0.00024	0.00813	0.00065	0.00125	0.00117	0.00068	0.00673	
5e-05	7e-05	1e-05	2e-05	8e-05	2e-05	2e-05	3e-05	3e-05	2e-05	9e-05	1e-05	0	0	0.00015	0	0	0	0	0	0.0001	0	4e-05	1e-05	9e-05	1e-05	3e-05	2e-05	1e-05	0	0.00014	0	2e-05	1e-05	0	0.00012	
0.36441	0.26348	0.18739	0.17439	0.5143	0.15186	0.15772	0.16579	0.15484	0.0688	0.63761	0.12842	0.00071	0.0001	0.98866	0.0002	0	0	0	0	0.59557	0.01402	0.32863	0.05145	0.72983	0.06557	0.09833	0.09594	0.08615	0.02592	0.81257	0.06503	0.13375	0.11557	0.06581	0.67454	
0.22107	0.16049	0.11407	0.10597	0.31184	0.0919	0.0976	0.10026	0.09095	0.0406	0.39478	0.07527	0.00049	4e-05	0.60096	0.00011	0.00021	0.00572	0.0001	0.59557	0	0	0	0	0.44353	0.03983	0.0592	0.05904	0.071	0.02121	0.45576	0.05363	0.09694	0.08453	0.04801	0.37212	
0.00527	0.00377	0.00281	0.00232	0.00745	0.00197	0.00228	0.00247	0.00232	0.00098	0.00899	0.00188	1e-05	0	0.01416	0	0	0.00015	0	0.01402	0	0	0	0	0.01042	0.00107	0.00129	0.00139	0.00047	0.00017	0.01308	0.00045	0.00151	0.00112	0.00072	0.01082	
0.1227	0.08818	0.06192	0.05929	0.1732	0.05179	0.05105	0.05605	0.05493	0.02413	0.20763	0.0454	0.0002	6e-05	0.33176	7e-05	0.00013	0.00329	4e-05	0.32863	0	0	0	0	0.24528	0.02196	0.03318	0.03167	0.01327	0.00418	0.30447	0.01017	0.03162	0.027	0.01533	0.25814	
0.01939	0.01358	0.01043	0.00874	0.02716	0.00768	0.00846	0.00884	0.00842	0.00392	0.03279	0.00701	2e-05	1e-05	0.05209	2e-05	1e-05	0.00067	1e-05	0.05145	0	0	0	0	0.03844	0.00329	0.00555	0.00486	0.00226	0.00062	0.04782	0.00144	0.00498	0.00415	0.00247	0.04054	
0.27169	0.19687	0.13961	0.1295	0.38411	0.11257	0.11719	0.1238	0.11523	0.05152	0.47552	0.0954	0.00052	5e-05	0.73693	0.00017	0.00025	0.0075	9e-05	0.72983	0.44353	0.01042	0.24528	0.03844	0	0	0	0	0.06418	0.0196	0.60552	0.04837	0.09949	0.08585	0.04892	0.50341	
0.02395	0.01803	0.01242	0.01175	0.03406	0.01047	0.01068	0.01094	0.0106	0.00425	0.04263	0.00867	5e-05	2e-05	0.06608	0	2e-05	0.00055	1e-05	0.06557	0.03983	0.00107	0.02196	0.00329	0	0	0	0	0.00551	0.00176	0.05471	0.00417	0.00889	0.00768	0.0044	0.04518	
0.03689	0.02534	0.01895	0.01804	0.05154	0.01533	0.01572	0.01663	0.01552	0.00677	0.06388	0.01305	6e-05	2e-05	0.09911	3e-05	1e-05	0.00085	3e-05	0.09833	0.0592	0.00129	0.03318	0.00555	0	0	0	0	0.00869	0.00248	0.08099	0.00706	0.01333	0.0118	0.00665	0.06744	
0.0359	0.02578	0.01825	0.01703	0.04994	0.01497	0.0158	0.01625	0.01527	0.00709	0.06216	0.01244	9e-05	2e-05	0.09685	0	7e-05	0.00093	2e-05	0.09594	0.05904	0.00139	0.03167	0.00486	0	0	0	0	0.00862	0.00234	0.07991	0.00609	0.01334	0.01147	0.00656	0.06559	
0.0314	0.02425	0.01635	0.015	0.04551	0.01295	0.01354	0.015	0.01199	0.0054	0.05943	0.01018	6e-05	0	0.08692	2e-05	3e-05	0.00081	1e-05	0.08615	0.071	0.00047	0.01327	0.00226	0.06418	0.00551	0.00869	0.00862	0	0	0	0	0.02043	0.017	0.00974	0.03983	
0.01005	0.00658	0.00505	0.0045	0.01307	0.00461	0.00447	0.00403	0.00379	0.00167	0.0178	0.00292	1e-05	0	0.02616	1e-05	2e-05	0.00024	0	0.02592	0.02121	0.00017	0.00418	0.00062	0.0196	0.00176	0.00248	0.00234	0	0	0	0	0.00591	0.00545	0.00291	0.01191	
0.3027	0.2179	0.1549	0.14563	0.42748	0.12541	0.13058	0.13766	0.13181	0.05834	0.52229	0.10869	0.00063	0.0001	0.82023	0.00017	0.00029	0.00813	0.00014	0.81257	0.45576	0.01308	0.30447	0.04782	0.60552	0.05471	0.08099	0.07991	0	0	0	0	0.09368	0.08099	0.04626	0.6002	
0.02428	0.01729	0.01293	0.01119	0.03359	0.01037	0.0108	0.01093	0.00903	0.00422	0.04467	0.00777	2e-05	1e-05	0.06566	0	1e-05	0.00065	0	0.06503	0.05363	0.00045	0.01017	0.00144	0.04837	0.00417	0.00706	0.00609	0	0	0	0	0.01503	0.01336	0.00762	0.02968	
0.05001	0.03567	0.02573	0.02364	0.07032	0.02041	0.02159	0.02273	0.01461	0.00644	0.10211	0.01189	8e-05	1e-05	0.13493	3e-05	3e-05	0.00125	2e-05	0.13375	0.09694	0.00151	0.03162	0.00498	0.09949	0.00889	0.01333	0.01334	0.02043	0.00591	0.09368	0.01503	0	0	0	0	
0.04282	0.0309	0.02279	0.02029	0.06126	0.0173	0.0189	0.01934	0.01193	0.00546	0.08959	0.00982	0.00013	0	0.11663	4e-05	5e-05	0.00117	1e-05	0.11557	0.08453	0.00112	0.027	0.00415	0.08585	0.00768	0.0118	0.01147	0.017	0.00545	0.08099	0.01336	0	0	0	0	
0.02528	0.01759	0.01238	0.01128	0.03436	0.01014	0.01093	0.0111	0.00686	0.0031	0.05063	0.00594	5e-05	1e-05	0.06647	0	4e-05	0.00068	0	0.06581	0.04801	0.00072	0.01533	0.00247	0.04892	0.0044	0.00665	0.00656	0.00974	0.00291	0.04626	0.00762	0	0	0	0	
0.25032	0.18186	0.12833	0.12111	0.35371	0.10549	0.10797	0.11445	0.12322	0.05463	0.40186	0.10191	0.00046	9e-05	0.68094	0.00013	0.00023	0.00673	0.00012	0.67454	0.37212	0.01082	0.25814	0.04054	0.50341	0.04518	0.06744	0.06559	0.03983	0.01191	0.6002	0.02968	0	0	0	0	
