0	0	0	0	0.20849	0.05044	0.05234	0.05576	0.05759	0.02605	0.23556	0.04783	0.00026	3e-05	0.36665	9e-05	0.00014	0.00352	5e-05	0.36332	0.22216	0.00555	0.12053	0.01879	0.26982	0.02543	0.03614	0.03564	0.03161	0.01021	0.30163	0.02358	0.04916	0.04254	0.02586	0.24947	
0	0	0	0	0.15171	0.03666	0.03765	0.03969	0.04165	0.01901	0.17101	0.03404	0.00027	1e-05	0.26539	4e-05	9e-05	0.00243	5e-05	0.26314	0.16017	0.00409	0.08789	0.01356	0.19608	0.01809	0.0262	0.02534	0.02351	0.00719	0.21718	0.01783	0.03596	0.0309	0.0177	0.18115	
0	0	0	0	0.10627	0.02659	0.0269	0.02799	0.02904	0.01321	0.12093	0.02457	0.00011	1e-05	0.18759	4e-05	0.0001	0.00173	5e-05	0.18587	0.11325	0.00288	0.06167	0.00995	0.13827	0.01294	0.01837	0.01817	0.01681	0.005	0.15297	0.01297	0.02544	0.02275	0.01244	0.12712	
0	0	0	0	0.05094	0.04218	0.04237	0.04402	0.02796	0.0123	0.11538	0.02387	5e-05	0	0.17943	3e-05	9e-05	0.00157	3e-05	0.17782	0.10754	0.00265	0.05948	0.00984	0.1331	0.01144	0.0181	0.01687	0.01538	0.00482	0.14785	0.01146	0.02398	0.02124	0.0126	0.12169	
0.20849	0.15171	0.10627	0.05094	0	0	0	0	0.08053	0.03596	0.33365	0.06727	0.00034	3e-05	0.51694	0.0001	0.00016	0.00491	0.0001	0.51224	0.31233	0.00797	0.17022	0.02689	0.38065	0.0353	0.05133	0.05013	0.04493	0.01416	0.42383	0.03449	0.06925	0.06128	0.03548	0.3514	
0.05044	0.03666	0.02659	0.04218	0	0	0	0	0.02464	0.01132	0.09996	0.01995	0.00013	1e-05	0.1557	3e-05	8e-05	0.00152	1e-05	0.15426	0.09497	0.00269	0.05026	0.00795	0.11553	0.01076	0.01482	0.01476	0.01365	0.00438	0.12679	0.01105	0.02137	0.01864	0.0111	0.10476	
0.05234	0.03765	0.0269	0.04237	0	0	0	0	0.02478	0.01144	0.10241	0.02063	0.00014	0	0.15906	6e-05	7e-05	0.00141	4e-05	0.15774	0.09488	0.00234	0.05345	0.00859	0.11735	0.01061	0.01633	0.01497	0.014	0.00423	0.13091	0.01012	0.02185	0.01795	0.01062	0.10884	
0.05576	0.03969	0.02799	0.04402	0	0	0	0	0.02629	0.01185	0.10686	0.02246	8e-05	1e-05	0.16736	1e-05	0.00011	0.00141	3e-05	0.16591	0.10094	0.00217	0.05564	0.00871	0.12374	0.01123	0.01633	0.01616	0.01473	0.00445	0.1381	0.01018	0.02207	0.01956	0.0114	0.11443	
0.05759	0.04165	0.02904	0.02796	0.08053	0.02464	0.02478	0.02629	0	0	0	0	9e-05	1e-05	0.1561	4e-05	8e-05	0.00136	2e-05	0.15478	0.09131	0.0024	0.05422	0.00831	0.11426	0.01088	0.01589	0.01521	0.01238	0.00416	0.13014	0.00956	0.01437	0.01232	0.00708	0.12247	
0.02605	0.01901	0.01321	0.0123	0.03596	0.01132	0.01144	0.01185	0	0	0	0	4e-05	0	0.07052	1e-05	2e-05	0.0007	2e-05	0.06983	0.04148	0.00119	0.02415	0.00375	0.0521	0.00502	0.00701	0.00644	0.00538	0.00166	0.05927	0.00426	0.00669	0.00548	0.00285	0.05555	
0.23556	0.17101	0.12093	0.11538	0.33365	0.09996	0.10241	0.10686	0	0	0	0	0.00044	3e-05	0.64228	0.00013	0.00028	0.00589	0.00013	0.63658	0.39394	0.00955	0.20651	0.03288	0.47478	0.04292	0.06304	0.06214	0.06007	0.01839	0.51989	0.04453	0.10141	0.08962	0.05276	0.39909	
0.04783	0.03404	0.02457	0.02387	0.06727	0.01995	0.02063	0.02246	0	0	0	0	0.00012	1e-05	0.13016	2e-05	4e-05	0.0013	1e-05	0.12896	0.07639	0.00203	0.04469	0.0072	0.09613	0.00908	0.01287	0.01223	0.00948	0.00301	0.11033	0.00749	0.01207	0.01001	0.00591	0.10232	
0.00026	0.00027	0.00011	5e-05	0.00034	0.00013	0.00014	8e-05	9e-05	4e-05	0.00044	0.00012	0	0	0	0	0	1e-05	0	0.00068	0.00034	0	0.0003	5e-05	0.00052	4e-05	8e-05	5e-05	6e-05	2e-05	0.0006	1e-05	7e-05	8e-05	7e-05	0.00047	
3e-05	1e-05	1e-05	0	3e-05	1e-05	0	1e-05	1e-05	0	3e-05	1e-05	0	0	0	0	0	0	0	5e-05	5e-05	0	0	0	5e-05	0	0	0	2e-05	0	3e-05	0	0	1e-05	0	4e-05	
0.36665	0.26539	0.18759	0.17943	0.51694	0.1557	0.15906	0.16736	0.1561	0.07052	0.64228	0.13016	0	0	0	0	0.00042	0.00924	0.00018	0.98922	0.60261	0.01517	0.3292	0.05208	0.73655	0.06786	0.0987	0.09595	0.0872	0.02719	0.81886	0.06581	0.13443	0.11732	0.06852	0.67879	
9e-05	4e-05	4e-05	3e-05	0.0001	3e-05	6e-05	1e-05	4e-05	1e-05	0.00013	2e-05	0	0	0	0	0	0	0	0.0002	0.00012	0	7e-05	1e-05	0.00015	0	3e-05	2e-05	3e-05	1e-05	0.00014	2e-05	4e-05	2e-05	1e-05	0.00013	
0.00014	9e-05	0.0001	9e-05	0.00016	8e-05	7e-05	0.00011	8e-05	2e-05	0.00028	4e-05	0	0	0.00042	0	0	0	0	0	0.0002	0	0.00019	3e-05	0.00032	1e-05	4e-05	5e-05	2e-05	1e-05	0.00039	0	5e-05	4e-05	1e-05	0.00032	
0.00352	0.00243	0.00173	0.00157	0.00491	0.00152	0.00141	0.00141	0.00136	0.0007	0.00589	0.0013	1e-05	0	0.00924	0	0	0	0	0	0.00544	0.00011	0.00326	0.00044	0.00701	0.00058	0.00086	0.0008	0.00078	0.00031	0.00758	0.00058	0.00115	0.00116	0.0006	0.00634	
5e-05	5e-05	5e-05	3e-05	0.0001	1e-05	4e-05	3e-05	2e-05	2e-05	0.00013	1e-05	0	0	0.00018	0	0	0	0	0	0.00011	0	6e-05	1e-05	0.00015	0	0	3e-05	1e-05	0	0.00017	0	1e-05	1e-05	1e-05	0.00015	
0.36332	0.26314	0.18587	0.17782	0.51224	0.15426	0.15774	0.16591	0.15478	0.06983	0.63658	0.12896	0.00068	5e-05	0.98922	0.0002	0	0	0	0	0.59737	0.01506	0.32606	0.05166	0.72979	0.06731	0.09791	0.09514	0.0865	0.0269	0.81149	0.06526	0.13333	0.11622	0.06798	0.67262	
0.22216	0.16017	0.11325	0.10754	0.31233	0.09497	0.09488	0.10094	0.09131	0.04148	0.39394	0.07639	0.00034	5e-05	0.60261	0.00012	0.0002	0.00544	0.00011	0.59737	0	0	0	0	0.44517	0.04033	0.06014	0.05748	0.07159	0.02264	0.45527	0.05362	0.09717	0.08476	0.0496	0.37159	
0.00555	0.00409	0.00288	0.00265	0.00797	0.00269	0.00234	0.00217	0.0024	0.00119	0.00955	0.00203	0	0	0.01517	0	0	0.00011	0	0.01506	0	0	0	0	0.01124	0.00107	0.00151	0.00135	0.00066	0.00015	0.01371	0.00065	0.00128	0.00125	0.00079	0.01185	
0.12053	0.08789	0.06167	0.05948	0.17022	0.05026	0.05345	0.05564	0.05422	0.02415	0.20651	0.04469	0.0003	0	0.3292	7e-05	0.00019	0.00326	6e-05	0.32606	0	0	0	0	0.24228	0.02309	0.03186	0.03234	0.01314	0.00386	0.3027	0.00987	0.03129	0.02696	0.01581	0.25551	
0.01879	0.01356	0.00995	0.00984	0.02689	0.00795	0.00859	0.00871	0.00831	0.00375	0.03288	0.0072	5e-05	0	0.05208	1e-05	3e-05	0.00044	1e-05	0.05166	0	0	0	0	0.03858	0.00341	0.0053	0.00485	0.00192	0.00057	0.04795	0.0017	0.0048	0.00446	0.0024	0.04048	
0.26982	0.19608	0.13827	0.1331	0.38065	0.11553	0.11735	0.12374	0.11426	0.0521	0.47478	0.09613	0.00052	5e-05	0.73655	0.00015	0.00032	0.00701	0.00015	0.72979	0.44517	0.01124	0.24228	0.03858	0	0	0	0	0.06443	0.01983	0.60362	0.04939	0.09966	0.08627	0.05086	0.50048	
0.02543	0.01809	0.01294	0.01144	0.0353	0.01076	0.01061	0.01123	0.01088	0.00502	0.04292	0.00908	4e-05	0	0.06786	0	1e-05	0.00058	0	0.06731	0.04033	0.00107	0.02309	0.00341	0	0	0	0	0.00576	0.00213	0.0557	0.00431	0.00921	0.00785	0.00475	0.04609	
0.03614	0.0262	0.01837	0.0181	0.05133	0.01482	0.01633	0.01633	0.01589	0.00701	0.06304	0.01287	8e-05	0	0.0987	3e-05	4e-05	0.00086	0	0.09791	0.06014	0.00151	0.03186	0.0053	0	0	0	0	0.00881	0.00253	0.08125	0.00622	0.01292	0.01178	0.00657	0.06754	
0.03564	0.02534	0.01817	0.01687	0.05013	0.01476	0.01497	0.01616	0.01521	0.00644	0.06214	0.01223	5e-05	0	0.09595	2e-05	5e-05	0.0008	3e-05	0.09514	0.05748	0.00135	0.03234	0.00485	0	0	0	0	0.00831	0.00273	0.07906	0.00592	0.01275	0.01153	0.00642	0.06532	
0.03161	0.02351	0.01681	0.01538	0.04493	0.01365	0.014	0.01473	0.01238	0.00538	0.06007	0.00948	6e-05	2e-05	0.0872	3e-05	2e-05	0.00078	1e-05	0.0865	0.07159	0.00066	0.01314	0.00192	0.06443	0.00576	0.00881	0.00831	0	0	0	0	0.01984	0.01726	0.0105	0.03971	
0.01021	0.00719	0.005	0.00482	0.01416	0.00438	0.00423	0.00445	0.00416	0.00166	0.01839	0.00301	2e-05	0	0.02719	1e-05	1e-05	0.00031	0	0.0269	0.02264	0.00015	0.00386	0.00057	0.01983	0.00213	0.00253	0.00273	0	0	0	0	0.00589	0.00545	0.00341	0.01247	
0.30163	0.21718	0.15297	0.14785	0.42383	0.12679	0.13091	0.1381	0.13014	0.05927	0.51989	0.11033	0.0006	3e-05	0.81886	0.00014	0.00039	0.00758	0.00017	0.81149	0.45527	0.01371	0.3027	0.04795	0.60362	0.0557	0.08125	0.07906	0	0	0	0	0.09341	0.08111	0.04727	0.59784	
0.02358	0.01783	0.01297	0.01146	0.03449	0.01105	0.01012	0.01018	0.00956	0.00426	0.04453	0.00749	1e-05	0	0.06581	2e-05	0	0.00058	0	0.06526	0.05362	0.00065	0.00987	0.0017	0.04939	0.00431	0.00622	0.00592	0	0	0	0	0.0154	0.01361	0.00742	0.02941	
0.04916	0.03596	0.02544	0.02398	0.06925	0.02137	0.02185	0.02207	0.01437	0.00669	0.10141	0.01207	7e-05	0	0.13443	4e-05	5e-05	0.00115	1e-05	0.13333	0.09717	0.00128	0.03129	0.0048	0.09966	0.00921	0.01292	0.01275	0.01984	0.00589	0.09341	0.0154	0	0	0	0	
0.04254	0.0309	0.02275	0.02124	0.06128	0.01864	0.01795	0.01956	0.01232	0.00548	0.08962	0.01001	8e-05	1e-05	0.11732	2e-05	4e-05	0.00116	1e-05	0.11622	0.08476	0.00125	0.02696	0.00446	0.08627	0.00785	0.01178	0.01153	0.01726	0.00545	0.08111	0.01361	0	0	0	0	
0.02586	0.0177	0.01244	0.0126	0.03548	0.0111	0.01062	0.0114	0.00708	0.00285	0.05276	0.00591	7e-05	0	0.06852	1e-05	1e-05	0.0006	1e-05	0.06798	0.0496	0.00079	0.01581	0.0024	0.05086	0.00475	0.00657	0.00642	0.0105	0.00341	0.04727	0.00742	0	0	0	0	
0.24947	0.18115	0.12712	0.12169	0.3514	0.10476	0.10884	0.11443	0.12247	0.05555	0.39909	0.10232	0.00047	4e-05	0.67879	0.00013	0.00032	0.00634	0.00015	0.67262	0.37159	0.01185	0.25551	0.04048	0.50048	0.04609	0.06754	0.06532	0.03971	0.01247	0.59784	0.02941	0	0	0	0	
