0	0	0	0	0.20951	0.05191	0.05223	0.0552	0.05855	0.02619	0.23631	0.0478	0.0003	2e-05	0.36848	5e-05	0.0001	0.00357	7e-05	0.36511	0.22091	0.00509	0.1222	0.02065	0.27235	0.02352	0.0366	0.03638	0.03184	0.01011	0.30318	0.02372	0.05042	0.04447	0.02444	0.24952	
0	0	0	0	0.15205	0.03772	0.03842	0.03876	0.042	0.01844	0.1715	0.03501	0.00016	0	0.26676	3e-05	8e-05	0.00265	4e-05	0.26418	0.15819	0.00377	0.09141	0.01358	0.19688	0.01805	0.02638	0.02564	0.02316	0.00689	0.2193	0.0176	0.03564	0.03023	0.01814	0.18294	
0	0	0	0	0.10641	0.02548	0.02647	0.0279	0.02895	0.01347	0.11947	0.02437	0.00011	2e-05	0.18612	1e-05	7e-05	0.0019	1e-05	0.18428	0.11221	0.00274	0.06125	0.01006	0.1378	0.01218	0.01843	0.01785	0.0158	0.00452	0.15381	0.01213	0.02469	0.02252	0.01329	0.12576	
0	0	0	0	0.05191	0.04018	0.04242	0.04343	0.02745	0.01296	0.11489	0.02264	0.00012	1e-05	0.1778	1e-05	7e-05	0.00169	4e-05	0.17614	0.10644	0.00256	0.05961	0.00933	0.13203	0.01172	0.0176	0.01659	0.01508	0.00489	0.14664	0.01133	0.02445	0.02087	0.01164	0.12098	
0.20951	0.15205	0.10641	0.05191	0	0	0	0	0.08197	0.03648	0.3345	0.06693	0.00032	2e-05	0.51949	5e-05	0.00018	0.00517	0.00011	0.51442	0.3102	0.00712	0.17534	0.02722	0.38408	0.03416	0.0515	0.05014	0.04422	0.01383	0.42752	0.03431	0.06958	0.06122	0.03496	0.35412	
0.05191	0.03772	0.02548	0.04018	0	0	0	0	0.02464	0.01095	0.09925	0.02045	8e-05	0	0.15517	4e-05	3e-05	0.00158	3e-05	0.15365	0.09242	0.00226	0.05206	0.00855	0.11371	0.01014	0.01604	0.0154	0.01244	0.00413	0.12897	0.00975	0.02181	0.01842	0.01027	0.10479	
0.05223	0.03842	0.02647	0.04242	0	0	0	0	0.02499	0.01134	0.10213	0.02108	0.00014	2e-05	0.15938	0	7e-05	0.00144	2e-05	0.15801	0.09552	0.00261	0.05278	0.00863	0.11843	0.0107	0.01584	0.01457	0.01456	0.00417	0.13075	0.01006	0.02161	0.01833	0.01091	0.10869	
0.0552	0.03876	0.0279	0.04343	0	0	0	0	0.02535	0.01229	0.10629	0.02136	0.00015	1e-05	0.16512	1e-05	4e-05	0.00162	0	0.16363	0.09961	0.00217	0.05429	0.00922	0.12284	0.01047	0.01563	0.01635	0.01466	0.00428	0.13569	0.01066	0.0222	0.02012	0.01137	0.1116	
0.05855	0.042	0.02895	0.02745	0.08197	0.02464	0.02499	0.02535	0	0	0	0	0.0001	1e-05	0.15684	0	5e-05	0.00153	3e-05	0.15534	0.09128	0.00247	0.05482	0.00838	0.11668	0.01024	0.01538	0.01465	0.01241	0.00394	0.13173	0.00887	0.0146	0.01219	0.00731	0.12285	
0.02619	0.01844	0.01347	0.01296	0.03648	0.01095	0.01134	0.01229	0	0	0	0	4e-05	0	0.07102	0	3e-05	0.00053	0	0.0705	0.0406	0.00103	0.02517	0.00426	0.05262	0.00461	0.00718	0.00665	0.00576	0.00165	0.05925	0.0044	0.00627	0.00543	0.00331	0.05605	
0.23631	0.1715	0.11947	0.11489	0.3345	0.09925	0.10213	0.10629	0	0	0	0	0.0005	2e-05	0.64155	0.0001	0.00019	0.00649	0.00012	0.63537	0.39069	0.00878	0.20945	0.03325	0.47373	0.04244	0.06332	0.06268	0.05756	0.01766	0.52286	0.04409	0.10195	0.08982	0.05097	0.39943	
0.0478	0.03501	0.02437	0.02264	0.06693	0.02045	0.02108	0.02136	0	0	0	0	5e-05	2e-05	0.12975	0	5e-05	0.00126	1e-05	0.1285	0.07518	0.00188	0.04503	0.00773	0.09603	0.00818	0.01313	0.01248	0.01015	0.00316	0.10909	0.00742	0.01238	0.01065	0.00592	0.10087	
0.0003	0.00016	0.00011	0.00012	0.00032	8e-05	0.00014	0.00015	0.0001	4e-05	0.0005	5e-05	0	0	0	0	0	1e-05	0	0.00068	0.00043	2e-05	0.00019	5e-05	0.00052	4e-05	6e-05	7e-05	2e-05	2e-05	0.0006	5e-05	0.00012	6e-05	2e-05	0.00049	
2e-05	0	2e-05	1e-05	2e-05	0	2e-05	1e-05	1e-05	0	2e-05	2e-05	0	0	0	0	0	0	0	5e-05	3e-05	0	2e-05	0	2e-05	1e-05	1e-05	1e-05	2e-05	0	3e-05	0	0	1e-05	0	4e-05	
0.36848	0.26676	0.18612	0.1778	0.51949	0.15517	0.15938	0.16512	0.15684	0.07102	0.64155	0.12975	0	0	0	0	0.00032	0.0098	0.00016	0.98888	0.59723	0.01414	0.33422	0.05357	0.73845	0.0654	0.09893	0.09638	0.08583	0.02639	0.82222	0.06472	0.13507	0.11801	0.06749	0.67859	
5e-05	3e-05	1e-05	1e-05	5e-05	4e-05	0	1e-05	0	0	0.0001	0	0	0	0	0	0	0	0	0.0001	6e-05	0	4e-05	0	7e-05	2e-05	1e-05	0	1e-05	0	8e-05	1e-05	1e-05	1e-05	0	8e-05	
0.0001	8e-05	7e-05	7e-05	0.00018	3e-05	7e-05	4e-05	5e-05	3e-05	0.00019	5e-05	0	0	0.00032	0	0	0	0	0	0.00012	3e-05	0.00016	1e-05	0.00028	1e-05	2e-05	1e-05	1e-05	1e-05	0.0003	0	3e-05	4e-05	1e-05	0.00024	
0.00357	0.00265	0.0019	0.00169	0.00517	0.00158	0.00144	0.00162	0.00153	0.00053	0.00649	0.00126	1e-05	0	0.0098	0	0	0	0	0	0.00608	0.00016	0.00312	0.00045	0.00718	0.00074	0.00108	0.00081	0.00106	0.00025	0.00784	0.00066	0.00133	0.00127	0.00061	0.0066	
7e-05	4e-05	1e-05	4e-05	0.00011	3e-05	2e-05	0	3e-05	0	0.00012	1e-05	0	0	0.00016	0	0	0	0	0	0.0001	0	5e-05	1e-05	0.0001	2e-05	2e-05	2e-05	0	1e-05	0.00012	3e-05	1e-05	4e-05	0	0.00011	
0.36511	0.26418	0.18428	0.17614	0.51442	0.15365	0.15801	0.16363	0.15534	0.0705	0.63537	0.1285	0.00068	5e-05	0.98888	0.0001	0	0	0	0	0.59145	0.01397	0.33114	0.05315	0.7315	0.0647	0.09789	0.09562	0.08481	0.02614	0.81467	0.06409	0.13383	0.11674	0.06689	0.67225	
0.22091	0.15819	0.11221	0.10644	0.3102	0.09242	0.09552	0.09961	0.09128	0.0406	0.39069	0.07518	0.00043	3e-05	0.59723	6e-05	0.00012	0.00608	0.0001	0.59145	0	0	0	0	0.44148	0.03921	0.05938	0.05768	0.06923	0.02172	0.45476	0.05204	0.09669	0.08518	0.04795	0.36793	
0.00509	0.00377	0.00274	0.00256	0.00712	0.00226	0.00261	0.00217	0.00247	0.00103	0.00878	0.00188	2e-05	0	0.01414	0	3e-05	0.00016	0	0.01397	0	0	0	0	0.01041	0.001	0.00148	0.00127	0.0008	0.00013	0.01271	0.00052	0.00121	0.00111	0.00072	0.01112	
0.1222	0.09141	0.06125	0.05961	0.17534	0.05206	0.05278	0.05429	0.05482	0.02517	0.20945	0.04503	0.00019	2e-05	0.33422	4e-05	0.00016	0.00312	5e-05	0.33114	0	0	0	0	0.24798	0.02172	0.03264	0.03213	0.01333	0.004	0.3066	0.01054	0.0319	0.02738	0.01593	0.25926	
0.02065	0.01358	0.01006	0.00933	0.02722	0.00855	0.00863	0.00922	0.00838	0.00426	0.03325	0.00773	5e-05	0	0.05357	0	1e-05	0.00045	1e-05	0.05315	0	0	0	0	0.03919	0.00354	0.00551	0.00538	0.00252	0.00056	0.04886	0.00168	0.0054	0.00442	0.00291	0.04089	
0.27235	0.19688	0.1378	0.13203	0.38408	0.11371	0.11843	0.12284	0.11668	0.05262	0.47373	0.09603	0.00052	2e-05	0.73845	7e-05	0.00028	0.00718	0.0001	0.7315	0.44148	0.01041	0.24798	0.03919	0	0	0	0	0.06311	0.01955	0.60855	0.04785	0.09867	0.08701	0.05054	0.50284	
0.02352	0.01805	0.01218	0.01172	0.03416	0.01014	0.0107	0.01047	0.01024	0.00461	0.04244	0.00818	4e-05	1e-05	0.0654	2e-05	1e-05	0.00074	2e-05	0.0647	0.03921	0.001	0.02172	0.00354	0	0	0	0	0.00577	0.00162	0.0539	0.00418	0.00899	0.00751	0.00422	0.04475	
0.0366	0.02638	0.01843	0.0176	0.0515	0.01604	0.01584	0.01563	0.01538	0.00718	0.06332	0.01313	6e-05	1e-05	0.09893	1e-05	2e-05	0.00108	2e-05	0.09789	0.05938	0.00148	0.03264	0.00551	0	0	0	0	0.00874	0.00269	0.08112	0.00646	0.01424	0.01186	0.00644	0.06647	
0.03638	0.02564	0.01785	0.01659	0.05014	0.0154	0.01457	0.01635	0.01465	0.00665	0.06268	0.01248	7e-05	1e-05	0.09638	0	1e-05	0.00081	2e-05	0.09562	0.05768	0.00127	0.03213	0.00538	0	0	0	0	0.00826	0.00255	0.07936	0.00629	0.0133	0.01171	0.00631	0.06514	
0.03184	0.02316	0.0158	0.01508	0.04422	0.01244	0.01456	0.01466	0.01241	0.00576	0.05756	0.01015	2e-05	2e-05	0.08583	1e-05	1e-05	0.00106	0	0.08481	0.06923	0.0008	0.01333	0.00252	0.06311	0.00577	0.00874	0.00826	0	0	0	0	0.01993	0.01723	0.01022	0.0385	
0.01011	0.00689	0.00452	0.00489	0.01383	0.00413	0.00417	0.00428	0.00394	0.00165	0.01766	0.00316	2e-05	0	0.02639	0	1e-05	0.00025	1e-05	0.02614	0.02172	0.00013	0.004	0.00056	0.01955	0.00162	0.00269	0.00255	0	0	0	0	0.00599	0.00551	0.00291	0.012	
0.30318	0.2193	0.15381	0.14664	0.42752	0.12897	0.13075	0.13569	0.13173	0.05925	0.52286	0.10909	0.0006	3e-05	0.82222	8e-05	0.0003	0.00784	0.00012	0.81467	0.45476	0.01271	0.3066	0.04886	0.60855	0.0539	0.08112	0.07936	0	0	0	0	0.09425	0.08188	0.04717	0.59963	
0.02372	0.0176	0.01213	0.01133	0.03431	0.00975	0.01006	0.01066	0.00887	0.0044	0.04409	0.00742	5e-05	0	0.06472	1e-05	0	0.00066	3e-05	0.06409	0.05204	0.00052	0.01054	0.00168	0.04785	0.00418	0.00646	0.00629	0	0	0	0	0.01503	0.01347	0.00721	0.02907	
0.05042	0.03564	0.02469	0.02445	0.06958	0.02181	0.02161	0.0222	0.0146	0.00627	0.10195	0.01238	0.00012	0	0.13507	1e-05	3e-05	0.00133	1e-05	0.13383	0.09669	0.00121	0.0319	0.0054	0.09867	0.00899	0.01424	0.0133	0.01993	0.00599	0.09425	0.01503	0	0	0	0	
0.04447	0.03023	0.02252	0.02087	0.06122	0.01842	0.01833	0.02012	0.01219	0.00543	0.08982	0.01065	6e-05	1e-05	0.11801	1e-05	4e-05	0.00127	4e-05	0.11674	0.08518	0.00111	0.02738	0.00442	0.08701	0.00751	0.01186	0.01171	0.01723	0.00551	0.08188	0.01347	0	0	0	0	
0.02444	0.01814	0.01329	0.01164	0.03496	0.01027	0.01091	0.01137	0.00731	0.00331	0.05097	0.00592	2e-05	0	0.06749	0	1e-05	0.00061	0	0.06689	0.04795	0.00072	0.01593	0.00291	0.05054	0.00422	0.00644	0.00631	0.01022	0.00291	0.04717	0.00721	0	0	0	0	
0.24952	0.18294	0.12576	0.12098	0.35412	0.10479	0.10869	0.1116	0.12285	0.05605	0.39943	0.10087	0.00049	4e-05	0.67859	8e-05	0.00024	0.0066	0.00011	0.67225	0.36793	0.01112	0.25926	0.04089	0.50284	0.04475	0.06647	0.06514	0.0385	0.012	0.59963	0.02907	0	0	0	0	
