0	0	0	0	0.20974	0.0521	0.05311	0.05719	0.05798	0.02683	0.23843	0.0489	0.00025	4e-05	0.37175	0.0001	0.00018	0.0037	6e-05	0.3682	0.22326	0.00566	0.12328	0.01994	0.27667	0.02349	0.03665	0.03533	0.03192	0.01001	0.30634	0.02387	0.04919	0.04477	0.02583	0.25235	
0	0	0	0	0.15059	0.03766	0.03823	0.03892	0.04157	0.01843	0.17087	0.03453	0.0002	2e-05	0.2651	8e-05	7e-05	0.00247	6e-05	0.2628	0.15979	0.00353	0.08796	0.01412	0.19635	0.01694	0.02626	0.02585	0.02339	0.00757	0.21714	0.0173	0.03688	0.03124	0.01774	0.17954	
0	0	0	0	0.10774	0.0271	0.02696	0.0272	0.02974	0.0134	0.12057	0.02529	0.00013	1e-05	0.18883	3e-05	8e-05	0.00181	1e-05	0.1871	0.11311	0.00271	0.06288	0.0103	0.13955	0.01241	0.01853	0.01851	0.01654	0.00534	0.15462	0.0125	0.02604	0.02235	0.01287	0.12774	
0	0	0	0	0.04936	0.04077	0.04069	0.04264	0.02687	0.01221	0.11136	0.02302	0.00017	3e-05	0.17324	2e-05	6e-05	0.00157	5e-05	0.17178	0.10358	0.00259	0.05808	0.00921	0.12817	0.01123	0.01664	0.01742	0.01532	0.00438	0.14223	0.01153	0.02408	0.02034	0.01248	0.11656	
0.20974	0.15059	0.10774	0.04936	0	0	0	0	0.08095	0.03649	0.33204	0.06795	0.00036	3e-05	0.51694	0.0001	0.00017	0.00486	0.0001	0.5123	0.30982	0.00766	0.17245	0.0275	0.38244	0.03361	0.05126	0.05012	0.0452	0.01467	0.4251	0.03246	0.07001	0.06179	0.03591	0.34972	
0.0521	0.03766	0.0271	0.04077	0	0	0	0	0.02505	0.01101	0.10066	0.02091	0.00012	1e-05	0.15747	3e-05	7e-05	0.00157	0	0.15599	0.09542	0.00221	0.05158	0.00842	0.11707	0.01004	0.01527	0.01525	0.01428	0.00427	0.12856	0.01052	0.02188	0.01859	0.01079	0.10637	
0.05311	0.03823	0.02696	0.04069	0	0	0	0	0.02449	0.01106	0.10222	0.02122	0.00018	2e-05	0.15871	8e-05	8e-05	0.00152	5e-05	0.15734	0.09505	0.00227	0.05326	0.00841	0.11876	0.00969	0.01497	0.01557	0.01355	0.00408	0.13039	0.01097	0.0217	0.01843	0.01086	0.108	
0.05719	0.03892	0.0272	0.04264	0	0	0	0	0.02567	0.01231	0.10631	0.02166	9e-05	4e-05	0.1658	2e-05	7e-05	0.0016	3e-05	0.16425	0.09945	0.00235	0.05491	0.00924	0.12247	0.01073	0.01658	0.01617	0.01414	0.00428	0.13628	0.01125	0.0226	0.01989	0.01136	0.1121	
0.05798	0.04157	0.02974	0.02687	0.08095	0.02505	0.02449	0.02567	0	0	0	0	0.00013	1e-05	0.15598	4e-05	5e-05	0.00138	3e-05	0.1547	0.09059	0.00234	0.05428	0.00895	0.11511	0.01043	0.01571	0.01491	0.01252	0.00367	0.13113	0.00884	0.01411	0.01324	0.00689	0.12192	
0.02683	0.01843	0.0134	0.01221	0.03649	0.01101	0.01106	0.01231	0	0	0	0	4e-05	0	0.0708	3e-05	4e-05	0.00071	1e-05	0.07011	0.04097	0.00107	0.02467	0.00416	0.0526	0.00442	0.00707	0.00678	0.00567	0.00146	0.05965	0.00409	0.00667	0.00556	0.00334	0.0553	
0.23843	0.17087	0.12057	0.11136	0.33204	0.10066	0.10222	0.10631	0	0	0	0	0.00046	7e-05	0.64055	0.00015	0.00025	0.00627	0.00011	0.6346	0.39308	0.00904	0.20645	0.03266	0.47541	0.04045	0.06253	0.06284	0.05907	0.01876	0.51883	0.04457	0.10341	0.08964	0.05267	0.39551	
0.0489	0.03453	0.02529	0.02302	0.06795	0.02091	0.02122	0.02166	0	0	0	0	0.00012	2e-05	0.13159	1e-05	5e-05	0.00119	3e-05	0.13047	0.0751	0.00204	0.0468	0.0078	0.09762	0.00877	0.01277	0.01258	0.00991	0.00341	0.11072	0.0077	0.012	0.01026	0.00602	0.10346	
0.00025	0.0002	0.00013	0.00017	0.00036	0.00012	0.00018	9e-05	0.00013	4e-05	0.00046	0.00012	0	0	0	0	0	2e-05	0	0.00073	0.00044	2e-05	0.00026	3e-05	0.00052	4e-05	0.0001	9e-05	5e-05	2e-05	0.00063	5e-05	8e-05	7e-05	3e-05	0.00057	
4e-05	2e-05	1e-05	3e-05	3e-05	1e-05	2e-05	4e-05	1e-05	0	7e-05	2e-05	0	0	0	0	0	0	0	0.0001	7e-05	0	3e-05	0	0.0001	0	0	0	0	0	7e-05	3e-05	3e-05	1e-05	1e-05	5e-05	
0.37175	0.2651	0.18883	0.17324	0.51694	0.15747	0.15871	0.1658	0.15598	0.0708	0.64055	0.13159	0	0	0	0	0.00039	0.00953	0.00018	0.98882	0.59909	0.01447	0.33182	0.05354	0.73997	0.06401	0.09793	0.09701	0.08711	0.02727	0.81943	0.06511	0.13602	0.1186	0.06887	0.67543	
0.0001	8e-05	3e-05	2e-05	0.0001	3e-05	8e-05	2e-05	4e-05	3e-05	0.00015	1e-05	0	0	0	0	0	0	0	0.00023	0.00014	0	9e-05	0	0.00015	2e-05	5e-05	1e-05	1e-05	1e-05	0.0002	1e-05	6e-05	2e-05	1e-05	0.00014	
0.00018	7e-05	8e-05	6e-05	0.00017	7e-05	8e-05	7e-05	5e-05	4e-05	0.00025	5e-05	0	0	0.00039	0	0	0	0	0	0.00027	1e-05	0.00011	0	0.00027	3e-05	5e-05	4e-05	4e-05	1e-05	0.00034	0	3e-05	5e-05	3e-05	0.00028	
0.0037	0.00247	0.00181	0.00157	0.00486	0.00157	0.00152	0.0016	0.00138	0.00071	0.00627	0.00119	2e-05	0	0.00953	0	0	0	0	0	0.00577	0.0002	0.00302	0.00056	0.00703	0.00066	0.00097	0.00089	0.00094	0.00026	0.0076	0.00075	0.0013	0.00093	0.00059	0.00673	
6e-05	6e-05	1e-05	5e-05	0.0001	0	5e-05	3e-05	3e-05	1e-05	0.00011	3e-05	0	0	0.00018	0	0	0	0	0	0.00011	1e-05	6e-05	0	0.00013	1e-05	1e-05	3e-05	1e-05	0	0.00014	3e-05	1e-05	2e-05	1e-05	0.00014	
0.3682	0.2628	0.1871	0.17178	0.5123	0.15599	0.15734	0.16425	0.1547	0.07011	0.6346	0.13047	0.00073	0.0001	0.98882	0.00023	0	0	0	0	0.59359	0.01427	0.32901	0.05301	0.73331	0.06337	0.09705	0.09615	0.08618	0.02703	0.81225	0.06442	0.13485	0.1177	0.06829	0.66904	
0.22326	0.15979	0.11311	0.10358	0.30982	0.09542	0.09505	0.09945	0.09059	0.04097	0.39308	0.0751	0.00044	7e-05	0.59909	0.00014	0.00027	0.00577	0.00011	0.59359	0	0	0	0	0.44361	0.03894	0.05904	0.05815	0.07076	0.02234	0.45322	0.05342	0.09734	0.08557	0.04934	0.36749	
0.00566	0.00353	0.00271	0.00259	0.00766	0.00221	0.00227	0.00235	0.00234	0.00107	0.00904	0.00204	2e-05	0	0.01447	0	1e-05	0.0002	1e-05	0.01427	0	0	0	0	0.01056	0.00093	0.00154	0.00146	0.00068	0.00026	0.01311	0.00044	0.00126	0.00119	0.00081	0.01123	
0.12328	0.08796	0.06288	0.05808	0.17245	0.05158	0.05326	0.05491	0.05428	0.02467	0.20645	0.0468	0.00026	3e-05	0.33182	9e-05	0.00011	0.00302	6e-05	0.32901	0	0	0	0	0.24696	0.02089	0.03219	0.03216	0.0136	0.0041	0.30493	0.00957	0.03215	0.02771	0.01643	0.25591	
0.01994	0.01412	0.0103	0.00921	0.0275	0.00842	0.00841	0.00924	0.00895	0.00416	0.03266	0.0078	3e-05	0	0.05354	0	0	0.00056	0	0.05301	0	0	0	0	0.03961	0.00331	0.00531	0.00534	0.00213	0.0006	0.04907	0.00177	0.00544	0.00423	0.00234	0.04156	
0.27667	0.19635	0.13955	0.12817	0.38244	0.11707	0.11876	0.12247	0.11511	0.0526	0.47541	0.09762	0.00052	0.0001	0.73997	0.00015	0.00027	0.00703	0.00013	0.73331	0.44361	0.01056	0.24696	0.03961	0	0	0	0	0.06442	0.02032	0.60826	0.04774	0.10057	0.08798	0.0511	0.50109	
0.02349	0.01694	0.01241	0.01123	0.03361	0.01004	0.00969	0.01073	0.01043	0.00442	0.04045	0.00877	4e-05	0	0.06401	2e-05	3e-05	0.00066	1e-05	0.06337	0.03894	0.00093	0.02089	0.00331	0	0	0	0	0.00586	0.00161	0.05215	0.00445	0.00875	0.00765	0.00418	0.04349	
0.03665	0.02626	0.01853	0.01664	0.05126	0.01527	0.01497	0.01658	0.01571	0.00707	0.06253	0.01277	0.0001	0	0.09793	5e-05	5e-05	0.00097	1e-05	0.09705	0.05904	0.00154	0.03219	0.00531	0	0	0	0	0.00839	0.00277	0.08038	0.00654	0.01337	0.01136	0.00664	0.06671	
0.03533	0.02585	0.01851	0.01742	0.05012	0.01525	0.01557	0.01617	0.01491	0.00678	0.06284	0.01258	9e-05	0	0.09701	1e-05	4e-05	0.00089	3e-05	0.09615	0.05815	0.00146	0.03216	0.00534	0	0	0	0	0.0085	0.0026	0.07954	0.00647	0.0135	0.01171	0.007	0.0649	
0.03192	0.02339	0.01654	0.01532	0.0452	0.01428	0.01355	0.01414	0.01252	0.00567	0.05907	0.00991	5e-05	0	0.08711	1e-05	4e-05	0.00094	1e-05	0.08618	0.07076	0.00068	0.0136	0.00213	0.06442	0.00586	0.00839	0.0085	0	0	0	0	0.01963	0.01756	0.01019	0.03979	
0.01001	0.00757	0.00534	0.00438	0.01467	0.00427	0.00408	0.00428	0.00367	0.00146	0.01876	0.00341	2e-05	0	0.02727	1e-05	1e-05	0.00026	0	0.02703	0.02234	0.00026	0.0041	0.0006	0.02032	0.00161	0.00277	0.0026	0	0	0	0	0.00644	0.00581	0.00322	0.01183	
0.30634	0.21714	0.15462	0.14223	0.4251	0.12856	0.13039	0.13628	0.13113	0.05965	0.51883	0.11072	0.00063	7e-05	0.81943	0.0002	0.00034	0.0076	0.00014	0.81225	0.45322	0.01311	0.30493	0.04907	0.60826	0.05215	0.08038	0.07954	0	0	0	0	0.0953	0.08155	0.04821	0.59527	
0.02387	0.0173	0.0125	0.01153	0.03246	0.01052	0.01097	0.01125	0.00884	0.00409	0.04457	0.0077	5e-05	3e-05	0.06511	1e-05	0	0.00075	3e-05	0.06442	0.05342	0.00044	0.00957	0.00177	0.04774	0.00445	0.00654	0.00647	0	0	0	0	0.01482	0.01378	0.0073	0.0293	
0.04919	0.03688	0.02604	0.02408	0.07001	0.02188	0.0217	0.0226	0.01411	0.00667	0.10341	0.012	8e-05	3e-05	0.13602	6e-05	3e-05	0.0013	1e-05	0.13485	0.09734	0.00126	0.03215	0.00544	0.10057	0.00875	0.01337	0.0135	0.01963	0.00644	0.0953	0.01482	0	0	0	0	
0.04477	0.03124	0.02235	0.02034	0.06179	0.01859	0.01843	0.01989	0.01324	0.00556	0.08964	0.01026	7e-05	1e-05	0.1186	2e-05	5e-05	0.00093	2e-05	0.1177	0.08557	0.00119	0.02771	0.00423	0.08798	0.00765	0.01136	0.01171	0.01756	0.00581	0.08155	0.01378	0	0	0	0	
0.02583	0.01774	0.01287	0.01248	0.03591	0.01079	0.01086	0.01136	0.00689	0.00334	0.05267	0.00602	3e-05	1e-05	0.06887	1e-05	3e-05	0.00059	1e-05	0.06829	0.04934	0.00081	0.01643	0.00234	0.0511	0.00418	0.00664	0.007	0.01019	0.00322	0.04821	0.0073	0	0	0	0	
0.25235	0.17954	0.12774	0.11656	0.34972	0.10637	0.108	0.1121	0.12192	0.0553	0.39551	0.10346	0.00057	5e-05	0.67543	0.00014	0.00028	0.00673	0.00014	0.66904	0.36749	0.01123	0.25591	0.04156	0.50109	0.04349	0.06671	0.0649	0.03979	0.01183	0.59527	0.0293	0	0	0	0	
