0	0	0	0	0.20908	0.05087	0.05433	0.05739	0.05773	0.0258	0.23984	0.0483	0.0003	1e-05	0.37127	9e-05	0.00013	0.00343	7e-05	0.36804	0.22417	0.0052	0.12301	0.01929	0.27537	0.02376	0.03735	0.03519	0.03253	0.01008	0.30486	0.0242	0.05087	0.04416	0.02402	0.25262	
0	0	0	0	0.14826	0.03783	0.03771	0.0406	0.04079	0.01902	0.17052	0.03407	0.00026	2e-05	0.2641	2e-05	7e-05	0.00261	3e-05	0.26169	0.15818	0.00384	0.08851	0.01387	0.19553	0.01734	0.02713	0.0244	0.02293	0.00683	0.21717	0.01747	0.03549	0.03101	0.0178	0.1801	
0	0	0	0	0.106	0.02692	0.02633	0.02803	0.02813	0.01335	0.1218	0.024	0.00018	0	0.18705	5e-05	2e-05	0.00198	3e-05	0.18525	0.11232	0.00243	0.06274	0.00979	0.13804	0.0124	0.01883	0.01801	0.01613	0.00499	0.15389	0.01227	0.02557	0.02288	0.01269	0.12614	
0	0	0	0	0.0522	0.03969	0.04139	0.04337	0.02737	0.01266	0.11383	0.02279	0.00015	3e-05	0.17643	4e-05	2e-05	0.0014	6e-05	0.17517	0.10565	0.00225	0.05953	0.00922	0.13081	0.01141	0.01819	0.01624	0.01542	0.00464	0.14571	0.01088	0.0244	0.02078	0.01156	0.11991	
0.20908	0.14826	0.106	0.0522	0	0	0	0	0.07943	0.03632	0.33333	0.06646	0.00046	2e-05	0.51495	0.00011	0.00012	0.00498	8e-05	0.51036	0.30868	0.00675	0.17368	0.02643	0.38187	0.03295	0.05239	0.04833	0.04553	0.01351	0.42362	0.03288	0.06951	0.06156	0.03406	0.35041	
0.05087	0.03783	0.02692	0.03969	0	0	0	0	0.02356	0.01144	0.09952	0.02079	0.00014	1e-05	0.15513	3e-05	3e-05	0.00141	4e-05	0.15383	0.09283	0.00196	0.05222	0.0083	0.11467	0.0104	0.01549	0.01475	0.01366	0.00367	0.12772	0.01026	0.02173	0.01831	0.00994	0.10533	
0.05433	0.03771	0.02633	0.04139	0	0	0	0	0.02462	0.01168	0.10351	0.01995	0.00014	0	0.1596	2e-05	3e-05	0.00142	2e-05	0.15829	0.09613	0.00244	0.05266	0.00853	0.11813	0.01039	0.01643	0.01481	0.0137	0.0047	0.13091	0.01045	0.02183	0.01917	0.01062	0.10814	
0.05739	0.0406	0.02803	0.04337	0	0	0	0	0.02641	0.01139	0.10963	0.02196	0.00015	3e-05	0.16917	4e-05	6e-05	0.00161	5e-05	0.16767	0.10268	0.00257	0.05523	0.00891	0.12508	0.01117	0.01719	0.01595	0.01412	0.00466	0.13938	0.01123	0.02326	0.01979	0.01145	0.11489	
0.05773	0.04079	0.02813	0.02737	0.07943	0.02356	0.02462	0.02641	0	0	0	0	7e-05	3e-05	0.15391	1e-05	5e-05	0.00141	3e-05	0.15253	0.08958	0.00228	0.05372	0.00844	0.11412	0.0099	0.01545	0.01455	0.0115	0.00375	0.13025	0.00852	0.01422	0.01255	0.00657	0.12068	
0.0258	0.01902	0.01335	0.01266	0.03632	0.01144	0.01168	0.01139	0	0	0	0	7e-05	0	0.07074	2e-05	2e-05	0.00056	0	0.07025	0.04141	0.00105	0.02479	0.00358	0.05258	0.00456	0.00726	0.00643	0.00543	0.00149	0.06018	0.00373	0.00622	0.00552	0.00341	0.05568	
0.23984	0.17052	0.1218	0.11383	0.33333	0.09952	0.10351	0.10963	0	0	0	0	0.00065	1e-05	0.64516	0.00017	0.00013	0.00639	0.00016	0.63931	0.39379	0.00846	0.21073	0.03301	0.4784	0.04208	0.06557	0.05994	0.06034	0.01819	0.52279	0.04467	0.10452	0.09014	0.05028	0.40105	
0.0483	0.03407	0.024	0.02279	0.06646	0.02079	0.01995	0.02196	0	0	0	0	0.0001	2e-05	0.12904	0	4e-05	0.00106	0	0.12806	0.07554	0.00193	0.04455	0.00714	0.09465	0.00837	0.01322	0.01292	0.00974	0.00311	0.10841	0.0079	0.01137	0.01062	0.00581	0.10136	
0.0003	0.00026	0.00018	0.00015	0.00046	0.00014	0.00014	0.00015	7e-05	7e-05	0.00065	0.0001	0	0	0	0	0	0	0	0.00089	0.00063	1e-05	0.00023	2e-05	0.00067	8e-05	4e-05	0.0001	0.0001	3e-05	0.00068	8e-05	0.0001	0.00012	9e-05	0.00058	
1e-05	2e-05	0	3e-05	2e-05	1e-05	0	3e-05	3e-05	0	1e-05	2e-05	0	0	0	0	0	0	0	6e-05	4e-05	0	2e-05	0	5e-05	1e-05	0	0	0	0	6e-05	0	0	0	0	6e-05	
0.37127	0.2641	0.18705	0.17643	0.51495	0.15513	0.1596	0.16917	0.15391	0.07074	0.64516	0.12904	0	0	0	0	0.00024	0.00942	0.00019	0.989	0.59951	0.01371	0.33349	0.05214	0.73888	0.0648	0.10144	0.09373	0.08688	0.0265	0.82073	0.06474	0.1362	0.11868	0.06597	0.678	
9e-05	2e-05	5e-05	4e-05	0.00011	3e-05	2e-05	4e-05	1e-05	2e-05	0.00017	0	0	0	0	0	0	0	0	0.0002	0.00014	0	5e-05	1e-05	0.00015	2e-05	2e-05	1e-05	3e-05	1e-05	0.00016	0	3e-05	3e-05	1e-05	0.00013	
0.00013	7e-05	2e-05	2e-05	0.00012	3e-05	3e-05	6e-05	5e-05	2e-05	0.00013	4e-05	0	0	0.00024	0	0	0	0	0	0.00017	0	5e-05	2e-05	0.00014	3e-05	4e-05	3e-05	0	1e-05	0.00021	2e-05	2e-05	6e-05	0	0.00016	
0.00343	0.00261	0.00198	0.0014	0.00498	0.00141	0.00142	0.00161	0.00141	0.00056	0.00639	0.00106	0	0	0.00942	0	0	0	0	0	0.00559	0.00016	0.00319	0.00048	0.00693	0.00061	0.00091	0.00097	0.00076	0.00027	0.00775	0.00064	0.00128	0.00112	0.00064	0.00638	
7e-05	3e-05	3e-05	6e-05	8e-05	4e-05	2e-05	5e-05	3e-05	0	0.00016	0	0	0	0.00019	0	0	0	0	0	0.00014	0	4e-05	1e-05	0.00017	1e-05	0	1e-05	1e-05	1e-05	0.00015	2e-05	0	2e-05	2e-05	0.00015	
0.36804	0.26169	0.18525	0.17517	0.51036	0.15383	0.15829	0.16767	0.15253	0.07025	0.63931	0.12806	0.00089	6e-05	0.989	0.0002	0	0	0	0	0.59442	0.01356	0.33051	0.05166	0.73251	0.06426	0.10055	0.09283	0.08624	0.02625	0.81352	0.06414	0.13503	0.11763	0.06541	0.67208	
0.22417	0.15818	0.11232	0.10565	0.30868	0.09283	0.09613	0.10268	0.08958	0.04141	0.39379	0.07554	0.00063	4e-05	0.59951	0.00014	0.00017	0.00559	0.00014	0.59442	0	0	0	0	0.44348	0.03851	0.06132	0.05701	0.07092	0.02123	0.4553	0.05287	0.09802	0.08598	0.04823	0.36809	
0.0052	0.00384	0.00243	0.00225	0.00675	0.00196	0.00244	0.00257	0.00228	0.00105	0.00846	0.00193	1e-05	0	0.01371	0	0	0.00016	0	0.01356	0	0	0	0	0.01005	0.00104	0.00132	0.00131	0.00052	0.00018	0.01252	0.0005	0.00134	0.00131	0.00055	0.01052	
0.12301	0.08851	0.06274	0.05953	0.17368	0.05222	0.05266	0.05523	0.05372	0.02479	0.21073	0.04455	0.00023	2e-05	0.33349	5e-05	5e-05	0.00319	4e-05	0.33051	0	0	0	0	0.24765	0.02184	0.03353	0.03077	0.01327	0.00442	0.30632	0.00978	0.03175	0.02722	0.01473	0.26009	
0.01929	0.01387	0.00979	0.00922	0.02643	0.0083	0.00853	0.00891	0.00844	0.00358	0.03301	0.00714	2e-05	0	0.05214	1e-05	2e-05	0.00048	1e-05	0.05166	0	0	0	0	0.03857	0.00352	0.00533	0.00475	0.0023	0.00071	0.04749	0.00167	0.00522	0.00432	0.00256	0.04007	
0.27537	0.19553	0.13804	0.13081	0.38187	0.11467	0.11813	0.12508	0.11412	0.05258	0.4784	0.09465	0.00067	5e-05	0.73888	0.00015	0.00014	0.00693	0.00017	0.73251	0.44348	0.01005	0.24765	0.03857	0	0	0	0	0.06391	0.01954	0.60793	0.04837	0.10126	0.08782	0.04894	0.50173	
0.02376	0.01734	0.0124	0.01141	0.03295	0.0104	0.01039	0.01117	0.0099	0.00456	0.04208	0.00837	8e-05	1e-05	0.0648	2e-05	3e-05	0.00061	1e-05	0.06426	0.03851	0.00104	0.02184	0.00352	0	0	0	0	0.00585	0.00169	0.05339	0.00398	0.00824	0.00758	0.00428	0.04481	
0.03735	0.02713	0.01883	0.01819	0.05239	0.01549	0.01643	0.01719	0.01545	0.00726	0.06557	0.01322	4e-05	0	0.10144	2e-05	4e-05	0.00091	0	0.10055	0.06132	0.00132	0.03353	0.00533	0	0	0	0	0.00889	0.00296	0.08309	0.00656	0.01432	0.01237	0.00662	0.06819	
0.03519	0.0244	0.01801	0.01624	0.04833	0.01475	0.01481	0.01595	0.01455	0.00643	0.05994	0.01292	0.0001	0	0.09373	1e-05	3e-05	0.00097	1e-05	0.09283	0.05701	0.00131	0.03077	0.00475	0	0	0	0	0.00836	0.00235	0.07722	0.00591	0.01251	0.01106	0.00623	0.06404	
0.03253	0.02293	0.01613	0.01542	0.04553	0.01366	0.0137	0.01412	0.0115	0.00543	0.06034	0.00974	0.0001	0	0.08688	3e-05	0	0.00076	1e-05	0.08624	0.07092	0.00052	0.01327	0.0023	0.06391	0.00585	0.00889	0.00836	0	0	0	0	0.01982	0.01808	0.00985	0.03926	
0.01008	0.00683	0.00499	0.00464	0.01351	0.00367	0.0047	0.00466	0.00375	0.00149	0.01819	0.00311	3e-05	0	0.0265	1e-05	1e-05	0.00027	1e-05	0.02625	0.02123	0.00018	0.00442	0.00071	0.01954	0.00169	0.00296	0.00235	0	0	0	0	0.00618	0.00517	0.00328	0.01191	
0.30486	0.21717	0.15389	0.14571	0.42362	0.12772	0.13091	0.13938	0.13025	0.06018	0.52279	0.10841	0.00068	6e-05	0.82073	0.00016	0.00021	0.00775	0.00015	0.81352	0.4553	0.01252	0.30632	0.04749	0.60793	0.05339	0.08309	0.07722	0	0	0	0	0.09504	0.08257	0.04513	0.59889	
0.0242	0.01747	0.01227	0.01088	0.03288	0.01026	0.01045	0.01123	0.00852	0.00373	0.04467	0.0079	8e-05	0	0.06474	0	2e-05	0.00064	2e-05	0.06414	0.05287	0.0005	0.00978	0.00167	0.04837	0.00398	0.00656	0.00591	0	0	0	0	0.01529	0.01301	0.00781	0.02871	
0.05087	0.03549	0.02557	0.0244	0.06951	0.02173	0.02183	0.02326	0.01422	0.00622	0.10452	0.01137	0.0001	0	0.1362	3e-05	2e-05	0.00128	0	0.13503	0.09802	0.00134	0.03175	0.00522	0.10126	0.00824	0.01432	0.01251	0.01982	0.00618	0.09504	0.01529	0	0	0	0	
0.04416	0.03101	0.02288	0.02078	0.06156	0.01831	0.01917	0.01979	0.01255	0.00552	0.09014	0.01062	0.00012	0	0.11868	3e-05	6e-05	0.00112	2e-05	0.11763	0.08598	0.00131	0.02722	0.00432	0.08782	0.00758	0.01237	0.01106	0.01808	0.00517	0.08257	0.01301	0	0	0	0	
0.02402	0.0178	0.01269	0.01156	0.03406	0.00994	0.01062	0.01145	0.00657	0.00341	0.05028	0.00581	9e-05	0	0.06597	1e-05	0	0.00064	2e-05	0.06541	0.04823	0.00055	0.01473	0.00256	0.04894	0.00428	0.00662	0.00623	0.00985	0.00328	0.04513	0.00781	0	0	0	0	
0.25262	0.1801	0.12614	0.11991	0.35041	0.10533	0.10814	0.11489	0.12068	0.05568	0.40105	0.10136	0.00058	6e-05	0.678	0.00013	0.00016	0.00638	0.00015	0.67208	0.36809	0.01052	0.26009	0.04007	0.50173	0.04481	0.06819	0.06404	0.03926	0.01191	0.59889	0.02871	0	0	0	0	
