0	0	0	0	0.20827	0.05162	0.05361	0.05506	0.05734	0.02575	0.23604	0.04943	0.00027	3e-05	0.36818	8e-05	0.0002	0.00339	6e-05	0.36491	0.22256	0.00502	0.12176	0.01922	0.27251	0.02447	0.03625	0.03533	0.03253	0.00976	0.30383	0.02244	0.05006	0.0437	0.02472	0.25008	
0	0	0	0	0.15018	0.03674	0.03936	0.03891	0.04247	0.01833	0.17086	0.03353	0.00016	0	0.265	3e-05	8e-05	0.00245	1e-05	0.26265	0.15997	0.00358	0.08753	0.01411	0.19606	0.01664	0.02692	0.02557	0.02316	0.00723	0.21762	0.01718	0.03546	0.03221	0.01781	0.17971	
0	0	0	0	0.10623	0.0263	0.02671	0.02934	0.02862	0.01377	0.12194	0.02425	0.0002	1e-05	0.18833	4e-05	5e-05	0.00185	2e-05	0.18666	0.11285	0.00274	0.06289	0.0101	0.13981	0.01251	0.01866	0.0176	0.0157	0.00489	0.15628	0.01171	0.0259	0.02161	0.01283	0.12824	
0	0	0	0	0.05254	0.03967	0.04163	0.04383	0.0267	0.01256	0.11526	0.02315	0.00017	1e-05	0.17748	1e-05	5e-05	0.00166	2e-05	0.17594	0.10736	0.00238	0.0585	0.00943	0.13078	0.01223	0.01719	0.01747	0.01591	0.00466	0.14517	0.01193	0.02471	0.02131	0.01159	0.12006	
0.20827	0.15018	0.10623	0.05254	0	0	0	0	0.08095	0.03706	0.33154	0.06767	0.00037	3e-05	0.51671	0.00011	0.0002	0.00472	7e-05	0.51223	0.31125	0.00703	0.17129	0.02765	0.38249	0.03365	0.05158	0.0495	0.04518	0.01394	0.42583	0.03227	0.07016	0.06142	0.03419	0.35145	
0.05162	0.03674	0.0263	0.03967	0	0	0	0	0.02269	0.01089	0.10045	0.0203	0.00016	0	0.15416	1e-05	4e-05	0.00147	0	0.15282	0.09324	0.00203	0.05096	0.0081	0.11439	0.01018	0.01528	0.01448	0.01356	0.00426	0.12634	0.01017	0.02103	0.01893	0.0101	0.10427	
0.05361	0.03936	0.02671	0.04163	0	0	0	0	0.02607	0.01109	0.10316	0.02099	9e-05	0	0.16121	1e-05	7e-05	0.00152	4e-05	0.15968	0.0974	0.00224	0.05309	0.00858	0.1185	0.01079	0.01589	0.01613	0.01413	0.00409	0.13309	0.01	0.02253	0.0191	0.01096	0.10872	
0.05506	0.03891	0.02934	0.04383	0	0	0	0	0.02542	0.01137	0.10895	0.0214	0.00018	2e-05	0.16691	3e-05	7e-05	0.00164	0	0.16543	0.10085	0.00242	0.05534	0.00853	0.12378	0.01123	0.01627	0.01586	0.01443	0.00425	0.13764	0.01082	0.02241	0.01938	0.0117	0.11365	
0.05734	0.04247	0.02862	0.0267	0.08095	0.02269	0.02607	0.02542	0	0	0	0	0.00012	0	0.15498	3e-05	5e-05	0.00126	1e-05	0.15381	0.09076	0.00223	0.05332	0.00882	0.11493	0.01009	0.01517	0.01494	0.01208	0.00343	0.13086	0.00876	0.01375	0.01269	0.00672	0.12197	
0.02575	0.01833	0.01377	0.01256	0.03706	0.01089	0.01109	0.01137	0	0	0	0	0.00013	0	0.07028	0	7e-05	0.00075	1e-05	0.06958	0.04093	0.00102	0.02462	0.00384	0.05168	0.0047	0.0072	0.00683	0.00572	0.00154	0.05904	0.00411	0.00599	0.00554	0.00323	0.05565	
0.23604	0.17086	0.12194	0.11526	0.33154	0.10045	0.10316	0.10895	0	0	0	0	0.00047	5e-05	0.64347	0.00011	0.00021	0.00628	8e-05	0.63753	0.39537	0.00864	0.20716	0.03293	0.47546	0.04248	0.06385	0.06231	0.05957	0.01866	0.52276	0.04311	0.10444	0.09017	0.05146	0.39803	
0.04943	0.03353	0.02425	0.02315	0.06767	0.0203	0.02099	0.0214	0	0	0	0	8e-05	0	0.13026	2e-05	5e-05	0.00106	1e-05	0.12924	0.07568	0.00183	0.04558	0.00727	0.09709	0.00858	0.0128	0.01189	0.00993	0.00291	0.11024	0.00728	0.01195	0.01043	0.00554	0.10244	
0.00027	0.00016	0.0002	0.00017	0.00037	0.00016	9e-05	0.00018	0.00012	0.00013	0.00047	8e-05	0	0	0	0	0	0	0	0.0008	0.00049	2e-05	0.00027	2e-05	0.00055	4e-05	0.00014	7e-05	9e-05	2e-05	0.00065	4e-05	9e-05	0.00012	3e-05	0.00056	
3e-05	0	1e-05	1e-05	3e-05	0	0	2e-05	0	0	5e-05	0	0	0	0	0	0	0	0	5e-05	3e-05	0	1e-05	1e-05	5e-05	0	0	0	1e-05	0	4e-05	0	2e-05	1e-05	0	2e-05	
0.36818	0.265	0.18833	0.17748	0.51671	0.15416	0.16121	0.16691	0.15498	0.07028	0.64347	0.13026	0	0	0	0	0.00038	0.00935	0.00011	0.98915	0.6021	0.01369	0.33037	0.05283	0.73844	0.06579	0.09887	0.09589	0.08719	0.02651	0.82209	0.0632	0.13601	0.11866	0.06689	0.67743	
8e-05	3e-05	4e-05	1e-05	0.00011	1e-05	1e-05	3e-05	3e-05	0	0.00011	2e-05	0	0	0	0	0	0	0	0.00016	0.00012	1e-05	3e-05	0	0.00012	2e-05	1e-05	1e-05	1e-05	1e-05	0.00012	2e-05	1e-05	4e-05	3e-05	8e-05	
0.0002	8e-05	5e-05	5e-05	0.0002	4e-05	7e-05	7e-05	5e-05	7e-05	0.00021	5e-05	0	0	0.00038	0	0	0	0	0	0.0002	0	0.00014	4e-05	0.00028	0	3e-05	7e-05	2e-05	2e-05	0.00032	2e-05	1e-05	3e-05	4e-05	0.0003	
0.00339	0.00245	0.00185	0.00166	0.00472	0.00147	0.00152	0.00164	0.00126	0.00075	0.00628	0.00106	0	0	0.00935	0	0	0	0	0	0.00584	0.00012	0.00279	0.0006	0.00699	0.00058	0.0009	0.00088	0.00082	0.00024	0.00774	0.00055	0.00134	0.00116	0.00063	0.00622	
6e-05	1e-05	2e-05	2e-05	7e-05	0	4e-05	0	1e-05	1e-05	8e-05	1e-05	0	0	0.00011	0	0	0	0	0	8e-05	0	3e-05	0	9e-05	2e-05	0	0	0	1e-05	0.0001	0	3e-05	2e-05	0	6e-05	
0.36491	0.26265	0.18666	0.17594	0.51223	0.15282	0.15968	0.16543	0.15381	0.06958	0.63753	0.12924	0.0008	5e-05	0.98915	0.00016	0	0	0	0	0.59662	0.0136	0.32772	0.05222	0.7318	0.06525	0.09809	0.09502	0.08646	0.02627	0.81474	0.06269	0.13475	0.11762	0.06628	0.67151	
0.22256	0.15997	0.11285	0.10736	0.31125	0.09324	0.0974	0.10085	0.09076	0.04093	0.39537	0.07568	0.00049	3e-05	0.6021	0.00012	0.0002	0.00584	8e-05	0.59662	0	0	0	0	0.44556	0.0398	0.05965	0.05773	0.07104	0.02155	0.45842	0.05173	0.09806	0.08444	0.0489	0.37134	
0.00502	0.00358	0.00274	0.00238	0.00703	0.00203	0.00224	0.00242	0.00223	0.00102	0.00864	0.00183	2e-05	0	0.01369	1e-05	0	0.00012	0	0.0136	0	0	0	0	0.01028	0.00093	0.00137	0.00114	0.00042	0.00018	0.01267	0.00045	0.00132	0.0013	0.00058	0.01052	
0.12176	0.08753	0.06289	0.0585	0.17129	0.05096	0.05309	0.05534	0.05332	0.02462	0.20716	0.04558	0.00027	1e-05	0.33037	3e-05	0.00014	0.00279	3e-05	0.32772	0	0	0	0	0.24448	0.02174	0.03259	0.03187	0.01387	0.00422	0.30327	0.00932	0.03151	0.02852	0.01509	0.25556	
0.01922	0.01411	0.0101	0.00943	0.02765	0.0081	0.00858	0.00853	0.00882	0.00384	0.03293	0.00727	2e-05	1e-05	0.05283	0	4e-05	0.0006	0	0.05222	0	0	0	0	0.03884	0.00338	0.00541	0.00523	0.00197	0.00059	0.04854	0.00176	0.00524	0.00457	0.00238	0.04067	
0.27251	0.19606	0.13981	0.13078	0.38249	0.11439	0.1185	0.12378	0.11493	0.05168	0.47546	0.09709	0.00055	5e-05	0.73844	0.00012	0.00028	0.00699	9e-05	0.7318	0.44556	0.01028	0.24448	0.03884	0	0	0	0	0.06513	0.01942	0.60823	0.04638	0.10046	0.08741	0.04928	0.50201	
0.02447	0.01664	0.01251	0.01223	0.03365	0.01018	0.01079	0.01123	0.01009	0.0047	0.04248	0.00858	4e-05	0	0.06579	2e-05	0	0.00058	2e-05	0.06525	0.0398	0.00093	0.02174	0.00338	0	0	0	0	0.00568	0.00191	0.05423	0.00403	0.0088	0.00787	0.00428	0.0449	
0.03625	0.02692	0.01866	0.01719	0.05158	0.01528	0.01589	0.01627	0.01517	0.0072	0.06385	0.0128	0.00014	0	0.09887	1e-05	3e-05	0.0009	0	0.09809	0.05965	0.00137	0.03259	0.00541	0	0	0	0	0.0085	0.00269	0.08147	0.00636	0.01344	0.01238	0.00662	0.06658	
0.03533	0.02557	0.0176	0.01747	0.0495	0.01448	0.01613	0.01586	0.01494	0.00683	0.06231	0.01189	7e-05	0	0.09589	1e-05	7e-05	0.00088	0	0.09502	0.05773	0.00114	0.03187	0.00523	0	0	0	0	0.00799	0.00252	0.07897	0.00649	0.01343	0.01117	0.00677	0.0646	
0.03253	0.02316	0.0157	0.01591	0.04518	0.01356	0.01413	0.01443	0.01208	0.00572	0.05957	0.00993	9e-05	1e-05	0.08719	1e-05	2e-05	0.00082	0	0.08646	0.07104	0.00042	0.01387	0.00197	0.06513	0.00568	0.0085	0.00799	0	0	0	0	0.02046	0.01785	0.00987	0.03912	
0.00976	0.00723	0.00489	0.00466	0.01394	0.00426	0.00409	0.00425	0.00343	0.00154	0.01866	0.00291	2e-05	0	0.02651	1e-05	2e-05	0.00024	1e-05	0.02627	0.02155	0.00018	0.00422	0.00059	0.01942	0.00191	0.00269	0.00252	0	0	0	0	0.00612	0.00561	0.00324	0.01157	
0.30383	0.21762	0.15628	0.14517	0.42583	0.12634	0.13309	0.13764	0.13086	0.05904	0.52276	0.11024	0.00065	4e-05	0.82209	0.00012	0.00032	0.00774	0.0001	0.81474	0.45842	0.01267	0.30327	0.04854	0.60823	0.05423	0.08147	0.07897	0	0	0	0	0.09484	0.08264	0.04619	0.59923	
0.02244	0.01718	0.01171	0.01193	0.03227	0.01017	0.01	0.01082	0.00876	0.00411	0.04311	0.00728	4e-05	0	0.0632	2e-05	2e-05	0.00055	0	0.06269	0.05173	0.00045	0.00932	0.00176	0.04638	0.00403	0.00636	0.00649	0	0	0	0	0.01471	0.01273	0.00765	0.02817	
0.05006	0.03546	0.0259	0.02471	0.07016	0.02103	0.02253	0.02241	0.01375	0.00599	0.10444	0.01195	9e-05	2e-05	0.13601	1e-05	1e-05	0.00134	3e-05	0.13475	0.09806	0.00132	0.03151	0.00524	0.10046	0.0088	0.01344	0.01343	0.02046	0.00612	0.09484	0.01471	0	0	0	0	
0.0437	0.03221	0.02161	0.02131	0.06142	0.01893	0.0191	0.01938	0.01269	0.00554	0.09017	0.01043	0.00012	1e-05	0.11866	4e-05	3e-05	0.00116	2e-05	0.11762	0.08444	0.0013	0.02852	0.00457	0.08741	0.00787	0.01238	0.01117	0.01785	0.00561	0.08264	0.01273	0	0	0	0	
0.02472	0.01781	0.01283	0.01159	0.03419	0.0101	0.01096	0.0117	0.00672	0.00323	0.05146	0.00554	3e-05	0	0.06689	3e-05	4e-05	0.00063	0	0.06628	0.0489	0.00058	0.01509	0.00238	0.04928	0.00428	0.00662	0.00677	0.00987	0.00324	0.04619	0.00765	0	0	0	0	
0.25008	0.17971	0.12824	0.12006	0.35145	0.10427	0.10872	0.11365	0.12197	0.05565	0.39803	0.10244	0.00056	2e-05	0.67743	8e-05	0.0003	0.00622	6e-05	0.67151	0.37134	0.01052	0.25556	0.04067	0.50201	0.0449	0.06658	0.0646	0.03912	0.01157	0.59923	0.02817	0	0	0	0	
