0	0	0	0	0.20987	0.05129	0.05303	0.05633	0.05755	0.02659	0.23936	0.04702	0.00022	1e-05	0.3702	9e-05	0.00018	0.00378	4e-05	0.36652	0.22259	0.0054	0.12291	0.01962	0.27299	0.02492	0.03689	0.03572	0.03266	0.01033	0.30304	0.02449	0.05006	0.04271	0.02543	0.25232	
0	0	0	0	0.15009	0.03693	0.03789	0.04066	0.0415	0.01903	0.171	0.03404	0.00021	0	0.26532	4e-05	0.0001	0.00232	6e-05	0.26309	0.15953	0.00415	0.08663	0.01526	0.19747	0.01686	0.02596	0.02528	0.02328	0.00693	0.2177	0.01766	0.03614	0.03156	0.01784	0.18003	
0	0	0	0	0.10669	0.027	0.02627	0.02782	0.02938	0.01277	0.12097	0.02466	0.00015	0	0.18762	1e-05	4e-05	0.00175	4e-05	0.18595	0.11404	0.00264	0.06141	0.00969	0.13887	0.01283	0.01854	0.01754	0.01659	0.00573	0.15339	0.01207	0.02589	0.0223	0.01293	0.12666	
0	0	0	0	0.0511	0.04028	0.04148	0.04327	0.02844	0.01189	0.11316	0.02264	7e-05	0	0.17601	5e-05	7e-05	0.00169	2e-05	0.17435	0.10479	0.00265	0.05956	0.00913	0.12873	0.01189	0.01844	0.01707	0.0151	0.00468	0.14439	0.01196	0.02332	0.02098	0.01145	0.12038	
0.20987	0.15009	0.10669	0.0511	0	0	0	0	0.08051	0.03657	0.3345	0.06617	0.00026	0	0.51742	7e-05	0.00012	0.0045	8e-05	0.51305	0.31135	0.00746	0.17093	0.02801	0.38332	0.03402	0.0511	0.04931	0.04627	0.01426	0.42356	0.03366	0.07023	0.06104	0.03581	0.35067	
0.05129	0.03693	0.027	0.04028	0	0	0	0	0.02457	0.01109	0.10009	0.01975	0.0001	1e-05	0.15536	3e-05	9e-05	0.00159	2e-05	0.1538	0.09304	0.00257	0.05128	0.00861	0.114	0.01084	0.01594	0.01472	0.01317	0.00432	0.12746	0.01055	0.02091	0.01837	0.01039	0.10583	
0.05303	0.03789	0.02627	0.04148	0	0	0	0	0.02547	0.01125	0.1018	0.02015	0.00016	0	0.15845	6e-05	0.00012	0.00158	2e-05	0.15695	0.09583	0.00238	0.05181	0.00865	0.11691	0.01052	0.01616	0.01508	0.01376	0.00442	0.12952	0.01097	0.02161	0.01877	0.0101	0.10819	
0.05633	0.04066	0.02782	0.04327	0	0	0	0	0.02632	0.01137	0.1081	0.02229	0.00013	0	0.16792	3e-05	6e-05	0.00187	4e-05	0.16611	0.10073	0.00243	0.05649	0.00843	0.12383	0.01112	0.01663	0.0165	0.01443	0.00467	0.13798	0.011	0.02266	0.01937	0.01135	0.1147	
0.05755	0.0415	0.02938	0.02844	0.08051	0.02457	0.02547	0.02632	0	0	0	0	7e-05	0	0.15677	3e-05	8e-05	0.00147	3e-05	0.15529	0.09199	0.00223	0.05392	0.00873	0.11601	0.01002	0.01603	0.01481	0.01217	0.00382	0.13191	0.00897	0.01413	0.01214	0.00687	0.12373	
0.02659	0.01903	0.01277	0.01189	0.03657	0.01109	0.01125	0.01137	0	0	0	0	2e-05	0	0.07021	5e-05	0	0.00065	1e-05	0.06962	0.0402	0.00115	0.02461	0.00432	0.05233	0.0047	0.00675	0.0065	0.00565	0.00169	0.05901	0.00393	0.00624	0.00558	0.00314	0.05532	
0.23936	0.171	0.12097	0.11316	0.3345	0.10009	0.1018	0.1081	0	0	0	0	0.00046	1e-05	0.64392	0.0001	0.00027	0.00622	0.00011	0.63789	0.39396	0.00936	0.20792	0.03325	0.47511	0.04339	0.06424	0.06175	0.05985	0.0192	0.51989	0.04555	0.10332	0.0898	0.05146	0.39991	
0.04702	0.03404	0.02466	0.02264	0.06617	0.01975	0.02015	0.02229	0	0	0	0	0.0001	0	0.12825	1e-05	4e-05	0.0012	1e-05	0.12711	0.0748	0.0021	0.04406	0.0074	0.09461	0.00839	0.01281	0.01255	0.00996	0.00296	0.10771	0.00773	0.01172	0.01003	0.00618	0.10043	
0.00022	0.00021	0.00015	7e-05	0.00026	0.0001	0.00016	0.00013	7e-05	2e-05	0.00046	0.0001	0	0	0	0	0	0	0	0.00065	0.00039	3e-05	0.00019	4e-05	0.00051	4e-05	8e-05	2e-05	4e-05	5e-05	0.00052	4e-05	0.00012	0.00015	0	0.00038	
1e-05	0	0	0	0	1e-05	0	0	0	0	1e-05	0	0	0	0	0	0	0	0	1e-05	1e-05	0	0	0	0	0	1e-05	0	0	1e-05	0	0	0	0	0	1e-05	
0.3702	0.26532	0.18762	0.17601	0.51742	0.15536	0.15845	0.16792	0.15677	0.07021	0.64392	0.12825	0	0	0	0	0.00039	0.00954	0.00016	0.98906	0.60044	0.01481	0.33026	0.05364	0.73739	0.06644	0.09974	0.09558	0.08755	0.02761	0.81786	0.06613	0.13527	0.11738	0.06764	0.67886	
9e-05	4e-05	1e-05	5e-05	7e-05	3e-05	6e-05	3e-05	3e-05	5e-05	0.0001	1e-05	0	0	0	0	0	0	0	0.00019	0.00011	0	6e-05	2e-05	0.00016	2e-05	0	1e-05	4e-05	0	0.00014	1e-05	2e-05	2e-05	1e-05	0.00014	
0.00018	0.0001	4e-05	7e-05	0.00012	9e-05	0.00012	6e-05	8e-05	0	0.00027	4e-05	0	0	0.00039	0	0	0	0	0	0.00023	1e-05	0.00013	2e-05	0.00031	1e-05	3e-05	4e-05	3e-05	0	0.00034	2e-05	6e-05	3e-05	5e-05	0.00025	
0.00378	0.00232	0.00175	0.00169	0.0045	0.00159	0.00158	0.00187	0.00147	0.00065	0.00622	0.0012	0	0	0.00954	0	0	0	0	0	0.00566	0.00016	0.00321	0.00051	0.00697	0.00057	0.00113	0.00087	0.00069	0.00025	0.00776	0.00084	0.00128	0.0012	0.00049	0.00657	
4e-05	6e-05	4e-05	2e-05	8e-05	2e-05	2e-05	4e-05	3e-05	1e-05	0.00011	1e-05	0	0	0.00016	0	0	0	0	0	0.0001	0	5e-05	1e-05	0.0001	3e-05	0	3e-05	0	0	0.00014	2e-05	2e-05	2e-05	2e-05	0.0001	
0.36652	0.26309	0.18595	0.17435	0.51305	0.1538	0.15695	0.16611	0.15529	0.06962	0.63789	0.12711	0.00065	1e-05	0.98906	0.00019	0	0	0	0	0.59496	0.01467	0.32712	0.05316	0.73068	0.06589	0.09867	0.09467	0.08691	0.02742	0.81028	0.0653	0.13405	0.1163	0.06709	0.67247	
0.22259	0.15953	0.11404	0.10479	0.31135	0.09304	0.09583	0.10073	0.09199	0.0402	0.39396	0.0748	0.00039	1e-05	0.60044	0.00011	0.00023	0.00566	0.0001	0.59496	0	0	0	0	0.44437	0.03996	0.05975	0.05687	0.0711	0.02246	0.45459	0.0528	0.09727	0.08564	0.04986	0.36818	
0.0054	0.00415	0.00264	0.00265	0.00746	0.00257	0.00238	0.00243	0.00223	0.00115	0.00936	0.0021	3e-05	0	0.01481	0	1e-05	0.00016	0	0.01467	0	0	0	0	0.01084	0.001	0.00157	0.00143	0.00059	0.00018	0.01355	0.00052	0.00115	0.0012	0.00061	0.01188	
0.12291	0.08663	0.06141	0.05956	0.17093	0.05128	0.05181	0.05649	0.05392	0.02461	0.20792	0.04406	0.00019	0	0.33026	6e-05	0.00013	0.00321	5e-05	0.32712	0	0	0	0	0.24419	0.0218	0.03291	0.03161	0.01384	0.00441	0.30112	0.01114	0.03175	0.02628	0.01475	0.25773	
0.01962	0.01526	0.00969	0.00913	0.02801	0.00861	0.00865	0.00843	0.00873	0.00432	0.03325	0.0074	4e-05	0	0.05364	2e-05	2e-05	0.00051	1e-05	0.05316	0	0	0	0	0.03866	0.00374	0.0056	0.0057	0.0021	0.00062	0.04926	0.00172	0.00524	0.00443	0.00243	0.0416	
0.27299	0.19747	0.13887	0.12873	0.38332	0.114	0.11691	0.12383	0.11601	0.05233	0.47511	0.09461	0.00051	0	0.73739	0.00016	0.00031	0.00697	0.0001	0.73068	0.44437	0.01084	0.24419	0.03866	0	0	0	0	0.06475	0.01989	0.60497	0.04845	0.09949	0.08735	0.05009	0.50113	
0.02492	0.01686	0.01283	0.01189	0.03402	0.01084	0.01052	0.01112	0.01002	0.0047	0.04339	0.00839	4e-05	0	0.06644	2e-05	1e-05	0.00057	3e-05	0.06589	0.03996	0.001	0.0218	0.00374	0	0	0	0	0.00593	0.00197	0.05407	0.00453	0.00869	0.00785	0.00471	0.04525	
0.03689	0.02596	0.01854	0.01844	0.0511	0.01594	0.01616	0.01663	0.01603	0.00675	0.06424	0.01281	8e-05	1e-05	0.09974	0	3e-05	0.00113	0	0.09867	0.05975	0.00157	0.03291	0.0056	0	0	0	0	0.00868	0.00277	0.08144	0.00694	0.01415	0.01151	0.00672	0.06745	
0.03572	0.02528	0.01754	0.01707	0.04931	0.01472	0.01508	0.0165	0.01481	0.0065	0.06175	0.01255	2e-05	0	0.09558	1e-05	4e-05	0.00087	3e-05	0.09467	0.05687	0.00143	0.03161	0.0057	0	0	0	0	0.00827	0.00304	0.07804	0.00626	0.01308	0.01084	0.00613	0.06556	
0.03266	0.02328	0.01659	0.0151	0.04627	0.01317	0.01376	0.01443	0.01217	0.00565	0.05985	0.00996	4e-05	0	0.08755	4e-05	3e-05	0.00069	0	0.08691	0.0711	0.00059	0.01384	0.0021	0.06475	0.00593	0.00868	0.00827	0	0	0	0	0.02047	0.01739	0.01057	0.0392	
0.01033	0.00693	0.00573	0.00468	0.01426	0.00432	0.00442	0.00467	0.00382	0.00169	0.0192	0.00296	5e-05	1e-05	0.02761	0	0	0.00025	0	0.02742	0.02246	0.00018	0.00441	0.00062	0.01989	0.00197	0.00277	0.00304	0	0	0	0	0.00627	0.00574	0.00323	0.01243	
0.30304	0.2177	0.15339	0.14439	0.42356	0.12746	0.12952	0.13798	0.13191	0.05901	0.51989	0.10771	0.00052	0	0.81786	0.00014	0.00034	0.00776	0.00014	0.81028	0.45459	0.01355	0.30112	0.04926	0.60497	0.05407	0.08144	0.07804	0	0	0	0	0.09353	0.08111	0.04651	0.59737	
0.02449	0.01766	0.01207	0.01196	0.03366	0.01055	0.01097	0.011	0.00897	0.00393	0.04555	0.00773	4e-05	0	0.06613	1e-05	2e-05	0.00084	2e-05	0.0653	0.0528	0.00052	0.01114	0.00172	0.04845	0.00453	0.00694	0.00626	0	0	0	0	0.01514	0.01331	0.00734	0.03039	
0.05006	0.03614	0.02589	0.02332	0.07023	0.02091	0.02161	0.02266	0.01413	0.00624	0.10332	0.01172	0.00012	0	0.13527	2e-05	6e-05	0.00128	2e-05	0.13405	0.09727	0.00115	0.03175	0.00524	0.09949	0.00869	0.01415	0.01308	0.02047	0.00627	0.09353	0.01514	0	0	0	0	
0.04271	0.03156	0.0223	0.02098	0.06104	0.01837	0.01877	0.01937	0.01214	0.00558	0.0898	0.01003	0.00015	0	0.11738	2e-05	3e-05	0.0012	2e-05	0.1163	0.08564	0.0012	0.02628	0.00443	0.08735	0.00785	0.01151	0.01084	0.01739	0.00574	0.08111	0.01331	0	0	0	0	
0.02543	0.01784	0.01293	0.01145	0.03581	0.01039	0.0101	0.01135	0.00687	0.00314	0.05146	0.00618	0	0	0.06764	1e-05	5e-05	0.00049	2e-05	0.06709	0.04986	0.00061	0.01475	0.00243	0.05009	0.00471	0.00672	0.00613	0.01057	0.00323	0.04651	0.00734	0	0	0	0	
0.25232	0.18003	0.12666	0.12038	0.35067	0.10583	0.10819	0.1147	0.12373	0.05532	0.39991	0.10043	0.00038	1e-05	0.67886	0.00014	0.00025	0.00657	0.0001	0.67247	0.36818	0.01188	0.25773	0.0416	0.50113	0.04525	0.06745	0.06556	0.0392	0.01243	0.59737	0.03039	0	0	0	0	
