0	0	0	0	0.21006	0.0508	0.05249	0.05526	0.05739	0.02559	0.23796	0.04767	0.00026	4e-05	0.36827	4e-05	0.00011	0.00342	5e-05	0.36503	0.22272	0.00505	0.12182	0.01902	0.27281	0.02475	0.03661	0.03444	0.03151	0.01055	0.30226	0.02429	0.04917	0.04338	0.02477	0.25129	
0	0	0	0	0.15261	0.03703	0.03718	0.04023	0.04013	0.01947	0.17193	0.03552	0.00013	2e-05	0.26688	2e-05	6e-05	0.00276	6e-05	0.26417	0.16101	0.00374	0.08853	0.01377	0.19537	0.01805	0.02704	0.02659	0.02395	0.00672	0.21904	0.01734	0.03559	0.03123	0.0185	0.18173	
0	0	0	0	0.10874	0.02573	0.02686	0.02774	0.02973	0.01325	0.12084	0.02525	0.00012	1e-05	0.18892	2e-05	7e-05	0.00176	5e-05	0.18719	0.1143	0.00275	0.06269	0.00933	0.13948	0.01281	0.01826	0.01852	0.01754	0.00474	0.1538	0.01299	0.02688	0.02283	0.01215	0.12721	
0	0	0	0	0.05088	0.04077	0.04069	0.04293	0.02769	0.0124	0.11276	0.02242	0.00021	2e-05	0.175	4e-05	6e-05	0.00161	2e-05	0.17358	0.10532	0.00282	0.05793	0.0092	0.12957	0.01185	0.01671	0.01714	0.01556	0.00491	0.14359	0.01121	0.02377	0.02065	0.0119	0.11895	
0.21006	0.15261	0.10874	0.05088	0	0	0	0	0.08066	0.03701	0.33649	0.06813	0.0004	8e-05	0.52175	6e-05	0.00014	0.00477	9e-05	0.51729	0.3147	0.00758	0.17323	0.02678	0.38481	0.03556	0.05117	0.05075	0.04652	0.01377	0.42746	0.03454	0.07161	0.06163	0.03566	0.35339	
0.0508	0.03703	0.02573	0.04077	0	0	0	0	0.02379	0.01064	0.0997	0.0202	9e-05	0	0.15421	3e-05	0.0001	0.00156	4e-05	0.15263	0.09358	0.00215	0.05077	0.00783	0.11316	0.01047	0.01566	0.01504	0.01424	0.00434	0.12558	0.01017	0.02094	0.01807	0.01055	0.10477	
0.05249	0.03718	0.02686	0.04069	0	0	0	0	0.02491	0.01108	0.10032	0.02091	9e-05	0	0.1571	3e-05	2e-05	0.00159	3e-05	0.15558	0.09456	0.00222	0.05243	0.00801	0.11724	0.0101	0.01472	0.01516	0.01344	0.00429	0.12942	0.01007	0.02118	0.01808	0.01032	0.10764	
0.05526	0.04023	0.02774	0.04293	0	0	0	0	0.02558	0.01198	0.10698	0.02162	0.00014	1e-05	0.16601	0	4e-05	0.00163	2e-05	0.16447	0.10051	0.00241	0.05454	0.0087	0.12202	0.01133	0.01707	0.01574	0.01436	0.00452	0.13623	0.01105	0.02168	0.02031	0.01079	0.11338	
0.05739	0.04013	0.02973	0.02769	0.08066	0.02379	0.02491	0.02558	0	0	0	0	0.00013	2e-05	0.15479	0	4e-05	0.00175	7e-05	0.15308	0.09094	0.00226	0.05355	0.00819	0.11504	0.01027	0.01512	0.01451	0.01245	0.00368	0.12924	0.00957	0.01452	0.0117	0.00728	0.12144	
0.02559	0.01947	0.01325	0.0124	0.03701	0.01064	0.01108	0.01198	0	0	0	0	2e-05	1e-05	0.07068	0	1e-05	0.00068	2e-05	0.07	0.04181	0.00098	0.02428	0.00364	0.05281	0.00484	0.00655	0.00651	0.00565	0.00189	0.05875	0.00442	0.00635	0.00569	0.00343	0.05524	
0.23796	0.17193	0.12084	0.11276	0.33649	0.0997	0.10032	0.10698	0	0	0	0	0.00043	5e-05	0.64291	0.0001	0.0002	0.00596	7e-05	0.63726	0.39358	0.00909	0.20833	0.03249	0.4738	0.04308	0.06394	0.06267	0.06029	0.01813	0.52072	0.04435	0.10188	0.09011	0.05105	0.40045	
0.04767	0.03552	0.02525	0.02242	0.06813	0.0202	0.02091	0.02162	0	0	0	0	0.00014	1e-05	0.13069	2e-05	5e-05	0.00116	2e-05	0.12963	0.07702	0.00203	0.04481	0.007	0.09558	0.00927	0.01301	0.013	0.01017	0.00322	0.10998	0.00749	0.01266	0.01059	0.00556	0.10205	
0.00026	0.00013	0.00012	0.00021	0.0004	9e-05	9e-05	0.00014	0.00013	2e-05	0.00043	0.00014	0	0	0	0	0	0	0	0.00072	0.00048	2e-05	0.00021	1e-05	0.00052	7e-05	6e-05	7e-05	0.0001	0	0.00054	8e-05	0.00015	9e-05	3e-05	0.00045	
4e-05	2e-05	1e-05	2e-05	8e-05	0	0	1e-05	2e-05	1e-05	5e-05	1e-05	0	0	0	0	0	0	0	9e-05	8e-05	0	1e-05	0	6e-05	0	2e-05	1e-05	3e-05	0	6e-05	0	3e-05	1e-05	1e-05	4e-05	
0.36827	0.26688	0.18892	0.175	0.52175	0.15421	0.1571	0.16601	0.15479	0.07068	0.64291	0.13069	0	0	0	0	0.0003	0.00954	0.00018	0.98905	0.60273	0.01434	0.3307	0.0513	0.73653	0.06739	0.09854	0.09661	0.08842	0.02692	0.81799	0.06574	0.13519	0.11797	0.06726	0.67865	
4e-05	2e-05	2e-05	4e-05	6e-05	3e-05	3e-05	0	0	0	0.0001	2e-05	0	0	0	0	0	1e-05	0	0.00011	6e-05	0	5e-05	1e-05	0.00012	0	0	0	1e-05	0	0.0001	1e-05	4e-05	2e-05	2e-05	4e-05	
0.00011	6e-05	7e-05	6e-05	0.00014	0.0001	2e-05	4e-05	4e-05	1e-05	0.0002	5e-05	0	0	0.0003	0	0	0	0	0	0.00017	0	9e-05	4e-05	0.0002	4e-05	2e-05	4e-05	2e-05	2e-05	0.00025	1e-05	6e-05	5e-05	2e-05	0.00017	
0.00342	0.00276	0.00176	0.00161	0.00477	0.00156	0.00159	0.00163	0.00175	0.00068	0.00596	0.00116	0	0	0.00954	1e-05	0	0	0	0	0.00582	0.00011	0.00307	0.00055	0.0071	0.00066	0.00088	0.00091	0.00076	0.00039	0.00793	0.00047	0.00104	0.00097	0.00074	0.0068	
5e-05	6e-05	5e-05	2e-05	9e-05	4e-05	3e-05	2e-05	7e-05	2e-05	7e-05	2e-05	0	0	0.00018	0	0	0	0	0	9e-05	0	5e-05	4e-05	0.00013	2e-05	1e-05	2e-05	2e-05	0	0.00016	0	3e-05	2e-05	0	0.00013	
0.36503	0.26417	0.18719	0.17358	0.51729	0.15263	0.15558	0.16447	0.15308	0.07	0.63726	0.12963	0.00072	9e-05	0.98905	0.00011	0	0	0	0	0.59727	0.01425	0.32776	0.05069	0.7298	0.06674	0.09771	0.09572	0.08776	0.02651	0.81035	0.06535	0.13428	0.11705	0.06656	0.67208	
0.22272	0.16101	0.1143	0.10532	0.3147	0.09358	0.09456	0.10051	0.09094	0.04181	0.39358	0.07702	0.00048	8e-05	0.60273	6e-05	0.00017	0.00582	9e-05	0.59727	0	0	0	0	0.44508	0.04072	0.05961	0.05794	0.07241	0.02199	0.45548	0.05347	0.09732	0.08485	0.04924	0.37194	
0.00505	0.00374	0.00275	0.00282	0.00758	0.00215	0.00222	0.00241	0.00226	0.00098	0.00909	0.00203	2e-05	0	0.01434	0	0	0.00011	0	0.01425	0	0	0	0	0.01047	0.00089	0.00149	0.00151	0.00058	0.00018	0.01323	0.00037	0.00139	0.00131	0.00059	0.01107	
0.12182	0.08853	0.06269	0.05793	0.17323	0.05077	0.05243	0.05454	0.05355	0.02428	0.20833	0.04481	0.00021	1e-05	0.3307	5e-05	9e-05	0.00307	5e-05	0.32776	0	0	0	0	0.24405	0.02206	0.03231	0.03255	0.01343	0.00411	0.30324	0.01019	0.03143	0.02765	0.01538	0.25651	
0.01902	0.01377	0.00933	0.0092	0.02678	0.00783	0.00801	0.0087	0.00819	0.00364	0.03249	0.007	1e-05	0	0.0513	1e-05	4e-05	0.00055	4e-05	0.05069	0	0	0	0	0.03763	0.00379	0.00521	0.00469	0.00214	0.00064	0.04674	0.0018	0.00527	0.00428	0.00211	0.03966	
0.27281	0.19537	0.13948	0.12957	0.38481	0.11316	0.11724	0.12202	0.11504	0.05281	0.4738	0.09558	0.00052	6e-05	0.73653	0.00012	0.0002	0.0071	0.00013	0.7298	0.44508	0.01047	0.24405	0.03763	0	0	0	0	0.06573	0.0201	0.60326	0.04814	0.10061	0.08718	0.04844	0.501	
0.02475	0.01805	0.01281	0.01185	0.03556	0.01047	0.0101	0.01133	0.01027	0.00484	0.04308	0.00927	7e-05	0	0.06739	0	4e-05	0.00066	2e-05	0.06674	0.04072	0.00089	0.02206	0.00379	0	0	0	0	0.00567	0.00175	0.05524	0.0048	0.00932	0.00828	0.00488	0.04498	
0.03661	0.02704	0.01826	0.01671	0.05117	0.01566	0.01472	0.01707	0.01512	0.00655	0.06394	0.01301	6e-05	2e-05	0.09854	0	2e-05	0.00088	1e-05	0.09771	0.05961	0.00149	0.03231	0.00521	0	0	0	0	0.00876	0.00267	0.08063	0.00656	0.01242	0.01162	0.00697	0.06761	
0.03444	0.02659	0.01852	0.01714	0.05075	0.01504	0.01516	0.01574	0.01451	0.00651	0.06267	0.013	7e-05	1e-05	0.09661	0	4e-05	0.00091	2e-05	0.09572	0.05794	0.00151	0.03255	0.00469	0	0	0	0	0.0084	0.0024	0.07956	0.00633	0.01306	0.01101	0.00703	0.06559	
0.03151	0.02395	0.01754	0.01556	0.04652	0.01424	0.01344	0.01436	0.01245	0.00565	0.06029	0.01017	0.0001	3e-05	0.08842	1e-05	2e-05	0.00076	2e-05	0.08776	0.07241	0.00058	0.01343	0.00214	0.06573	0.00567	0.00876	0.0084	0	0	0	0	0.02076	0.0177	0.01002	0.04008	
0.01055	0.00672	0.00474	0.00491	0.01377	0.00434	0.00429	0.00452	0.00368	0.00189	0.01813	0.00322	0	0	0.02692	0	2e-05	0.00039	0	0.02651	0.02199	0.00018	0.00411	0.00064	0.0201	0.00175	0.00267	0.0024	0	0	0	0	0.00614	0.00526	0.00319	0.01233	
0.30226	0.21904	0.1538	0.14359	0.42746	0.12558	0.12942	0.13623	0.12924	0.05875	0.52072	0.10998	0.00054	6e-05	0.81799	0.0001	0.00025	0.00793	0.00016	0.81035	0.45548	0.01323	0.30324	0.04674	0.60326	0.05524	0.08063	0.07956	0	0	0	0	0.09303	0.08183	0.04651	0.59732	
0.02429	0.01734	0.01299	0.01121	0.03454	0.01017	0.01007	0.01105	0.00957	0.00442	0.04435	0.00749	8e-05	0	0.06574	1e-05	1e-05	0.00047	0	0.06535	0.05347	0.00037	0.01019	0.0018	0.04814	0.0048	0.00656	0.00633	0	0	0	0	0.01548	0.0133	0.0076	0.02945	
0.04917	0.03559	0.02688	0.02377	0.07161	0.02094	0.02118	0.02168	0.01452	0.00635	0.10188	0.01266	0.00015	3e-05	0.13519	4e-05	6e-05	0.00104	3e-05	0.13428	0.09732	0.00139	0.03143	0.00527	0.10061	0.00932	0.01242	0.01306	0.02076	0.00614	0.09303	0.01548	0	0	0	0	
0.04338	0.03123	0.02283	0.02065	0.06163	0.01807	0.01808	0.02031	0.0117	0.00569	0.09011	0.01059	9e-05	1e-05	0.11797	2e-05	5e-05	0.00097	2e-05	0.11705	0.08485	0.00131	0.02765	0.00428	0.08718	0.00828	0.01162	0.01101	0.0177	0.00526	0.08183	0.0133	0	0	0	0	
0.02477	0.0185	0.01215	0.0119	0.03566	0.01055	0.01032	0.01079	0.00728	0.00343	0.05105	0.00556	3e-05	1e-05	0.06726	2e-05	2e-05	0.00074	0	0.06656	0.04924	0.00059	0.01538	0.00211	0.04844	0.00488	0.00697	0.00703	0.01002	0.00319	0.04651	0.0076	0	0	0	0	
0.25129	0.18173	0.12721	0.11895	0.35339	0.10477	0.10764	0.11338	0.12144	0.05524	0.40045	0.10205	0.00045	4e-05	0.67865	4e-05	0.00017	0.0068	0.00013	0.67208	0.37194	0.01107	0.25651	0.03966	0.501	0.04498	0.06761	0.06559	0.04008	0.01233	0.59732	0.02945	0	0	0	0	
