0	0	0	0	0.2101	0.05081	0.0529	0.05619	0.0595	0.02516	0.23812	0.04722	0.00028	2e-05	0.36963	7e-05	0.00016	0.00363	9e-05	0.36612	0.22234	0.00549	0.12335	0.01882	0.2742	0.02478	0.03695	0.03407	0.0327	0.00971	0.30354	0.02405	0.04959	0.04358	0.02498	0.25185	
0	0	0	0	0.15169	0.03663	0.03711	0.03904	0.04061	0.01848	0.17035	0.03503	0.00014	2e-05	0.26426	5e-05	0.00011	0.00241	5e-05	0.2619	0.15937	0.00383	0.08732	0.01395	0.19535	0.01732	0.02611	0.02569	0.02428	0.00718	0.21545	0.01756	0.03568	0.03111	0.01771	0.17997	
0	0	0	0	0.10804	0.02589	0.02729	0.02803	0.02993	0.01285	0.12264	0.02383	0.00014	1e-05	0.18907	3e-05	4e-05	0.00189	8e-05	0.18724	0.11334	0.00266	0.06342	0.00983	0.13957	0.01275	0.01858	0.01835	0.01648	0.00497	0.15543	0.01237	0.02521	0.02218	0.01321	0.12865	
0	0	0	0	0.05106	0.04092	0.04043	0.04387	0.0281	0.01209	0.11349	0.0226	9e-05	1e-05	0.17614	4e-05	4e-05	0.00165	3e-05	0.17456	0.10594	0.00254	0.05826	0.00954	0.13074	0.0113	0.01701	0.01723	0.01515	0.00465	0.14529	0.01119	0.02432	0.02117	0.01174	0.11905	
0.2101	0.15169	0.10804	0.05106	0	0	0	0	0.08216	0.03591	0.33621	0.06661	0.00031	2e-05	0.52043	0.00013	0.00018	0.00503	0.00016	0.51552	0.31261	0.00783	0.17362	0.02683	0.38719	0.03455	0.05032	0.04883	0.04568	0.01405	0.42781	0.03335	0.06933	0.06109	0.03579	0.35468	
0.05081	0.03663	0.02589	0.04092	0	0	0	0	0.02405	0.01041	0.09937	0.02042	0.00011	1e-05	0.1541	3e-05	8e-05	0.00132	4e-05	0.15281	0.09366	0.00214	0.0504	0.00805	0.1138	0.00984	0.01576	0.01485	0.01331	0.00414	0.12598	0.01082	0.02078	0.01913	0.00986	0.10448	
0.0529	0.03711	0.02729	0.04043	0	0	0	0	0.02534	0.01067	0.10226	0.01946	0.00011	3e-05	0.15757	2e-05	5e-05	0.00167	1e-05	0.156	0.09426	0.00222	0.053	0.00825	0.11644	0.01028	0.01594	0.01507	0.01476	0.00388	0.1292	0.00989	0.02149	0.01828	0.01093	0.10703	
0.05619	0.03904	0.02803	0.04387	0	0	0	0	0.02659	0.01159	0.10676	0.02219	0.00012	0	0.167	1e-05	4e-05	0.00156	4e-05	0.16549	0.10046	0.00233	0.05533	0.00901	0.12243	0.01148	0.01663	0.01659	0.01486	0.00444	0.13672	0.01111	0.0232	0.01954	0.01106	0.11333	
0.0595	0.04061	0.02993	0.0281	0.08216	0.02405	0.02534	0.02659	0	0	0	0	9e-05	2e-05	0.158	3e-05	5e-05	0.00143	6e-05	0.1566	0.09173	0.0021	0.05562	0.00869	0.117	0.01052	0.01548	0.01514	0.01223	0.00348	0.133	0.00943	0.01455	0.01214	0.00708	0.12437	
0.02516	0.01848	0.01285	0.01209	0.03591	0.01041	0.01067	0.01159	0	0	0	0	4e-05	0	0.06852	2e-05	1e-05	0.00064	2e-05	0.06791	0.03983	0.00115	0.02398	0.00362	0.0506	0.00452	0.00669	0.00677	0.00522	0.00139	0.05783	0.00414	0.00613	0.00551	0.00283	0.05411	
0.23812	0.17035	0.12264	0.11349	0.33621	0.09937	0.10226	0.10676	0	0	0	0	0.00044	4e-05	0.644	0.00012	0.00024	0.00632	0.00015	0.63789	0.39416	0.00935	0.2083	0.03279	0.47714	0.04292	0.06314	0.0614	0.0612	0.01859	0.52091	0.0439	0.10298	0.09	0.05204	0.39958	
0.04722	0.03503	0.02383	0.0226	0.06661	0.02042	0.01946	0.02219	0	0	0	0	8e-05	0	0.12858	2e-05	5e-05	0.00119	2e-05	0.12742	0.07527	0.00192	0.04445	0.00704	0.09512	0.00819	0.01334	0.01203	0.00996	0.00305	0.10797	0.0077	0.01114	0.01039	0.00569	0.10146	
0.00028	0.00014	0.00014	9e-05	0.00031	0.00011	0.00011	0.00012	9e-05	4e-05	0.00044	8e-05	0	0	0	0	0	0	0	0.00065	0.00039	1e-05	0.00022	3e-05	0.00046	6e-05	8e-05	5e-05	7e-05	1e-05	0.00055	2e-05	0.00014	6e-05	3e-05	0.00042	
2e-05	2e-05	1e-05	1e-05	2e-05	1e-05	3e-05	0	2e-05	0	4e-05	0	0	0	0	0	0	0	0	6e-05	3e-05	0	3e-05	0	2e-05	0	2e-05	2e-05	0	0	6e-05	0	0	1e-05	0	5e-05	
0.36963	0.26426	0.18907	0.17614	0.52043	0.1541	0.15757	0.167	0.158	0.06852	0.644	0.12858	0	0	0	0	0.00035	0.00958	0.00025	0.98892	0.60044	0.01451	0.33206	0.05209	0.73924	0.06607	0.09854	0.09525	0.08851	0.02649	0.81897	0.06513	0.13461	0.11792	0.0676	0.67897	
7e-05	5e-05	3e-05	4e-05	0.00013	3e-05	2e-05	1e-05	3e-05	2e-05	0.00012	2e-05	0	0	0	0	0	0	0	0.00019	0.00013	0	4e-05	2e-05	0.00014	2e-05	1e-05	2e-05	3e-05	1e-05	0.00013	2e-05	5e-05	5e-05	1e-05	8e-05	
0.00016	0.00011	4e-05	4e-05	0.00018	8e-05	5e-05	4e-05	5e-05	1e-05	0.00024	5e-05	0	0	0.00035	0	0	0	0	0	0.00019	0	0.00012	4e-05	0.00027	3e-05	4e-05	1e-05	5e-05	0	0.00026	4e-05	4e-05	3e-05	0	0.00028	
0.00363	0.00241	0.00189	0.00165	0.00503	0.00132	0.00167	0.00156	0.00143	0.00064	0.00632	0.00119	0	0	0.00958	0	0	0	0	0	0.00573	0.00011	0.00325	0.00049	0.00708	0.00063	0.00096	0.00091	0.00073	0.00023	0.0079	0.00072	0.00135	0.00109	0.00068	0.00646	
9e-05	5e-05	8e-05	3e-05	0.00016	4e-05	1e-05	4e-05	6e-05	2e-05	0.00015	2e-05	0	0	0.00025	0	0	0	0	0	0.00012	0	0.00013	0	0.00017	2e-05	2e-05	4e-05	1e-05	0	0.00024	0	4e-05	7e-05	0	0.00014	
0.36612	0.2619	0.18724	0.17456	0.51552	0.15281	0.156	0.16549	0.1566	0.06791	0.63789	0.12742	0.00065	6e-05	0.98892	0.00019	0	0	0	0	0.59495	0.01441	0.32885	0.05161	0.73234	0.06547	0.09763	0.09438	0.08782	0.02628	0.81131	0.06441	0.13337	0.11685	0.06696	0.67264	
0.22234	0.15937	0.11334	0.10594	0.31261	0.09366	0.09426	0.10046	0.09173	0.03983	0.39416	0.07527	0.00039	3e-05	0.60044	0.00013	0.00019	0.00573	0.00012	0.59495	0	0	0	0	0.44485	0.03985	0.05905	0.05724	0.0719	0.02139	0.45483	0.05287	0.09651	0.08551	0.04831	0.37066	
0.00549	0.00383	0.00266	0.00254	0.00783	0.00214	0.00222	0.00233	0.0021	0.00115	0.00935	0.00192	1e-05	0	0.01451	0	0	0.00011	0	0.01441	0	0	0	0	0.01062	0.00095	0.00147	0.00148	0.0006	0.00025	0.01313	0.00054	0.00158	0.00118	0.00078	0.01098	
0.12335	0.08732	0.06342	0.05826	0.17362	0.0504	0.053	0.05533	0.05562	0.02398	0.2083	0.04445	0.00022	3e-05	0.33206	4e-05	0.00012	0.00325	0.00013	0.32885	0	0	0	0	0.24586	0.02201	0.03292	0.03156	0.01375	0.00425	0.30413	0.01022	0.0318	0.02695	0.01618	0.25742	
0.01882	0.01395	0.00983	0.00954	0.02683	0.00805	0.00825	0.00901	0.00869	0.00362	0.03279	0.00704	3e-05	0	0.05209	2e-05	4e-05	0.00049	0	0.05161	0	0	0	0	0.03853	0.00334	0.00521	0.00506	0.00236	0.00062	0.04762	0.00154	0.00491	0.0044	0.00237	0.04046	
0.2742	0.19535	0.13957	0.13074	0.38719	0.1138	0.11644	0.12243	0.117	0.0506	0.47714	0.09512	0.00046	2e-05	0.73924	0.00014	0.00027	0.00708	0.00017	0.73234	0.44485	0.01062	0.24586	0.03853	0	0	0	0	0.06514	0.01952	0.60681	0.04839	0.09986	0.08727	0.05035	0.50238	
0.02478	0.01732	0.01275	0.0113	0.03455	0.00984	0.01028	0.01148	0.01052	0.00452	0.04292	0.00819	6e-05	0	0.06607	2e-05	3e-05	0.00063	2e-05	0.06547	0.03985	0.00095	0.02201	0.00334	0	0	0	0	0.00561	0.00181	0.05442	0.00431	0.0088	0.0078	0.00421	0.04534	
0.03695	0.02611	0.01858	0.01701	0.05032	0.01576	0.01594	0.01663	0.01548	0.00669	0.06314	0.01334	8e-05	2e-05	0.09854	1e-05	4e-05	0.00096	2e-05	0.09763	0.05905	0.00147	0.03292	0.00521	0	0	0	0	0.00899	0.00261	0.08056	0.00649	0.01331	0.01148	0.00685	0.06701	
0.03407	0.02569	0.01835	0.01723	0.04883	0.01485	0.01507	0.01659	0.01514	0.00677	0.0614	0.01203	5e-05	2e-05	0.09525	2e-05	1e-05	0.00091	4e-05	0.09438	0.05724	0.00148	0.03156	0.00506	0	0	0	0	0.00887	0.00257	0.07792	0.00598	0.01283	0.01149	0.00623	0.06479	
0.0327	0.02428	0.01648	0.01515	0.04568	0.01331	0.01476	0.01486	0.01223	0.00522	0.0612	0.00996	7e-05	0	0.08851	3e-05	5e-05	0.00073	1e-05	0.08782	0.0719	0.0006	0.01375	0.00236	0.06514	0.00561	0.00899	0.00887	0	0	0	0	0.02052	0.01806	0.00971	0.04032	
0.00971	0.00718	0.00497	0.00465	0.01405	0.00414	0.00388	0.00444	0.00348	0.00139	0.01859	0.00305	1e-05	0	0.02649	1e-05	0	0.00023	0	0.02628	0.02139	0.00025	0.00425	0.00062	0.01952	0.00181	0.00261	0.00257	0	0	0	0	0.00631	0.00538	0.00319	0.01163	
0.30354	0.21545	0.15543	0.14529	0.42781	0.12598	0.1292	0.13672	0.133	0.05783	0.52091	0.10797	0.00055	6e-05	0.81897	0.00013	0.00026	0.0079	0.00024	0.81131	0.45483	0.01313	0.30413	0.04762	0.60681	0.05442	0.08056	0.07792	0	0	0	0	0.09226	0.08137	0.04721	0.59887	
0.02405	0.01756	0.01237	0.01119	0.03335	0.01082	0.00989	0.01111	0.00943	0.00414	0.0439	0.0077	2e-05	0	0.06513	2e-05	4e-05	0.00072	0	0.06441	0.05287	0.00054	0.01022	0.00154	0.04839	0.00431	0.00649	0.00598	0	0	0	0	0.01571	0.01323	0.00753	0.0287	
0.04959	0.03568	0.02521	0.02432	0.06933	0.02078	0.02149	0.0232	0.01455	0.00613	0.10298	0.01114	0.00014	0	0.13461	5e-05	4e-05	0.00135	4e-05	0.13337	0.09651	0.00158	0.0318	0.00491	0.09986	0.0088	0.01331	0.01283	0.02052	0.00631	0.09226	0.01571	0	0	0	0	
0.04358	0.03111	0.02218	0.02117	0.06109	0.01913	0.01828	0.01954	0.01214	0.00551	0.09	0.01039	6e-05	1e-05	0.11792	5e-05	3e-05	0.00109	7e-05	0.11685	0.08551	0.00118	0.02695	0.0044	0.08727	0.0078	0.01148	0.01149	0.01806	0.00538	0.08137	0.01323	0	0	0	0	
0.02498	0.01771	0.01321	0.01174	0.03579	0.00986	0.01093	0.01106	0.00708	0.00283	0.05204	0.00569	3e-05	0	0.0676	1e-05	0	0.00068	0	0.06696	0.04831	0.00078	0.01618	0.00237	0.05035	0.00421	0.00685	0.00623	0.00971	0.00319	0.04721	0.00753	0	0	0	0	
0.25185	0.17997	0.12865	0.11905	0.35468	0.10448	0.10703	0.11333	0.12437	0.05411	0.39958	0.10146	0.00042	5e-05	0.67897	8e-05	0.00028	0.00646	0.00014	0.67264	0.37066	0.01098	0.25742	0.04046	0.50238	0.04534	0.06701	0.06479	0.04032	0.01163	0.59887	0.0287	0	0	0	0	
