0	0	0	0	0.18458	0.05807	0.06052	0.06065	0.05868	0.02604	0.23014	0.04896	0.00158	0.00111	0.3597	0.00143	0.0016	0.0049	0.00097	0.35635	0.22169	0.00556	0.11949	0.01708	0.26441	0.02802	0.03517	0.03622	0.03075	0.01159	0.2991	0.02238	0.05094	0.04537	0.02984	0.23767	
0	0	0	0	0.13385	0.0417	0.04434	0.04474	0.04104	0.01965	0.16779	0.03615	0.00118	0.00061	0.26209	0.00075	0.00105	0.00383	0.00072	0.25903	0.16364	0.00399	0.08362	0.01338	0.19099	0.02046	0.02671	0.02647	0.02314	0.00752	0.21783	0.01614	0.03776	0.03281	0.02213	0.17193	
0	0	0	0	0.09947	0.03144	0.0313	0.03234	0.03179	0.01416	0.12147	0.02713	0.00079	0.00056	0.19265	0.00055	0.00082	0.00267	0.00065	0.19041	0.11883	0.00318	0.06308	0.00946	0.14139	0.01507	0.01914	0.01895	0.01752	0.00538	0.15954	0.01211	0.02781	0.02302	0.01718	0.12654	
0	0	0	0	0.09033	0.02853	0.02936	0.02878	0.02884	0.01296	0.11178	0.02342	0.00088	0.00044	0.17527	0.00041	0.00081	0.00244	0.00047	0.17328	0.10855	0.0031	0.05695	0.0084	0.12935	0.01337	0.01696	0.01732	0.01576	0.00554	0.14514	0.01056	0.02472	0.02221	0.01452	0.11555	
0.18458	0.13385	0.09947	0.09033	0	0	0	0	0.08136	0.03681	0.32131	0.06875	0.00238	0.00145	0.50281	0.00159	0.002	0.00723	0.00126	0.49774	0.31063	0.00841	0.16443	0.02476	0.36909	0.03837	0.05041	0.05036	0.04401	0.01556	0.41738	0.03128	0.07176	0.06263	0.04216	0.33168	
0.05807	0.0417	0.03144	0.02853	0	0	0	0	0.02521	0.01186	0.10116	0.02151	0.00072	0.00038	0.15816	0.00048	0.00076	0.00213	0.00054	0.15631	0.09829	0.00235	0.05169	0.00741	0.11614	0.01218	0.01519	0.01623	0.01386	0.00473	0.13103	0.01012	0.02263	0.01978	0.01393	0.1034	
0.06052	0.04434	0.0313	0.02936	0	0	0	0	0.02675	0.01201	0.1034	0.02336	0.00061	0.00044	0.16394	0.00053	0.0008	0.00225	0.0005	0.16197	0.10062	0.00256	0.05416	0.00818	0.12001	0.01339	0.01602	0.0161	0.01454	0.00482	0.13593	0.01023	0.02293	0.02049	0.01424	0.10786	
0.06065	0.04474	0.03234	0.02878	0	0	0	0	0.02703	0.01213	0.10531	0.02204	0.00072	0.00045	0.1648	0.00054	0.00072	0.00223	0.00051	0.16305	0.10317	0.00251	0.05286	0.00797	0.1209	0.01298	0.01636	0.01627	0.01476	0.00492	0.13727	0.00956	0.02391	0.02051	0.01334	0.10875	
0.05868	0.04104	0.03179	0.02884	0.08136	0.02521	0.02675	0.02703	0	0	0	0	0.00064	0.00044	0.1589	0.00037	0.00077	0.00212	0.00043	0.15703	0.09816	0.00263	0.05162	0.00794	0.11651	0.01227	0.01552	0.01605	0.01363	0.00494	0.13214	0.00964	0.02272	0.02017	0.0137	0.10376	
0.02604	0.01965	0.01416	0.01296	0.03681	0.01186	0.01201	0.01213	0	0	0	0	0.00038	0.00017	0.07202	0.00024	0.00028	0.00103	0.00026	0.07124	0.04506	0.00103	0.0235	0.00322	0.05284	0.00565	0.00682	0.0075	0.00677	0.00214	0.05942	0.00448	0.00993	0.00932	0.0056	0.04796	
0.23014	0.16779	0.12147	0.11178	0.32131	0.10116	0.1034	0.10531	0	0	0	0	0.00282	0.0017	0.62457	0.00209	0.00271	0.00872	0.0017	0.61805	0.38554	0.01005	0.2051	0.03049	0.45873	0.04866	0.06215	0.06164	0.05503	0.01898	0.51811	0.03906	0.09003	0.07803	0.05266	0.41046	
0.04896	0.03615	0.02713	0.02342	0.06875	0.02151	0.02336	0.02204	0	0	0	0	0.00059	0.00041	0.13422	0.00044	0.00052	0.00197	0.00042	0.13275	0.08395	0.00212	0.04292	0.00667	0.09806	0.01034	0.01349	0.01377	0.01174	0.00397	0.11194	0.00801	0.01855	0.01589	0.01171	0.08951	
0.00158	0.00118	0.00079	0.00088	0.00238	0.00072	0.00061	0.00072	0.00064	0.00038	0.00282	0.00059	0	0	0	0	0	6e-05	1e-05	0.00436	0.00279	7e-05	0.0014	0.00017	0.00311	0.00035	0.00041	0.00056	0.0004	0.00012	0.0036	0.00031	0.0006	0.00042	0.00043	0.00298	
0.00111	0.00061	0.00056	0.00044	0.00145	0.00038	0.00044	0.00045	0.00044	0.00017	0.0017	0.00041	0	0	0	0	0	2e-05	0	0.0027	0.00155	9e-05	0.00093	0.00015	0.00193	0.00017	0.00026	0.00036	0.00023	8e-05	0.00227	0.00014	0.00033	0.00033	0.00026	0.0018	
0.3597	0.26209	0.19265	0.17527	0.50281	0.15816	0.16394	0.1648	0.1589	0.07202	0.62457	0.13422	0	0	0	0	0.00427	0.01367	0.00279	0.96898	0.60649	0.01562	0.31973	0.04787	0.7187	0.07619	0.09702	0.0978	0.08629	0.02975	0.8131	0.06057	0.13986	0.1223	0.08269	0.64486	
0.00143	0.00075	0.00055	0.00041	0.00159	0.00048	0.00053	0.00054	0.00037	0.00024	0.00209	0.00044	0	0	0	0	1e-05	9e-05	1e-05	0.00303	0.00188	5e-05	0.00108	0.00013	0.0024	0.00021	0.00029	0.00024	0.00025	8e-05	0.00264	0.00017	0.00044	0.00036	0.00029	0.00205	
0.0016	0.00105	0.00082	0.00081	0.002	0.00076	0.0008	0.00072	0.00077	0.00028	0.00271	0.00052	0	0	0.00427	1e-05	0	0	0	0	0.00262	0.0001	0.00136	0.0002	0.00315	0.00033	0.0004	0.0004	0.00039	0.00013	0.00348	0.00028	0.00061	0.00055	0.00038	0.00274	
0.0049	0.00383	0.00267	0.00244	0.00723	0.00213	0.00225	0.00223	0.00212	0.00103	0.00872	0.00197	6e-05	2e-05	0.01367	9e-05	0	0	0	0	0.00827	0.0002	0.00469	0.00068	0.00999	0.00103	0.00137	0.00145	0.00113	0.00046	0.01131	0.00094	0.00194	0.00186	0.00118	0.00886	
0.00097	0.00072	0.00065	0.00047	0.00126	0.00054	0.0005	0.00051	0.00043	0.00026	0.0017	0.00042	1e-05	0	0.00279	1e-05	0	0	0	0	0.00171	4e-05	0.00092	0.00014	0.00208	0.0002	0.00029	0.00024	0.00024	4e-05	0.00237	0.00016	0.00049	0.00037	0.00019	0.00176	
0.35635	0.25903	0.19041	0.17328	0.49774	0.15631	0.16197	0.16305	0.15703	0.07124	0.61805	0.13275	0.00436	0.0027	0.96898	0.00303	0	0	0	0	0.60011	0.01549	0.31617	0.0473	0.71092	0.07536	0.09592	0.09687	0.08541	0.0294	0.80445	0.05981	0.13819	0.12063	0.08192	0.63833	
0.22169	0.16364	0.11883	0.10855	0.31063	0.09829	0.10062	0.10317	0.09816	0.04506	0.38554	0.08395	0.00279	0.00155	0.60649	0.00188	0.00262	0.00827	0.00171	0.60011	0	0	0	0	0.44493	0.04706	0.06004	0.06068	0.05346	0.01868	0.50304	0.03753	0.08572	0.07656	0.05129	0.39914	
0.00556	0.00399	0.00318	0.0031	0.00841	0.00235	0.00256	0.00251	0.00263	0.00103	0.01005	0.00212	7e-05	9e-05	0.01562	5e-05	0.0001	0.0002	4e-05	0.01549	0	0	0	0	0.01149	0.00116	0.00143	0.00175	0.00126	0.00056	0.01305	0.00096	0.00227	0.00208	0.00123	0.01025	
0.11949	0.08362	0.06308	0.05695	0.16443	0.05169	0.05416	0.05286	0.05162	0.0235	0.2051	0.04292	0.0014	0.00093	0.31973	0.00108	0.00136	0.00469	0.00092	0.31617	0	0	0	0	0.23439	0.02531	0.03165	0.03179	0.02862	0.00931	0.26552	0.01969	0.04617	0.03922	0.02694	0.21081	
0.01708	0.01338	0.00946	0.0084	0.02476	0.00741	0.00818	0.00797	0.00794	0.00322	0.03049	0.00667	0.00017	0.00015	0.04787	0.00013	0.0002	0.00068	0.00014	0.0473	0	0	0	0	0.03533	0.00339	0.00486	0.00474	0.00383	0.00148	0.04	0.00301	0.00707	0.00555	0.00421	0.03149	
0.26441	0.19099	0.14139	0.12935	0.36909	0.11614	0.12001	0.1209	0.11651	0.05284	0.45873	0.09806	0.00311	0.00193	0.7187	0.0024	0.00315	0.00999	0.00208	0.71092	0.44493	0.01149	0.23439	0.03533	0	0	0	0	0.06354	0.02193	0.596	0.04467	0.10257	0.09022	0.06101	0.47234	
0.02802	0.02046	0.01507	0.01337	0.03837	0.01218	0.01339	0.01298	0.01227	0.00565	0.04866	0.01034	0.00035	0.00017	0.07619	0.00021	0.00033	0.00103	0.0002	0.07536	0.04706	0.00116	0.02531	0.00339	0	0	0	0	0.00627	0.0023	0.06386	0.00449	0.01086	0.00925	0.00665	0.05016	
0.03517	0.02671	0.01914	0.01696	0.05041	0.01519	0.01602	0.01636	0.01552	0.00682	0.06215	0.01349	0.00041	0.00026	0.09702	0.00029	0.0004	0.00137	0.00029	0.09592	0.06004	0.00143	0.03165	0.00486	0	0	0	0	0.00809	0.00262	0.08122	0.00605	0.01379	0.01177	0.008	0.06442	
0.03622	0.02647	0.01895	0.01732	0.05036	0.01623	0.0161	0.01627	0.01605	0.0075	0.06164	0.01377	0.00056	0.00036	0.0978	0.00024	0.0004	0.00145	0.00024	0.09687	0.06068	0.00175	0.03179	0.00474	0	0	0	0	0.00927	0.00318	0.08053	0.00598	0.01401	0.01217	0.00801	0.06477	
0.03075	0.02314	0.01752	0.01576	0.04401	0.01386	0.01454	0.01476	0.01363	0.00677	0.05503	0.01174	0.0004	0.00023	0.08629	0.00025	0.00039	0.00113	0.00024	0.08541	0.05346	0.00126	0.02862	0.00383	0.06354	0.00627	0.00809	0.00927	0	0	0	0	0.01201	0.01079	0.00742	0.05695	
0.01159	0.00752	0.00538	0.00554	0.01556	0.00473	0.00482	0.00492	0.00494	0.00214	0.01898	0.00397	0.00012	8e-05	0.02975	8e-05	0.00013	0.00046	4e-05	0.0294	0.01868	0.00056	0.00931	0.00148	0.02193	0.0023	0.00262	0.00318	0	0	0	0	0.00417	0.00366	0.00228	0.01992	
0.2991	0.21783	0.15954	0.14514	0.41738	0.13103	0.13593	0.13727	0.13214	0.05942	0.51811	0.11194	0.0036	0.00227	0.8131	0.00264	0.00348	0.01131	0.00237	0.80445	0.50304	0.01305	0.26552	0.04	0.596	0.06386	0.08122	0.08053	0	0	0	0	0.11594	0.10109	0.06899	0.53559	
0.02238	0.01614	0.01211	0.01056	0.03128	0.01012	0.01023	0.00956	0.00964	0.00448	0.03906	0.00801	0.00031	0.00014	0.06057	0.00017	0.00028	0.00094	0.00016	0.05981	0.03753	0.00096	0.01969	0.00301	0.04467	0.00449	0.00605	0.00598	0	0	0	0	0.00911	0.00787	0.00498	0.03923	
0.05094	0.03776	0.02781	0.02472	0.07176	0.02263	0.02293	0.02391	0.02272	0.00993	0.09003	0.01855	0.0006	0.00033	0.13986	0.00044	0.00061	0.00194	0.00049	0.13819	0.08572	0.00227	0.04617	0.00707	0.10257	0.01086	0.01379	0.01401	0.01201	0.00417	0.11594	0.00911	0	0	0	0	
0.04537	0.03281	0.02302	0.02221	0.06263	0.01978	0.02049	0.02051	0.02017	0.00932	0.07803	0.01589	0.00042	0.00033	0.1223	0.00036	0.00055	0.00186	0.00037	0.12063	0.07656	0.00208	0.03922	0.00555	0.09022	0.00925	0.01177	0.01217	0.01079	0.00366	0.10109	0.00787	0	0	0	0	
0.02984	0.02213	0.01718	0.01452	0.04216	0.01393	0.01424	0.01334	0.0137	0.0056	0.05266	0.01171	0.00043	0.00026	0.08269	0.00029	0.00038	0.00118	0.00019	0.08192	0.05129	0.00123	0.02694	0.00421	0.06101	0.00665	0.008	0.00801	0.00742	0.00228	0.06899	0.00498	0	0	0	0	
0.23767	0.17193	0.12654	0.11555	0.33168	0.1034	0.10786	0.10875	0.10376	0.04796	0.41046	0.08951	0.00298	0.0018	0.64486	0.00205	0.00274	0.00886	0.00176	0.63833	0.39914	0.01025	0.21081	0.03149	0.47234	0.05016	0.06442	0.06477	0.05695	0.01992	0.53559	0.03923	0	0	0	0	
