0	0	0	0	0.18772	0.05866	0.0597	0.06142	0.05888	0.02693	0.23258	0.04911	0.00159	0.00084	0.36373	0.00134	0.00169	0.00481	0.00114	0.35986	0.22552	0.00572	0.11854	0.01772	0.2693	0.02737	0.03498	0.03585	0.03179	0.01077	0.30284	0.0221	0.05298	0.04642	0.02951	0.23859	
0	0	0	0	0.13619	0.04183	0.04472	0.04357	0.04281	0.0192	0.16906	0.03524	0.00106	0.00088	0.26355	0.00082	0.00131	0.00344	0.00066	0.2609	0.16211	0.00451	0.0871	0.01259	0.19377	0.0199	0.02627	0.02637	0.0238	0.00827	0.21812	0.01612	0.03788	0.03386	0.02202	0.17255	
0	0	0	0	0.09782	0.03001	0.03138	0.03203	0.03027	0.01389	0.12058	0.0265	0.00079	0.00037	0.18925	0.00083	0.00084	0.00255	0.00046	0.18739	0.11614	0.00324	0.06294	0.00892	0.13964	0.01361	0.01922	0.01877	0.0166	0.0057	0.15724	0.0117	0.02732	0.02298	0.01607	0.12487	
0	0	0	0	0.08861	0.02779	0.0295	0.02905	0.02739	0.01317	0.11024	0.02415	0.00064	0.00035	0.17333	0.00063	0.00068	0.00247	0.00057	0.17123	0.10692	0.00276	0.05677	0.0085	0.12772	0.01371	0.01689	0.01663	0.01488	0.00531	0.14433	0.01043	0.02431	0.02147	0.01407	0.1151	
0.18772	0.13619	0.09782	0.08861	0	0	0	0	0.08128	0.03722	0.32332	0.06852	0.00216	0.00114	0.50507	0.00197	0.00216	0.00681	0.00136	0.50001	0.3125	0.00852	0.16527	0.02405	0.3739	0.03707	0.05001	0.04936	0.04414	0.01559	0.41968	0.03093	0.07395	0.06448	0.04151	0.3304	
0.05866	0.04183	0.03001	0.02779	0	0	0	0	0.02541	0.0115	0.09945	0.02193	0.00061	0.00044	0.15663	0.00061	0.00071	0.00211	0.00045	0.15502	0.09677	0.00241	0.05167	0.00744	0.11575	0.01198	0.01534	0.01522	0.0138	0.0047	0.13046	0.00933	0.02189	0.01955	0.0127	0.10415	
0.0597	0.04472	0.03138	0.0295	0	0	0	0	0.026	0.01224	0.10551	0.02155	0.00068	0.00045	0.16369	0.00048	0.00085	0.00214	0.00041	0.1619	0.09989	0.00249	0.05516	0.00776	0.11966	0.01281	0.01617	0.01666	0.01474	0.00465	0.13597	0.00994	0.02326	0.0201	0.01359	0.10835	
0.06142	0.04357	0.03203	0.02905	0	0	0	0	0.02666	0.01223	0.10418	0.023	0.00063	0.00041	0.16447	0.00056	0.0008	0.00221	0.00061	0.16245	0.10153	0.00281	0.05325	0.00848	0.12112	0.01273	0.01584	0.01638	0.01439	0.00511	0.13642	0.01015	0.02339	0.0206	0.01387	0.10821	
0.05888	0.04281	0.03027	0.02739	0.08128	0.02541	0.026	0.02666	0	0	0	0	0.00056	0.00044	0.15774	0.00061	0.00075	0.00197	0.00053	0.1561	0.09685	0.00257	0.05217	0.00776	0.1175	0.01167	0.01518	0.015	0.0146	0.00463	0.13048	0.00964	0.02248	0.01931	0.01285	0.10471	
0.02693	0.0192	0.01389	0.01317	0.03722	0.0115	0.01224	0.01223	0	0	0	0	0.00031	0.0002	0.07249	0.00019	0.00033	0.00108	0.00016	0.07162	0.0445	0.00113	0.02395	0.00361	0.05335	0.00549	0.00693	0.00742	0.00628	0.00223	0.06054	0.00414	0.01067	0.00903	0.00661	0.04688	
0.23258	0.16906	0.12058	0.11024	0.32332	0.09945	0.10551	0.10418	0	0	0	0	0.00275	0.00152	0.62582	0.00237	0.00281	0.00843	0.00186	0.61936	0.38718	0.0102	0.20491	0.03017	0.46076	0.04795	0.06186	0.06189	0.05431	0.01896	0.52086	0.03833	0.09021	0.07966	0.05098	0.41161	
0.04911	0.03524	0.0265	0.02415	0.06852	0.02193	0.02155	0.023	0	0	0	0	0.00046	0.00028	0.13381	0.00045	0.00063	0.00179	0.00028	0.1323	0.08216	0.00233	0.04432	0.00619	0.09882	0.00948	0.01339	0.01331	0.01188	0.00423	0.11065	0.00824	0.01913	0.01673	0.01123	0.08791	
0.00159	0.00106	0.00079	0.00064	0.00216	0.00061	0.00068	0.00063	0.00056	0.00031	0.00275	0.00046	0	0	0	0	3e-05	5e-05	3e-05	0.00397	0.00246	7e-05	0.00138	0.00017	0.00302	0.00024	0.00039	0.00043	0.00041	0.00014	0.00328	0.00025	0.00049	0.00049	0.00028	0.00282	
0.00084	0.00088	0.00037	0.00035	0.00114	0.00044	0.00045	0.00041	0.00044	0.0002	0.00152	0.00028	0	0	0	0	1e-05	3e-05	1e-05	0.00239	0.00154	6e-05	0.00072	0.00012	0.0019	0.00011	0.00021	0.00022	0.00018	5e-05	0.0021	0.00011	0.0003	0.00031	0.0002	0.00163	
0.36373	0.26355	0.18925	0.17333	0.50507	0.15663	0.16369	0.16447	0.15774	0.07249	0.62582	0.13381	0	0	0	0	0.00447	0.01311	0.00276	0.96952	0.60425	0.01607	0.32228	0.04726	0.7227	0.07398	0.09654	0.09664	0.08608	0.02979	0.81421	0.05978	0.1412	0.12352	0.08096	0.64418	
0.00134	0.00082	0.00083	0.00063	0.00197	0.00061	0.00048	0.00056	0.00061	0.00019	0.00237	0.00045	0	0	0	0	1e-05	8e-05	3e-05	0.0035	0.00244	3e-05	0.00097	0.00018	0.00281	0.00026	0.00022	0.00033	0.0004	7e-05	0.00294	0.00021	0.0005	0.00041	0.00023	0.00248	
0.00169	0.00131	0.00084	0.00068	0.00216	0.00071	0.00085	0.0008	0.00075	0.00033	0.00281	0.00063	3e-05	1e-05	0.00447	1e-05	0	0	0	0	0.00285	0.0001	0.00136	0.00021	0.00319	0.00026	0.00047	0.0006	0.00047	0.0001	0.00375	0.0002	0.0006	0.00058	0.00035	0.00299	
0.00481	0.00344	0.00255	0.00247	0.00681	0.00211	0.00214	0.00221	0.00197	0.00108	0.00843	0.00179	5e-05	3e-05	0.01311	8e-05	0	0	0	0	0.00816	0.00022	0.00427	0.00062	0.00941	0.00108	0.00132	0.00146	0.00106	0.00043	0.01088	0.0009	0.00206	0.00174	0.00098	0.00849	
0.00114	0.00066	0.00046	0.00057	0.00136	0.00045	0.00041	0.00061	0.00053	0.00016	0.00186	0.00028	3e-05	1e-05	0.00276	3e-05	0	0	0	0	0.00174	5e-05	0.00083	0.00021	0.00201	0.00027	0.00032	0.00023	0.00036	0.00013	0.00221	0.00013	0.00042	0.00033	0.00015	0.00193	
0.35986	0.2609	0.18739	0.17123	0.50001	0.15502	0.1619	0.16245	0.1561	0.07162	0.61936	0.1323	0.00397	0.00239	0.96952	0.0035	0	0	0	0	0.59794	0.01586	0.31889	0.04669	0.71582	0.07298	0.09525	0.09533	0.08518	0.02939	0.80569	0.05912	0.13941	0.12208	0.08019	0.6377	
0.22552	0.16211	0.11614	0.10692	0.3125	0.09677	0.09989	0.10153	0.09685	0.0445	0.38718	0.08216	0.00246	0.00154	0.60425	0.00244	0.00285	0.00816	0.00174	0.59794	0	0	0	0	0.44659	0.04521	0.05965	0.05924	0.05264	0.01852	0.50258	0.03695	0.08729	0.07454	0.05016	0.3987	
0.00572	0.00451	0.00324	0.00276	0.00852	0.00241	0.00249	0.00281	0.00257	0.00113	0.0102	0.00233	7e-05	6e-05	0.01607	3e-05	0.0001	0.00022	5e-05	0.01586	0	0	0	0	0.01198	0.00113	0.0015	0.00162	0.00143	0.00053	0.01345	0.00082	0.00239	0.00227	0.0011	0.01047	
0.11854	0.0871	0.06294	0.05677	0.16527	0.05167	0.05516	0.05325	0.05217	0.02395	0.20491	0.04432	0.00138	0.00072	0.32228	0.00097	0.00136	0.00427	0.00083	0.31889	0	0	0	0	0.23692	0.02466	0.03161	0.03216	0.02886	0.00956	0.2674	0.01953	0.04589	0.04161	0.02648	0.21137	
0.01772	0.01259	0.00892	0.0085	0.02405	0.00744	0.00776	0.00848	0.00776	0.00361	0.03017	0.00619	0.00017	0.00012	0.04726	0.00018	0.00021	0.00062	0.00021	0.04669	0	0	0	0	0.03494	0.00359	0.0046	0.0046	0.00414	0.00144	0.0391	0.00305	0.00692	0.00631	0.00393	0.03057	
0.2693	0.19377	0.13964	0.12772	0.3739	0.11575	0.11966	0.12112	0.1175	0.05335	0.46076	0.09882	0.00302	0.0019	0.7227	0.00281	0.00319	0.00941	0.00201	0.71582	0.44659	0.01198	0.23692	0.03494	0	0	0	0	0.06357	0.02175	0.60145	0.04366	0.10432	0.09123	0.05976	0.47512	
0.02737	0.0199	0.01361	0.01371	0.03707	0.01198	0.01281	0.01273	0.01167	0.00549	0.04795	0.00948	0.00024	0.00011	0.07398	0.00026	0.00026	0.00108	0.00027	0.07298	0.04521	0.00113	0.02466	0.00359	0	0	0	0	0.00625	0.00219	0.06167	0.00448	0.01077	0.00926	0.00595	0.04861	
0.03498	0.02627	0.01922	0.01689	0.05001	0.01534	0.01617	0.01584	0.01518	0.00693	0.06186	0.01339	0.00039	0.00021	0.09654	0.00022	0.00047	0.00132	0.00032	0.09525	0.05965	0.0015	0.03161	0.0046	0	0	0	0	0.00864	0.00278	0.0796	0.00634	0.01383	0.01232	0.00795	0.06326	
0.03585	0.02637	0.01877	0.01663	0.04936	0.01522	0.01666	0.01638	0.015	0.00742	0.06189	0.01331	0.00043	0.00022	0.09664	0.00033	0.0006	0.00146	0.00023	0.09533	0.05924	0.00162	0.03216	0.0046	0	0	0	0	0.00861	0.00333	0.07981	0.00587	0.01357	0.01192	0.00801	0.06412	
0.03179	0.0238	0.0166	0.01488	0.04414	0.0138	0.01474	0.01439	0.0146	0.00628	0.05431	0.01188	0.00041	0.00018	0.08608	0.0004	0.00047	0.00106	0.00036	0.08518	0.05264	0.00143	0.02886	0.00414	0.06357	0.00625	0.00864	0.00861	0	0	0	0	0.01259	0.01059	0.0077	0.05619	
0.01077	0.00827	0.0057	0.00531	0.01559	0.0047	0.00465	0.00511	0.00463	0.00223	0.01896	0.00423	0.00014	5e-05	0.02979	7e-05	0.0001	0.00043	0.00013	0.02939	0.01852	0.00053	0.00956	0.00144	0.02175	0.00219	0.00278	0.00333	0	0	0	0	0.00443	0.00375	0.0025	0.01937	
0.30284	0.21812	0.15724	0.14433	0.41968	0.13046	0.13597	0.13642	0.13048	0.06054	0.52086	0.11065	0.00328	0.0021	0.81421	0.00294	0.00375	0.01088	0.00221	0.80569	0.50258	0.01345	0.2674	0.0391	0.60145	0.06167	0.0796	0.07981	0	0	0	0	0.11679	0.10281	0.06657	0.53636	
0.0221	0.01612	0.0117	0.01043	0.03093	0.00933	0.00994	0.01015	0.00964	0.00414	0.03833	0.00824	0.00025	0.00011	0.05978	0.00021	0.0002	0.0009	0.00013	0.05912	0.03695	0.00082	0.01953	0.00305	0.04366	0.00448	0.00634	0.00587	0	0	0	0	0.00868	0.00758	0.0049	0.03919	
0.05298	0.03788	0.02732	0.02431	0.07395	0.02189	0.02326	0.02339	0.02248	0.01067	0.09021	0.01913	0.00049	0.0003	0.1412	0.0005	0.0006	0.00206	0.00042	0.13941	0.08729	0.00239	0.04589	0.00692	0.10432	0.01077	0.01383	0.01357	0.01259	0.00443	0.11679	0.00868	0	0	0	0	
0.04642	0.03386	0.02298	0.02147	0.06448	0.01955	0.0201	0.0206	0.01931	0.00903	0.07966	0.01673	0.00049	0.00031	0.12352	0.00041	0.00058	0.00174	0.00033	0.12208	0.07454	0.00227	0.04161	0.00631	0.09123	0.00926	0.01232	0.01192	0.01059	0.00375	0.10281	0.00758	0	0	0	0	
0.02951	0.02202	0.01607	0.01407	0.04151	0.0127	0.01359	0.01387	0.01285	0.00661	0.05098	0.01123	0.00028	0.0002	0.08096	0.00023	0.00035	0.00098	0.00015	0.08019	0.05016	0.0011	0.02648	0.00393	0.05976	0.00595	0.00795	0.00801	0.0077	0.0025	0.06657	0.0049	0	0	0	0	
0.23859	0.17255	0.12487	0.1151	0.3304	0.10415	0.10835	0.10821	0.10471	0.04688	0.41161	0.08791	0.00282	0.00163	0.64418	0.00248	0.00299	0.00849	0.00193	0.6377	0.3987	0.01047	0.21137	0.03057	0.47512	0.04861	0.06326	0.06412	0.05619	0.01937	0.53636	0.03919	0	0	0	0	
