0	0	0	0	0.20398	0.05049	0.05221	0.0522	0.05464	0.02696	0.2305	0.04678	0.00113	0.00084	0.35589	0.00102	0.0009	0.00414	0.00062	0.35322	0.21458	0.00553	0.12082	0.01795	0.26405	0.02549	0.03632	0.03302	0.03033	0.01014	0.29532	0.02309	0.04598	0.04478	0.02495	0.24317	
0	0	0	0	0.15595	0.03889	0.04001	0.03975	0.04236	0.0199	0.17787	0.03447	0.00088	0.00055	0.27264	0.00053	0.00082	0.00296	0.00049	0.27033	0.16324	0.00389	0.09339	0.01408	0.20371	0.01892	0.02779	0.02418	0.02231	0.00729	0.22715	0.01785	0.03673	0.0333	0.01933	0.18524	
0	0	0	0	0.11128	0.02745	0.02819	0.02708	0.03046	0.01465	0.12412	0.02477	0.00057	0.00039	0.19245	0.00059	0.00053	0.00216	0.00026	0.19105	0.11477	0.00304	0.06617	0.01002	0.14388	0.01346	0.01936	0.0173	0.01607	0.00519	0.16061	0.01213	0.02411	0.02308	0.01373	0.13308	
0	0	0	0	0.0483	0.04142	0.04178	0.04102	0.0266	0.01238	0.11169	0.02185	0.0006	0.00026	0.17111	0.00055	0.00039	0.00192	0.00025	0.16996	0.10308	0.0026	0.05818	0.00866	0.1275	0.01189	0.01777	0.01536	0.01472	0.00494	0.14213	0.01073	0.02209	0.02134	0.01177	0.11732	
0.20398	0.15595	0.11128	0.0483	0	0	0	0	0.0803	0.03861	0.33382	0.06678	0.00162	0.00113	0.51542	0.00134	0.00141	0.0059	0.00089	0.51131	0.3095	0.00792	0.17597	0.02612	0.38447	0.03603	0.05242	0.04659	0.04308	0.01435	0.42903	0.03305	0.06709	0.06328	0.03688	0.35226	
0.05049	0.03889	0.02745	0.04142	0	0	0	0	0.02385	0.01166	0.1023	0.02044	0.00054	0.00027	0.15699	0.00045	0.00042	0.00176	0.00031	0.15576	0.09484	0.0023	0.05282	0.00829	0.1167	0.01136	0.01639	0.0138	0.01358	0.00458	0.13007	0.01002	0.02077	0.01982	0.01071	0.10695	
0.05221	0.04001	0.02819	0.04178	0	0	0	0	0.02526	0.01152	0.10523	0.02018	0.00044	0.0004	0.16093	0.00042	0.00041	0.00172	0.00024	0.15982	0.09579	0.00245	0.05596	0.00799	0.12007	0.01112	0.01607	0.01493	0.01383	0.00457	0.13277	0.01102	0.02096	0.01964	0.01128	0.11031	
0.0522	0.03975	0.02708	0.04102	0	0	0	0	0.02465	0.0121	0.10283	0.02047	0.00058	0.00024	0.15875	0.00048	0.0004	0.0018	0.00018	0.15767	0.09554	0.00239	0.05381	0.00831	0.1179	0.01125	0.01636	0.01454	0.01294	0.00406	0.13334	0.00971	0.02009	0.01976	0.01091	0.10929	
0.05464	0.04236	0.03046	0.0266	0.0803	0.02385	0.02526	0.02465	0	0	0	0	0.00037	0.00036	0.15299	0.00034	0.00045	0.00174	0.00025	0.15162	0.08825	0.00265	0.05466	0.0085	0.1137	0.0108	0.01573	0.01383	0.01101	0.00385	0.13053	0.00867	0.01325	0.01241	0.00684	0.12156	
0.02696	0.0199	0.01465	0.01238	0.03861	0.01166	0.01152	0.0121	0	0	0	0	0.00018	0.00012	0.07333	0.00026	0.00017	0.00098	9e-05	0.07265	0.04228	0.00137	0.02628	0.00396	0.05472	0.00516	0.00726	0.00675	0.00551	0.00161	0.06237	0.0044	0.00687	0.00671	0.00309	0.05722	
0.2305	0.17787	0.12412	0.11169	0.33382	0.1023	0.10523	0.10283	0	0	0	0	0.00212	0.00125	0.63903	0.00178	0.00175	0.00714	0.00108	0.63421	0.39087	0.00889	0.21275	0.03167	0.47603	0.0448	0.06537	0.05798	0.05723	0.01898	0.52438	0.04359	0.09734	0.09273	0.05409	0.40002	
0.04678	0.03447	0.02477	0.02185	0.06678	0.02044	0.02018	0.02047	0	0	0	0	0.00051	0.00031	0.12674	0.00031	0.00027	0.00132	0.0002	0.12608	0.07427	0.00215	0.04487	0.00658	0.09469	0.009	0.01288	0.0113	0.00968	0.00312	0.10793	0.00714	0.01145	0.01065	0.00576	0.10001	
0.00113	0.00088	0.00057	0.0006	0.00162	0.00054	0.00044	0.00058	0.00037	0.00018	0.00212	0.00051	0	0	0	0	0	3e-05	0	0.00315	0.00194	3e-05	0.00102	0.00019	0.00249	0.00012	0.00027	0.0003	0.00025	0.0001	0.00257	0.00026	0.00037	0.0005	0.00011	0.0022	
0.00084	0.00055	0.00039	0.00026	0.00113	0.00027	0.0004	0.00024	0.00036	0.00012	0.00125	0.00031	0	0	0	0	0	5e-05	1e-05	0.00198	0.00119	4e-05	0.00072	9e-05	0.00155	0.0001	0.00023	0.00016	0.00017	6e-05	0.00166	0.00015	0.00028	0.00021	0.00015	0.0014	
0.35589	0.27264	0.19245	0.17111	0.51542	0.15699	0.16093	0.15875	0.15299	0.07333	0.63903	0.12674	0	0	0	0	0.00264	0.01106	0.0016	0.97679	0.59091	0.01493	0.33596	0.05029	0.73319	0.06934	0.10046	0.0891	0.08274	0.02733	0.81884	0.06318	0.12796	0.12149	0.06932	0.67332	
0.00102	0.00053	0.00059	0.00055	0.00134	0.00045	0.00042	0.00048	0.00034	0.00026	0.00178	0.00031	0	0	0	0	0	4e-05	1e-05	0.00264	0.00163	6e-05	0.00086	0.00014	0.00191	0.0002	0.00028	0.0003	0.00027	7e-05	0.00214	0.00021	0.0003	0.0003	0.0002	0.00189	
0.0009	0.00082	0.00053	0.00039	0.00141	0.00042	0.00041	0.0004	0.00045	0.00017	0.00175	0.00027	0	0	0.00264	0	0	0	0	0	0.00161	1e-05	0.00087	0.00015	0.00201	0.00015	0.00027	0.00021	0.00016	0.00012	0.00215	0.00021	0.00048	0.00028	0.00017	0.00171	
0.00414	0.00296	0.00216	0.00192	0.0059	0.00176	0.00172	0.0018	0.00174	0.00098	0.00714	0.00132	3e-05	5e-05	0.01106	4e-05	0	0	0	0	0.00666	0.0002	0.00378	0.00054	0.0083	0.00075	0.00097	0.00116	0.00086	0.00032	0.00925	0.00075	0.00127	0.00148	0.00073	0.0077	
0.00062	0.00049	0.00026	0.00025	0.00089	0.00031	0.00024	0.00018	0.00025	9e-05	0.00108	0.0002	0	1e-05	0.0016	1e-05	0	0	0	0	0.00095	3e-05	0.00057	7e-05	0.00121	0.00013	0.00016	0.00012	0.00012	5e-05	0.0014	5e-05	0.00017	0.00022	0.00012	0.00111	
0.35322	0.27033	0.19105	0.16996	0.51131	0.15576	0.15982	0.15767	0.15162	0.07265	0.63421	0.12608	0.00315	0.00198	0.97679	0.00264	0	0	0	0	0.58645	0.01482	0.33334	0.04995	0.72762	0.06873	0.09984	0.08837	0.08229	0.02707	0.81241	0.06279	0.12699	0.12052	0.06876	0.66829	
0.21458	0.16324	0.11477	0.10308	0.3095	0.09484	0.09579	0.09554	0.08825	0.04228	0.39087	0.07427	0.00194	0.00119	0.59091	0.00163	0.00161	0.00666	0.00095	0.58645	0	0	0	0	0.44028	0.04091	0.0606	0.05388	0.0534	0.01775	0.48386	0.04066	0.09152	0.08673	0.04941	0.36801	
0.00553	0.00389	0.00304	0.0026	0.00792	0.0023	0.00245	0.00239	0.00265	0.00137	0.00889	0.00215	3e-05	4e-05	0.01493	6e-05	1e-05	0.0002	3e-05	0.01482	0	0	0	0	0.01116	0.00103	0.00158	0.00129	0.00106	0.00035	0.0128	0.00085	0.00148	0.00137	0.00082	0.01139	
0.12082	0.09339	0.06617	0.05818	0.17597	0.05282	0.05596	0.05381	0.05466	0.02628	0.21275	0.04487	0.00102	0.00072	0.33596	0.00086	0.00087	0.00378	0.00057	0.33334	0	0	0	0	0.2506	0.02413	0.03391	0.02992	0.02521	0.00818	0.28583	0.01934	0.03092	0.02997	0.01727	0.2604	
0.01795	0.01408	0.01002	0.00866	0.02612	0.00829	0.00799	0.00831	0.0085	0.00396	0.03167	0.00658	0.00019	9e-05	0.05029	0.00014	0.00015	0.00054	7e-05	0.04995	0	0	0	0	0.0371	0.00369	0.00515	0.00477	0.00376	0.00128	0.04272	0.00295	0.00499	0.00443	0.00228	0.03901	
0.26405	0.20371	0.14388	0.1275	0.38447	0.1167	0.12007	0.1179	0.1137	0.05472	0.47603	0.09469	0.00249	0.00155	0.73319	0.00191	0.00201	0.0083	0.00121	0.72762	0.44028	0.01116	0.2506	0.0371	0	0	0	0	0.06142	0.02024	0.60982	0.04766	0.0949	0.09033	0.05145	0.50246	
0.02549	0.01892	0.01346	0.01189	0.03603	0.01136	0.01112	0.01125	0.0108	0.00516	0.0448	0.009	0.00012	0.0001	0.06934	0.0002	0.00015	0.00075	0.00013	0.06873	0.04091	0.00103	0.02413	0.00369	0	0	0	0	0.00575	0.00206	0.05758	0.00437	0.00898	0.00873	0.00492	0.04713	
0.03632	0.02779	0.01936	0.01777	0.05242	0.01639	0.01607	0.01636	0.01573	0.00726	0.06537	0.01288	0.00027	0.00023	0.10046	0.00028	0.00027	0.00097	0.00016	0.09984	0.0606	0.00158	0.03391	0.00515	0	0	0	0	0.00873	0.00283	0.08346	0.00622	0.01331	0.01257	0.00719	0.06817	
0.03302	0.02418	0.0173	0.01536	0.04659	0.0138	0.01493	0.01454	0.01383	0.00675	0.05798	0.0113	0.0003	0.00016	0.0891	0.0003	0.00021	0.00116	0.00012	0.08837	0.05388	0.00129	0.02992	0.00477	0	0	0	0	0.00753	0.00243	0.07435	0.00555	0.01172	0.01087	0.00622	0.06105	
0.03033	0.02231	0.01607	0.01472	0.04308	0.01358	0.01383	0.01294	0.01101	0.00551	0.05723	0.00968	0.00025	0.00017	0.08274	0.00027	0.00016	0.00086	0.00012	0.08229	0.0534	0.00106	0.02521	0.00376	0.06142	0.00575	0.00873	0.00753	0	0	0	0	0.01833	0.01825	0.01064	0.03621	
0.01014	0.00729	0.00519	0.00494	0.01435	0.00458	0.00457	0.00406	0.00385	0.00161	0.01898	0.00312	0.0001	6e-05	0.02733	7e-05	0.00012	0.00032	5e-05	0.02707	0.01775	0.00035	0.00818	0.00128	0.02024	0.00206	0.00283	0.00243	0	0	0	0	0.00642	0.00596	0.00309	0.01209	
0.29532	0.22715	0.16061	0.14213	0.42903	0.13007	0.13277	0.13334	0.13053	0.06237	0.52438	0.10793	0.00257	0.00166	0.81884	0.00214	0.00215	0.00925	0.0014	0.81241	0.48386	0.0128	0.28583	0.04272	0.60982	0.05758	0.08346	0.07435	0	0	0	0	0.08991	0.08513	0.04818	0.60199	
0.02309	0.01785	0.01213	0.01073	0.03305	0.01002	0.01102	0.00971	0.00867	0.0044	0.04359	0.00714	0.00026	0.00015	0.06318	0.00021	0.00021	0.00075	5e-05	0.06279	0.04066	0.00085	0.01934	0.00295	0.04766	0.00437	0.00622	0.00555	0	0	0	0	0.01425	0.01316	0.00787	0.02852	
0.04598	0.03673	0.02411	0.02209	0.06709	0.02077	0.02096	0.02009	0.01325	0.00687	0.09734	0.01145	0.00037	0.00028	0.12796	0.0003	0.00048	0.00127	0.00017	0.12699	0.09152	0.00148	0.03092	0.00499	0.0949	0.00898	0.01331	0.01172	0.01833	0.00642	0.08991	0.01425	0	0	0	0	
0.04478	0.0333	0.02308	0.02134	0.06328	0.01982	0.01964	0.01976	0.01241	0.00671	0.09273	0.01065	0.0005	0.00021	0.12149	0.0003	0.00028	0.00148	0.00022	0.12052	0.08673	0.00137	0.02997	0.00443	0.09033	0.00873	0.01257	0.01087	0.01825	0.00596	0.08513	0.01316	0	0	0	0	
0.02495	0.01933	0.01373	0.01177	0.03688	0.01071	0.01128	0.01091	0.00684	0.00309	0.05409	0.00576	0.00011	0.00015	0.06932	0.0002	0.00017	0.00073	0.00012	0.06876	0.04941	0.00082	0.01727	0.00228	0.05145	0.00492	0.00719	0.00622	0.01064	0.00309	0.04818	0.00787	0	0	0	0	
0.24317	0.18524	0.13308	0.11732	0.35226	0.10695	0.11031	0.10929	0.12156	0.05722	0.40002	0.10001	0.0022	0.0014	0.67332	0.00189	0.00171	0.0077	0.00111	0.66829	0.36801	0.01139	0.2604	0.03901	0.50246	0.04713	0.06817	0.06105	0.03621	0.01209	0.60199	0.02852	0	0	0	0	
