0	0	0	0	0.20523	0.05166	0.05175	0.05242	0.05744	0.02654	0.23151	0.04557	0.00129	0.00073	0.35817	0.00087	0.00124	0.00387	0.00053	0.35542	0.21365	0.00573	0.12267	0.01901	0.26662	0.02533	0.03708	0.03203	0.02995	0.00995	0.29808	0.02308	0.04717	0.04332	0.02421	0.24636	
0	0	0	0	0.15618	0.03886	0.0391	0.03985	0.0426	0.02017	0.17623	0.03499	0.00082	0.00051	0.27202	0.00064	0.00082	0.00305	0.0003	0.26982	0.16261	0.00443	0.09246	0.01449	0.20298	0.01799	0.02852	0.0245	0.02289	0.00737	0.22647	0.01726	0.0354	0.03364	0.01855	0.1864	
0	0	0	0	0.10974	0.02803	0.02704	0.02849	0.03046	0.01499	0.12341	0.02444	0.00065	0.00036	0.1917	0.00059	0.00052	0.002	0.00036	0.19042	0.11572	0.00293	0.06469	0.00996	0.14343	0.01313	0.01954	0.0172	0.0165	0.00541	0.15912	0.01227	0.02515	0.02429	0.01372	0.13014	
0	0	0	0	0.0464	0.04039	0.04196	0.0429	0.02655	0.01291	0.10966	0.02253	0.0006	0.00022	0.17048	0.00035	0.00038	0.00176	0.0003	0.16921	0.10235	0.00266	0.05799	0.00865	0.12672	0.0117	0.01747	0.01576	0.01371	0.00502	0.14188	0.01104	0.02211	0.02109	0.01105	0.1174	
0.20523	0.15618	0.10974	0.0464	0	0	0	0	0.08138	0.03896	0.33124	0.06597	0.00168	0.00088	0.51371	0.00128	0.00164	0.00572	0.00076	0.50943	0.30761	0.00827	0.17504	0.02663	0.38297	0.0346	0.05342	0.04656	0.04283	0.01463	0.42707	0.03302	0.06734	0.06221	0.03512	0.35288	
0.05166	0.03886	0.02803	0.04039	0	0	0	0	0.02469	0.01186	0.10217	0.02022	0.00059	0.00036	0.1576	0.00039	0.00042	0.00149	0.0003	0.15673	0.09481	0.00247	0.05336	0.0083	0.11784	0.01099	0.01633	0.01378	0.01266	0.00426	0.13207	0.00995	0.02056	0.02004	0.01101	0.10733	
0.05175	0.0391	0.02704	0.04196	0	0	0	0	0.02501	0.01195	0.10332	0.01957	0.00048	0.00028	0.15873	0.00036	0.00038	0.00183	0.00027	0.15737	0.09525	0.00245	0.05365	0.0085	0.11808	0.01109	0.01627	0.01441	0.01433	0.00451	0.13074	0.01027	0.02106	0.02017	0.0103	0.10832	
0.05242	0.03985	0.02849	0.0429	0	0	0	0	0.02597	0.01184	0.10408	0.02177	0.00061	0.0003	0.16233	0.00042	0.00052	0.00164	0.00016	0.16134	0.09666	0.00256	0.05576	0.00868	0.12086	0.01147	0.01659	0.01474	0.01323	0.00435	0.13567	0.01041	0.02087	0.01992	0.0111	0.11177	
0.05744	0.0426	0.03046	0.02655	0.08138	0.02469	0.02501	0.02597	0	0	0	0	0.0005	0.00035	0.15583	0.00037	0.0003	0.00149	0.00023	0.15503	0.09077	0.00251	0.05518	0.00859	0.11624	0.01079	0.01629	0.01373	0.01207	0.00383	0.13212	0.00903	0.01359	0.01311	0.00729	0.12306	
0.02654	0.02017	0.01499	0.01291	0.03896	0.01186	0.01195	0.01184	0	0	0	0	0.00016	0.00016	0.07414	0.00015	0.00028	0.00068	8e-05	0.07357	0.04303	0.00118	0.02619	0.00421	0.05469	0.00533	0.00788	0.00671	0.00553	0.00168	0.06331	0.00409	0.00677	0.00657	0.00313	0.05814	
0.23151	0.17623	0.12341	0.10966	0.33124	0.10217	0.10332	0.10408	0	0	0	0	0.00238	0.00114	0.63566	0.00163	0.00194	0.00721	0.00098	0.63068	0.38719	0.00981	0.21162	0.03219	0.47398	0.04326	0.06587	0.0577	0.05615	0.01925	0.52201	0.0434	0.09829	0.09215	0.05155	0.39882	
0.04557	0.03499	0.02444	0.02253	0.06597	0.02022	0.01957	0.02177	0	0	0	0	0.00032	0.00017	0.12674	0.0003	0.00044	0.0013	0.0002	0.12559	0.07334	0.00225	0.04482	0.00712	0.09484	0.00877	0.01257	0.01135	0.0093	0.00299	0.10811	0.00713	0.01118	0.01051	0.00556	0.10028	
0.00129	0.00082	0.00065	0.0006	0.00168	0.00059	0.00048	0.00061	0.0005	0.00016	0.00238	0.00032	0	0	0	0	0	4e-05	0	0.00332	0.00206	2e-05	0.00112	0.00016	0.00248	0.00032	0.00027	0.00029	0.00029	8e-05	0.00279	0.0002	0.0005	0.00043	0.00024	0.00219	
0.00073	0.00051	0.00036	0.00022	0.00088	0.00036	0.00028	0.0003	0.00035	0.00016	0.00114	0.00017	0	0	0	0	0	1e-05	0	0.00181	0.00108	5e-05	0.00057	0.00012	0.00138	0.00011	0.00023	0.0001	0.0002	5e-05	0.00151	6e-05	0.00023	0.0002	0.00015	0.00124	
0.35817	0.27202	0.1917	0.17048	0.51371	0.1576	0.15873	0.16233	0.15583	0.07414	0.63566	0.12674	0	0	0	0	0.00293	0.01062	0.00148	0.97734	0.58969	0.01563	0.33528	0.05177	0.73408	0.06756	0.10183	0.0889	0.08233	0.0275	0.81934	0.0632	0.12873	0.12143	0.06693	0.67528	
0.00087	0.00064	0.00059	0.00035	0.00128	0.00039	0.00036	0.00042	0.00037	0.00015	0.00163	0.0003	0	0	0	0	3e-05	1e-05	1e-05	0.0024	0.0015	5e-05	0.00084	6e-05	0.00181	0.00016	0.00028	0.0002	0.00023	0.00012	0.00191	0.00019	0.00037	0.00028	0.00021	0.00159	
0.00124	0.00082	0.00052	0.00038	0.00164	0.00042	0.00038	0.00052	0.0003	0.00028	0.00194	0.00044	0	0	0.00293	3e-05	0	0	0	0	0.00186	1e-05	0.00096	0.00013	0.00229	0.00018	0.00023	0.00026	0.00031	0.0001	0.00237	0.00018	0.00037	0.00034	0.00025	0.002	
0.00387	0.00305	0.002	0.00176	0.00572	0.00149	0.00183	0.00164	0.00149	0.00068	0.00721	0.0013	4e-05	1e-05	0.01062	1e-05	0	0	0	0	0.00609	0.00022	0.00369	0.00068	0.00796	0.00071	0.00108	0.00093	0.00089	0.00039	0.00887	0.00053	0.00134	0.00122	0.00063	0.00749	
0.00053	0.0003	0.00036	0.0003	0.00076	0.0003	0.00027	0.00016	0.00023	8e-05	0.00098	0.0002	0	0	0.00148	1e-05	0	0	0	0	0.00092	1e-05	0.00048	8e-05	0.00112	0.00016	0.00012	9e-05	0.00016	5e-05	0.00118	0.0001	0.00021	0.00023	0.0001	0.00095	
0.35542	0.26982	0.19042	0.16921	0.50943	0.15673	0.15737	0.16134	0.15503	0.07357	0.63068	0.12559	0.00332	0.00181	0.97734	0.0024	0	0	0	0	0.58546	0.01551	0.33268	0.05122	0.72838	0.0671	0.10118	0.08821	0.08169	0.02721	0.81313	0.06284	0.12791	0.12055	0.06655	0.66986	
0.21365	0.16261	0.11572	0.10235	0.30761	0.09481	0.09525	0.09666	0.09077	0.04303	0.38719	0.07334	0.00206	0.00108	0.58969	0.0015	0.00186	0.00609	0.00092	0.58546	0	0	0	0	0.43965	0.04054	0.0605	0.05364	0.0527	0.01754	0.48367	0.04042	0.09341	0.08766	0.0482	0.36506	
0.00573	0.00443	0.00293	0.00266	0.00827	0.00247	0.00245	0.00256	0.00251	0.00118	0.00981	0.00225	2e-05	5e-05	0.01563	5e-05	1e-05	0.00022	1e-05	0.01551	0	0	0	0	0.0118	0.00116	0.00157	0.00122	0.00109	0.00041	0.01337	0.00088	0.00142	0.00134	0.00068	0.01231	
0.12267	0.09246	0.06469	0.05799	0.17504	0.05336	0.05365	0.05576	0.05518	0.02619	0.21162	0.04482	0.00112	0.00057	0.33528	0.00084	0.00096	0.00369	0.00048	0.33268	0	0	0	0	0.24968	0.02297	0.03509	0.03007	0.02521	0.00833	0.28485	0.01942	0.03047	0.02883	0.01629	0.26222	
0.01901	0.01449	0.00996	0.00865	0.02663	0.0083	0.0085	0.00868	0.00859	0.00421	0.03219	0.00712	0.00016	0.00012	0.05177	6e-05	0.00013	0.00068	8e-05	0.05122	0	0	0	0	0.03862	0.00348	0.00545	0.00456	0.00405	0.00147	0.04366	0.00293	0.00453	0.00451	0.00236	0.04071	
0.26662	0.20298	0.14343	0.12672	0.38297	0.11784	0.11808	0.12086	0.11624	0.05469	0.47398	0.09484	0.00248	0.00138	0.73408	0.00181	0.00229	0.00796	0.00112	0.72838	0.43965	0.0118	0.24968	0.03862	0	0	0	0	0.0612	0.02044	0.61082	0.04729	0.09516	0.08993	0.04965	0.50501	
0.02533	0.01799	0.01313	0.0117	0.0346	0.01099	0.01109	0.01147	0.01079	0.00533	0.04326	0.00877	0.00032	0.00011	0.06756	0.00016	0.00018	0.00071	0.00016	0.0671	0.04054	0.00116	0.02297	0.00348	0	0	0	0	0.00555	0.00176	0.05682	0.00402	0.0092	0.00843	0.00476	0.04576	
0.03708	0.02852	0.01954	0.01747	0.05342	0.01633	0.01627	0.01659	0.01629	0.00788	0.06587	0.01257	0.00027	0.00023	0.10183	0.00028	0.00023	0.00108	0.00012	0.10118	0.0605	0.00157	0.03509	0.00545	0	0	0	0	0.00842	0.00293	0.08451	0.00675	0.01338	0.01307	0.00668	0.06948	
0.03203	0.0245	0.0172	0.01576	0.04656	0.01378	0.01441	0.01474	0.01373	0.00671	0.0577	0.01135	0.00029	0.0001	0.0889	0.0002	0.00026	0.00093	9e-05	0.08821	0.05364	0.00122	0.03007	0.00456	0	0	0	0	0.00788	0.00262	0.0734	0.00559	0.01209	0.01091	0.00644	0.06005	
0.02995	0.02289	0.0165	0.01371	0.04283	0.01266	0.01433	0.01323	0.01207	0.00553	0.05615	0.0093	0.00029	0.0002	0.08233	0.00023	0.00031	0.00089	0.00016	0.08169	0.0527	0.00109	0.02521	0.00405	0.0612	0.00555	0.00842	0.00788	0	0	0	0	0.01873	0.01738	0.01006	0.03688	
0.00995	0.00737	0.00541	0.00502	0.01463	0.00426	0.00451	0.00435	0.00383	0.00168	0.01925	0.00299	8e-05	5e-05	0.0275	0.00012	0.0001	0.00039	5e-05	0.02721	0.01754	0.00041	0.00833	0.00147	0.02044	0.00176	0.00293	0.00262	0	0	0	0	0.00615	0.00603	0.00323	0.01234	
0.29808	0.22647	0.15912	0.14188	0.42707	0.13207	0.13074	0.13567	0.13212	0.06331	0.52201	0.10811	0.00279	0.00151	0.81934	0.00191	0.00237	0.00887	0.00118	0.81313	0.48367	0.01337	0.28485	0.04366	0.61082	0.05682	0.08451	0.0734	0	0	0	0	0.09031	0.08529	0.04726	0.60269	
0.02308	0.01726	0.01227	0.01104	0.03302	0.00995	0.01027	0.01041	0.00903	0.00409	0.0434	0.00713	0.0002	6e-05	0.0632	0.00019	0.00018	0.00053	0.0001	0.06284	0.04042	0.00088	0.01942	0.00293	0.04729	0.00402	0.00675	0.00559	0	0	0	0	0.01464	0.01364	0.00698	0.02839	
0.04717	0.0354	0.02515	0.02211	0.06734	0.02056	0.02106	0.02087	0.01359	0.00677	0.09829	0.01118	0.0005	0.00023	0.12873	0.00037	0.00037	0.00134	0.00021	0.12791	0.09341	0.00142	0.03047	0.00453	0.09516	0.0092	0.01338	0.01209	0.01873	0.00615	0.09031	0.01464	0	0	0	0	
0.04332	0.03364	0.02429	0.02109	0.06221	0.02004	0.02017	0.01992	0.01311	0.00657	0.09215	0.01051	0.00043	0.0002	0.12143	0.00028	0.00034	0.00122	0.00023	0.12055	0.08766	0.00134	0.02883	0.00451	0.08993	0.00843	0.01307	0.01091	0.01738	0.00603	0.08529	0.01364	0	0	0	0	
0.02421	0.01855	0.01372	0.01105	0.03512	0.01101	0.0103	0.0111	0.00729	0.00313	0.05155	0.00556	0.00024	0.00015	0.06693	0.00021	0.00025	0.00063	0.0001	0.06655	0.0482	0.00068	0.01629	0.00236	0.04965	0.00476	0.00668	0.00644	0.01006	0.00323	0.04726	0.00698	0	0	0	0	
0.24636	0.1864	0.13014	0.1174	0.35288	0.10733	0.10832	0.11177	0.12306	0.05814	0.39882	0.10028	0.00219	0.00124	0.67528	0.00159	0.002	0.00749	0.00095	0.66986	0.36506	0.01231	0.26222	0.04071	0.50501	0.04576	0.06948	0.06005	0.03688	0.01234	0.60269	0.02839	0	0	0	0	
