0	0	0	0	0.20612	0.05164	0.05297	0.05134	0.05638	0.02648	0.23357	0.04564	0.00119	0.00073	0.35924	0.00091	0.00107	0.00361	0.00041	0.35698	0.21446	0.00567	0.12332	0.01862	0.26731	0.02474	0.03738	0.03264	0.0311	0.00986	0.29782	0.02329	0.04779	0.04347	0.02545	0.24536	
0	0	0	0	0.15578	0.0393	0.03964	0.03988	0.04234	0.02045	0.17785	0.03396	0.00097	0.00054	0.27245	0.00064	0.00051	0.00288	0.0004	0.27081	0.16349	0.00401	0.0935	0.0136	0.20346	0.01852	0.02803	0.02459	0.02299	0.00767	0.22632	0.01762	0.03539	0.0343	0.01839	0.18652	
0	0	0	0	0.11069	0.02668	0.0268	0.02798	0.02969	0.01447	0.12328	0.02471	0.00052	0.00034	0.19071	0.00058	0.00053	0.00225	0.00034	0.18903	0.11541	0.00296	0.06418	0.0096	0.14131	0.01356	0.02015	0.01713	0.016	0.00521	0.15878	0.01216	0.02472	0.02416	0.01312	0.13015	
0	0	0	0	0.04864	0.03911	0.04174	0.04169	0.02651	0.01247	0.11061	0.02159	0.00065	0.00027	0.16997	0.00029	0.00052	0.00183	0.00024	0.16859	0.10235	0.00253	0.05796	0.00834	0.12645	0.01176	0.01721	0.01576	0.01408	0.0048	0.14094	0.01136	0.0223	0.02066	0.01211	0.11611	
0.20612	0.15578	0.11069	0.04864	0	0	0	0	0.08011	0.03907	0.33642	0.06563	0.00161	0.00099	0.51745	0.00118	0.00135	0.00567	0.00079	0.51342	0.30941	0.00803	0.17776	0.02603	0.38532	0.03571	0.05365	0.04655	0.04449	0.01414	0.42926	0.03334	0.06827	0.06407	0.03605	0.35284	
0.05164	0.0393	0.02668	0.03911	0	0	0	0	0.02402	0.01156	0.10144	0.01971	0.00059	0.00025	0.15541	0.00048	0.00056	0.00164	0.00024	0.15429	0.09366	0.00216	0.05288	0.00803	0.11535	0.01063	0.01633	0.01442	0.01321	0.00415	0.12929	0.01008	0.02063	0.01899	0.01069	0.10642	
0.05297	0.03964	0.0268	0.04174	0	0	0	0	0.0258	0.01185	0.10331	0.02019	0.00056	0.00031	0.15993	0.00035	0.00039	0.00182	0.00017	0.15877	0.0961	0.00234	0.0548	0.00791	0.11929	0.01077	0.01632	0.01477	0.01329	0.00473	0.13287	0.01026	0.02096	0.0191	0.0115	0.10959	
0.05134	0.03988	0.02798	0.04169	0	0	0	0	0.02499	0.01139	0.10414	0.02037	0.00057	0.00033	0.15958	0.00041	0.00033	0.00144	0.00019	0.15893	0.09654	0.00264	0.05352	0.00819	0.11857	0.01147	0.01647	0.01438	0.01318	0.00452	0.13244	0.01075	0.02034	0.02043	0.01083	0.10929	
0.05638	0.04234	0.02969	0.02651	0.08011	0.02402	0.0258	0.02499	0	0	0	0	0.0006	0.00024	0.15372	0.00036	0.00034	0.00156	0.00016	0.15286	0.08826	0.00259	0.05572	0.00835	0.11339	0.01111	0.01617	0.01425	0.01184	0.00364	0.13016	0.00928	0.0132	0.01265	0.00743	0.12164	
0.02648	0.02045	0.01447	0.01247	0.03907	0.01156	0.01185	0.01139	0	0	0	0	0.00019	0.0001	0.07342	0.00016	0.00016	0.00081	0.00015	0.07275	0.04227	0.00123	0.0263	0.00407	0.05494	0.00477	0.0074	0.00676	0.00516	0.00181	0.06254	0.00436	0.00627	0.00599	0.00322	0.05839	
0.23357	0.17785	0.12328	0.11061	0.33642	0.10144	0.10331	0.10414	0	0	0	0	0.00216	0.00124	0.64037	0.00154	0.0018	0.0069	0.00091	0.6357	0.39129	0.00941	0.21306	0.03155	0.47727	0.044	0.06614	0.0579	0.05778	0.01882	0.525	0.04371	0.09962	0.09364	0.05227	0.39978	
0.04564	0.03396	0.02471	0.02159	0.06563	0.01971	0.02019	0.02037	0	0	0	0	0.00038	0.0003	0.12486	0.00036	0.00033	0.0013	0.00017	0.1241	0.07389	0.00194	0.04388	0.00619	0.09293	0.0087	0.01306	0.01121	0.00939	0.00327	0.10616	0.00708	0.01111	0.01031	0.00615	0.09833	
0.00119	0.00097	0.00052	0.00065	0.00161	0.00059	0.00056	0.00057	0.0006	0.00019	0.00216	0.00038	0	0	0	0	0	6e-05	0	0.00327	0.002	5e-05	0.00111	0.00017	0.00233	0.00024	0.00047	0.00029	0.00034	9e-05	0.00261	0.00029	0.0004	0.00043	0.00028	0.00222	
0.00073	0.00054	0.00034	0.00027	0.00099	0.00025	0.00031	0.00033	0.00024	0.0001	0.00124	0.0003	0	0	0	0	0	3e-05	3e-05	0.00182	0.00112	2e-05	0.00062	0.00012	0.00135	0.00016	0.00017	0.0002	0.00013	7e-05	0.00152	0.00016	0.00026	0.00023	0.00019	0.0012	
0.35924	0.27245	0.19071	0.16997	0.51745	0.15541	0.15993	0.15958	0.15372	0.07342	0.64037	0.12486	0	0	0	0	0.00263	0.01047	0.00136	0.97791	0.5911	0.01502	0.3365	0.04975	0.73306	0.06799	0.10196	0.08936	0.08346	0.02731	0.81784	0.06376	0.12932	0.12153	0.06843	0.67309	
0.00091	0.00064	0.00058	0.00029	0.00118	0.00048	0.00035	0.00041	0.00036	0.00016	0.00154	0.00036	0	0	0	0	0	1e-05	0	0.00241	0.00149	8e-05	0.00073	0.00012	0.00179	0.00019	0.00017	0.00027	0.00024	7e-05	0.00189	0.00022	0.00022	0.0004	0.00017	0.00163	
0.00107	0.00051	0.00053	0.00052	0.00135	0.00056	0.00039	0.00033	0.00034	0.00016	0.0018	0.00033	0	0	0.00263	0	0	0	0	0	0.0016	1e-05	0.00093	9e-05	0.00185	0.00024	0.00031	0.00023	0.00024	5e-05	0.00211	0.00023	0.00031	0.0004	0.00025	0.00167	
0.00361	0.00288	0.00225	0.00183	0.00567	0.00164	0.00182	0.00144	0.00156	0.00081	0.0069	0.0013	6e-05	3e-05	0.01047	1e-05	0	0	0	0	0.00626	0.00019	0.0035	0.00062	0.00788	0.00066	0.00109	0.00094	0.00101	0.0003	0.00862	0.00064	0.00141	0.0012	0.00092	0.00704	
0.00041	0.0004	0.00034	0.00024	0.00079	0.00024	0.00017	0.00019	0.00016	0.00015	0.00091	0.00017	0	3e-05	0.00136	0	0	0	0	0	0.00068	1e-05	0.00062	8e-05	0.00109	7e-05	0.0001	0.00013	0.00011	5e-05	0.00112	0.00011	0.00017	0.00026	9e-05	0.00087	
0.35698	0.27081	0.18903	0.16859	0.51342	0.15429	0.15877	0.15893	0.15286	0.07275	0.6357	0.1241	0.00327	0.00182	0.97791	0.00241	0	0	0	0	0.58717	0.01496	0.33391	0.04937	0.72771	0.06761	0.10127	0.08882	0.08281	0.02714	0.81201	0.06345	0.12831	0.12073	0.06781	0.66856	
0.21446	0.16349	0.11541	0.10235	0.30941	0.09366	0.0961	0.09654	0.08826	0.04227	0.39129	0.07389	0.002	0.00112	0.5911	0.00149	0.0016	0.00626	0.00068	0.58717	0	0	0	0	0.44057	0.0411	0.06058	0.05346	0.05376	0.01758	0.48315	0.04122	0.09293	0.08712	0.04991	0.36575	
0.00567	0.00401	0.00296	0.00253	0.00803	0.00216	0.00234	0.00264	0.00259	0.00123	0.00941	0.00194	5e-05	2e-05	0.01502	8e-05	1e-05	0.00019	1e-05	0.01496	0	0	0	0	0.01121	0.00092	0.00179	0.00125	0.00133	0.00036	0.01267	0.00081	0.0015	0.00144	0.00071	0.01152	
0.12332	0.0935	0.06418	0.05796	0.17776	0.05288	0.0548	0.05352	0.05572	0.0263	0.21306	0.04388	0.00111	0.00062	0.3365	0.00073	0.00093	0.0035	0.00062	0.33391	0	0	0	0	0.24953	0.02322	0.0353	0.03091	0.0256	0.00832	0.28573	0.01931	0.03101	0.02963	0.01627	0.26205	
0.01862	0.0136	0.0096	0.00834	0.02603	0.00803	0.00791	0.00819	0.00835	0.00407	0.03155	0.00619	0.00017	0.00012	0.04975	0.00012	9e-05	0.00062	8e-05	0.04937	0	0	0	0	0.03722	0.00334	0.0051	0.0045	0.00348	0.00128	0.04231	0.00309	0.00476	0.0044	0.00218	0.03882	
0.26731	0.20346	0.14131	0.12645	0.38532	0.11535	0.11929	0.11857	0.11339	0.05494	0.47727	0.09293	0.00233	0.00135	0.73306	0.00179	0.00185	0.00788	0.00109	0.72771	0.44057	0.01121	0.24953	0.03722	0	0	0	0	0.06178	0.02029	0.60886	0.0476	0.09607	0.09113	0.05129	0.50004	
0.02474	0.01852	0.01356	0.01176	0.03571	0.01063	0.01077	0.01147	0.01111	0.00477	0.044	0.0087	0.00024	0.00016	0.06799	0.00019	0.00024	0.00066	7e-05	0.06761	0.0411	0.00092	0.02322	0.00334	0	0	0	0	0.00602	0.00202	0.05626	0.00428	0.00902	0.00822	0.00497	0.04637	
0.03738	0.02803	0.02015	0.01721	0.05365	0.01633	0.01632	0.01647	0.01617	0.0074	0.06614	0.01306	0.00047	0.00017	0.10196	0.00017	0.00031	0.00109	0.0001	0.10127	0.06058	0.00179	0.0353	0.0051	0	0	0	0	0.00935	0.00276	0.08406	0.0066	0.01312	0.01244	0.00691	0.0703	
0.03264	0.02459	0.01713	0.01576	0.04655	0.01442	0.01477	0.01438	0.01425	0.00676	0.0579	0.01121	0.00029	0.0002	0.08936	0.00027	0.00023	0.00094	0.00013	0.08882	0.05346	0.00125	0.03091	0.0045	0	0	0	0	0.00702	0.00247	0.07468	0.00595	0.01199	0.0108	0.0059	0.06143	
0.0311	0.02299	0.016	0.01408	0.04449	0.01321	0.01329	0.01318	0.01184	0.00516	0.05778	0.00939	0.00034	0.00013	0.08346	0.00024	0.00024	0.00101	0.00011	0.08281	0.05376	0.00133	0.0256	0.00348	0.06178	0.00602	0.00935	0.00702	0	0	0	0	0.01917	0.01827	0.01003	0.0367	
0.00986	0.00767	0.00521	0.0048	0.01414	0.00415	0.00473	0.00452	0.00364	0.00181	0.01882	0.00327	9e-05	7e-05	0.02731	7e-05	5e-05	0.0003	5e-05	0.02714	0.01758	0.00036	0.00832	0.00128	0.02029	0.00202	0.00276	0.00247	0	0	0	0	0.00642	0.00565	0.00339	0.01208	
0.29782	0.22632	0.15878	0.14094	0.42926	0.12929	0.13287	0.13244	0.13016	0.06254	0.525	0.10616	0.00261	0.00152	0.81784	0.00189	0.00211	0.00862	0.00112	0.81201	0.48315	0.01267	0.28573	0.04231	0.60886	0.05626	0.08406	0.07468	0	0	0	0	0.08995	0.08463	0.04837	0.60091	
0.02329	0.01762	0.01216	0.01136	0.03334	0.01008	0.01026	0.01075	0.00928	0.00436	0.04371	0.00708	0.00029	0.00016	0.06376	0.00022	0.00023	0.00064	0.00011	0.06345	0.04122	0.00081	0.01931	0.00309	0.0476	0.00428	0.0066	0.00595	0	0	0	0	0.01466	0.01404	0.00728	0.02845	
0.04779	0.03539	0.02472	0.0223	0.06827	0.02063	0.02096	0.02034	0.0132	0.00627	0.09962	0.01111	0.0004	0.00026	0.12932	0.00022	0.00031	0.00141	0.00017	0.12831	0.09293	0.0015	0.03101	0.00476	0.09607	0.00902	0.01312	0.01199	0.01917	0.00642	0.08995	0.01466	0	0	0	0	
0.04347	0.0343	0.02416	0.02066	0.06407	0.01899	0.0191	0.02043	0.01265	0.00599	0.09364	0.01031	0.00043	0.00023	0.12153	0.0004	0.0004	0.0012	0.00026	0.12073	0.08712	0.00144	0.02963	0.0044	0.09113	0.00822	0.01244	0.0108	0.01827	0.00565	0.08463	0.01404	0	0	0	0	
0.02545	0.01839	0.01312	0.01211	0.03605	0.01069	0.0115	0.01083	0.00743	0.00322	0.05227	0.00615	0.00028	0.00019	0.06843	0.00017	0.00025	0.00092	9e-05	0.06781	0.04991	0.00071	0.01627	0.00218	0.05129	0.00497	0.00691	0.0059	0.01003	0.00339	0.04837	0.00728	0	0	0	0	
0.24536	0.18652	0.13015	0.11611	0.35284	0.10642	0.10959	0.10929	0.12164	0.05839	0.39978	0.09833	0.00222	0.0012	0.67309	0.00163	0.00167	0.00704	0.00087	0.66856	0.36575	0.01152	0.26205	0.03882	0.50004	0.04637	0.0703	0.06143	0.0367	0.01208	0.60091	0.02845	0	0	0	0	
