0	0	0	0	0.19911	0.0553	0.0535	0.0565	0.05631	0.02827	0.23334	0.04649	0.00123	0.0008	0.36157	0.00081	0.00122	0.00402	0.00057	0.3586	0.21566	0.00624	0.12339	0.01912	0.26923	0.02414	0.03729	0.03375	0.0302	0.00938	0.30265	0.02218	0.04688	0.04539	0.0246	0.24754	
0	0	0	0	0.14876	0.04081	0.0419	0.0421	0.04355	0.02109	0.17376	0.03517	0.00078	0.00045	0.27158	0.00076	0.00066	0.00316	0.00035	0.2694	0.16089	0.00495	0.09369	0.01404	0.20324	0.01847	0.02744	0.02442	0.02181	0.00702	0.22805	0.01669	0.03507	0.03383	0.01839	0.18628	
0	0	0	0	0.10559	0.02905	0.02999	0.02988	0.03068	0.01469	0.12413	0.02501	0.00072	0.00028	0.19291	0.0006	0.00049	0.00214	0.00026	0.19162	0.11437	0.0037	0.0663	0.01014	0.14438	0.01334	0.0196	0.01719	0.01544	0.00564	0.16166	0.01177	0.02533	0.0241	0.01322	0.13186	
0	0	0	0	0.06045	0.03464	0.0365	0.03592	0.02642	0.01255	0.10752	0.02102	0.00058	0.00029	0.1662	0.00044	0.00046	0.00173	0.00023	0.16509	0.09953	0.00288	0.05638	0.00872	0.12414	0.0111	0.01684	0.01543	0.01379	0.00452	0.13915	0.01005	0.02266	0.02025	0.01174	0.11286	
0.19911	0.14876	0.10559	0.06045	0	0	0	0	0.0799	0.04012	0.32823	0.06566	0.00164	0.00087	0.51007	0.00133	0.0015	0.00547	0.00085	0.50609	0.30337	0.00917	0.17438	0.02699	0.38108	0.03454	0.0517	0.04659	0.04193	0.01348	0.42728	0.03122	0.06609	0.06373	0.03495	0.34914	
0.0553	0.04081	0.02905	0.03464	0	0	0	0	0.02555	0.01185	0.10231	0.02009	0.00053	0.00033	0.15853	0.00041	0.00037	0.00194	0.0002	0.15729	0.09503	0.00268	0.05375	0.00834	0.11919	0.01041	0.01589	0.01431	0.013	0.00439	0.13282	0.00959	0.02149	0.01927	0.0109	0.10814	
0.0535	0.0419	0.02999	0.0365	0	0	0	0	0.02578	0.01227	0.10289	0.02095	0.00053	0.00032	0.16061	0.00043	0.00042	0.00174	0.00017	0.15956	0.09415	0.00288	0.05645	0.00841	0.11986	0.01091	0.01657	0.01455	0.01338	0.00445	0.13439	0.00967	0.02124	0.02013	0.01103	0.10949	
0.0565	0.0421	0.02988	0.03592	0	0	0	0	0.02573	0.01236	0.10532	0.02099	0.00061	0.0003	0.16305	0.00044	0.00054	0.0019	0.00019	0.16177	0.0979	0.00304	0.05518	0.00828	0.12086	0.01119	0.01701	0.01534	0.01293	0.00424	0.13702	0.01021	0.02112	0.02044	0.01107	0.11177	
0.05631	0.04355	0.03068	0.02642	0.0799	0.02555	0.02578	0.02573	0	0	0	0	0.00055	0.00024	0.15576	0.00041	0.00046	0.00198	0.0002	0.15432	0.09104	0.00291	0.05469	0.00832	0.11657	0.01044	0.0157	0.01425	0.01215	0.00399	0.13192	0.0089	0.01525	0.01599	0.00818	0.11754	
0.02827	0.02109	0.01469	0.01255	0.04012	0.01185	0.01227	0.01236	0	0	0	0	0.00026	9e-05	0.07607	0.00018	0.00019	0.00075	9e-05	0.07557	0.04405	0.00152	0.02683	0.0042	0.05638	0.00516	0.00795	0.00711	0.00593	0.00217	0.06418	0.00432	0.00738	0.00758	0.00393	0.05771	
0.23334	0.17376	0.12413	0.10752	0.32823	0.10231	0.10289	0.10532	0	0	0	0	0.00216	0.00124	0.63358	0.00177	0.00177	0.0069	0.00099	0.62909	0.38036	0.01097	0.21457	0.03285	0.47322	0.04303	0.06382	0.05868	0.05333	0.01747	0.52806	0.03989	0.09444	0.08759	0.0485	0.40822	
0.04649	0.03517	0.02501	0.02102	0.06566	0.02009	0.02095	0.02099	0	0	0	0	0.00034	0.00025	0.12685	0.00025	0.00041	0.00142	0.00013	0.12573	0.075	0.00237	0.04367	0.00665	0.09482	0.00842	0.0137	0.01075	0.00983	0.00293	0.10735	0.00758	0.01287	0.01241	0.00734	0.09507	
0.00123	0.00078	0.00072	0.00058	0.00164	0.00053	0.00053	0.00061	0.00055	0.00026	0.00216	0.00034	0	0	0	0	0	1e-05	0	0.0033	0.00179	1e-05	0.0013	0.00021	0.00248	0.00025	0.00034	0.00024	0.00034	0.00011	0.00266	0.0002	0.0005	0.00046	0.00024	0.00211	
0.0008	0.00045	0.00028	0.00029	0.00087	0.00033	0.00032	0.0003	0.00024	9e-05	0.00124	0.00025	0	0	0	0	0	1e-05	0	0.00181	0.00115	4e-05	0.00056	7e-05	0.00141	8e-05	0.00019	0.00014	0.00022	8e-05	0.00142	0.0001	0.00023	0.00021	0.00017	0.00121	
0.36157	0.27158	0.19291	0.1662	0.51007	0.15853	0.16061	0.16305	0.15576	0.07607	0.63358	0.12685	0	0	0	0	0.00282	0.01101	0.00141	0.97702	0.58612	0.01764	0.3369	0.0516	0.73511	0.06662	0.10035	0.09018	0.08044	0.02628	0.82525	0.06029	0.12882	0.12259	0.06741	0.67344	
0.00081	0.00076	0.0006	0.00044	0.00133	0.00041	0.00043	0.00044	0.00041	0.00018	0.00177	0.00025	0	0	0	0	1e-05	2e-05	0	0.00258	0.00139	8e-05	0.001	0.00014	0.00199	0.0001	0.00029	0.00023	0.00024	9e-05	0.00218	0.0001	0.00039	0.00031	0.00013	0.00178	
0.00122	0.00066	0.00049	0.00046	0.0015	0.00037	0.00042	0.00054	0.00046	0.00019	0.00177	0.00041	0	0	0.00282	1e-05	0	0	0	0	0.00174	6e-05	0.00095	8e-05	0.00215	0.00025	0.00018	0.00025	0.00016	0.0001	0.0023	0.00027	0.00051	0.00034	0.0002	0.00178	
0.00402	0.00316	0.00214	0.00173	0.00547	0.00194	0.00174	0.0019	0.00198	0.00075	0.0069	0.00142	1e-05	1e-05	0.01101	2e-05	0	0	0	0	0.0066	0.00016	0.00349	0.0008	0.00785	0.00076	0.00122	0.00122	0.00097	0.00035	0.00906	0.00067	0.00139	0.00141	0.00072	0.00753	
0.00057	0.00035	0.00026	0.00023	0.00085	0.0002	0.00017	0.00019	0.0002	9e-05	0.00099	0.00013	0	0	0.00141	0	0	0	0	0	0.00088	3e-05	0.00043	7e-05	0.00097	0.00013	0.00013	0.00018	0.00014	2e-05	0.00113	0.00012	0.00018	0.00027	0.00011	0.00085	
0.3586	0.2694	0.19162	0.16509	0.50609	0.15729	0.15956	0.16177	0.15432	0.07557	0.62909	0.12573	0.0033	0.00181	0.97702	0.00258	0	0	0	0	0.58123	0.01752	0.33489	0.05107	0.73002	0.06591	0.09964	0.08914	0.07997	0.02609	0.81902	0.05963	0.12786	0.12155	0.06692	0.66838	
0.21566	0.16089	0.11437	0.09953	0.30337	0.09503	0.09415	0.0979	0.09104	0.04405	0.38036	0.075	0.00179	0.00115	0.58612	0.00139	0.00174	0.0066	0.00088	0.58123	0	0	0	0	0.43785	0.03919	0.05994	0.05347	0.04911	0.0159	0.48871	0.03673	0.08719	0.08286	0.04585	0.37455	
0.00624	0.00495	0.0037	0.00288	0.00917	0.00268	0.00288	0.00304	0.00291	0.00152	0.01097	0.00237	1e-05	4e-05	0.01764	8e-05	6e-05	0.00016	3e-05	0.01752	0	0	0	0	0.01326	0.00104	0.00187	0.0016	0.0016	0.00038	0.01463	0.00116	0.00183	0.00158	0.00102	0.01334	
0.12339	0.09369	0.0663	0.05638	0.17438	0.05375	0.05645	0.05518	0.05469	0.02683	0.21457	0.04367	0.0013	0.00056	0.3369	0.001	0.00095	0.00349	0.00043	0.33489	0	0	0	0	0.25125	0.02349	0.03421	0.03081	0.02648	0.00895	0.28452	0.01981	0.03563	0.03407	0.01818	0.25188	
0.01912	0.01404	0.01014	0.00872	0.02699	0.00834	0.00841	0.00828	0.00832	0.0042	0.03285	0.00665	0.00021	7e-05	0.0516	0.00014	8e-05	0.0008	7e-05	0.05107	0	0	0	0	0.03863	0.00333	0.00515	0.00491	0.00405	0.00133	0.04365	0.00299	0.00529	0.00506	0.0029	0.03877	
0.26923	0.20324	0.14438	0.12414	0.38108	0.11919	0.11986	0.12086	0.11657	0.05638	0.47322	0.09482	0.00248	0.00141	0.73511	0.00199	0.00215	0.00785	0.00097	0.73002	0.43785	0.01326	0.25125	0.03863	0	0	0	0	0.05999	0.01988	0.61636	0.04476	0.095	0.09134	0.05061	0.50404	
0.02414	0.01847	0.01334	0.0111	0.03454	0.01041	0.01091	0.01119	0.01044	0.00516	0.04303	0.00842	0.00025	8e-05	0.06662	0.0001	0.00025	0.00076	0.00013	0.06591	0.03919	0.00104	0.02349	0.00333	0	0	0	0	0.00532	0.00171	0.05557	0.00445	0.00918	0.00829	0.00468	0.0449	
0.03729	0.02744	0.0196	0.01684	0.0517	0.01589	0.01657	0.01701	0.0157	0.00795	0.06382	0.0137	0.00034	0.00019	0.10035	0.00029	0.00018	0.00122	0.00013	0.09964	0.05994	0.00187	0.03421	0.00515	0	0	0	0	0.00849	0.00257	0.08405	0.00606	0.01365	0.01235	0.00653	0.06864	
0.03375	0.02442	0.01719	0.01543	0.04659	0.01431	0.01455	0.01534	0.01425	0.00711	0.05868	0.01075	0.00024	0.00014	0.09018	0.00023	0.00025	0.00122	0.00018	0.08914	0.05347	0.0016	0.03081	0.00491	0	0	0	0	0.00744	0.0024	0.07553	0.00542	0.01211	0.01159	0.00613	0.06096	
0.0302	0.02181	0.01544	0.01379	0.04193	0.013	0.01338	0.01293	0.01215	0.00593	0.05333	0.00983	0.00034	0.00022	0.08044	0.00024	0.00016	0.00097	0.00014	0.07997	0.04911	0.0016	0.02648	0.00405	0.05999	0.00532	0.00849	0.00744	0	0	0	0	0.01445	0.01476	0.00751	0.04452	
0.00938	0.00702	0.00564	0.00452	0.01348	0.00439	0.00445	0.00424	0.00399	0.00217	0.01747	0.00293	0.00011	8e-05	0.02628	9e-05	0.0001	0.00035	2e-05	0.02609	0.0159	0.00038	0.00895	0.00133	0.01988	0.00171	0.00257	0.0024	0	0	0	0	0.0053	0.00492	0.00241	0.01393	
0.30265	0.22805	0.16166	0.13915	0.42728	0.13282	0.13439	0.13702	0.13192	0.06418	0.52806	0.10735	0.00266	0.00142	0.82525	0.00218	0.0023	0.00906	0.00113	0.81902	0.48871	0.01463	0.28452	0.04365	0.61636	0.05557	0.08405	0.07553	0	0	0	0	0.09875	0.09315	0.05164	0.58797	
0.02218	0.01669	0.01177	0.01005	0.03122	0.00959	0.00967	0.01021	0.0089	0.00432	0.03989	0.00758	0.0002	0.0001	0.06029	0.0001	0.00027	0.00067	0.00012	0.05963	0.03673	0.00116	0.01981	0.00299	0.04476	0.00445	0.00606	0.00542	0	0	0	0	0.01144	0.01074	0.00639	0.03212	
0.04688	0.03507	0.02533	0.02266	0.06609	0.02149	0.02124	0.02112	0.01525	0.00738	0.09444	0.01287	0.0005	0.00023	0.12882	0.00039	0.00051	0.00139	0.00018	0.12786	0.08719	0.00183	0.03563	0.00529	0.095	0.00918	0.01365	0.01211	0.01445	0.0053	0.09875	0.01144	0	0	0	0	
0.04539	0.03383	0.0241	0.02025	0.06373	0.01927	0.02013	0.02044	0.01599	0.00758	0.08759	0.01241	0.00046	0.00021	0.12259	0.00031	0.00034	0.00141	0.00027	0.12155	0.08286	0.00158	0.03407	0.00506	0.09134	0.00829	0.01235	0.01159	0.01476	0.00492	0.09315	0.01074	0	0	0	0	
0.0246	0.01839	0.01322	0.01174	0.03495	0.0109	0.01103	0.01107	0.00818	0.00393	0.0485	0.00734	0.00024	0.00017	0.06741	0.00013	0.0002	0.00072	0.00011	0.06692	0.04585	0.00102	0.01818	0.0029	0.05061	0.00468	0.00653	0.00613	0.00751	0.00241	0.05164	0.00639	0	0	0	0	
0.24754	0.18628	0.13186	0.11286	0.34914	0.10814	0.10949	0.11177	0.11754	0.05771	0.40822	0.09507	0.00211	0.00121	0.67344	0.00178	0.00178	0.00753	0.00085	0.66838	0.37455	0.01334	0.25188	0.03877	0.50404	0.0449	0.06864	0.06096	0.04452	0.01393	0.58797	0.03212	0	0	0	0	
