0	0	0	0	0.2053	0.05062	0.05357	0.05301	0.05684	0.02659	0.23367	0.0454	0.00118	0.00061	0.35994	0.00077	0.00098	0.00393	0.0005	0.35709	0.21644	0.0055	0.12203	0.01853	0.26715	0.02532	0.03655	0.03348	0.0304	0.01039	0.29863	0.02308	0.04719	0.04491	0.02602	0.24438	
0	0	0	0	0.15512	0.03841	0.03974	0.03981	0.04263	0.02067	0.17537	0.03441	0.00073	0.00049	0.27104	0.00082	0.00074	0.00317	0.00047	0.2687	0.16331	0.00456	0.09163	0.01358	0.20216	0.01861	0.02781	0.0245	0.02304	0.00766	0.22483	0.01755	0.03543	0.03286	0.01905	0.18574	
0	0	0	0	0.10863	0.02811	0.02807	0.02849	0.02989	0.01448	0.12402	0.02491	0.00045	0.00038	0.19203	0.00044	0.00049	0.00193	0.00025	0.19063	0.11555	0.00281	0.06491	0.01003	0.14217	0.01303	0.02022	0.01788	0.01554	0.00536	0.16013	0.01227	0.02493	0.02275	0.01396	0.13166	
0	0	0	0	0.04699	0.04201	0.04099	0.04113	0.0265	0.01281	0.10975	0.02206	0.00049	0.00031	0.16988	0.00044	0.00046	0.00204	0.00018	0.16844	0.10272	0.00272	0.05722	0.00846	0.12517	0.01216	0.01772	0.01607	0.01461	0.0045	0.14106	0.01095	0.02152	0.02123	0.01188	0.11649	
0.2053	0.15512	0.10863	0.04699	0	0	0	0	0.07984	0.03752	0.3332	0.06548	0.00143	0.00089	0.51245	0.00127	0.00125	0.00586	0.00072	0.50821	0.30756	0.00794	0.17463	0.02591	0.3814	0.03538	0.05287	0.04639	0.04248	0.01462	0.42616	0.03278	0.06654	0.06337	0.03631	0.34982	
0.05062	0.03841	0.02811	0.04201	0	0	0	0	0.02497	0.01225	0.10164	0.02029	0.00053	0.00032	0.15791	0.00039	0.00037	0.00162	0.00021	0.15695	0.09619	0.00236	0.05274	0.00786	0.11662	0.01103	0.01616	0.01534	0.01317	0.00442	0.13098	0.01058	0.02062	0.01979	0.01135	0.10739	
0.05357	0.03974	0.02807	0.04099	0	0	0	0	0.0252	0.01223	0.1045	0.02044	0.00053	0.00029	0.16111	0.00044	0.00061	0.00175	0.00025	0.15976	0.09727	0.0028	0.05375	0.00855	0.1195	0.01159	0.01638	0.0149	0.01412	0.00424	0.13351	0.0105	0.02118	0.01878	0.01202	0.11039	
0.05301	0.03981	0.02849	0.04113	0	0	0	0	0.02585	0.01255	0.10347	0.02057	0.00036	0.00029	0.16142	0.00037	0.00044	0.00184	0.00022	0.15994	0.097	0.00249	0.05467	0.00828	0.11913	0.01112	0.01689	0.0153	0.01382	0.00463	0.134	0.00999	0.02073	0.01981	0.01123	0.11067	
0.05684	0.04263	0.02989	0.0265	0.07984	0.02497	0.0252	0.02585	0	0	0	0	0.00044	0.00025	0.15476	0.00041	0.00032	0.00155	0.00019	0.1538	0.09089	0.00252	0.05431	0.00814	0.11507	0.01096	0.01601	0.01382	0.01173	0.00371	0.13133	0.00909	0.01376	0.01295	0.0074	0.12175	
0.02659	0.02067	0.01448	0.01281	0.03752	0.01225	0.01223	0.01255	0	0	0	0	0.00023	8e-05	0.07407	0.00017	0.00018	0.0008	0.00011	0.07346	0.04377	0.00119	0.02571	0.00388	0.05436	0.00566	0.00769	0.00684	0.00566	0.00197	0.0627	0.00422	0.00674	0.00601	0.0037	0.0581	
0.23367	0.17537	0.12402	0.10975	0.3332	0.10164	0.1045	0.10347	0	0	0	0	0.00182	0.00126	0.63813	0.0016	0.00181	0.00737	0.00096	0.63267	0.38948	0.00996	0.21131	0.03206	0.474	0.04361	0.06569	0.05951	0.05669	0.0193	0.5232	0.04362	0.0973	0.09259	0.0536	0.39932	
0.0454	0.03441	0.02491	0.02206	0.06548	0.02029	0.02044	0.02057	0	0	0	0	0.00036	0.0002	0.12593	0.00029	0.00036	0.00135	0.00014	0.12493	0.07388	0.00192	0.04446	0.00652	0.09322	0.00889	0.01291	0.01176	0.00951	0.00293	0.10742	0.00692	0.01127	0.0102	0.00621	0.0991	
0.00118	0.00073	0.00045	0.00049	0.00143	0.00053	0.00053	0.00036	0.00044	0.00023	0.00182	0.00036	0	0	0	0	1e-05	0	0	0.00284	0.00169	0.0001	0.00093	0.00013	0.00219	0.00021	0.00021	0.00024	0.00033	8e-05	0.00221	0.00023	0.00025	0.00033	0.00024	0.00203	
0.00061	0.00049	0.00038	0.00031	0.00089	0.00032	0.00029	0.00029	0.00025	8e-05	0.00126	0.0002	0	0	0	0	0	2e-05	0	0.00177	0.001	1e-05	0.0007	8e-05	0.00125	0.00017	0.00017	0.0002	0.00012	6e-05	0.00154	7e-05	0.00018	0.00029	0.00012	0.0012	
0.35994	0.27104	0.19203	0.16988	0.51245	0.15791	0.16111	0.16142	0.15476	0.07407	0.63813	0.12593	0	0	0	0	0.00266	0.01103	0.0014	0.9778	0.59387	0.01547	0.33332	0.05023	0.73141	0.06863	0.10161	0.09124	0.08288	0.02769	0.8189	0.06342	0.12831	0.12087	0.07034	0.67337	
0.00077	0.00082	0.00044	0.00044	0.00127	0.00039	0.00044	0.00037	0.00041	0.00017	0.0016	0.00029	0	0	0	0	0	2e-05	0	0.00245	0.00146	1e-05	0.00084	0.00016	0.0018	0.00011	0.00031	0.00025	0.00026	8e-05	0.002	0.00013	0.00033	0.00026	0.00021	0.00167	
0.00098	0.00074	0.00049	0.00046	0.00125	0.00037	0.00061	0.00044	0.00032	0.00018	0.00181	0.00036	1e-05	0	0.00266	0	0	0	0	0	0.00153	1e-05	0.00101	0.00012	0.0021	0.00011	0.00023	0.00023	0.00016	7e-05	0.0022	0.00024	0.00037	0.00039	0.0002	0.00171	
0.00393	0.00317	0.00193	0.00204	0.00586	0.00162	0.00175	0.00184	0.00155	0.0008	0.00737	0.00135	0	2e-05	0.01103	2e-05	0	0	0	0	0.00647	0.00016	0.00375	0.00069	0.00819	0.00064	0.00126	0.00098	0.00101	0.00038	0.00911	0.00057	0.00155	0.00126	0.0008	0.00746	
0.0005	0.00047	0.00025	0.00018	0.00072	0.00021	0.00025	0.00022	0.00019	0.00011	0.00096	0.00014	0	0	0.0014	0	0	0	0	0	0.00086	4e-05	0.00043	7e-05	0.00105	8e-05	0.00017	0.0001	0.00015	0.0001	0.00105	0.0001	0.0002	0.00022	0.00014	0.00084	
0.35709	0.2687	0.19063	0.16844	0.50821	0.15695	0.15976	0.15994	0.1538	0.07346	0.63267	0.12493	0.00284	0.00177	0.9778	0.00245	0	0	0	0	0.58916	0.01538	0.3306	0.04972	0.72531	0.06829	0.10064	0.09062	0.08227	0.02736	0.81229	0.06294	0.12695	0.11988	0.06977	0.66826	
0.21644	0.16331	0.11555	0.10272	0.30756	0.09619	0.09727	0.097	0.09089	0.04377	0.38948	0.07388	0.00169	0.001	0.59387	0.00146	0.00153	0.00647	0.00086	0.58916	0	0	0	0	0.43935	0.04146	0.06122	0.05599	0.05334	0.01751	0.48635	0.04082	0.0923	0.08664	0.05056	0.36852	
0.0055	0.00456	0.00281	0.00272	0.00794	0.00236	0.0028	0.00249	0.00252	0.00119	0.00996	0.00192	0.0001	1e-05	0.01547	1e-05	1e-05	0.00016	4e-05	0.01538	0	0	0	0	0.01121	0.00107	0.00168	0.00163	0.00103	0.00027	0.01352	0.00077	0.00135	0.00148	0.00077	0.01199	
0.12203	0.09163	0.06491	0.05722	0.17463	0.05274	0.05375	0.05467	0.05431	0.02571	0.21131	0.04446	0.00093	0.0007	0.33332	0.00084	0.00101	0.00375	0.00043	0.3306	0	0	0	0	0.24835	0.02318	0.03437	0.02989	0.02564	0.0089	0.2818	0.01945	0.0311	0.02942	0.01711	0.25816	
0.01853	0.01358	0.01003	0.00846	0.02591	0.00786	0.00855	0.00828	0.00814	0.00388	0.03206	0.00652	0.00013	8e-05	0.05023	0.00016	0.00012	0.00069	7e-05	0.04972	0	0	0	0	0.03774	0.00341	0.00503	0.00442	0.00358	0.00123	0.04298	0.00281	0.00432	0.00421	0.00247	0.0396	
0.26715	0.20216	0.14217	0.12517	0.3814	0.11662	0.1195	0.11913	0.11507	0.05436	0.474	0.09322	0.00219	0.00125	0.73141	0.0018	0.0021	0.00819	0.00105	0.72531	0.43935	0.01121	0.24835	0.03774	0	0	0	0	0.06174	0.02095	0.60735	0.04661	0.09524	0.08983	0.0518	0.49978	
0.02532	0.01861	0.01303	0.01216	0.03538	0.01103	0.01159	0.01112	0.01096	0.00566	0.04361	0.00889	0.00021	0.00017	0.06863	0.00011	0.00011	0.00064	8e-05	0.06829	0.04146	0.00107	0.02318	0.00341	0	0	0	0	0.00554	0.00177	0.05734	0.00447	0.00842	0.00861	0.0053	0.04679	
0.03655	0.02781	0.02022	0.01772	0.05287	0.01616	0.01638	0.01689	0.01601	0.00769	0.06569	0.01291	0.00021	0.00017	0.10161	0.00031	0.00023	0.00126	0.00017	0.10064	0.06122	0.00168	0.03437	0.00503	0	0	0	0	0.00832	0.00283	0.08446	0.00669	0.01369	0.01242	0.0071	0.06909	
0.03348	0.0245	0.01788	0.01607	0.04639	0.01534	0.0149	0.0153	0.01382	0.00684	0.05951	0.01176	0.00024	0.0002	0.09124	0.00025	0.00023	0.00098	0.0001	0.09062	0.05599	0.00163	0.02989	0.00442	0	0	0	0	0.00799	0.00236	0.0755	0.00608	0.01172	0.01089	0.00671	0.06261	
0.0304	0.02304	0.01554	0.01461	0.04248	0.01317	0.01412	0.01382	0.01173	0.00566	0.05669	0.00951	0.00033	0.00012	0.08288	0.00026	0.00016	0.00101	0.00015	0.08227	0.05334	0.00103	0.02564	0.00358	0.06174	0.00554	0.00832	0.00799	0	0	0	0	0.0188	0.0175	0.01052	0.03677	
0.01039	0.00766	0.00536	0.0045	0.01462	0.00442	0.00424	0.00463	0.00371	0.00197	0.0193	0.00293	8e-05	6e-05	0.02769	8e-05	7e-05	0.00038	0.0001	0.02736	0.01751	0.00027	0.0089	0.00123	0.02095	0.00177	0.00283	0.00236	0	0	0	0	0.00629	0.00629	0.00334	0.01199	
0.29863	0.22483	0.16013	0.14106	0.42616	0.13098	0.13351	0.134	0.13133	0.0627	0.5232	0.10742	0.00221	0.00154	0.8189	0.002	0.0022	0.00911	0.00105	0.81229	0.48635	0.01352	0.2818	0.04298	0.60735	0.05734	0.08446	0.0755	0	0	0	0	0.08972	0.0842	0.04925	0.60148	
0.02308	0.01755	0.01227	0.01095	0.03278	0.01058	0.0105	0.00999	0.00909	0.00422	0.04362	0.00692	0.00023	7e-05	0.06342	0.00013	0.00024	0.00057	0.0001	0.06294	0.04082	0.00077	0.01945	0.00281	0.04661	0.00447	0.00669	0.00608	0	0	0	0	0.01426	0.01376	0.0078	0.02803	
0.04719	0.03543	0.02493	0.02152	0.06654	0.02062	0.02118	0.02073	0.01376	0.00674	0.0973	0.01127	0.00025	0.00018	0.12831	0.00033	0.00037	0.00155	0.0002	0.12695	0.0923	0.00135	0.0311	0.00432	0.09524	0.00842	0.01369	0.01172	0.0188	0.00629	0.08972	0.01426	0	0	0	0	
0.04491	0.03286	0.02275	0.02123	0.06337	0.01979	0.01878	0.01981	0.01295	0.00601	0.09259	0.0102	0.00033	0.00029	0.12087	0.00026	0.00039	0.00126	0.00022	0.11988	0.08664	0.00148	0.02942	0.00421	0.08983	0.00861	0.01242	0.01089	0.0175	0.00629	0.0842	0.01376	0	0	0	0	
0.02602	0.01905	0.01396	0.01188	0.03631	0.01135	0.01202	0.01123	0.0074	0.0037	0.0536	0.00621	0.00024	0.00012	0.07034	0.00021	0.0002	0.0008	0.00014	0.06977	0.05056	0.00077	0.01711	0.00247	0.0518	0.0053	0.0071	0.00671	0.01052	0.00334	0.04925	0.0078	0	0	0	0	
0.24438	0.18574	0.13166	0.11649	0.34982	0.10739	0.11039	0.11067	0.12175	0.0581	0.39932	0.0991	0.00203	0.0012	0.67337	0.00167	0.00171	0.00746	0.00084	0.66826	0.36852	0.01199	0.25816	0.0396	0.49978	0.04679	0.06909	0.06261	0.03677	0.01199	0.60148	0.02803	0	0	0	0	
