0	0	0	0	0.2079	0.05165	0.05244	0.05342	0.05801	0.02699	0.23516	0.04525	0.00105	0.00058	0.36282	0.00096	0.00092	0.00419	0.00054	0.35976	0.21632	0.00545	0.12505	0.01859	0.27044	0.02449	0.03731	0.03317	0.03054	0.01019	0.30127	0.02341	0.04786	0.04336	0.02475	0.24944	
0	0	0	0	0.15386	0.03962	0.0387	0.03948	0.04148	0.02034	0.17541	0.03443	0.00091	0.00043	0.26969	0.00063	0.0009	0.00309	0.00038	0.26729	0.1615	0.00457	0.09173	0.01386	0.20083	0.01825	0.02806	0.02452	0.02279	0.00744	0.22348	0.01795	0.03586	0.0322	0.01819	0.18541	
0	0	0	0	0.111	0.02703	0.02775	0.02763	0.03084	0.01452	0.12401	0.02404	0.00061	0.00033	0.19195	0.00052	0.00053	0.00223	0.00023	0.19042	0.11514	0.003	0.06511	0.01016	0.14306	0.01264	0.02011	0.0176	0.01602	0.0058	0.15895	0.01264	0.02437	0.02401	0.01282	0.13221	
0	0	0	0	0.04596	0.04071	0.04134	0.04151	0.02678	0.01249	0.10944	0.02081	0.00047	0.00036	0.16832	0.00037	0.00038	0.00188	0.00022	0.16704	0.10013	0.00271	0.05768	0.009	0.12559	0.0116	0.01724	0.01509	0.0142	0.00481	0.14004	0.01047	0.02201	0.02031	0.01167	0.11553	
0.2079	0.15386	0.111	0.04596	0	0	0	0	0.08166	0.03869	0.33352	0.06485	0.0015	0.00082	0.51506	0.00134	0.00129	0.006	0.00067	0.51076	0.30737	0.00818	0.17647	0.0267	0.38342	0.0347	0.05377	0.04683	0.04252	0.01474	0.42797	0.03349	0.0672	0.06228	0.0342	0.35504	
0.05165	0.03962	0.02703	0.04071	0	0	0	0	0.02458	0.01213	0.10253	0.01977	0.00052	0.00027	0.15791	0.00031	0.0005	0.00188	0.00022	0.15641	0.09454	0.00247	0.05354	0.00846	0.11767	0.01077	0.01608	0.01449	0.014	0.0045	0.13028	0.01023	0.02115	0.01909	0.01077	0.108	
0.05244	0.0387	0.02775	0.04134	0	0	0	0	0.02539	0.0115	0.10391	0.01943	0.0005	0.00035	0.15894	0.00044	0.00048	0.00156	0.00022	0.15797	0.09517	0.00254	0.0543	0.00822	0.11867	0.01046	0.01646	0.01464	0.0135	0.00456	0.13216	0.01001	0.02094	0.01897	0.01126	0.10906	
0.05342	0.03948	0.02763	0.04151	0	0	0	0	0.02548	0.01202	0.10406	0.02048	0.00052	0.00026	0.16087	0.00039	0.00046	0.00195	0.00026	0.15937	0.09601	0.00254	0.05526	0.00823	0.12016	0.01105	0.01641	0.01442	0.01353	0.00444	0.13333	0.01074	0.02081	0.01954	0.0112	0.11049	
0.05801	0.04148	0.03084	0.02678	0.08166	0.02458	0.02539	0.02548	0	0	0	0	0.00046	0.00031	0.15594	0.0004	0.00051	0.00174	0.00029	0.15457	0.09082	0.00247	0.05535	0.00847	0.1168	0.01005	0.01602	0.01424	0.01161	0.00406	0.13241	0.00903	0.01385	0.0126	0.00724	0.12342	
0.02699	0.02034	0.01452	0.01249	0.03869	0.01213	0.0115	0.01202	0	0	0	0	0.00021	8e-05	0.07378	0.00027	0.00028	0.00082	9e-05	0.07315	0.04225	0.00138	0.02665	0.00406	0.055	0.00502	0.00769	0.00663	0.00553	0.00193	0.063	0.00388	0.00696	0.00556	0.00298	0.05884	
0.23516	0.17541	0.12401	0.10944	0.33352	0.10253	0.10391	0.10406	0	0	0	0	0.002	0.00114	0.63936	0.00152	0.00162	0.00748	0.00085	0.63407	0.38863	0.00999	0.21347	0.03193	0.47617	0.04322	0.06655	0.05808	0.05754	0.01904	0.52274	0.0447	0.09836	0.09199	0.05153	0.40214	
0.04525	0.03443	0.02404	0.02081	0.06485	0.01977	0.01943	0.02048	0	0	0	0	0.00037	0.00017	0.1237	0.00029	0.00032	0.00135	0.00014	0.12272	0.07139	0.00189	0.0441	0.00715	0.09195	0.00869	0.01246	0.01143	0.00887	0.00321	0.10559	0.00686	0.01093	0.00973	0.00568	0.09819	
0.00105	0.00091	0.00061	0.00047	0.0015	0.00052	0.0005	0.00052	0.00046	0.00021	0.002	0.00037	0	0	0	0	0	5e-05	0	0.00299	0.0018	5e-05	0.00101	0.00018	0.00235	0.0002	0.00028	0.00021	0.00017	9e-05	0.00257	0.00021	0.00039	0.0004	0.00021	0.00204	
0.00058	0.00043	0.00033	0.00036	0.00082	0.00027	0.00035	0.00026	0.00031	8e-05	0.00114	0.00017	0	0	0	0	1e-05	1e-05	0	0.00168	0.0009	4e-05	0.0007	6e-05	0.00117	0.00014	0.00026	0.00013	0.00011	3e-05	0.00147	9e-05	0.00021	0.00025	0.00013	0.00111	
0.36282	0.26969	0.19195	0.16832	0.51506	0.15791	0.15894	0.16087	0.15594	0.07378	0.63936	0.1237	0	0	0	0	0.00272	0.01133	0.00137	0.97736	0.58901	0.0156	0.33695	0.05122	0.73453	0.06648	0.10193	0.08984	0.08311	0.02806	0.81761	0.064	0.12924	0.11893	0.06689	0.67772	
0.00096	0.00063	0.00052	0.00037	0.00134	0.00031	0.00044	0.00039	0.0004	0.00027	0.00152	0.00029	0	0	0	0	0	0	0	0.00248	0.00138	4e-05	0.00091	0.00015	0.00187	0.00016	0.00025	0.0002	0.00016	6e-05	0.00209	0.00017	0.00026	0.0003	0.0002	0.00172	
0.00092	0.0009	0.00053	0.00038	0.00129	0.0005	0.00048	0.00046	0.00051	0.00028	0.00162	0.00032	0	1e-05	0.00272	0	0	0	0	0	0.0017	4e-05	0.00089	0.0001	0.00204	0.00026	0.0002	0.00023	0.0002	9e-05	0.00231	0.00013	0.00042	0.00034	0.00013	0.00184	
0.00419	0.00309	0.00223	0.00188	0.006	0.00188	0.00156	0.00195	0.00174	0.00082	0.00748	0.00135	5e-05	1e-05	0.01133	0	0	0	0	0	0.00663	0.00017	0.00407	0.00052	0.00845	0.00074	0.00123	0.00097	0.00083	0.00026	0.00953	0.00077	0.00149	0.00159	0.00076	0.00755	
0.00054	0.00038	0.00023	0.00022	0.00067	0.00022	0.00022	0.00026	0.00029	9e-05	0.00085	0.00014	0	0	0.00137	0	0	0	0	0	0.00085	1e-05	0.00045	6e-05	0.00104	0.0001	0.00013	0.0001	0.00011	2e-05	0.00113	0.00011	0.00019	0.00018	0.00011	0.00089	
0.35976	0.26729	0.19042	0.16704	0.51076	0.15641	0.15797	0.15937	0.15457	0.07315	0.63407	0.12272	0.00299	0.00168	0.97736	0.00248	0	0	0	0	0.58391	0.01551	0.33416	0.05093	0.72839	0.06588	0.10116	0.08908	0.08241	0.02787	0.81077	0.06346	0.128	0.11777	0.06643	0.67231	
0.21632	0.1615	0.11514	0.10013	0.30737	0.09454	0.09517	0.09601	0.09082	0.04225	0.38863	0.07139	0.0018	0.0009	0.58901	0.00138	0.0017	0.00663	0.00085	0.58391	0	0	0	0	0.43862	0.04029	0.06073	0.05345	0.05332	0.01801	0.48043	0.04133	0.09315	0.08536	0.04776	0.36682	
0.00545	0.00457	0.003	0.00271	0.00818	0.00247	0.00254	0.00254	0.00247	0.00138	0.00999	0.00189	5e-05	4e-05	0.0156	4e-05	4e-05	0.00017	1e-05	0.01551	0	0	0	0	0.01202	0.00103	0.00134	0.00134	0.00116	0.0005	0.01321	0.00086	0.00152	0.00132	0.00068	0.01221	
0.12505	0.09173	0.06511	0.05768	0.17647	0.05354	0.0543	0.05526	0.05535	0.02665	0.21347	0.0441	0.00101	0.0007	0.33695	0.00091	0.00089	0.00407	0.00045	0.33416	0	0	0	0	0.25097	0.02223	0.03518	0.03119	0.02538	0.00861	0.2864	0.01918	0.03073	0.02871	0.0165	0.26363	
0.01859	0.01386	0.01016	0.009	0.0267	0.00846	0.00822	0.00823	0.00847	0.00406	0.03193	0.00715	0.00018	6e-05	0.05122	0.00015	0.0001	0.00052	6e-05	0.05093	0	0	0	0	0.03831	0.00343	0.00547	0.0044	0.00369	0.00112	0.0437	0.0031	0.0047	0.00449	0.00249	0.03993	
0.27044	0.20083	0.14306	0.12559	0.38342	0.11767	0.11867	0.12016	0.1168	0.055	0.47617	0.09195	0.00235	0.00117	0.73453	0.00187	0.00204	0.00845	0.00104	0.72839	0.43862	0.01202	0.25097	0.03831	0	0	0	0	0.06174	0.02097	0.60925	0.04796	0.09593	0.08874	0.04931	0.50594	
0.02449	0.01825	0.01264	0.0116	0.0347	0.01077	0.01046	0.01105	0.01005	0.00502	0.04322	0.00869	0.0002	0.00014	0.06648	0.00016	0.00026	0.00074	0.0001	0.06588	0.04029	0.00103	0.02223	0.00343	0	0	0	0	0.00578	0.00186	0.05473	0.00461	0.00897	0.00811	0.00472	0.04518	
0.03731	0.02806	0.02011	0.01724	0.05377	0.01608	0.01646	0.01641	0.01602	0.00769	0.06655	0.01246	0.00028	0.00026	0.10193	0.00025	0.0002	0.00123	0.00013	0.10116	0.06073	0.00134	0.03518	0.00547	0	0	0	0	0.00812	0.00301	0.08532	0.00627	0.0132	0.01233	0.00748	0.06971	
0.03317	0.02452	0.0176	0.01509	0.04683	0.01449	0.01464	0.01442	0.01424	0.00663	0.05808	0.01143	0.00021	0.00013	0.08984	0.0002	0.00023	0.00097	0.0001	0.08908	0.05345	0.00134	0.03119	0.0044	0	0	0	0	0.00791	0.0024	0.07444	0.00563	0.012	0.0107	0.00592	0.06176	
0.03054	0.02279	0.01602	0.0142	0.04252	0.014	0.0135	0.01353	0.01161	0.00553	0.05754	0.00887	0.00017	0.00011	0.08311	0.00016	0.0002	0.00083	0.00011	0.08241	0.05332	0.00116	0.02538	0.00369	0.06174	0.00578	0.00812	0.00791	0	0	0	0	0.01903	0.01673	0.00974	0.03805	
0.01019	0.00744	0.0058	0.00481	0.01474	0.0045	0.00456	0.00444	0.00406	0.00193	0.01904	0.00321	9e-05	3e-05	0.02806	6e-05	9e-05	0.00026	2e-05	0.02787	0.01801	0.0005	0.00861	0.00112	0.02097	0.00186	0.00301	0.0024	0	0	0	0	0.00601	0.00583	0.00323	0.01317	
0.30127	0.22348	0.15895	0.14004	0.42797	0.13028	0.13216	0.13333	0.13241	0.063	0.52274	0.10559	0.00257	0.00147	0.81761	0.00209	0.00231	0.00953	0.00113	0.81077	0.48043	0.01321	0.2864	0.0437	0.60925	0.05473	0.08532	0.07444	0	0	0	0	0.09025	0.08342	0.04716	0.60291	
0.02341	0.01795	0.01264	0.01047	0.03349	0.01023	0.01001	0.01074	0.00903	0.00388	0.0447	0.00686	0.00021	9e-05	0.064	0.00017	0.00013	0.00077	0.00011	0.06346	0.04133	0.00086	0.01918	0.0031	0.04796	0.00461	0.00627	0.00563	0	0	0	0	0.01481	0.0139	0.0073	0.02846	
0.04786	0.03586	0.02437	0.02201	0.0672	0.02115	0.02094	0.02081	0.01385	0.00696	0.09836	0.01093	0.00039	0.00021	0.12924	0.00026	0.00042	0.00149	0.00019	0.128	0.09315	0.00152	0.03073	0.0047	0.09593	0.00897	0.0132	0.012	0.01903	0.00601	0.09025	0.01481	0	0	0	0	
0.04336	0.0322	0.02401	0.02031	0.06228	0.01909	0.01897	0.01954	0.0126	0.00556	0.09199	0.00973	0.0004	0.00025	0.11893	0.0003	0.00034	0.00159	0.00018	0.11777	0.08536	0.00132	0.02871	0.00449	0.08874	0.00811	0.01233	0.0107	0.01673	0.00583	0.08342	0.0139	0	0	0	0	
0.02475	0.01819	0.01282	0.01167	0.0342	0.01077	0.01126	0.0112	0.00724	0.00298	0.05153	0.00568	0.00021	0.00013	0.06689	0.0002	0.00013	0.00076	0.00011	0.06643	0.04776	0.00068	0.0165	0.00249	0.04931	0.00472	0.00748	0.00592	0.00974	0.00323	0.04716	0.0073	0	0	0	0	
0.24944	0.18541	0.13221	0.11553	0.35504	0.108	0.10906	0.11049	0.12342	0.05884	0.40214	0.09819	0.00204	0.00111	0.67772	0.00172	0.00184	0.00755	0.00089	0.67231	0.36682	0.01221	0.26363	0.03993	0.50594	0.04518	0.06971	0.06176	0.03805	0.01317	0.60291	0.02846	0	0	0	0	
