0	0	0	0	0.20436	0.05277	0.05271	0.05316	0.05628	0.02747	0.23254	0.04671	0.00109	0.00076	0.36015	0.001	0.00086	0.00412	0.00054	0.35748	0.21438	0.0061	0.12303	0.01949	0.26883	0.02477	0.03671	0.03269	0.03054	0.00975	0.30073	0.02198	0.04691	0.04362	0.02515	0.24732	
0	0	0	0	0.1525	0.03982	0.04068	0.04207	0.04267	0.02106	0.1753	0.03604	0.00088	0.00055	0.27291	0.00073	0.00076	0.00328	0.00044	0.27059	0.16341	0.00423	0.09276	0.01467	0.20289	0.01906	0.02802	0.0251	0.02263	0.0073	0.22811	0.01703	0.03539	0.03252	0.01922	0.18794	
0	0	0	0	0.10759	0.02895	0.02911	0.0294	0.03015	0.01445	0.12526	0.02519	0.0006	0.00041	0.19361	0.00043	0.00046	0.00234	0.00026	0.19199	0.11557	0.0033	0.06565	0.01053	0.14387	0.01364	0.01976	0.01778	0.01568	0.00519	0.16175	0.01243	0.02491	0.02429	0.01311	0.13274	
0	0	0	0	0.05547	0.03671	0.03661	0.03809	0.02681	0.01269	0.10607	0.02131	0.00049	0.00037	0.16557	0.00045	0.0005	0.00184	0.00034	0.1642	0.09944	0.00283	0.05585	0.00876	0.12404	0.01125	0.01718	0.01441	0.01355	0.00462	0.1379	0.01081	0.02181	0.02038	0.01171	0.11298	
0.20436	0.1525	0.10759	0.05547	0	0	0	0	0.08133	0.03989	0.33242	0.06628	0.0015	0.00096	0.51603	0.00143	0.00132	0.00589	0.00083	0.51188	0.30839	0.00867	0.17514	0.02772	0.38479	0.03526	0.05238	0.04749	0.04355	0.01404	0.43006	0.03227	0.06666	0.06297	0.03569	0.3546	
0.05277	0.03982	0.02895	0.03671	0	0	0	0	0.02478	0.01175	0.10137	0.02035	0.00049	0.00038	0.15701	0.00037	0.0004	0.00183	0.00027	0.15575	0.0939	0.00259	0.05311	0.00865	0.11754	0.01086	0.01582	0.01403	0.01273	0.00417	0.13133	0.01002	0.02092	0.01914	0.0114	0.10679	
0.05271	0.04068	0.02911	0.03661	0	0	0	0	0.02451	0.01205	0.10182	0.02073	0.00048	0.00045	0.15779	0.00039	0.00047	0.00192	0.00027	0.15645	0.0934	0.00271	0.05456	0.00844	0.11716	0.0115	0.01677	0.01368	0.01274	0.00405	0.13191	0.01041	0.02046	0.01924	0.011	0.10841	
0.05316	0.04207	0.0294	0.03809	0	0	0	0	0.02529	0.01198	0.10356	0.02189	0.00059	0.0003	0.16141	0.00042	0.00039	0.00194	0.00021	0.16018	0.09711	0.00249	0.05448	0.00864	0.12014	0.0111	0.0167	0.01478	0.01338	0.0046	0.13519	0.00955	0.02098	0.01946	0.0111	0.11118	
0.05628	0.04267	0.03015	0.02681	0.08133	0.02478	0.02451	0.02529	0	0	0	0	0.00045	0.00036	0.15465	0.00045	0.00037	0.00181	0.00019	0.15354	0.08946	0.00296	0.05475	0.00874	0.11568	0.01037	0.0156	0.01426	0.01196	0.00392	0.13104	0.00899	0.01488	0.01343	0.00781	0.11979	
0.02747	0.02106	0.01445	0.01269	0.03989	0.01175	0.01205	0.01198	0	0	0	0	0.0002	0.00023	0.07501	0.00023	0.00021	0.00095	0.00018	0.07433	0.0447	0.00113	0.02572	0.00412	0.05554	0.00515	0.00769	0.00729	0.00576	0.00197	0.0635	0.00444	0.00738	0.00696	0.00404	0.05729	
0.23254	0.1753	0.12526	0.10607	0.33242	0.10137	0.10182	0.10356	0	0	0	0	0.00206	0.00127	0.63418	0.00166	0.00175	0.00757	0.001	0.62885	0.38378	0.01028	0.21209	0.03302	0.47306	0.04382	0.06524	0.05705	0.05494	0.01777	0.52512	0.04134	0.09487	0.08931	0.05092	0.40407	
0.04671	0.03604	0.02519	0.02131	0.06628	0.02035	0.02073	0.02189	0	0	0	0	0.00035	0.00023	0.1284	0.00027	0.00025	0.00125	0.00021	0.12754	0.07486	0.00209	0.04473	0.00757	0.09535	0.00938	0.01314	0.01138	0.00974	0.0032	0.10883	0.00748	0.01189	0.01111	0.00642	0.09983	
0.00109	0.00088	0.0006	0.00049	0.0015	0.00049	0.00048	0.00059	0.00045	0.0002	0.00206	0.00035	0	0	0	0	0	2e-05	1e-05	0.00303	0.00167	2e-05	0.00127	0.0001	0.00231	0.00015	0.00031	0.00029	0.00024	8e-05	0.00255	0.00019	0.00031	0.00035	0.00019	0.00221	
0.00076	0.00055	0.00041	0.00037	0.00096	0.00038	0.00045	0.0003	0.00036	0.00023	0.00127	0.00023	0	0	0	0	0	3e-05	0	0.00206	0.00129	7e-05	0.00063	0.0001	0.00154	0.00014	0.00019	0.00022	0.00021	6e-05	0.00174	8e-05	0.00029	0.00021	0.00015	0.00144	
0.36015	0.27291	0.19361	0.16557	0.51603	0.15701	0.15779	0.16141	0.15465	0.07501	0.63418	0.1284	0	0	0	0	0.00257	0.0115	0.00157	0.9766	0.58827	0.01634	0.33457	0.05306	0.73374	0.06827	0.10097	0.08926	0.08168	0.02663	0.82207	0.06186	0.12802	0.11997	0.0687	0.67555	
0.001	0.00073	0.00043	0.00045	0.00143	0.00037	0.00039	0.00042	0.00045	0.00023	0.00166	0.00027	0	0	0	0	1e-05	3e-05	0	0.00257	0.00157	3e-05	0.00082	0.00019	0.00204	0.00016	0.0002	0.00021	0.00027	9e-05	0.00213	0.00012	0.0004	0.00028	0.00015	0.00178	
0.00086	0.00076	0.00046	0.0005	0.00132	0.0004	0.00047	0.00039	0.00037	0.00021	0.00175	0.00025	0	0	0.00257	1e-05	0	0	0	0	0.00159	5e-05	0.00075	0.00019	0.00184	0.00019	0.00027	0.00028	0.00016	5e-05	0.00215	0.00022	0.00037	0.00032	0.00018	0.00171	
0.00412	0.00328	0.00234	0.00184	0.00589	0.00183	0.00192	0.00194	0.00181	0.00095	0.00757	0.00125	2e-05	3e-05	0.0115	3e-05	0	0	0	0	0.00677	0.00022	0.004	0.00059	0.00833	0.0009	0.00126	0.00109	0.00089	0.00035	0.0096	0.00074	0.00156	0.00149	0.00075	0.00778	
0.00054	0.00044	0.00026	0.00034	0.00083	0.00027	0.00027	0.00021	0.00019	0.00018	0.001	0.00021	1e-05	0	0.00157	0	0	0	0	0	0.00091	4e-05	0.00056	7e-05	0.00112	0.00012	0.00021	0.00013	0.00015	0	0.00131	0.00012	0.00023	0.00015	0.00011	0.00109	
0.35748	0.27059	0.19199	0.1642	0.51188	0.15575	0.15645	0.16018	0.15354	0.07433	0.62885	0.12754	0.00303	0.00206	0.9766	0.00257	0	0	0	0	0.58353	0.01615	0.33198	0.0526	0.72834	0.06751	0.09993	0.08848	0.0812	0.02646	0.81543	0.06117	0.12686	0.11885	0.06815	0.6704	
0.21438	0.16341	0.11557	0.09944	0.30839	0.0939	0.0934	0.09711	0.08946	0.0447	0.38378	0.07486	0.00167	0.00129	0.58827	0.00157	0.00159	0.00677	0.00091	0.58353	0	0	0	0	0.438	0.04163	0.06027	0.0529	0.0517	0.01694	0.48605	0.03811	0.089	0.08303	0.04779	0.37298	
0.0061	0.00423	0.0033	0.00283	0.00867	0.00259	0.00271	0.00249	0.00296	0.00113	0.01028	0.00209	2e-05	7e-05	0.01634	3e-05	5e-05	0.00022	4e-05	0.01615	0	0	0	0	0.01208	0.00115	0.00178	0.00145	0.00125	0.00041	0.01385	0.00095	0.00165	0.00149	0.00086	0.01246	
0.12303	0.09276	0.06565	0.05585	0.17514	0.05311	0.05456	0.05448	0.05475	0.02572	0.21209	0.04473	0.00127	0.00063	0.33457	0.00082	0.00075	0.004	0.00056	0.33198	0	0	0	0	0.2499	0.02246	0.03399	0.03094	0.02562	0.00836	0.28326	0.02005	0.03302	0.03154	0.01793	0.2548	
0.01949	0.01467	0.01053	0.00876	0.02772	0.00865	0.00844	0.00864	0.00874	0.00412	0.03302	0.00757	0.0001	0.0001	0.05306	0.00019	0.00019	0.00059	7e-05	0.0526	0	0	0	0	0.03965	0.00348	0.00563	0.00469	0.00383	0.00115	0.04533	0.00314	0.00535	0.00475	0.00261	0.04074	
0.26883	0.20289	0.14387	0.12404	0.38479	0.11754	0.11716	0.12014	0.11568	0.05554	0.47306	0.09535	0.00231	0.00154	0.73374	0.00204	0.00184	0.00833	0.00112	0.72834	0.438	0.01208	0.2499	0.03965	0	0	0	0	0.06149	0.01986	0.61164	0.04664	0.09543	0.08956	0.05134	0.5033	
0.02477	0.01906	0.01364	0.01125	0.03526	0.01086	0.0115	0.0111	0.01037	0.00515	0.04382	0.00938	0.00015	0.00014	0.06827	0.00016	0.00019	0.0009	0.00012	0.06751	0.04163	0.00115	0.02246	0.00348	0	0	0	0	0.00557	0.00192	0.05697	0.00426	0.00914	0.00847	0.00483	0.04628	
0.03671	0.02802	0.01976	0.01718	0.05238	0.01582	0.01677	0.0167	0.0156	0.00769	0.06524	0.01314	0.00031	0.00019	0.10097	0.0002	0.00027	0.00126	0.00021	0.09993	0.06027	0.00178	0.03399	0.00563	0	0	0	0	0.00834	0.00275	0.08471	0.00587	0.0133	0.01218	0.00665	0.06954	
0.03269	0.0251	0.01778	0.01441	0.04749	0.01403	0.01368	0.01478	0.01426	0.00729	0.05705	0.01138	0.00029	0.00022	0.08926	0.00021	0.00028	0.00109	0.00013	0.08848	0.0529	0.00145	0.03094	0.00469	0	0	0	0	0.007	0.00233	0.07517	0.00548	0.01115	0.0106	0.00637	0.06186	
0.03054	0.02263	0.01568	0.01355	0.04355	0.01273	0.01274	0.01338	0.01196	0.00576	0.05494	0.00974	0.00024	0.00021	0.08168	0.00027	0.00016	0.00089	0.00015	0.0812	0.0517	0.00125	0.02562	0.00383	0.06149	0.00557	0.00834	0.007	0	0	0	0	0.01666	0.01583	0.00884	0.04107	
0.00975	0.0073	0.00519	0.00462	0.01404	0.00417	0.00405	0.0046	0.00392	0.00197	0.01777	0.0032	8e-05	6e-05	0.02663	9e-05	5e-05	0.00035	0	0.02646	0.01694	0.00041	0.00836	0.00115	0.01986	0.00192	0.00275	0.00233	0	0	0	0	0.00551	0.00486	0.00304	0.01345	
0.30073	0.22811	0.16175	0.1379	0.43006	0.13133	0.13191	0.13519	0.13104	0.0635	0.52512	0.10883	0.00255	0.00174	0.82207	0.00213	0.00215	0.0096	0.00131	0.81543	0.48605	0.01385	0.28326	0.04533	0.61164	0.05697	0.08471	0.07517	0	0	0	0	0.09418	0.08929	0.05041	0.59461	
0.02198	0.01703	0.01243	0.01081	0.03227	0.01002	0.01041	0.00955	0.00899	0.00444	0.04134	0.00748	0.00019	8e-05	0.06186	0.00012	0.00022	0.00074	0.00012	0.06117	0.03811	0.00095	0.02005	0.00314	0.04664	0.00426	0.00587	0.00548	0	0	0	0	0.01267	0.01083	0.0069	0.03185	
0.04691	0.03539	0.02491	0.02181	0.06666	0.02092	0.02046	0.02098	0.01488	0.00738	0.09487	0.01189	0.00031	0.00029	0.12802	0.0004	0.00037	0.00156	0.00023	0.12686	0.089	0.00165	0.03302	0.00535	0.09543	0.00914	0.0133	0.01115	0.01666	0.00551	0.09418	0.01267	0	0	0	0	
0.04362	0.03252	0.02429	0.02038	0.06297	0.01914	0.01924	0.01946	0.01343	0.00696	0.08931	0.01111	0.00035	0.00021	0.11997	0.00028	0.00032	0.00149	0.00015	0.11885	0.08303	0.00149	0.03154	0.00475	0.08956	0.00847	0.01218	0.0106	0.01583	0.00486	0.08929	0.01083	0	0	0	0	
0.02515	0.01922	0.01311	0.01171	0.03569	0.0114	0.011	0.0111	0.00781	0.00404	0.05092	0.00642	0.00019	0.00015	0.0687	0.00015	0.00018	0.00075	0.00011	0.06815	0.04779	0.00086	0.01793	0.00261	0.05134	0.00483	0.00665	0.00637	0.00884	0.00304	0.05041	0.0069	0	0	0	0	
0.24732	0.18794	0.13274	0.11298	0.3546	0.10679	0.10841	0.11118	0.11979	0.05729	0.40407	0.09983	0.00221	0.00144	0.67555	0.00178	0.00171	0.00778	0.00109	0.6704	0.37298	0.01246	0.2548	0.04074	0.5033	0.04628	0.06954	0.06186	0.04107	0.01345	0.59461	0.03185	0	0	0	0	
