0	0	0	0	0.20178	0.05163	0.05455	0.05419	0.05698	0.02657	0.23397	0.04463	0.00105	0.00083	0.35964	0.00063	0.00104	0.00418	0.00048	0.35645	0.21536	0.00606	0.12123	0.0195	0.26682	0.02433	0.03737	0.03363	0.02935	0.01022	0.29922	0.02336	0.04734	0.04404	0.02525	0.24552	
0	0	0	0	0.15259	0.0395	0.04022	0.04054	0.04209	0.02085	0.17471	0.0352	0.00083	0.00042	0.27104	0.00056	0.00082	0.003	0.00048	0.26855	0.16199	0.00429	0.09247	0.0141	0.20292	0.01879	0.02748	0.02366	0.02313	0.00745	0.22523	0.01704	0.03598	0.03374	0.01827	0.18486	
0	0	0	0	0.1088	0.02882	0.02797	0.02943	0.0299	0.01509	0.12565	0.02438	0.00056	0.00028	0.19373	0.00045	0.00069	0.00215	0.00024	0.19194	0.1168	0.00317	0.06589	0.00916	0.1445	0.01295	0.01986	0.01771	0.01587	0.00564	0.16073	0.01278	0.0251	0.02367	0.01361	0.13264	
0	0	0	0	0.0548	0.03819	0.03815	0.03884	0.02725	0.01295	0.10843	0.02135	0.00049	0.0003	0.1687	0.00049	0.00036	0.00198	0.00021	0.16743	0.10097	0.00263	0.05732	0.00906	0.12533	0.01132	0.01776	0.01557	0.01387	0.00465	0.1411	0.01036	0.02221	0.02097	0.01164	0.11516	
0.20178	0.15259	0.1088	0.0548	0	0	0	0	0.08061	0.03877	0.33475	0.06384	0.00153	0.00086	0.51454	0.00104	0.00154	0.00578	0.0008	0.50985	0.30736	0.00822	0.17569	0.0267	0.38221	0.03515	0.05345	0.04716	0.04286	0.01487	0.42718	0.03306	0.06769	0.06404	0.03581	0.35043	
0.05163	0.0395	0.02882	0.03819	0	0	0	0	0.02449	0.01235	0.10145	0.01985	0.00046	0.00043	0.15689	0.00036	0.00047	0.00178	0.00017	0.15572	0.0933	0.00282	0.05294	0.00908	0.11735	0.0108	0.01547	0.01452	0.01302	0.00423	0.13087	0.01002	0.02062	0.01928	0.01095	0.10729	
0.05455	0.04022	0.02797	0.03815	0	0	0	0	0.02588	0.01202	0.10168	0.02131	0.00048	0.00027	0.15972	0.00042	0.00047	0.00199	0.00023	0.1582	0.09611	0.00247	0.05386	0.00845	0.11893	0.01065	0.01691	0.0144	0.01295	0.0043	0.13356	0.01008	0.02092	0.01952	0.01091	0.10954	
0.05419	0.04054	0.02943	0.03884	0	0	0	0	0.02524	0.01232	0.10488	0.02056	0.00046	0.00027	0.16196	0.00031	0.00043	0.00176	0.00021	0.1606	0.09835	0.00264	0.05442	0.00759	0.12108	0.01079	0.01664	0.01449	0.01339	0.00456	0.13467	0.01038	0.0214	0.01958	0.0111	0.11092	
0.05698	0.04209	0.0299	0.02725	0.08061	0.02449	0.02588	0.02524	0	0	0	0	0.00045	0.00023	0.15522	0.00032	0.00046	0.0016	0.00015	0.15401	0.09098	0.00255	0.05433	0.00836	0.11586	0.01035	0.01566	0.01435	0.01198	0.00401	0.13105	0.00918	0.01481	0.01402	0.0079	0.11949	
0.02657	0.02085	0.01509	0.01295	0.03877	0.01235	0.01202	0.01232	0	0	0	0	0.00028	0.00011	0.07488	0.00019	0.00021	0.00082	0.0001	0.07433	0.04337	0.00136	0.02658	0.00415	0.05551	0.00518	0.0076	0.00717	0.00596	0.00178	0.06327	0.00445	0.00729	0.00653	0.00357	0.05807	
0.23397	0.17471	0.12565	0.10843	0.33475	0.10145	0.10168	0.10488	0	0	0	0	0.00195	0.00126	0.63823	0.00132	0.00191	0.0075	0.00096	0.63239	0.38748	0.01013	0.21276	0.03239	0.47512	0.04346	0.06626	0.05792	0.0547	0.01885	0.5267	0.04251	0.09665	0.09112	0.05115	0.40384	
0.04463	0.0352	0.02438	0.02135	0.06384	0.01985	0.02131	0.02056	0	0	0	0	0.00025	0.00023	0.12478	0.0003	0.00033	0.00139	0.0002	0.12364	0.07329	0.00211	0.04324	0.00692	0.09308	0.0084	0.01295	0.01113	0.00958	0.00332	0.10526	0.0074	0.01188	0.01075	0.00615	0.09678	
0.00105	0.00083	0.00056	0.00049	0.00153	0.00046	0.00048	0.00046	0.00045	0.00028	0.00195	0.00025	0	0	0	0	1e-05	3e-05	0	0.00289	0.00173	4e-05	0.00095	0.00021	0.00214	0.00025	0.00025	0.00029	0.00024	0.00011	0.00237	0.00021	0.0005	0.00031	0.00015	0.00197	
0.00083	0.00042	0.00028	0.0003	0.00086	0.00043	0.00027	0.00027	0.00023	0.00011	0.00126	0.00023	0	0	0	0	0	1e-05	1e-05	0.00181	0.00115	5e-05	0.00055	8e-05	0.00136	0.00019	0.00015	0.00013	0.00018	7e-05	0.00147	0.00011	0.00017	0.00025	0.00018	0.00123	
0.35964	0.27104	0.19373	0.1687	0.51454	0.15689	0.15972	0.16196	0.15522	0.07488	0.63823	0.12478	0	0	0	0	0.0029	0.01121	0.0014	0.9776	0.59091	0.01602	0.33478	0.0514	0.73466	0.06683	0.10174	0.08988	0.08164	0.0277	0.8207	0.06307	0.12968	0.12165	0.0684	0.67338	
0.00063	0.00056	0.00045	0.00049	0.00104	0.00036	0.00042	0.00031	0.00032	0.00019	0.00132	0.0003	0	0	0	0	0	6e-05	0	0.00207	0.00133	4e-05	0.00063	0.00013	0.00141	0.00012	0.00033	0.00027	0.00016	8e-05	0.00174	0.00015	0.00028	0.00021	4e-05	0.0016	
0.00104	0.00082	0.00069	0.00036	0.00154	0.00047	0.00047	0.00043	0.00046	0.00021	0.00191	0.00033	1e-05	0	0.0029	0	0	0	0	0	0.00174	5e-05	0.00101	0.00011	0.00206	0.00023	0.00034	0.00028	0.00023	5e-05	0.00247	0.00016	0.00034	0.00051	0.00016	0.0019	
0.00418	0.003	0.00215	0.00198	0.00578	0.00178	0.00199	0.00176	0.0016	0.00082	0.0075	0.00139	3e-05	1e-05	0.01121	6e-05	0	0	0	0	0.00675	0.00016	0.00382	0.00058	0.0082	0.00093	0.00126	0.00092	0.00087	0.00029	0.00946	0.00069	0.00163	0.00143	0.0008	0.00745	
0.00048	0.00048	0.00024	0.00021	0.0008	0.00017	0.00023	0.00021	0.00015	0.0001	0.00096	0.0002	0	1e-05	0.0014	0	0	0	0	0	0.0009	1e-05	0.00048	2e-05	0.00101	0.00014	0.0001	0.00016	8e-05	5e-05	0.00114	0.00014	0.00018	0.00017	0.0001	0.00096	
0.35645	0.26855	0.19194	0.16743	0.50985	0.15572	0.1582	0.1606	0.15401	0.07433	0.63239	0.12364	0.00289	0.00181	0.9776	0.00207	0	0	0	0	0.58573	0.01593	0.3316	0.05111	0.7283	0.06609	0.10077	0.08921	0.08104	0.02757	0.81321	0.06255	0.12848	0.12031	0.06771	0.66787	
0.21536	0.16199	0.1168	0.10097	0.30736	0.0933	0.09611	0.09835	0.09098	0.04337	0.38748	0.07329	0.00173	0.00115	0.59091	0.00133	0.00174	0.00675	0.0009	0.58573	0	0	0	0	0.44087	0.0401	0.06056	0.05359	0.0517	0.01717	0.48674	0.03951	0.09135	0.08526	0.04782	0.37069	
0.00606	0.00429	0.00317	0.00263	0.00822	0.00282	0.00247	0.00264	0.00255	0.00136	0.01013	0.00211	4e-05	5e-05	0.01602	4e-05	5e-05	0.00016	1e-05	0.01593	0	0	0	0	0.01188	0.00105	0.00174	0.00148	0.00125	0.00047	0.01345	0.00098	0.0015	0.00145	0.00085	0.01235	
0.12123	0.09247	0.06589	0.05732	0.17569	0.05294	0.05386	0.05442	0.05433	0.02658	0.21276	0.04324	0.00095	0.00055	0.33478	0.00063	0.00101	0.00382	0.00048	0.3316	0	0	0	0	0.24841	0.02276	0.03489	0.03085	0.0253	0.00905	0.28252	0.02004	0.03276	0.03089	0.01745	0.25581	
0.0195	0.0141	0.00916	0.00906	0.0267	0.00908	0.00845	0.00759	0.00836	0.00415	0.03239	0.00692	0.00021	8e-05	0.0514	0.00013	0.00011	0.00058	2e-05	0.05111	0	0	0	0	0.03841	0.00348	0.00528	0.00465	0.00397	0.00127	0.04357	0.00301	0.00502	0.00482	0.00265	0.03933	
0.26682	0.20292	0.1445	0.12533	0.38221	0.11735	0.11893	0.12108	0.11586	0.05551	0.47512	0.09308	0.00214	0.00136	0.73466	0.00141	0.00206	0.0082	0.00101	0.7283	0.44087	0.01188	0.24841	0.03841	0	0	0	0	0.0604	0.02073	0.61103	0.04741	0.09692	0.08976	0.05133	0.50156	
0.02433	0.01879	0.01295	0.01132	0.03515	0.0108	0.01065	0.01079	0.01035	0.00518	0.04346	0.0084	0.00025	0.00019	0.06683	0.00012	0.00023	0.00093	0.00014	0.06609	0.0401	0.00105	0.02276	0.00348	0	0	0	0	0.00562	0.00181	0.05567	0.00429	0.00889	0.00819	0.00454	0.04577	
0.03737	0.02748	0.01986	0.01776	0.05345	0.01547	0.01691	0.01664	0.01566	0.0076	0.06626	0.01295	0.00025	0.00015	0.10174	0.00033	0.00034	0.00126	0.0001	0.10077	0.06056	0.00174	0.03489	0.00528	0	0	0	0	0.00854	0.00291	0.0846	0.00642	0.01321	0.01287	0.00704	0.06935	
0.03363	0.02366	0.01771	0.01557	0.04716	0.01452	0.0144	0.01449	0.01435	0.00717	0.05792	0.01113	0.00029	0.00013	0.08988	0.00027	0.00028	0.00092	0.00016	0.08921	0.05359	0.00148	0.03085	0.00465	0	0	0	0	0.00766	0.00251	0.07498	0.00542	0.01161	0.0116	0.00586	0.0615	
0.02935	0.02313	0.01587	0.01387	0.04286	0.01302	0.01295	0.01339	0.01198	0.00596	0.0547	0.00958	0.00024	0.00018	0.08164	0.00016	0.00023	0.00087	8e-05	0.08104	0.0517	0.00125	0.0253	0.00397	0.0604	0.00562	0.00854	0.00766	0	0	0	0	0.01671	0.01686	0.00905	0.0396	
0.01022	0.00745	0.00564	0.00465	0.01487	0.00423	0.0043	0.00456	0.00401	0.00178	0.01885	0.00332	0.00011	7e-05	0.0277	8e-05	5e-05	0.00029	5e-05	0.02757	0.01717	0.00047	0.00905	0.00127	0.02073	0.00181	0.00291	0.00251	0	0	0	0	0.00582	0.00576	0.00301	0.01337	
0.29922	0.22523	0.16073	0.1411	0.42718	0.13087	0.13356	0.13467	0.13105	0.06327	0.5267	0.10526	0.00237	0.00147	0.8207	0.00174	0.00247	0.00946	0.00114	0.81321	0.48674	0.01345	0.28252	0.04357	0.61103	0.05567	0.0846	0.07498	0	0	0	0	0.09499	0.0875	0.04941	0.59438	
0.02336	0.01704	0.01278	0.01036	0.03306	0.01002	0.01008	0.01038	0.00918	0.00445	0.04251	0.0074	0.00021	0.00011	0.06307	0.00015	0.00016	0.00069	0.00014	0.06255	0.03951	0.00098	0.02004	0.00301	0.04741	0.00429	0.00642	0.00542	0	0	0	0	0.01311	0.0123	0.0073	0.03083	
0.04734	0.03598	0.0251	0.02221	0.06769	0.02062	0.02092	0.0214	0.01481	0.00729	0.09665	0.01188	0.0005	0.00017	0.12968	0.00028	0.00034	0.00163	0.00018	0.12848	0.09135	0.0015	0.03276	0.00502	0.09692	0.00889	0.01321	0.01161	0.01671	0.00582	0.09499	0.01311	0	0	0	0	
0.04404	0.03374	0.02367	0.02097	0.06404	0.01928	0.01952	0.01958	0.01402	0.00653	0.09112	0.01075	0.00031	0.00025	0.12165	0.00021	0.00051	0.00143	0.00017	0.12031	0.08526	0.00145	0.03089	0.00482	0.08976	0.00819	0.01287	0.0116	0.01686	0.00576	0.0875	0.0123	0	0	0	0	
0.02525	0.01827	0.01361	0.01164	0.03581	0.01095	0.01091	0.0111	0.0079	0.00357	0.05115	0.00615	0.00015	0.00018	0.0684	4e-05	0.00016	0.0008	0.0001	0.06771	0.04782	0.00085	0.01745	0.00265	0.05133	0.00454	0.00704	0.00586	0.00905	0.00301	0.04941	0.0073	0	0	0	0	
0.24552	0.18486	0.13264	0.11516	0.35043	0.10729	0.10954	0.11092	0.11949	0.05807	0.40384	0.09678	0.00197	0.00123	0.67338	0.0016	0.0019	0.00745	0.00096	0.66787	0.37069	0.01235	0.25581	0.03933	0.50156	0.04577	0.06935	0.0615	0.0396	0.01337	0.59438	0.03083	0	0	0	0	
