0	0	0	0	0.20555	0.05098	0.05228	0.05191	0.05643	0.02664	0.23231	0.04534	0.00115	0.00069	0.35814	0.00074	0.00102	0.00401	0.0004	0.35529	0.21617	0.0059	0.12037	0.01828	0.26713	0.02417	0.03703	0.03239	0.0303	0.00993	0.29788	0.02261	0.04652	0.04509	0.02401	0.2451	
0	0	0	0	0.15674	0.03802	0.03984	0.03986	0.04253	0.02067	0.17667	0.03459	0.0008	0.00046	0.27248	0.00072	0.0007	0.0027	0.00039	0.27067	0.16349	0.00411	0.09296	0.0139	0.20366	0.0189	0.02647	0.02543	0.02318	0.00784	0.226	0.01744	0.03531	0.03325	0.01867	0.18723	
0	0	0	0	0.11011	0.02739	0.02848	0.02831	0.03041	0.01467	0.12418	0.02503	0.00062	0.00038	0.19276	0.00053	0.00059	0.00214	0.00022	0.19134	0.11461	0.00293	0.0668	0.00995	0.14378	0.0133	0.01988	0.01733	0.01567	0.00529	0.16024	0.01309	0.02425	0.02344	0.01308	0.13352	
0	0	0	0	0.04827	0.03985	0.04079	0.04162	0.02579	0.01287	0.11002	0.02185	0.00072	0.00035	0.16915	0.00031	0.00058	0.0018	0.00021	0.16794	0.10234	0.00255	0.05687	0.00877	0.12602	0.01201	0.01788	0.01462	0.01493	0.00463	0.13984	0.01113	0.02197	0.02065	0.01174	0.11617	
0.20555	0.15674	0.11011	0.04827	0	0	0	0	0.08229	0.03925	0.33411	0.06502	0.00162	0.001	0.51678	0.00127	0.00132	0.00566	0.00067	0.51302	0.31047	0.00828	0.17563	0.02629	0.38585	0.03499	0.05246	0.04737	0.0439	0.01448	0.42879	0.0335	0.0656	0.06467	0.03562	0.35478	
0.05098	0.03802	0.02739	0.03985	0	0	0	0	0.02374	0.01132	0.10121	0.01997	0.00054	0.00026	0.15511	0.00033	0.00042	0.00158	0.00022	0.15402	0.09332	0.00244	0.05249	0.00799	0.11603	0.0104	0.01606	0.01375	0.01319	0.0042	0.12844	0.01041	0.02019	0.01848	0.01055	0.10702	
0.05228	0.03984	0.02848	0.04079	0	0	0	0	0.02456	0.01197	0.10396	0.0209	0.00055	0.00027	0.16025	0.00032	0.00058	0.00185	0.00019	0.15877	0.096	0.00251	0.05471	0.00817	0.11993	0.01169	0.01584	0.01393	0.01363	0.00455	0.13294	0.01027	0.02123	0.01997	0.0106	0.10959	
0.05191	0.03986	0.02831	0.04162	0	0	0	0	0.02457	0.01231	0.1039	0.02092	0.00058	0.00035	0.16039	0.00038	0.00057	0.00156	0.00014	0.15943	0.09682	0.00226	0.05417	0.00845	0.11878	0.0113	0.0169	0.01472	0.01336	0.00446	0.13379	0.01009	0.02103	0.01931	0.01073	0.11063	
0.05643	0.04253	0.03041	0.02579	0.08229	0.02374	0.02456	0.02457	0	0	0	0	0.00055	0.00032	0.15397	0.00032	0.00045	0.00171	0.00019	0.15281	0.08946	0.00269	0.05473	0.00828	0.11523	0.01039	0.01536	0.01418	0.01185	0.00375	0.13024	0.00932	0.01347	0.01269	0.00689	0.12211	
0.02664	0.02067	0.01467	0.01287	0.03925	0.01132	0.01197	0.01231	0	0	0	0	0.00019	0.00017	0.07434	0.00015	0.0002	0.00086	6e-05	0.07373	0.04333	0.00115	0.02653	0.00384	0.05582	0.00468	0.00776	0.00659	0.00533	0.00187	0.06355	0.0041	0.00642	0.0059	0.00366	0.05887	
0.23231	0.17667	0.12418	0.11002	0.33411	0.10121	0.10396	0.1039	0	0	0	0	0.00218	0.00116	0.63831	0.00153	0.00188	0.00677	0.00081	0.63372	0.3905	0.00965	0.21105	0.03198	0.47529	0.04471	0.06515	0.05803	0.05798	0.01891	0.52262	0.04367	0.09762	0.09286	0.05096	0.40174	
0.04534	0.03459	0.02503	0.02185	0.06502	0.01997	0.0209	0.02092	0	0	0	0	0.00037	0.00023	0.12591	0.0003	0.00036	0.00131	0.00016	0.12498	0.07332	0.002	0.04469	0.0068	0.09425	0.0086	0.01299	0.01097	0.00892	0.00316	0.10755	0.00718	0.01054	0.01098	0.00599	0.0993	
0.00115	0.0008	0.00062	0.00072	0.00162	0.00054	0.00055	0.00058	0.00055	0.00019	0.00218	0.00037	0	0	0	0	3e-05	8e-05	1e-05	0.00317	0.00196	8e-05	0.00109	0.00016	0.00246	0.00025	0.0003	0.00028	0.00024	8e-05	0.00276	0.00021	0.00051	0.00022	0.00029	0.00227	
0.00069	0.00046	0.00038	0.00035	0.001	0.00026	0.00027	0.00035	0.00032	0.00017	0.00116	0.00023	0	0	0	0	0	1e-05	1e-05	0.00186	0.00106	6e-05	0.0006	0.00016	0.00143	0.00012	0.00022	0.00011	0.00016	4e-05	0.00158	0.0001	0.0002	0.00019	7e-05	0.00142	
0.35814	0.27248	0.19276	0.16915	0.51678	0.15511	0.16025	0.16039	0.15397	0.07434	0.63831	0.12591	0	0	0	0	0.00285	0.01054	0.0012	0.97794	0.59228	0.01535	0.33451	0.05039	0.73499	0.06792	0.10055	0.08907	0.08351	0.02753	0.81768	0.06381	0.12705	0.12177	0.06693	0.67678	
0.00074	0.00072	0.00053	0.00031	0.00127	0.00033	0.00032	0.00038	0.00032	0.00015	0.00153	0.0003	0	0	0	0	1e-05	2e-05	0	0.00227	0.00131	0	0.0008	0.00019	0.00171	9e-05	0.00019	0.00031	0.00017	4e-05	0.00194	0.00015	0.00029	0.00025	0.00021	0.00155	
0.00102	0.0007	0.00059	0.00058	0.00132	0.00042	0.00058	0.00057	0.00045	0.0002	0.00188	0.00036	3e-05	0	0.00285	1e-05	0	0	0	0	0.0016	6e-05	0.00107	0.00016	0.00215	0.00016	0.00032	0.00026	0.0003	9e-05	0.00232	0.00018	0.00035	0.00038	0.00015	0.00201	
0.00401	0.0027	0.00214	0.0018	0.00566	0.00158	0.00185	0.00156	0.00171	0.00086	0.00677	0.00131	8e-05	1e-05	0.01054	2e-05	0	0	0	0	0.00652	0.00012	0.00357	0.00044	0.00788	0.00075	0.0011	0.00092	0.00088	0.00036	0.00882	0.00059	0.00125	0.00135	0.00065	0.0074	
0.0004	0.00039	0.00022	0.00021	0.00067	0.00022	0.00019	0.00014	0.00019	6e-05	0.00081	0.00016	1e-05	1e-05	0.0012	0	0	0	0	0	0.00077	2e-05	0.00034	9e-05	0.00085	0.00012	0.00018	7e-05	0.00013	4e-05	0.00096	9e-05	0.00015	0.00012	0.00015	0.0008	
0.35529	0.27067	0.19134	0.16794	0.51302	0.15402	0.15877	0.15943	0.15281	0.07373	0.63372	0.12498	0.00317	0.00186	0.97794	0.00227	0	0	0	0	0.58772	0.01529	0.33202	0.05021	0.72971	0.06735	0.09966	0.08852	0.08277	0.0272	0.81186	0.06341	0.1263	0.12058	0.06655	0.67181	
0.21617	0.16349	0.11461	0.10234	0.31047	0.09332	0.096	0.09682	0.08946	0.04333	0.3905	0.07332	0.00196	0.00106	0.59228	0.00131	0.0016	0.00652	0.00077	0.58772	0	0	0	0	0.44381	0.04026	0.05968	0.05286	0.05318	0.01784	0.48488	0.04071	0.09132	0.08748	0.04751	0.3703	
0.0059	0.00411	0.00293	0.00255	0.00828	0.00244	0.00251	0.00226	0.00269	0.00115	0.00965	0.002	8e-05	6e-05	0.01535	0	6e-05	0.00012	2e-05	0.01529	0	0	0	0	0.01149	0.00108	0.00151	0.00141	0.00108	0.00037	0.01316	0.00088	0.00128	0.00147	0.00088	0.01186	
0.12037	0.09296	0.0668	0.05687	0.17563	0.05249	0.05471	0.05417	0.05473	0.02653	0.21105	0.04469	0.00109	0.0006	0.33451	0.0008	0.00107	0.00357	0.00034	0.33202	0	0	0	0	0.24829	0.02332	0.0347	0.03069	0.02601	0.00833	0.28294	0.01972	0.03076	0.02938	0.01675	0.26011	
0.01828	0.0139	0.00995	0.00877	0.02629	0.00799	0.00817	0.00845	0.00828	0.00384	0.03198	0.0068	0.00016	0.00016	0.05039	0.00019	0.00016	0.00044	9e-05	0.05021	0	0	0	0	0.037	0.00372	0.00537	0.00481	0.00381	0.00115	0.04298	0.00296	0.00469	0.0041	0.00236	0.03975	
0.26713	0.20366	0.14378	0.12602	0.38585	0.11603	0.11993	0.11878	0.11523	0.05582	0.47529	0.09425	0.00246	0.00143	0.73499	0.00171	0.00215	0.00788	0.00085	0.72971	0.44381	0.01149	0.24829	0.037	0	0	0	0	0.0625	0.02013	0.61035	0.04761	0.09558	0.09079	0.04996	0.50426	
0.02417	0.0189	0.0133	0.01201	0.03499	0.0104	0.01169	0.0113	0.01039	0.00468	0.04471	0.0086	0.00025	0.00012	0.06792	9e-05	0.00016	0.00075	0.00012	0.06735	0.04026	0.00108	0.02332	0.00372	0	0	0	0	0.00562	0.00209	0.05624	0.00443	0.00866	0.00837	0.00474	0.04661	
0.03703	0.02647	0.01988	0.01788	0.05246	0.01606	0.01584	0.0169	0.01536	0.00776	0.06515	0.01299	0.0003	0.00022	0.10055	0.00019	0.00032	0.0011	0.00018	0.09966	0.05968	0.00151	0.0347	0.00537	0	0	0	0	0.00882	0.0028	0.0833	0.00634	0.01257	0.01277	0.0067	0.06922	
0.03239	0.02543	0.01733	0.01462	0.04737	0.01375	0.01393	0.01472	0.01418	0.00659	0.05803	0.01097	0.00028	0.00011	0.08907	0.00031	0.00026	0.00092	7e-05	0.08852	0.05286	0.00141	0.03069	0.00481	0	0	0	0	0.00714	0.00267	0.07407	0.00589	0.01124	0.0105	0.0061	0.06193	
0.0303	0.02318	0.01567	0.01493	0.0439	0.01319	0.01363	0.01336	0.01185	0.00533	0.05798	0.00892	0.00024	0.00016	0.08351	0.00017	0.0003	0.00088	0.00013	0.08277	0.05318	0.00108	0.02601	0.00381	0.0625	0.00562	0.00882	0.00714	0	0	0	0	0.01887	0.0176	0.00961	0.038	
0.00993	0.00784	0.00529	0.00463	0.01448	0.0042	0.00455	0.00446	0.00375	0.00187	0.01891	0.00316	8e-05	4e-05	0.02753	4e-05	9e-05	0.00036	4e-05	0.0272	0.01784	0.00037	0.00833	0.00115	0.02013	0.00209	0.0028	0.00267	0	0	0	0	0.00598	0.006	0.00333	0.01238	
0.29788	0.226	0.16024	0.13984	0.42879	0.12844	0.13294	0.13379	0.13024	0.06355	0.52262	0.10755	0.00276	0.00158	0.81768	0.00194	0.00232	0.00882	0.00096	0.81186	0.48488	0.01316	0.28294	0.04298	0.61035	0.05624	0.0833	0.07407	0	0	0	0	0.08936	0.08535	0.04685	0.6024	
0.02261	0.01744	0.01309	0.01113	0.0335	0.01041	0.01027	0.01009	0.00932	0.0041	0.04367	0.00718	0.00021	0.0001	0.06381	0.00015	0.00018	0.00059	9e-05	0.06341	0.04071	0.00088	0.01972	0.00296	0.04761	0.00443	0.00634	0.00589	0	0	0	0	0.01384	0.01348	0.00771	0.02924	
0.04652	0.03531	0.02425	0.02197	0.0656	0.02019	0.02123	0.02103	0.01347	0.00642	0.09762	0.01054	0.00051	0.0002	0.12705	0.00029	0.00035	0.00125	0.00015	0.1263	0.09132	0.00128	0.03076	0.00469	0.09558	0.00866	0.01257	0.01124	0.01887	0.00598	0.08936	0.01384	0	0	0	0	
0.04509	0.03325	0.02344	0.02065	0.06467	0.01848	0.01997	0.01931	0.01269	0.0059	0.09286	0.01098	0.00022	0.00019	0.12177	0.00025	0.00038	0.00135	0.00012	0.12058	0.08748	0.00147	0.02938	0.0041	0.09079	0.00837	0.01277	0.0105	0.0176	0.006	0.08535	0.01348	0	0	0	0	
0.02401	0.01867	0.01308	0.01174	0.03562	0.01055	0.0106	0.01073	0.00689	0.00366	0.05096	0.00599	0.00029	7e-05	0.06693	0.00021	0.00015	0.00065	0.00015	0.06655	0.04751	0.00088	0.01675	0.00236	0.04996	0.00474	0.0067	0.0061	0.00961	0.00333	0.04685	0.00771	0	0	0	0	
0.2451	0.18723	0.13352	0.11617	0.35478	0.10702	0.10959	0.11063	0.12211	0.05887	0.40174	0.0993	0.00227	0.00142	0.67678	0.00155	0.00201	0.0074	0.0008	0.67181	0.3703	0.01186	0.26011	0.03975	0.50426	0.04661	0.06922	0.06193	0.038	0.01238	0.6024	0.02924	0	0	0	0	
