0	0	0	0	0.2036	0.05166	0.05247	0.05189	0.05576	0.02676	0.23237	0.04473	0.00122	0.00084	0.35677	0.00079	0.00101	0.00377	0.00058	0.35426	0.21642	0.00531	0.11974	0.01815	0.26641	0.02454	0.03627	0.0324	0.03014	0.00993	0.2961	0.02345	0.04662	0.04453	0.02504	0.24343	
0	0	0	0	0.15566	0.03884	0.04004	0.03921	0.04363	0.02013	0.175	0.03499	0.00078	0.00051	0.2719	0.00056	0.00074	0.00291	0.00033	0.26977	0.16356	0.00421	0.09139	0.01459	0.20242	0.0192	0.02798	0.02415	0.02256	0.0078	0.22573	0.01766	0.03488	0.03412	0.0192	0.18555	
0	0	0	0	0.11093	0.02762	0.02836	0.02746	0.03061	0.0151	0.12391	0.02475	0.00052	0.0003	0.19313	0.00042	0.00053	0.00183	0.00019	0.19182	0.1165	0.00311	0.06556	0.0092	0.14392	0.01347	0.01927	0.01771	0.01624	0.00538	0.16014	0.01261	0.02546	0.02311	0.01341	0.13239	
0	0	0	0	0.04812	0.04072	0.04151	0.04191	0.02731	0.01279	0.11018	0.02198	0.0006	0.00034	0.17095	0.00037	0.0004	0.002	0.0002	0.16966	0.10284	0.00286	0.05768	0.00888	0.12702	0.01235	0.01734	0.01555	0.01478	0.00511	0.14242	0.00995	0.02135	0.02121	0.01185	0.11785	
0.2036	0.15566	0.11093	0.04812	0	0	0	0	0.08184	0.03808	0.33261	0.06578	0.00154	0.00096	0.51456	0.00125	0.00142	0.00574	0.00064	0.51051	0.31194	0.0082	0.17214	0.02603	0.38434	0.03568	0.05196	0.04633	0.04328	0.0146	0.42692	0.03351	0.06671	0.06366	0.03607	0.35187	
0.05166	0.03884	0.02762	0.04072	0	0	0	0	0.02516	0.01196	0.10167	0.02005	0.00059	0.00028	0.15772	0.00025	0.00034	0.00154	0.00021	0.15675	0.09364	0.00248	0.0544	0.00832	0.11713	0.0111	0.01633	0.01428	0.01336	0.00438	0.1311	0.01	0.02035	0.01978	0.01074	0.10797	
0.05247	0.04004	0.02836	0.04151	0	0	0	0	0.02558	0.01217	0.10416	0.02047	0.00045	0.00035	0.16126	0.00032	0.00048	0.00146	0.00019	0.16025	0.09752	0.00233	0.05424	0.00829	0.1192	0.0115	0.01649	0.01519	0.01385	0.00445	0.1341	0.00998	0.02053	0.01967	0.01156	0.11062	
0.05189	0.03921	0.02746	0.04191	0	0	0	0	0.02473	0.01257	0.10302	0.02015	0.00054	0.0004	0.15921	0.00032	0.00044	0.00177	0.00026	0.158	0.09622	0.00248	0.05359	0.00818	0.1191	0.01128	0.01608	0.01401	0.01323	0.00479	0.13227	0.01018	0.02072	0.01986	0.01113	0.10876	
0.05576	0.04363	0.03061	0.02731	0.08184	0.02516	0.02558	0.02473	0	0	0	0	0.00062	0.00033	0.15605	0.00031	0.00042	0.00172	0.00016	0.15501	0.09144	0.00243	0.05512	0.00832	0.11671	0.01043	0.01602	0.01415	0.01155	0.00396	0.13319	0.00861	0.01378	0.01318	0.00731	0.12304	
0.02676	0.02013	0.0151	0.01279	0.03808	0.01196	0.01217	0.01257	0	0	0	0	0.00027	0.0001	0.07429	0.00012	0.00015	0.00094	9e-05	0.0736	0.04355	0.00118	0.02639	0.00366	0.05475	0.00534	0.00756	0.00713	0.00599	0.00187	0.06288	0.00404	0.00716	0.00638	0.00367	0.05757	
0.23237	0.175	0.12391	0.11018	0.33261	0.10167	0.10416	0.10302	0	0	0	0	0.00182	0.00133	0.63682	0.00149	0.00175	0.0065	0.00087	0.63234	0.39114	0.00974	0.20878	0.0318	0.47444	0.04521	0.06458	0.05723	0.05688	0.01906	0.52193	0.04359	0.09633	0.09282	0.05249	0.39982	
0.04473	0.03499	0.02475	0.02198	0.06578	0.02005	0.02047	0.02015	0	0	0	0	0.00041	0.00023	0.12559	0.00022	0.00036	0.00135	0.00018	0.12456	0.07319	0.00214	0.04408	0.00704	0.09387	0.00858	0.0127	0.0113	0.0093	0.00333	0.10639	0.00743	0.01104	0.01059	0.00603	0.09879	
0.00122	0.00078	0.00052	0.0006	0.00154	0.00059	0.00045	0.00054	0.00062	0.00027	0.00182	0.00041	0	0	0	0	2e-05	2e-05	1e-05	0.00307	0.00201	5e-05	0.00095	0.00011	0.00231	0.00022	0.00033	0.00026	0.00024	8e-05	0.0026	0.0002	0.00042	0.00036	0.0002	0.00214	
0.00084	0.00051	0.0003	0.00034	0.00096	0.00028	0.00035	0.0004	0.00033	0.0001	0.00133	0.00023	0	0	0	0	0	1e-05	0	0.00198	0.00119	3e-05	0.00065	0.00012	0.00147	0.00015	0.00024	0.00013	0.00015	6e-05	0.00162	0.00016	0.00027	0.00024	0.00013	0.00135	
0.35677	0.2719	0.19313	0.17095	0.51456	0.15772	0.16126	0.15921	0.15605	0.07429	0.63682	0.12559	0	0	0	0	0.00266	0.01046	0.00128	0.97835	0.59479	0.01539	0.33216	0.05041	0.73442	0.06902	0.1001	0.08921	0.08315	0.02805	0.8184	0.06315	0.12732	0.12221	0.06898	0.67424	
0.00079	0.00056	0.00042	0.00037	0.00125	0.00025	0.00032	0.00032	0.00031	0.00012	0.00149	0.00022	0	0	0	0	0	2e-05	1e-05	0.00211	0.00133	2e-05	0.00061	0.00018	0.00157	0.00017	0.00019	0.00021	0.00018	3e-05	0.00177	0.00016	0.0003	0.00016	0.00019	0.00149	
0.00101	0.00074	0.00053	0.0004	0.00142	0.00034	0.00048	0.00044	0.00042	0.00015	0.00175	0.00036	2e-05	0	0.00266	0	0	0	0	0	0.00151	7e-05	0.0009	0.0002	0.00198	0.00016	0.00025	0.00029	0.00019	8e-05	0.00225	0.00016	0.00038	0.00032	0.00018	0.0018	
0.00377	0.00291	0.00183	0.002	0.00574	0.00154	0.00146	0.00177	0.00172	0.00094	0.0065	0.00135	2e-05	1e-05	0.01046	2e-05	0	0	0	0	0.00629	0.00016	0.00364	0.00042	0.00788	0.00077	0.00088	0.00098	0.0009	0.0003	0.00869	0.00062	0.00148	0.00128	0.00082	0.00693	
0.00058	0.00033	0.00019	0.0002	0.00064	0.00021	0.00019	0.00026	0.00016	9e-05	0.00087	0.00018	1e-05	0	0.00128	1e-05	0	0	0	0	0.00091	1e-05	0.00035	3e-05	0.00096	8e-05	0.00015	0.00011	0.00012	4e-05	0.00108	6e-05	0.00019	0.00017	8e-05	0.00086	
0.35426	0.26977	0.19182	0.16966	0.51051	0.15675	0.16025	0.158	0.15501	0.0736	0.63234	0.12456	0.00307	0.00198	0.97835	0.00211	0	0	0	0	0.59061	0.01525	0.32948	0.05017	0.72895	0.06855	0.09958	0.08843	0.08251	0.0278	0.81237	0.06283	0.12626	0.1212	0.06842	0.66963	
0.21642	0.16356	0.1165	0.10284	0.31194	0.09364	0.09752	0.09622	0.09144	0.04355	0.39114	0.07319	0.00201	0.00119	0.59479	0.00133	0.00151	0.00629	0.00091	0.59061	0	0	0	0	0.44256	0.04209	0.06072	0.05395	0.05323	0.01789	0.48701	0.04119	0.09145	0.08863	0.04939	0.36985	
0.00531	0.00421	0.00311	0.00286	0.0082	0.00248	0.00233	0.00248	0.00243	0.00118	0.00974	0.00214	5e-05	3e-05	0.01539	2e-05	7e-05	0.00016	1e-05	0.01525	0	0	0	0	0.01167	0.00093	0.00166	0.00123	0.00127	0.00047	0.01301	0.00074	0.00146	0.00155	0.00069	0.01179	
0.11974	0.09139	0.06556	0.05768	0.17214	0.0544	0.05424	0.05359	0.05512	0.02639	0.20878	0.04408	0.00095	0.00065	0.33216	0.00061	0.0009	0.00364	0.00035	0.32948	0	0	0	0	0.24785	0.02312	0.03348	0.02992	0.02546	0.00872	0.28129	0.0189	0.03056	0.02841	0.01696	0.25844	
0.01815	0.01459	0.0092	0.00888	0.02603	0.00832	0.00829	0.00818	0.00832	0.00366	0.0318	0.00704	0.00011	0.00012	0.05041	0.00018	0.0002	0.00042	3e-05	0.05017	0	0	0	0	0.03769	0.00342	0.005	0.00471	0.00376	0.00114	0.04308	0.00284	0.00484	0.00438	0.00246	0.03914	
0.26641	0.20242	0.14392	0.12702	0.38434	0.11713	0.1192	0.1191	0.11671	0.05475	0.47444	0.09387	0.00231	0.00147	0.73442	0.00157	0.00198	0.00788	0.00096	0.72895	0.44256	0.01167	0.24785	0.03769	0	0	0	0	0.06249	0.02088	0.60925	0.04715	0.09548	0.09038	0.05163	0.50228	
0.02454	0.0192	0.01347	0.01235	0.03568	0.0111	0.0115	0.01128	0.01043	0.00534	0.04521	0.00858	0.00022	0.00015	0.06902	0.00017	0.00016	0.00077	8e-05	0.06855	0.04209	0.00093	0.02312	0.00342	0	0	0	0	0.00556	0.002	0.05736	0.00464	0.00841	0.00901	0.00485	0.04729	
0.03627	0.02798	0.01927	0.01734	0.05196	0.01633	0.01649	0.01608	0.01602	0.00756	0.06458	0.0127	0.00033	0.00024	0.1001	0.00019	0.00025	0.00088	0.00015	0.09958	0.06072	0.00166	0.03348	0.005	0	0	0	0	0.00818	0.00286	0.08349	0.00633	0.01283	0.01241	0.0069	0.06872	
0.0324	0.02415	0.01771	0.01555	0.04633	0.01428	0.01519	0.01401	0.01415	0.00713	0.05723	0.0113	0.00026	0.00013	0.08921	0.00021	0.00029	0.00098	0.00011	0.08843	0.05395	0.00123	0.02992	0.00471	0	0	0	0	0.00749	0.00248	0.07429	0.00555	0.01159	0.01117	0.00612	0.06093	
0.03014	0.02256	0.01624	0.01478	0.04328	0.01336	0.01385	0.01323	0.01155	0.00599	0.05688	0.0093	0.00024	0.00015	0.08315	0.00018	0.00019	0.0009	0.00012	0.08251	0.05323	0.00127	0.02546	0.00376	0.06249	0.00556	0.00818	0.00749	0	0	0	0	0.01833	0.01829	0.01022	0.03688	
0.00993	0.0078	0.00538	0.00511	0.0146	0.00438	0.00445	0.00479	0.00396	0.00187	0.01906	0.00333	8e-05	6e-05	0.02805	3e-05	8e-05	0.0003	4e-05	0.0278	0.01789	0.00047	0.00872	0.00114	0.02088	0.002	0.00286	0.00248	0	0	0	0	0.00625	0.00579	0.00355	0.01263	
0.2961	0.22573	0.16014	0.14242	0.42692	0.1311	0.1341	0.13227	0.13319	0.06288	0.52193	0.10639	0.0026	0.00162	0.8184	0.00177	0.00225	0.00869	0.00108	0.81237	0.48701	0.01301	0.28129	0.04308	0.60925	0.05736	0.08349	0.07429	0	0	0	0	0.08958	0.08499	0.04794	0.60188	
0.02345	0.01766	0.01261	0.00995	0.03351	0.01	0.00998	0.01018	0.00861	0.00404	0.04359	0.00743	0.0002	0.00016	0.06315	0.00016	0.00016	0.00062	6e-05	0.06283	0.04119	0.00074	0.0189	0.00284	0.04715	0.00464	0.00633	0.00555	0	0	0	0	0.01415	0.0139	0.00779	0.02783	
0.04662	0.03488	0.02546	0.02135	0.06671	0.02035	0.02053	0.02072	0.01378	0.00716	0.09633	0.01104	0.00042	0.00027	0.12732	0.0003	0.00038	0.00148	0.00019	0.12626	0.09145	0.00146	0.03056	0.00484	0.09548	0.00841	0.01283	0.01159	0.01833	0.00625	0.08958	0.01415	0	0	0	0	
0.04453	0.03412	0.02311	0.02121	0.06366	0.01978	0.01967	0.01986	0.01318	0.00638	0.09282	0.01059	0.00036	0.00024	0.12221	0.00016	0.00032	0.00128	0.00017	0.1212	0.08863	0.00155	0.02841	0.00438	0.09038	0.00901	0.01241	0.01117	0.01829	0.00579	0.08499	0.0139	0	0	0	0	
0.02504	0.0192	0.01341	0.01185	0.03607	0.01074	0.01156	0.01113	0.00731	0.00367	0.05249	0.00603	0.0002	0.00013	0.06898	0.00019	0.00018	0.00082	8e-05	0.06842	0.04939	0.00069	0.01696	0.00246	0.05163	0.00485	0.0069	0.00612	0.01022	0.00355	0.04794	0.00779	0	0	0	0	
0.24343	0.18555	0.13239	0.11785	0.35187	0.10797	0.11062	0.10876	0.12304	0.05757	0.39982	0.09879	0.00214	0.00135	0.67424	0.00149	0.0018	0.00693	0.00086	0.66963	0.36985	0.01179	0.25844	0.03914	0.50228	0.04729	0.06872	0.06093	0.03688	0.01263	0.60188	0.02783	0	0	0	0	
