0	0	0	0	0.21013	0.04516	0.03092	0.059	0.03182	0.0166	0.26056	0.03623	0.0036	0.00716	0.33222	0.00223	0.00359	0.00431	0.00323	0.33408	0.20971	0.02606	0.06526	0.04418	0.16571	0.06129	0.03082	0.08739	0.06317	0.03831	0.1771	0.06663	0.07185	0.07647	0.04613	0.15076	
0	0	0	0	0.20422	0.0442	0.02948	0.05705	0.03178	0.01585	0.25175	0.03557	0.00412	0.00729	0.32149	0.00205	0.00363	0.00396	0.0032	0.32416	0.20499	0.02334	0.06405	0.04257	0.16038	0.05965	0.03025	0.08467	0.06193	0.03614	0.17104	0.06584	0.07005	0.07326	0.04476	0.14688	
0	0	0	0	0.11787	0.02729	0.0181	0.03151	0.01771	0.00973	0.14637	0.02096	0.00226	0.00368	0.18755	0.00128	0.00196	0.00256	0.00201	0.18824	0.11875	0.01423	0.03686	0.02493	0.09532	0.03485	0.01688	0.04772	0.0359	0.02064	0.10051	0.03772	0.04048	0.04269	0.02642	0.08518	
0	0	0	0	0.0767	0.01658	0.01099	0.0208	0.01229	0.00598	0.0927	0.0141	0.00136	0.00239	0.12079	0.00053	0.00132	0.00171	0.00121	0.12083	0.07648	0.00908	0.0235	0.01601	0.06098	0.02207	0.01108	0.03094	0.02378	0.01302	0.06363	0.02464	0.02623	0.02774	0.01626	0.05484	
0.21013	0.20422	0.11787	0.0767	0	0	0	0	0.05211	0.02664	0.4708	0.05937	0.00676	0.01274	0.58577	0.00365	0.00649	0.00784	0.0059	0.58869	0.37147	0.04474	0.1152	0.07751	0.29327	0.10804	0.05422	0.15339	0.1179	0.06928	0.2976	0.12414	0.12708	0.13468	0.08123	0.26593	
0.04516	0.0442	0.02729	0.01658	0	0	0	0	0.0137	0.00766	0.09572	0.01615	0.00168	0.0025	0.1283	0.00075	0.00125	0.00167	0.00126	0.12905	0.08172	0.00987	0.02497	0.01667	0.0643	0.02411	0.01244	0.03238	0.02275	0.01269	0.07306	0.02473	0.02793	0.02966	0.01758	0.05806	
0.03092	0.02948	0.0181	0.01099	0	0	0	0	0.00965	0.00487	0.06396	0.01101	0.00101	0.00172	0.0862	0.00056	0.00101	0.00113	0.00076	0.08659	0.05431	0.00635	0.01715	0.01168	0.04267	0.01639	0.00812	0.02231	0.01577	0.00883	0.04893	0.01596	0.01873	0.01967	0.01228	0.03881	
0.059	0.05705	0.03151	0.0208	0	0	0	0	0.01814	0.00899	0.1209	0.02033	0.00189	0.00356	0.16178	0.00113	0.00175	0.0019	0.00173	0.16298	0.10243	0.01175	0.03235	0.02183	0.08215	0.02932	0.01425	0.04264	0.02836	0.01731	0.09269	0.03	0.03487	0.03615	0.02248	0.07486	
0.03182	0.03178	0.01771	0.01229	0.05211	0.0137	0.00965	0.01814	0	0	0	0	0.00096	0.0018	0.09019	0.00065	0.0009	0.0013	0.00093	0.09047	0.05813	0.00634	0.01724	0.01189	0.04498	0.01673	0.00828	0.02361	0.01735	0.01037	0.04772	0.01816	0.01957	0.02029	0.01226	0.04148	
0.0166	0.01585	0.00973	0.00598	0.02664	0.00766	0.00487	0.00899	0	0	0	0	0.00059	0.00097	0.04622	0.00038	0.0005	0.00052	0.0004	0.04674	0.02951	0.00353	0.00946	0.00566	0.02353	0.00788	0.00442	0.01233	0.00873	0.00513	0.02468	0.00962	0.00993	0.0105	0.00659	0.02114	
0.26056	0.25175	0.14637	0.0927	0.4708	0.09572	0.06396	0.1209	0	0	0	0	0.0086	0.01567	0.72274	0.00437	0.00796	0.00952	0.00723	0.72667	0.45772	0.05482	0.14228	0.09656	0.36255	0.1336	0.06698	0.18825	0.13956	0.08149	0.38418	0.14615	0.15659	0.16556	0.10071	0.32852	
0.03623	0.03557	0.02096	0.0141	0.05937	0.01615	0.01101	0.02033	0	0	0	0	0.00119	0.00208	0.1029	0.00069	0.00114	0.0012	0.00109	0.10343	0.06457	0.00802	0.02069	0.01358	0.05133	0.01965	0.00935	0.02653	0.01914	0.01112	0.0557	0.0209	0.02252	0.02381	0.01401	0.04652	
0.0036	0.00412	0.00226	0.00136	0.00676	0.00168	0.00101	0.00189	0.00096	0.00059	0.0086	0.00119	0	0	0	0	0.00015	0.00016	9e-05	0.01094	0.00696	0.00085	0.0023	0.00123	0.00557	0.00189	0.00096	0.00292	0.00193	0.00132	0.00583	0.00226	0.00243	0.0026	0.00139	0.00492	
0.00716	0.00729	0.00368	0.00239	0.01274	0.0025	0.00172	0.00356	0.0018	0.00097	0.01567	0.00208	0	0	0	0	0.00022	0.00018	0.00023	0.01989	0.01228	0.00151	0.00385	0.00288	0.01022	0.00344	0.00178	0.00508	0.00387	0.0023	0.01048	0.00387	0.00437	0.00442	0.00278	0.00895	
0.33222	0.32149	0.18755	0.12079	0.58577	0.1283	0.0862	0.16178	0.09019	0.04622	0.72274	0.1029	0	0	0	0	0.01007	0.01215	0.00926	0.93057	0.587	0.06994	0.18247	0.12264	0.46368	0.17129	0.08575	0.24133	0.17799	0.10369	0.49274	0.18763	0.20046	0.21183	0.12868	0.42108	
0.00223	0.00205	0.00128	0.00053	0.00365	0.00075	0.00056	0.00113	0.00065	0.00038	0.00437	0.00069	0	0	0	0	6e-05	5e-05	7e-05	0.00591	0.00369	0.00041	0.00105	0.00094	0.00292	0.00124	0.00054	0.00139	0.00099	0.0008	0.00323	0.00107	0.00135	0.00131	0.00072	0.00271	
0.00359	0.00363	0.00196	0.00132	0.00649	0.00125	0.00101	0.00175	0.0009	0.0005	0.00796	0.00114	0.00015	0.00022	0.01007	6e-05	0	0	0	0	0.00655	0.00061	0.0021	0.00124	0.00518	0.00197	0.00094	0.00241	0.00196	0.00111	0.00553	0.0019	0.00228	0.00231	0.00132	0.00459	
0.00431	0.00396	0.00256	0.00171	0.00784	0.00167	0.00113	0.0019	0.0013	0.00052	0.00952	0.0012	0.00016	0.00018	0.01215	5e-05	0	0	0	0	0.0072	0.0011	0.00263	0.00161	0.00612	0.0021	0.00106	0.00326	0.00202	0.00139	0.00664	0.00249	0.00279	0.00272	0.0017	0.00533	
0.00323	0.0032	0.00201	0.00121	0.0059	0.00126	0.00076	0.00173	0.00093	0.0004	0.00723	0.00109	9e-05	0.00023	0.00926	7e-05	0	0	0	0	0.00596	0.00064	0.00192	0.00113	0.00469	0.00176	0.00088	0.00232	0.00175	0.0011	0.00475	0.00205	0.00219	0.0019	0.00121	0.00435	
0.33408	0.32416	0.18824	0.12083	0.58869	0.12905	0.08659	0.16298	0.09047	0.04674	0.72667	0.10343	0.01094	0.01989	0.93057	0.00591	0	0	0	0	0.59022	0.07036	0.18302	0.12371	0.4664	0.17203	0.08615	0.24273	0.17905	0.10451	0.49536	0.18839	0.20135	0.21323	0.12934	0.42339	
0.20971	0.20499	0.11875	0.07648	0.37147	0.08172	0.05431	0.10243	0.05813	0.02951	0.45772	0.06457	0.00696	0.01228	0.587	0.00369	0.00655	0.0072	0.00596	0.59022	0	0	0	0	0.29355	0.1086	0.05454	0.15324	0.11225	0.06602	0.31222	0.11944	0.12788	0.13521	0.08138	0.26546	
0.02606	0.02334	0.01423	0.00908	0.04474	0.00987	0.00635	0.01175	0.00634	0.00353	0.05482	0.00802	0.00085	0.00151	0.06994	0.00041	0.00061	0.0011	0.00064	0.07036	0	0	0	0	0.03503	0.01347	0.00599	0.01822	0.01368	0.008	0.03698	0.01405	0.01498	0.01573	0.00938	0.03262	
0.06526	0.06405	0.03686	0.0235	0.1152	0.02497	0.01715	0.03235	0.01724	0.00946	0.14228	0.02069	0.0023	0.00385	0.18247	0.00105	0.0021	0.00263	0.00192	0.18302	0	0	0	0	0.09147	0.03289	0.01709	0.04822	0.03542	0.02018	0.09784	0.03623	0.03922	0.0412	0.02594	0.08331	
0.04418	0.04257	0.02493	0.01601	0.07751	0.01667	0.01168	0.02183	0.01189	0.00566	0.09656	0.01358	0.00123	0.00288	0.12264	0.00094	0.00124	0.00161	0.00113	0.12371	0	0	0	0	0.06234	0.0229	0.01141	0.03104	0.02343	0.01391	0.06524	0.02511	0.02653	0.02802	0.01687	0.05627	
0.16571	0.16038	0.09532	0.06098	0.29327	0.0643	0.04267	0.08215	0.04498	0.02353	0.36255	0.05133	0.00557	0.01022	0.46368	0.00292	0.00518	0.00612	0.00469	0.4664	0.29355	0.03503	0.09147	0.06234	0	0	0	0	0.09028	0.05228	0.24696	0.09287	0.10105	0.10535	0.06456	0.21143	
0.06129	0.05965	0.03485	0.02207	0.10804	0.02411	0.01639	0.02932	0.01673	0.00788	0.1336	0.01965	0.00189	0.00344	0.17129	0.00124	0.00197	0.0021	0.00176	0.17203	0.1086	0.01347	0.03289	0.0229	0	0	0	0	0.03294	0.01845	0.09186	0.03461	0.03706	0.03953	0.02378	0.07749	
0.03082	0.03025	0.01688	0.01108	0.05422	0.01244	0.00812	0.01425	0.00828	0.00442	0.06698	0.00935	0.00096	0.00178	0.08575	0.00054	0.00094	0.00106	0.00088	0.08615	0.05454	0.00599	0.01709	0.01141	0	0	0	0	0.01604	0.00926	0.0465	0.01723	0.01825	0.01976	0.01214	0.03888	
0.08739	0.08467	0.04772	0.03094	0.15339	0.03238	0.02231	0.04264	0.02361	0.01233	0.18825	0.02653	0.00292	0.00508	0.24133	0.00139	0.00241	0.00326	0.00232	0.24273	0.15324	0.01822	0.04822	0.03104	0	0	0	0	0.04552	0.02812	0.12696	0.05012	0.05225	0.05552	0.03309	0.10986	
0.06317	0.06193	0.0359	0.02378	0.1179	0.02275	0.01577	0.02836	0.01735	0.00873	0.13956	0.01914	0.00193	0.00387	0.17799	0.00099	0.00196	0.00202	0.00175	0.17905	0.11225	0.01368	0.03542	0.02343	0.09028	0.03294	0.01604	0.04552	0	0	0	0	0.03872	0.04057	0.02462	0.08087	
0.03831	0.03614	0.02064	0.01302	0.06928	0.01269	0.00883	0.01731	0.01037	0.00513	0.08149	0.01112	0.00132	0.0023	0.10369	0.0008	0.00111	0.00139	0.0011	0.10451	0.06602	0.008	0.02018	0.01391	0.05228	0.01845	0.00926	0.02812	0	0	0	0	0.02317	0.02391	0.01424	0.04679	
0.1771	0.17104	0.10051	0.06363	0.2976	0.07306	0.04893	0.09269	0.04772	0.02468	0.38418	0.0557	0.00583	0.01048	0.49274	0.00323	0.00553	0.00664	0.00475	0.49536	0.31222	0.03698	0.09784	0.06524	0.24696	0.09186	0.0465	0.12696	0	0	0	0	0.10555	0.1131	0.06872	0.22491	
0.06663	0.06584	0.03772	0.02464	0.12414	0.02473	0.01596	0.03	0.01816	0.00962	0.14615	0.0209	0.00226	0.00387	0.18763	0.00107	0.0019	0.00249	0.00205	0.18839	0.11944	0.01405	0.03623	0.02511	0.09287	0.03461	0.01723	0.05012	0	0	0	0	0.04117	0.04258	0.02599	0.08509	
0.07185	0.07005	0.04048	0.02623	0.12708	0.02793	0.01873	0.03487	0.01957	0.00993	0.15659	0.02252	0.00243	0.00437	0.20046	0.00135	0.00228	0.00279	0.00219	0.20135	0.12788	0.01498	0.03922	0.02653	0.10105	0.03706	0.01825	0.05225	0.03872	0.02317	0.10555	0.04117	0	0	0	0	
0.07647	0.07326	0.04269	0.02774	0.13468	0.02966	0.01967	0.03615	0.02029	0.0105	0.16556	0.02381	0.0026	0.00442	0.21183	0.00131	0.00231	0.00272	0.0019	0.21323	0.13521	0.01573	0.0412	0.02802	0.10535	0.03953	0.01976	0.05552	0.04057	0.02391	0.1131	0.04258	0	0	0	0	
0.04613	0.04476	0.02642	0.01626	0.08123	0.01758	0.01228	0.02248	0.01226	0.00659	0.10071	0.01401	0.00139	0.00278	0.12868	0.00072	0.00132	0.0017	0.00121	0.12934	0.08138	0.00938	0.02594	0.01687	0.06456	0.02378	0.01214	0.03309	0.02462	0.01424	0.06872	0.02599	0	0	0	0	
0.15076	0.14688	0.08518	0.05484	0.26593	0.05806	0.03881	0.07486	0.04148	0.02114	0.32852	0.04652	0.00492	0.00895	0.42108	0.00271	0.00459	0.00533	0.00435	0.42339	0.26546	0.03262	0.08331	0.05627	0.21143	0.07749	0.03888	0.10986	0.08087	0.04679	0.22491	0.08509	0	0	0	0	
