0	0	0	0	0.236708	0.0366231	0.0264615	0.0583846	0.0360615	0.0157923	0.267446	0.0388769	0.00656923	0.00115385	0.347092	0.00336154	0.00476154	0.00492308	0.00163846	0.346854	0.231146	0.0187692	0.0438231	0.0644385	0.187808	0.0510692	0.0215538	0.0977462	0.0747308	0.0358462	0.171577	0.0760231	0.0839154	0.0549231	0.0419231	0.177415	
0	0	0	0	0.211323	0.0319769	0.0238846	0.0516385	0.0322846	0.0129615	0.238754	0.0348231	0.00575385	0.00118462	0.308623	0.00326154	0.00420769	0.00476154	0.00169231	0.308162	0.206046	0.0167462	0.0390231	0.0570077	0.165323	0.0467	0.0200308	0.0867692	0.0667385	0.0314769	0.153408	0.0672	0.0745615	0.0477077	0.0356231	0.160931	
0	0	0	0	0.118362	0.0171769	0.0132615	0.0287923	0.0174615	0.00768462	0.133769	0.0186769	0.00323846	0.000623077	0.172	0.00173077	0.00240769	0.00270769	0.000746154	0.171731	0.114008	0.00963846	0.0219077	0.0320385	0.0928231	0.0250615	0.0106846	0.0490231	0.0375308	0.0174	0.0840846	0.0385769	0.0426154	0.0272769	0.0200538	0.0876462	
0	0	0	0	0.0471615	0.0295385	0.0226615	0.0460462	0.0185538	0.00813077	0.0985538	0.0201692	0.00258462	0.000538462	0.140838	0.00144615	0.00195385	0.00193077	0.000592308	0.140931	0.0935385	0.00730769	0.0178923	0.0266692	0.0770692	0.0211385	0.0085	0.0387	0.0284154	0.0134154	0.0765231	0.0270538	0.0336	0.0220385	0.0162923	0.0734769	
0.236708	0.211323	0.118362	0.0471615	0	0	0	0	0.0444769	0.0190077	0.502338	0.0477308	0.0111	0.00213846	0.594569	0.00574615	0.00798462	0.00906154	0.00276923	0.593738	0.396646	0.0320077	0.0748615	0.110038	0.315131	0.0898846	0.0387231	0.169815	0.140231	0.0653	0.266115	0.141908	0.1463	0.0948308	0.0706077	0.301815	
0.0366231	0.0319769	0.0171769	0.0295385	0	0	0	0	0.0179923	0.00811538	0.0702462	0.0189615	0.0021	0.000407692	0.111592	0.00121538	0.00173077	0.00146923	0.000615385	0.1115	0.0743385	0.00633077	0.0135615	0.0210846	0.0618385	0.0163308	0.00649231	0.0306538	0.0197846	0.00969231	0.0657231	0.0201154	0.0261231	0.0174154	0.0131615	0.0586154	
0.0264615	0.0238846	0.0132615	0.0226615	0	0	0	0	0.0136923	0.0053	0.0523615	0.0149154	0.00170769	0.000284615	0.0834769	0.0008	0.00125385	0.00121538	0.000430769	0.0833692	0.0549154	0.00476923	0.0107615	0.0158231	0.0469231	0.0117077	0.00491538	0.0227231	0.0150154	0.00753077	0.0487846	0.0149385	0.0199	0.0126692	0.00953077	0.0441692	
0.0583846	0.0516385	0.0287923	0.0460462	0	0	0	0	0.0282	0.0121462	0.113577	0.0309385	0.00323846	0.000669231	0.178915	0.00203846	0.00236154	0.00257692	0.000853846	0.179069	0.118838	0.00935385	0.0234615	0.0332077	0.0991308	0.0260462	0.0106385	0.0490462	0.0323846	0.0156154	0.104969	0.0318923	0.0423692	0.0270308	0.0205923	0.0948692	
0.0360615	0.0322846	0.0174615	0.0185538	0.0444769	0.0179923	0.0136923	0.0282	0	0	0	0	0.00183846	0.000276923	0.101069	0.00117692	0.00171538	0.00149231	0.000669231	0.100485	0.0676692	0.00561538	0.0124846	0.0185923	0.0636846	0.0125077	0.00523077	0.0229385	0.0131923	0.00614615	0.0719769	0.0130462	0.0231077	0.0147769	0.0107692	0.0557077	
0.0157923	0.0129615	0.00768462	0.00813077	0.0190077	0.00811538	0.0053	0.0121462	0	0	0	0	0.000815385	0.000184615	0.0431385	0.000430769	0.0007	0.000623077	0.000246154	0.043	0.0282077	0.0024	0.00576923	0.00819231	0.0268692	0.00521538	0.0023	0.0101846	0.00572308	0.00265385	0.0304846	0.00570769	0.01	0.00624615	0.00463846	0.0236846	
0.267446	0.238754	0.133769	0.0985538	0.502338	0.0702462	0.0523615	0.113577	0	0	0	0	0.0134308	0.00270769	0.715115	0.00726923	0.0096	0.0106077	0.00315385	0.715162	0.477177	0.0383077	0.0903538	0.132685	0.364569	0.112946	0.0476538	0.213354	0.174577	0.0821769	0.305862	0.175908	0.176938	0.115015	0.0864615	0.360108	
0.0388769	0.0348231	0.0186769	0.0201692	0.0477308	0.0189615	0.0149154	0.0309385	0	0	0	0	0.00206154	0.000330769	0.109231	0.000923077	0.00131538	0.0016	0.0006	0.109031	0.0716846	0.00613846	0.0140385	0.0206846	0.0679	0.0133	0.00558462	0.0257615	0.0139231	0.00716154	0.0772692	0.0141923	0.0246462	0.0159077	0.0120231	0.0599692	
0.00656923	0.00575385	0.00323846	0.00258462	0.0111	0.0021	0.00170769	0.00323846	0.00183846	0.000815385	0.0134308	0.00206154	0	0	0	0	0.000184615	0.000292308	6.92308e-05	0.0176	0.0116846	0.000861538	0.00216154	0.00343846	0.00946923	0.00271538	0.00126923	0.00469231	0.00335385	0.00191538	0.0091	0.00377692	0.00423077	0.00276154	0.00190769	0.00924615	
0.00115385	0.00118462	0.000623077	0.000538462	0.00213846	0.000407692	0.000284615	0.000669231	0.000276923	0.000184615	0.00270769	0.000330769	0	0	0	0	3.84615e-05	9.23077e-05	1.53846e-05	0.00335385	0.00229231	0.000192308	0.000384615	0.000630769	0.00186154	0.000423077	0.000192308	0.00102308	0.000807692	0.0003	0.00160769	0.000784615	0.000792308	0.000561538	0.000430769	0.00171538	
0.347092	0.308623	0.172	0.140838	0.594569	0.111592	0.0834769	0.178915	0.101069	0.0431385	0.715115	0.109231	0	0	0	0	0.0129692	0.0138231	0.00456154	0.9372	0.624508	0.0509231	0.118731	0.174392	0.506631	0.1395	0.0587077	0.263715	0.201085	0.0949385	0.470508	0.202023	0.227285	0.1472	0.110308	0.483762	
0.00336154	0.00326154	0.00173077	0.00144615	0.00574615	0.00121538	0.0008	0.00203846	0.00117692	0.000430769	0.00726923	0.000923077	0	0	0	0	0.000138462	0.000115385	2.30769e-05	0.00952308	0.00625385	0.000484615	0.00136923	0.00169231	0.00506154	0.00133077	0.0006	0.00280769	0.00216923	0.000984615	0.00437692	0.00226923	0.00238462	0.00142308	0.00124615	0.00474615	
0.00476154	0.00420769	0.00240769	0.00195385	0.00798462	0.00173077	0.00125385	0.00236154	0.00171538	0.0007	0.0096	0.00131538	0.000184615	3.84615e-05	0.0129692	0.000138462	0	0	0	0	0.00875385	0.000807692	0.00149231	0.00227692	0.00697692	0.00182308	0.000961538	0.00356923	0.00263846	0.00146154	0.00639231	0.00283846	0.00307692	0.00195385	0.0015	0.0068	
0.00492308	0.00476154	0.00270769	0.00193077	0.00906154	0.00146923	0.00121538	0.00257692	0.00149231	0.000623077	0.0106077	0.0016	0.000292308	9.23077e-05	0.0138231	0.000115385	0	0	0	0	0.00944615	0.0007	0.00172308	0.00245385	0.00774615	0.00200769	0.000838462	0.00373077	0.00298462	0.00132308	0.00698462	0.00303077	0.00348462	0.00207692	0.00170769	0.00705385	
0.00163846	0.00169231	0.000746154	0.000592308	0.00276923	0.000615385	0.000430769	0.000853846	0.000669231	0.000246154	0.00315385	0.0006	6.92308e-05	1.53846e-05	0.00456154	2.30769e-05	0	0	0	0	0.00305385	0.000223077	0.000569231	0.000823077	0.00254615	0.000615385	0.000238462	0.00126923	0.000915385	0.000338462	0.00243846	0.000976923	0.00123077	0.000553846	0.000453846	0.00243077	
0.346854	0.308162	0.171731	0.140931	0.593738	0.1115	0.0833692	0.179069	0.100485	0.043	0.715162	0.109031	0.0176	0.00335385	0.9372	0.00952308	0	0	0	0	0.623485	0.0507308	0.118862	0.1746	0.505754	0.139523	0.0587308	0.263669	0.200877	0.0950154	0.469777	0.202008	0.2269	0.147362	0.110231	0.483185	
0.231146	0.206046	0.114008	0.0935385	0.396646	0.0743385	0.0549154	0.118838	0.0676692	0.0282077	0.477177	0.0716846	0.0116846	0.00229231	0.624508	0.00625385	0.00875385	0.00944615	0.00305385	0.623485	0	0	0	0	0.336669	0.0935154	0.0390615	0.175492	0.132308	0.0634923	0.313238	0.1357	0.150869	0.0984077	0.0730615	0.3224	
0.0187692	0.0167462	0.00963846	0.00730769	0.0320077	0.00633077	0.00476923	0.00935385	0.00561538	0.0024	0.0383077	0.00613846	0.000861538	0.000192308	0.0509231	0.000484615	0.000807692	0.0007	0.000223077	0.0507308	0	0	0	0	0.0277538	0.00736923	0.00338462	0.0139538	0.0110385	0.00513846	0.0254769	0.0108077	0.0123923	0.00846923	0.00571538	0.0258846	
0.0438231	0.0390231	0.0219077	0.0178923	0.0748615	0.0135615	0.0107615	0.0234615	0.0124846	0.00576923	0.0903538	0.0140385	0.00216154	0.000384615	0.118731	0.00136923	0.00149231	0.00172308	0.000569231	0.118862	0	0	0	0	0.0643385	0.0175462	0.00734615	0.0334154	0.0262692	0.0117462	0.0590385	0.0255923	0.0289385	0.0181846	0.0142462	0.0612769	
0.0644385	0.0570077	0.0320385	0.0266692	0.110038	0.0210846	0.0158231	0.0332077	0.0185923	0.00819231	0.132685	0.0206846	0.00343846	0.000630769	0.174392	0.00169231	0.00227692	0.00245385	0.000823077	0.1746	0	0	0	0	0.0942615	0.0255385	0.0109769	0.0493769	0.0378	0.0177615	0.0878385	0.0367538	0.0424923	0.0268846	0.0208692	0.0899077	
0.187808	0.165323	0.0928231	0.0770692	0.315131	0.0618385	0.0469231	0.0991308	0.0636846	0.0268692	0.364569	0.0679	0.00946923	0.00186154	0.506631	0.00506154	0.00697692	0.00774615	0.00254615	0.505754	0.336669	0.0277538	0.0643385	0.0942615	0	0	0	0	0.101085	0.0479462	0.271762	0.102231	0.121	0.0785692	0.0591	0.264354	
0.0510692	0.0467	0.0250615	0.0211385	0.0898846	0.0163308	0.0117077	0.0260462	0.0125077	0.00521538	0.112946	0.0133	0.00271538	0.000423077	0.1395	0.00133077	0.00182308	0.00200769	0.000615385	0.139523	0.0935154	0.00736923	0.0175462	0.0255385	0	0	0	0	0.0325462	0.0151692	0.0645154	0.0317385	0.0341385	0.0220538	0.0164462	0.0713308	
0.0215538	0.0200308	0.0106846	0.0085	0.0387231	0.00649231	0.00491538	0.0106385	0.00523077	0.0023	0.0476538	0.00558462	0.00126923	0.000192308	0.0587077	0.0006	0.000961538	0.000838462	0.000238462	0.0587308	0.0390615	0.00338462	0.00734615	0.0109769	0	0	0	0	0.0134846	0.00650769	0.0269615	0.0138154	0.0141923	0.00936154	0.00723077	0.0299846	
0.0977462	0.0867692	0.0490231	0.0387	0.169815	0.0306538	0.0227231	0.0490462	0.0229385	0.0101846	0.213354	0.0257615	0.00469231	0.00102308	0.263715	0.00280769	0.00356923	0.00373077	0.00126923	0.263669	0.175492	0.0139538	0.0334154	0.0493769	0	0	0	0	0.0603	0.0285154	0.122354	0.0610692	0.0653615	0.0419615	0.0311154	0.1338	
0.0747308	0.0667385	0.0375308	0.0284154	0.140231	0.0197846	0.0150154	0.0323846	0.0131923	0.00572308	0.174577	0.0139231	0.00335385	0.000807692	0.201085	0.00216923	0.00263846	0.00298462	0.000915385	0.200877	0.132308	0.0110385	0.0262692	0.0378	0.101085	0.0325462	0.0134846	0.0603	0	0	0	0	0.0578692	0.0365308	0.0280154	0.085	
0.0358462	0.0314769	0.0174	0.0134154	0.0653	0.00969231	0.00753077	0.0156154	0.00614615	0.00265385	0.0821769	0.00716154	0.00191538	0.0003	0.0949385	0.000984615	0.00146154	0.00132308	0.000338462	0.0950154	0.0634923	0.00513846	0.0117462	0.0177615	0.0479462	0.0151692	0.00650769	0.0285154	0	0	0	0	0.0274846	0.0178077	0.0130385	0.0398077	
0.171577	0.153408	0.0840846	0.0765231	0.266115	0.0657231	0.0487846	0.104969	0.0719769	0.0304846	0.305862	0.0772692	0.0091	0.00160769	0.470508	0.00437692	0.00639231	0.00698462	0.00243846	0.469777	0.313238	0.0254769	0.0590385	0.0878385	0.271762	0.0645154	0.0269615	0.122354	0	0	0	0	0.0924231	0.0602769	0.0453769	0.287515	
0.0760231	0.0672	0.0385769	0.0270538	0.141908	0.0201154	0.0149385	0.0318923	0.0130462	0.00570769	0.175908	0.0141923	0.00377692	0.000784615	0.202023	0.00226923	0.00283846	0.00303077	0.000976923	0.202008	0.1357	0.0108077	0.0255923	0.0367538	0.102231	0.0317385	0.0138154	0.0610692	0	0	0	0	0.0569154	0.0373308	0.0274615	0.0871462	
0.0839154	0.0745615	0.0426154	0.0336	0.1463	0.0261231	0.0199	0.0423692	0.0231077	0.01	0.176938	0.0246462	0.00423077	0.000792308	0.227285	0.00238462	0.00307692	0.00348462	0.00123077	0.2269	0.150869	0.0123923	0.0289385	0.0424923	0.121	0.0341385	0.0141923	0.0653615	0.0578692	0.0274846	0.0924231	0.0569154	0	0	0	0	
0.0549231	0.0477077	0.0272769	0.0220385	0.0948308	0.0174154	0.0126692	0.0270308	0.0147769	0.00624615	0.115015	0.0159077	0.00276154	0.000561538	0.1472	0.00142308	0.00195385	0.00207692	0.000553846	0.147362	0.0984077	0.00846923	0.0181846	0.0268846	0.0785692	0.0220538	0.00936154	0.0419615	0.0365308	0.0178077	0.0602769	0.0373308	0	0	0	0	
0.0419231	0.0356231	0.0200538	0.0162923	0.0706077	0.0131615	0.00953077	0.0205923	0.0107692	0.00463846	0.0864615	0.0120231	0.00190769	0.000430769	0.110308	0.00124615	0.0015	0.00170769	0.000453846	0.110231	0.0730615	0.00571538	0.0142462	0.0208692	0.0591	0.0164462	0.00723077	0.0311154	0.0280154	0.0130385	0.0453769	0.0274615	0	0	0	0	
0.177415	0.160931	0.0876462	0.0734769	0.301815	0.0586154	0.0441692	0.0948692	0.0557077	0.0236846	0.360108	0.0599692	0.00924615	0.00171538	0.483762	0.00474615	0.0068	0.00705385	0.00243077	0.483185	0.3224	0.0258846	0.0612769	0.0899077	0.264354	0.0713308	0.0299846	0.1338	0.085	0.0398077	0.287515	0.0871462	0	0	0	0	
