0	0	0	0	0.25236	0.02856	0.0271067	0.06286	0.0399533	0.00971333	0.278473	0.0427467	6.66667e-05	0	0.37082	0	0	0.0172933	0	0.353593	0.240607	0.0173933	0.04904	0.0638467	0.182407	0.0444733	0.02666	0.117347	0.07058	0.0344133	0.176747	0.0891467	0.0838733	0.0532	0.0384467	0.195367	
0	0	0	0	0.207093	0.02332	0.02204	0.0495	0.0328067	0.00828	0.226307	0.03456	7.33333e-05	0	0.30188	0	0	0.0145933	0	0.28736	0.195887	0.01416	0.0389333	0.0529733	0.1483	0.03626	0.0214733	0.09592	0.0592933	0.0271	0.142813	0.0727467	0.0679867	0.0445667	0.0313733	0.158027	
0	0	0	0	0.121147	0.01358	0.01304	0.0301867	0.0194133	0.00465333	0.133347	0.02054	6.66667e-05	0	0.177887	0	0	0.00847333	0	0.16948	0.11586	0.00829333	0.0232933	0.0305067	0.0878333	0.0216067	0.0127667	0.0557467	0.0337133	0.0160533	0.0848933	0.0432933	0.0405733	0.02594	0.0187933	0.0926467	
0	0	0	0	0.04712	0.0245867	0.0236267	0.0538733	0.01982	0.00499333	0.104067	0.0203267	6e-05	0	0.149147	0	0	0.00724	0	0.141967	0.100413	0.00673333	0.01838	0.02368	0.0759333	0.0163667	0.0101467	0.04676	0.02474	0.0115067	0.0821533	0.0308067	0.0331867	0.02114	0.0152333	0.0796467	
0.25236	0.207093	0.121147	0.04712	0	0	0	0	0.0548667	0.0136533	0.501767	0.0574333	0.000146667	0	0.627573	0	0	0.0292133	0	0.598507	0.39412	0.0310333	0.0870933	0.115473	0.300007	0.0810533	0.0459667	0.200693	0.135347	0.0637467	0.258367	0.17026	0.14556	0.0932533	0.0666133	0.322293	
0.02856	0.02332	0.01358	0.0245867	0	0	0	0	0.0156067	0.00386667	0.0542133	0.01636	3.33333e-05	0	0.0900133	0	0	0.0045	0	0.0855467	0.06274	0.00378	0.0103533	0.0131733	0.0482067	0.00946	0.00578667	0.0265933	0.0124933	0.0061	0.0560533	0.0154	0.0192	0.0123467	0.00906	0.04944	
0.0271067	0.02204	0.01304	0.0236267	0	0	0	0	0.0150867	0.00352	0.0517667	0.01544	0	0	0.0858133	0	0	0.00448667	0	0.0813267	0.05972	0.00340667	0.00984667	0.01284	0.0454533	0.00853333	0.00554	0.0262867	0.0120533	0.00559333	0.0537	0.0144667	0.0184733	0.0115533	0.00840667	0.04738	
0.06286	0.0495	0.0301867	0.0538733	0	0	0	0	0.0264333	0.0066	0.134447	0.02894	8.66667e-05	0	0.196333	0	0	0.0094	0	0.18702	0.136187	0.00836	0.0223533	0.02952	0.100807	0.01966	0.0137533	0.0622	0.0284333	0.0136333	0.118487	0.0358667	0.0423867	0.0276933	0.0197667	0.106573	
0.0399533	0.0328067	0.0194133	0.01982	0.0548667	0.0156067	0.0150867	0.0264333	0	0	0	0	2e-05	0	0.111973	0	0	0.00678667	0	0.105207	0.0768	0.00504	0.0136067	0.0165467	0.07292	0.00757333	0.0059	0.0256	0.0129533	0.00588667	0.07682	0.0163333	0.0236467	0.0149533	0.0108933	0.0625	
0.00971333	0.00828	0.00465333	0.00499333	0.0136533	0.00386667	0.00352	0.0066	0	0	0	0	6.66667e-06	0	0.0276333	0	0	0.00162	0	0.02602	0.01864	0.00131333	0.00352	0.00416667	0.0179133	0.00184667	0.00150667	0.00637333	0.00332	0.00142667	0.0190933	0.0038	0.0062	0.00350667	0.00255333	0.01538	
0.278473	0.226307	0.133347	0.104067	0.501767	0.0542133	0.0517667	0.134447	0	0	0	0	0.0002	0	0.741993	0	0	0.0324067	0	0.709787	0.476707	0.0349067	0.0975133	0.133067	0.3266	0.10148	0.0573067	0.256807	0.15864	0.0753	0.308867	0.199387	0.171213	0.11066	0.0788267	0.381493	
0.0427467	0.03456	0.02054	0.0203267	0.0574333	0.01636	0.01544	0.02894	0	0	0	0	4e-05	0	0.118133	0	0	0.00678667	0	0.111387	0.08062	0.00532	0.0150067	0.0172267	0.07704	0.00780667	0.00633333	0.0269933	0.0134133	0.00646	0.0818267	0.0164733	0.02456	0.0157267	0.0115733	0.0663133	
6.66667e-05	7.33333e-05	6.66667e-05	6e-05	0.000146667	3.33333e-05	0	8.66667e-05	2e-05	6.66667e-06	0.0002	4e-05	0	0	0	0	0	2.66667e-05	0	0.00024	0.000166667	1.33333e-05	5.33333e-05	3.33333e-05	0.000133333	2.66667e-05	2.66667e-05	8e-05	7.33333e-05	6.66667e-06	0.000133333	5.33333e-05	6.66667e-05	3.33333e-05	2e-05	0.000146667	
0	0	0	0	0	0	0	0	0	0	0	0	0	0	0	0	0	0	0	0	0	0	0	0	0	0	0	0	0	0	0	0	0	0	0	0	
0.37082	0.30188	0.177887	0.149147	0.627573	0.0900133	0.0858133	0.196333	0.111973	0.0276333	0.741993	0.118133	0	0	0	0	0	0.0475733	0	0.95216	0.6526	0.0465667	0.129593	0.170973	0.49434	0.11868	0.07102	0.315693	0.188253	0.0890667	0.486473	0.23594	0.225553	0.144813	0.103827	0.52554	
0	0	0	0	0	0	0	0	0	0	0	0	0	0	0	0	0	0	0	0	0	0	0	0	0	0	0	0	0	0	0	0	0	0	0	0	
0	0	0	0	0	0	0	0	0	0	0	0	0	0	0	0	0	0	0	0	0	0	0	0	0	0	0	0	0	0	0	0	0	0	0	0	
0.0172933	0.0145933	0.00847333	0.00724	0.0292133	0.0045	0.00448667	0.0094	0.00678667	0.00162	0.0324067	0.00678667	2.66667e-05	0	0.0475733	0	0	0	0	0	0.0313133	0.00204667	0.00638667	0.00785333	0.0236333	0.00571333	0.00357333	0.01468	0.0088	0.00408	0.0238	0.01092	0.0104467	0.00713333	0.00500667	0.0250133	
0	0	0	0	0	0	0	0	0	0	0	0	0	0	0	0	0	0	0	0	0	0	0	0	0	0	0	0	0	0	0	0	0	0	0	0	
0.353593	0.28736	0.16948	0.141967	0.598507	0.0855467	0.0813267	0.18702	0.105207	0.02602	0.709787	0.111387	0.00024	0	0.95216	0	0	0	0	0	0.621453	0.0445333	0.12326	0.163153	0.47084	0.112993	0.0674733	0.301093	0.179527	0.0849933	0.462807	0.225073	0.215173	0.137713	0.09884	0.500673	
0.240607	0.195887	0.11586	0.100413	0.39412	0.06274	0.05972	0.136187	0.0768	0.01864	0.476707	0.08062	0.000166667	0	0.6526	0	0	0.0313133	0	0.621453	0	0	0	0	0.332587	0.0721067	0.0415133	0.20656	0.129307	0.0615067	0.299	0.162953	0.148453	0.0954267	0.0687533	0.340133	
0.0173933	0.01416	0.00829333	0.00673333	0.0310333	0.00378	0.00340667	0.00836	0.00504	0.00131333	0.0349067	0.00532	1.33333e-05	0	0.0465667	0	0	0.00204667	0	0.0445333	0	0	0	0	0.0264467	0.00495333	0.00298	0.0122	0.00780667	0.00356667	0.0254133	0.00979333	0.0105333	0.00662	0.00462667	0.0248	
0.04904	0.0389333	0.0232933	0.01838	0.0870933	0.0103533	0.00984667	0.0223533	0.0136067	0.00352	0.0975133	0.0150067	5.33333e-05	0	0.129593	0	0	0.00638667	0	0.12326	0	0	0	0	0.07264	0.0143933	0.00934	0.0332733	0.02198	0.01	0.0708	0.0268667	0.02808	0.0185733	0.0131133	0.06988	
0.0638467	0.0529733	0.0305067	0.02368	0.115473	0.0131733	0.01284	0.02952	0.0165467	0.00416667	0.133067	0.0172267	3.33333e-05	0	0.170973	0	0	0.00785333	0	0.163153	0	0	0	0	0.0628	0.0272533	0.0172133	0.06374	0.0292333	0.014	0.0913933	0.03638	0.0385533	0.0242267	0.0173533	0.0908733	
0.182407	0.1483	0.0878333	0.0759333	0.300007	0.0482067	0.0454533	0.100807	0.07292	0.0179133	0.3266	0.07704	0.000133333	0	0.49434	0	0	0.0236333	0	0.47084	0.332587	0.0264467	0.07264	0.0628	0	0	0	0	0.08416	0.0396	0.264153	0.10656	0.108933	0.07056	0.0508267	0.264153	
0.0444733	0.03626	0.0216067	0.0163667	0.0810533	0.00946	0.00853333	0.01966	0.00757333	0.00184667	0.10148	0.00780667	2.66667e-05	0	0.11868	0	0	0.00571333	0	0.112993	0.0721067	0.00495333	0.0143933	0.0272533	0	0	0	0	0.0327667	0.0155133	0.0296733	0.0407533	0.0296867	0.0183467	0.0132267	0.0574467	
0.02666	0.0214733	0.0127667	0.0101467	0.0459667	0.00578667	0.00554	0.0137533	0.0059	0.00150667	0.0573067	0.00633333	2.66667e-05	0	0.07102	0	0	0.00357333	0	0.0674733	0.0415133	0.00298	0.00934	0.0172133	0	0	0	0	0.01312	0.0062	0.0354933	0.0162333	0.0161067	0.0101333	0.00713333	0.0376733	
0.117347	0.09592	0.0557467	0.04676	0.200693	0.0265933	0.0262867	0.0622	0.0256	0.00637333	0.256807	0.0269933	8e-05	0	0.315693	0	0	0.01468	0	0.301093	0.20656	0.0122	0.0332733	0.06374	0	0	0	0	0.05828	0.02776	0.157287	0.0724467	0.0708933	0.0458067	0.03266	0.166413	
0.07058	0.0592933	0.0337133	0.02474	0.135347	0.0124933	0.0120533	0.0284333	0.0129533	0.00332	0.15864	0.0134133	7.33333e-05	0	0.188253	0	0	0.0088	0	0.179527	0.129307	0.00780667	0.02198	0.0292333	0.08416	0.0327667	0.01312	0.05828	0	0	0	0	0.0495533	0.0321	0.02196	0.0847133	
0.0344133	0.0271	0.0160533	0.0115067	0.0637467	0.0061	0.00559333	0.0136333	0.00588667	0.00142667	0.0753	0.00646	6.66667e-06	0	0.0890667	0	0	0.00408	0	0.0849933	0.0615067	0.00356667	0.01	0.014	0.0396	0.0155133	0.0062	0.02776	0	0	0	0	0.0235	0.0147533	0.0110067	0.0398133	
0.176747	0.142813	0.0848933	0.0821533	0.258367	0.0560533	0.0537	0.118487	0.07682	0.0190933	0.308867	0.0818267	0.000133333	0	0.486473	0	0	0.0238	0	0.462807	0.299	0.0254133	0.0708	0.0913933	0.264153	0.0296733	0.0354933	0.157287	0	0	0	0	0.0901533	0.0582333	0.0423267	0.295893	
0.0891467	0.0727467	0.0432933	0.0308067	0.17026	0.0154	0.0144667	0.0358667	0.0163333	0.0038	0.199387	0.0164733	5.33333e-05	0	0.23594	0	0	0.01092	0	0.225073	0.162953	0.00979333	0.0268667	0.03638	0.10656	0.0407533	0.0162333	0.0724467	0	0	0	0	0.0624133	0.03976	0.0285533	0.105267	
0.0838733	0.0679867	0.0405733	0.0331867	0.14556	0.0192	0.0184733	0.0423867	0.0236467	0.0062	0.171213	0.02456	6.66667e-05	0	0.225553	0	0	0.0104467	0	0.215173	0.148453	0.0105333	0.02808	0.0385533	0.108933	0.0296867	0.0161067	0.0708933	0.0495533	0.0235	0.0901533	0.0624133	0	0	0	0	
0.0532	0.0445667	0.02594	0.02114	0.0932533	0.0123467	0.0115533	0.0276933	0.0149533	0.00350667	0.11066	0.0157267	3.33333e-05	0	0.144813	0	0	0.00713333	0	0.137713	0.0954267	0.00662	0.0185733	0.0242267	0.07056	0.0183467	0.0101333	0.0458067	0.0321	0.0147533	0.0582333	0.03976	0	0	0	0	
0.0384467	0.0313733	0.0187933	0.0152333	0.0666133	0.00906	0.00840667	0.0197667	0.0108933	0.00255333	0.0788267	0.0115733	2e-05	0	0.103827	0	0	0.00500667	0	0.09884	0.0687533	0.00462667	0.0131133	0.0173533	0.0508267	0.0132267	0.00713333	0.03266	0.02196	0.0110067	0.0423267	0.0285533	0	0	0	0	
0.195367	0.158027	0.0926467	0.0796467	0.322293	0.04944	0.04738	0.106573	0.0625	0.01538	0.381493	0.0663133	0.000146667	0	0.52554	0	0	0.0250133	0	0.500673	0.340133	0.0248	0.06988	0.0908733	0.264153	0.0574467	0.0376733	0.166413	0.0847133	0.0398133	0.295893	0.105267	0	0	0	0	
