0	0	0	0	0.24998	0.02936	0.02808	0.0615467	0.0387133	0.01016	0.278613	0.04148	0.000126667	0	0.36884	0	0	0.01802	0	0.350947	0.24152	0.01702	0.04762	0.0628067	0.181067	0.0449933	0.0265	0.116407	0.0713533	0.03368	0.17516	0.0887733	0.0851933	0.0548467	0.03878	0.190147	
0	0	0	0	0.205753	0.0239667	0.0228267	0.0500133	0.03262	0.00815333	0.227007	0.03478	6.66667e-05	0	0.302493	0	0	0.01474	0	0.28782	0.19712	0.0139733	0.0387467	0.05272	0.148453	0.03638	0.0223067	0.09542	0.0585667	0.02768	0.144027	0.0722867	0.0686733	0.0438133	0.03144	0.158633	
0	0	0	0	0.12106	0.0146333	0.0135867	0.02986	0.0191533	0.00498	0.134713	0.0202933	5.33333e-05	0	0.179087	0	0	0.00873333	0	0.170407	0.117047	0.00792	0.0229667	0.0312067	0.0882133	0.0217267	0.01298	0.05622	0.0345	0.0164133	0.08538	0.0428467	0.04016	0.0261733	0.0184933	0.0943133	
0	0	0	0	0.0458267	0.02544	0.02476	0.0533067	0.02022	0.00505333	0.102733	0.0213267	4.66667e-05	0	0.149287	0	0	0.00748	0	0.141853	0.101127	0.00648667	0.0182133	0.0235067	0.07544	0.0166867	0.01064	0.0465667	0.02556	0.0117133	0.0812133	0.0308467	0.0336467	0.0212267	0.0154267	0.0790333	
0.24998	0.205753	0.12106	0.0458267	0	0	0	0	0.05136	0.01338	0.503427	0.0544533	0.000186667	0	0.622433	0	0	0.03038	0	0.59224	0.39668	0.0298467	0.0833933	0.1127	0.296253	0.08142	0.0459133	0.199033	0.1351	0.0638733	0.255027	0.16862	0.14596	0.09334	0.06676	0.31656	
0.02936	0.0239667	0.0146333	0.02544	0	0	0	0	0.0146467	0.00368	0.0593333	0.01574	3.33333e-05	0	0.0933667	0	0	0.0047	0	0.0887	0.06484	0.00388667	0.0104933	0.01418	0.0489467	0.00966	0.0067	0.0280933	0.0132133	0.00659333	0.05726	0.0163333	0.0198067	0.0128333	0.00918667	0.0515733	
0.02808	0.0228267	0.0135867	0.02476	0	0	0	0	0.0142733	0.00377333	0.0559667	0.01524	3.33333e-05	0	0.08922	0	0	0.00438	0	0.0848733	0.0611533	0.00354667	0.01078	0.0137733	0.0465	0.00908667	0.00596667	0.0277	0.0134267	0.00592667	0.0544	0.0155	0.0195533	0.0127733	0.00869333	0.0482333	
0.0615467	0.0500133	0.02986	0.0533067	0	0	0	0	0.0304267	0.00751333	0.12434	0.0324467	4e-05	0	0.194687	0	0	0.00951333	0	0.185213	0.13414	0.00812	0.02288	0.0295867	0.101473	0.01962	0.0138467	0.0597867	0.02824	0.0130933	0.119093	0.0343	0.0423533	0.0271133	0.0195	0.10576	
0.0387133	0.03262	0.0191533	0.02022	0.05136	0.0146467	0.0142733	0.0304267	0	0	0	0	4.66667e-05	0	0.11066	0	0	0.00542667	0	0.10528	0.07244	0.00558667	0.0151333	0.0175467	0.0716067	0.00748	0.00616667	0.0254533	0.0125867	0.00592667	0.0763667	0.0158267	0.0240267	0.0148867	0.0102133	0.06158	
0.01016	0.00815333	0.00498	0.00505333	0.01338	0.00368	0.00377333	0.00751333	0	0	0	0	1.33333e-05	0	0.0283333	0	0	0.00136	0	0.0269867	0.0189267	0.00140667	0.00360667	0.00440667	0.0180733	0.00216667	0.00143333	0.00667333	0.00336667	0.00158667	0.0192933	0.0041	0.00581333	0.0039	0.00274	0.0158933	
0.278613	0.227007	0.134713	0.102733	0.503427	0.0593333	0.0559667	0.12434	0	0	0	0	0.0002	0	0.742867	0	0	0.0363267	0	0.70674	0.487807	0.0327267	0.0931667	0.129367	0.327767	0.101887	0.0582267	0.255187	0.160207	0.0752333	0.309913	0.197713	0.173407	0.11142	0.0791733	0.379067	
0.04148	0.03478	0.0202933	0.0213267	0.0544533	0.01574	0.01524	0.0324467	0	0	0	0	3.33333e-05	0	0.117847	0	0	0.00586	0	0.11202	0.07764	0.00568	0.01564	0.01892	0.0757267	0.00825333	0.0066	0.0273	0.01382	0.00674	0.0802067	0.0171133	0.0244267	0.0158533	0.0120133	0.0655867	
0.000126667	6.66667e-05	5.33333e-05	4.66667e-05	0.000186667	3.33333e-05	3.33333e-05	4e-05	4.66667e-05	1.33333e-05	0.0002	3.33333e-05	0	0	0	0	0	1.33333e-05	0	0.00028	0.000206667	6.66667e-06	4e-05	4e-05	0.000166667	2e-05	1.33333e-05	9.33333e-05	3.33333e-05	4.66667e-05	0.000153333	6e-05	4.66667e-05	6.66667e-05	2.66667e-05	0.000153333	
0	0	0	0	0	0	0	0	0	0	0	0	0	0	0	0	0	0	0	0	0	0	0	0	0	0	0	0	0	0	0	0	0	0	0	0	
0.36884	0.302493	0.179087	0.149287	0.622433	0.0933667	0.08922	0.194687	0.11066	0.0283333	0.742867	0.117847	0	0	0	0	0	0.04896	0	0.950747	0.656607	0.0453933	0.127507	0.1702	0.493007	0.119767	0.0724133	0.31452	0.189947	0.08944	0.485627	0.234693	0.227627	0.145993	0.104113	0.521973	
0	0	0	0	0	0	0	0	0	0	0	0	0	0	0	0	0	0	0	0	0	0	0	0	0	0	0	0	0	0	0	0	0	0	0	0	
0	0	0	0	0	0	0	0	0	0	0	0	0	0	0	0	0	0	0	0	0	0	0	0	0	0	0	0	0	0	0	0	0	0	0	0	
0.01802	0.01474	0.00873333	0.00748	0.03038	0.0047	0.00438	0.00951333	0.00542667	0.00136	0.0363267	0.00586	1.33333e-05	0	0.04896	0	0	0	0	0	0.0320867	0.0024	0.00624667	0.00824	0.0244533	0.00593333	0.00349333	0.0150933	0.00936	0.00449333	0.02364	0.01148	0.0111867	0.0073	0.00493333	0.0255533	
0	0	0	0	0	0	0	0	0	0	0	0	0	0	0	0	0	0	0	0	0	0	0	0	0	0	0	0	0	0	0	0	0	0	0	0	
0.350947	0.28782	0.170407	0.141853	0.59224	0.0887	0.0848733	0.185213	0.10528	0.0269867	0.70674	0.11202	0.00028	0	0.950747	0	0	0	0	0	0.624727	0.043	0.1213	0.162	0.46872	0.113853	0.0689333	0.29952	0.18062	0.0849933	0.46214	0.223273	0.216487	0.13876	0.0992067	0.496573	
0.24152	0.19712	0.117047	0.101127	0.39668	0.06484	0.0611533	0.13414	0.07244	0.0189267	0.487807	0.07764	0.000206667	0	0.656607	0	0	0.0320867	0	0.624727	0	0	0	0	0.34038	0.0763933	0.0444533	0.195587	0.131513	0.0618	0.301773	0.161727	0.151573	0.0966267	0.0694533	0.33916	
0.01702	0.0139733	0.00792	0.00648667	0.0298467	0.00388667	0.00354667	0.00812	0.00558667	0.00140667	0.0327267	0.00568	6.66667e-06	0	0.0453933	0	0	0.0024	0	0.043	0	0	0	0	0.02386	0.0052	0.00313333	0.0132067	0.00772	0.00388667	0.02478	0.00901333	0.01022	0.00668667	0.00456	0.0239333	
0.04762	0.0387467	0.0229667	0.0182133	0.0833933	0.0104933	0.01078	0.02288	0.0151333	0.00360667	0.0931667	0.01564	4e-05	0	0.127507	0	0	0.00624667	0	0.1213	0	0	0	0	0.0675867	0.01334	0.00875333	0.0378667	0.0209333	0.0100333	0.0698667	0.0267133	0.0286333	0.01818	0.0128267	0.0679067	
0.0628067	0.05272	0.0312067	0.0235067	0.1127	0.01418	0.0137733	0.0295867	0.0175467	0.00440667	0.129367	0.01892	4e-05	0	0.1702	0	0	0.00824	0	0.162	0	0	0	0	0.0613467	0.0248533	0.0160867	0.0679533	0.0298133	0.0137667	0.08936	0.0373	0.0372467	0.0245667	0.0173	0.0911267	
0.181067	0.148453	0.0882133	0.07544	0.296253	0.0489467	0.0465	0.101473	0.0716067	0.0180733	0.327767	0.0757267	0.000166667	0	0.493007	0	0	0.0244533	0	0.46872	0.34038	0.02386	0.0675867	0.0613467	0	0	0	0	0.0857	0.0400733	0.26244	0.10496	0.110227	0.0708667	0.05076	0.26132	
0.0449933	0.03638	0.0217267	0.0166867	0.08142	0.00966	0.00908667	0.01962	0.00748	0.00216667	0.101887	0.00825333	2e-05	0	0.119767	0	0	0.00593333	0	0.113853	0.0763933	0.0052	0.01334	0.0248533	0	0	0	0	0.03274	0.0161067	0.0302267	0.0407133	0.0295133	0.0187533	0.01336	0.05816	
0.0265	0.0223067	0.01298	0.01064	0.0459133	0.0067	0.00596667	0.0138467	0.00616667	0.00143333	0.0582267	0.0066	1.33333e-05	0	0.0724133	0	0	0.00349333	0	0.0689333	0.0444533	0.00313333	0.00875333	0.0160867	0	0	0	0	0.0134067	0.00621333	0.03636	0.0164467	0.01634	0.0104467	0.00775333	0.0378867	
0.116407	0.09542	0.05622	0.0465667	0.199033	0.0280933	0.0277	0.0597867	0.0254533	0.00667333	0.255187	0.0273	9.33333e-05	0	0.31452	0	0	0.0150933	0	0.29952	0.195587	0.0132067	0.0378667	0.0679533	0	0	0	0	0.0581333	0.0270933	0.156753	0.0726333	0.0715933	0.0459933	0.0322667	0.16476	
0.0713533	0.0585667	0.0345	0.02556	0.1351	0.0132133	0.0134267	0.02824	0.0125867	0.00336667	0.160207	0.01382	3.33333e-05	0	0.189947	0	0	0.00936	0	0.18062	0.131513	0.00772	0.0209333	0.0298133	0.0857	0.03274	0.0134067	0.0581333	0	0	0	0	0.0505333	0.0329333	0.0227067	0.0838067	
0.03368	0.02768	0.0164133	0.0117133	0.0638733	0.00659333	0.00592667	0.0130933	0.00592667	0.00158667	0.0752333	0.00674	4.66667e-05	0	0.08944	0	0	0.00449333	0	0.0849933	0.0618	0.00388667	0.0100333	0.0137667	0.0400733	0.0161067	0.00621333	0.0270933	0	0	0	0	0.0239067	0.0153133	0.0106533	0.0396133	
0.17516	0.144027	0.08538	0.0812133	0.255027	0.05726	0.0544	0.119093	0.0763667	0.0192933	0.309913	0.0802067	0.000153333	0	0.485627	0	0	0.02364	0	0.46214	0.301773	0.02478	0.0698667	0.08936	0.26244	0.0302267	0.03636	0.156753	0	0	0	0	0.0908133	0.0590667	0.0420067	0.293893	
0.0887733	0.0722867	0.0428467	0.0308467	0.16862	0.0163333	0.0155	0.0343	0.0158267	0.0041	0.197713	0.0171133	6e-05	0	0.234693	0	0	0.01148	0	0.223273	0.161727	0.00901333	0.0267133	0.0373	0.10496	0.0407133	0.0164467	0.0726333	0	0	0	0	0.06242	0.0387467	0.0287733	0.104813	
0.0851933	0.0686733	0.04016	0.0336467	0.14596	0.0198067	0.0195533	0.0423533	0.0240267	0.00581333	0.173407	0.0244267	4.66667e-05	0	0.227627	0	0	0.0111867	0	0.216487	0.151573	0.01022	0.0286333	0.0372467	0.110227	0.0295133	0.01634	0.0715933	0.0505333	0.0239067	0.0908133	0.06242	0	0	0	0	
0.0548467	0.0438133	0.0261733	0.0212267	0.09334	0.0128333	0.0127733	0.0271133	0.0148867	0.0039	0.11142	0.0158533	6.66667e-05	0	0.145993	0	0	0.0073	0	0.13876	0.0966267	0.00668667	0.01818	0.0245667	0.0708667	0.0187533	0.0104467	0.0459933	0.0329333	0.0153133	0.0590667	0.0387467	0	0	0	0	
0.03878	0.03144	0.0184933	0.0154267	0.06676	0.00918667	0.00869333	0.0195	0.0102133	0.00274	0.0791733	0.0120133	2.66667e-05	0	0.104113	0	0	0.00493333	0	0.0992067	0.0694533	0.00456	0.0128267	0.0173	0.05076	0.01336	0.00775333	0.0322667	0.0227067	0.0106533	0.0420067	0.0287733	0	0	0	0	
0.190147	0.158633	0.0943133	0.0790333	0.31656	0.0515733	0.0482333	0.10576	0.06158	0.0158933	0.379067	0.0655867	0.000153333	0	0.521973	0	0	0.0255533	0	0.496573	0.33916	0.0239333	0.0679067	0.0911267	0.26132	0.05816	0.0378867	0.16476	0.0838067	0.0396133	0.293893	0.104813	0	0	0	0	
