0	0	0	0	0.252307	0.02826	0.0281	0.0623533	0.0403	0.00996	0.276893	0.0438667	7.33333e-05	0	0.370947	0	0	0.0178533	0	0.353167	0.2399	0.0171867	0.0487733	0.06516	0.182073	0.0454267	0.0273133	0.116207	0.0719867	0.03368	0.177793	0.08756	0.0842133	0.0542867	0.03856	0.19396	
0	0	0	0	0.202447	0.0240067	0.02246	0.0507467	0.0323133	0.00806667	0.224987	0.0342933	5.33333e-05	0	0.299607	0	0	0.0137933	0	0.285867	0.193853	0.0139667	0.03878	0.05306	0.145967	0.0371533	0.0219867	0.0945533	0.0585533	0.0273933	0.143093	0.07062	0.0675533	0.04348	0.0309067	0.15772	
0	0	0	0	0.121333	0.01374	0.0134533	0.0299267	0.0190333	0.00494667	0.13362	0.0208533	4e-05	0	0.178413	0	0	0.00834667	0	0.170107	0.116447	0.00832	0.0229467	0.03074	0.0871	0.02228	0.01322	0.0558533	0.0347	0.0164267	0.08492	0.0424067	0.0397667	0.02646	0.01884	0.0933867	
0	0	0	0	0.0464867	0.0257	0.0248267	0.0538533	0.0201867	0.00472667	0.104347	0.0216067	6e-05	0	0.150807	0	0	0.0071	0	0.143767	0.102427	0.00690667	0.0178067	0.0237267	0.0801933	0.0160133	0.0103667	0.0442933	0.02472	0.0116933	0.0837933	0.03066	0.0338133	0.02148	0.0152	0.0803733	
0.252307	0.202447	0.121333	0.0464867	0	0	0	0	0.05392	0.0135933	0.496633	0.0584267	0.000153333	0	0.62242	0	0	0.0279733	0	0.5946	0.387833	0.0305133	0.0856933	0.118533	0.28188	0.0861867	0.0489333	0.205573	0.13598	0.0640867	0.256873	0.165633	0.143007	0.09338	0.0656733	0.320513	
0.02826	0.0240067	0.01374	0.0257	0	0	0	0	0.0167133	0.0043	0.0521733	0.01852	4e-05	0	0.0916667	0	0	0.00504667	0	0.08666	0.0650267	0.00371333	0.0100733	0.0128933	0.0534533	0.00785333	0.00548	0.02492	0.0122933	0.00604667	0.05828	0.0150867	0.0200733	0.0123667	0.00891333	0.0503533	
0.0281	0.02246	0.0134533	0.0248267	0	0	0	0	0.0164267	0.00378	0.05114	0.0174933	6.66667e-06	0	0.0888333	0	0	0.00468	0	0.08416	0.06264	0.00364667	0.0100667	0.0124867	0.0511267	0.00794	0.0055	0.0242733	0.0126067	0.00562667	0.0556467	0.01496	0.0192733	0.01228	0.00916	0.0481267	
0.0623533	0.0507467	0.0299267	0.0538533	0	0	0	0	0.0247733	0.00602667	0.1399	0.02618	2.66667e-05	0	0.196853	0	0	0.00939333	0	0.187487	0.137127	0.00850667	0.0224733	0.0287733	0.108873	0.0188933	0.0129733	0.05614	0.02908	0.0134333	0.1188	0.0355667	0.0429933	0.02768	0.01976	0.106447	
0.0403	0.0323133	0.0190333	0.0201867	0.05392	0.0167133	0.0164267	0.0247733	0	0	0	0	3.33333e-05	0	0.1118	0	0	0.00884667	0	0.102987	0.0800933	0.0047	0.0124	0.01464	0.07282	0.00748667	0.00578	0.0257467	0.0123	0.00584	0.0782933	0.0154	0.0238	0.0150267	0.01048	0.0625267	
0.00996	0.00806667	0.00494667	0.00472667	0.0135933	0.0043	0.00378	0.00602667	0	0	0	0	6.66667e-06	0	0.0276933	0	0	0.00209333	0	0.0256067	0.02016	0.00112667	0.00318667	0.00322667	0.0182	0.00166	0.00162	0.00622	0.00334667	0.00139333	0.0191333	0.00382667	0.00605333	0.00379333	0.00261333	0.01524	
0.276893	0.224987	0.13362	0.104347	0.496633	0.0521733	0.05114	0.1399	0	0	0	0	0.000146667	0	0.7397	0	0	0.02704	0	0.712807	0.466447	0.03548	0.09892	0.139	0.325647	0.10346	0.05926	0.25148	0.160853	0.0754067	0.30854	0.195047	0.170807	0.110633	0.07866	0.379747	
0.0438667	0.0342933	0.0208533	0.0216067	0.0584267	0.01852	0.0174933	0.02618	0	0	0	0	4e-05	0	0.12058	0	0	0.00911333	0	0.111507	0.0859267	0.00507333	0.0138	0.01582	0.0786667	0.00826667	0.00622667	0.02746	0.01346	0.00655333	0.0836333	0.0169733	0.0246867	0.0162533	0.0117533	0.0679267	
7.33333e-05	5.33333e-05	4e-05	6e-05	0.000153333	4e-05	6.66667e-06	2.66667e-05	3.33333e-05	6.66667e-06	0.000146667	4e-05	0	0	0	0	0	1.33333e-05	0	0.000213333	0.00014	0	3.33333e-05	5.33333e-05	0.000133333	1.33333e-05	3.33333e-05	4.66667e-05	4.66667e-05	1.33333e-05	0.00014	2.66667e-05	6.66667e-05	2.66667e-05	0	0.000133333	
0	0	0	0	0	0	0	0	0	0	0	0	0	0	0	0	0	0	0	0	0	0	0	0	0	0	0	0	0	0	0	0	0	0	0	0	
0.370947	0.299607	0.178413	0.150807	0.62242	0.0916667	0.0888333	0.196853	0.1118	0.0276933	0.7397	0.12058	0	0	0	0	0	0.04708	0	0.952693	0.652487	0.04638	0.128273	0.172633	0.4952	0.12086	0.0728533	0.31086	0.189913	0.08918	0.48946	0.23122	0.22528	0.14568	0.103507	0.525307	
0	0	0	0	0	0	0	0	0	0	0	0	0	0	0	0	0	0	0	0	0	0	0	0	0	0	0	0	0	0	0	0	0	0	0	0	
0	0	0	0	0	0	0	0	0	0	0	0	0	0	0	0	0	0	0	0	0	0	0	0	0	0	0	0	0	0	0	0	0	0	0	0	
0.0178533	0.0137933	0.00834667	0.0071	0.0279733	0.00504667	0.00468	0.00939333	0.00884667	0.00209333	0.02704	0.00911333	1.33333e-05	0	0.04708	0	0	0	0	0	0.03204	0.00204	0.00554667	0.00746667	0.0250867	0.00504667	0.00324	0.01372	0.00789333	0.00402667	0.02496	0.0102133	0.01046	0.00684	0.00458	0.0252133	
0	0	0	0	0	0	0	0	0	0	0	0	0	0	0	0	0	0	0	0	0	0	0	0	0	0	0	0	0	0	0	0	0	0	0	0	
0.353167	0.285867	0.170107	0.143767	0.5946	0.08666	0.08416	0.187487	0.102987	0.0256067	0.712807	0.111507	0.000213333	0	0.952693	0	0	0	0	0	0.620587	0.04434	0.12276	0.16522	0.470247	0.115827	0.0696467	0.297187	0.182067	0.0851667	0.46464	0.221033	0.214887	0.138867	0.0989267	0.500227	
0.2399	0.193853	0.116447	0.102427	0.387833	0.0650267	0.06264	0.137127	0.0800933	0.02016	0.466447	0.0859267	0.00014	0	0.652487	0	0	0.03204	0	0.620587	0	0	0	0	0.332813	0.0699867	0.0400867	0.20974	0.132227	0.06146	0.298213	0.160727	0.148167	0.0965267	0.0686533	0.33928	
0.0171867	0.0139667	0.00832	0.00690667	0.0305133	0.00371333	0.00364667	0.00850667	0.0047	0.00112667	0.03548	0.00507333	0	0	0.04638	0	0	0.00204	0	0.04434	0	0	0	0	0.0271	0.00539333	0.00354	0.0103467	0.00760667	0.00339333	0.02656	0.00882	0.0103067	0.00614	0.00451333	0.02542	
0.0487733	0.03878	0.0229467	0.0178067	0.0856933	0.0100733	0.0100667	0.0224733	0.0124	0.00318667	0.09892	0.0138	3.33333e-05	0	0.128273	0	0	0.00554667	0	0.12276	0	0	0	0	0.0748733	0.0146533	0.00944	0.02934	0.0205933	0.00973333	0.0730267	0.0249533	0.02816	0.0180533	0.0126267	0.0694667	
0.06516	0.05306	0.03074	0.0237267	0.118533	0.0128933	0.0124867	0.0287733	0.01464	0.00322667	0.139	0.01582	5.33333e-05	0	0.172633	0	0	0.00746667	0	0.16522	0	0	0	0	0.0605467	0.03084	0.01982	0.06148	0.0295333	0.0146067	0.0918	0.0367467	0.0387133	0.0249867	0.0177133	0.0912733	
0.182073	0.145967	0.0871	0.0801933	0.28188	0.0534533	0.0511267	0.108873	0.07282	0.0182	0.325647	0.0786667	0.000133333	0	0.4952	0	0	0.0250867	0	0.470247	0.332813	0.0271	0.0748733	0.0605467	0	0	0	0	0.08324	0.0387867	0.270953	0.102353	0.109647	0.0711667	0.0509867	0.263533	
0.0454267	0.0371533	0.02228	0.0160133	0.0861867	0.00785333	0.00794	0.0188933	0.00748667	0.00166	0.10346	0.00826667	1.33333e-05	0	0.12086	0	0	0.00504667	0	0.115827	0.0699867	0.00539333	0.0146533	0.03084	0	0	0	0	0.0349067	0.0166067	0.02888	0.04048	0.0301133	0.0184733	0.0132867	0.059	
0.0273133	0.0219867	0.01322	0.0103667	0.0489333	0.00548	0.0055	0.0129733	0.00578	0.00162	0.05926	0.00622667	3.33333e-05	0	0.0728533	0	0	0.00324	0	0.0696467	0.0400867	0.00354	0.00944	0.01982	0	0	0	0	0.01342	0.00614	0.03666	0.0166667	0.01592	0.0110867	0.00735333	0.0385267	
0.116207	0.0945533	0.0558533	0.0442933	0.205573	0.02492	0.0242733	0.05614	0.0257467	0.00622	0.25148	0.02746	4.66667e-05	0	0.31086	0	0	0.01372	0	0.297187	0.20974	0.0103467	0.02934	0.06148	0	0	0	0	0.0583933	0.02766	0.153107	0.0717467	0.0696667	0.04498	0.03188	0.16438	
0.0719867	0.0585533	0.0347	0.02472	0.13598	0.0122933	0.0126067	0.02908	0.0123	0.00334667	0.160853	0.01346	4.66667e-05	0	0.189913	0	0	0.00789333	0	0.182067	0.132227	0.00760667	0.0205933	0.0295333	0.08324	0.0349067	0.01342	0.0583933	0	0	0	0	0.0503133	0.0321067	0.0224867	0.0850533	
0.03368	0.0273933	0.0164267	0.0116933	0.0640867	0.00604667	0.00562667	0.0134333	0.00584	0.00139333	0.0754067	0.00655333	1.33333e-05	0	0.08918	0	0	0.00402667	0	0.0851667	0.06146	0.00339333	0.00973333	0.0146067	0.0387867	0.0166067	0.00614	0.02766	0	0	0	0	0.02338	0.0149733	0.01096	0.03988	
0.177793	0.143093	0.08492	0.0837933	0.256873	0.05828	0.0556467	0.1188	0.0782933	0.0191333	0.30854	0.0836333	0.00014	0	0.48946	0	0	0.02496	0	0.46464	0.298213	0.02656	0.0730267	0.0918	0.270953	0.02888	0.03666	0.153107	0	0	0	0	0.0915533	0.0590733	0.04224	0.296733	
0.08756	0.07062	0.0424067	0.03066	0.165633	0.0150867	0.01496	0.0355667	0.0154	0.00382667	0.195047	0.0169733	2.66667e-05	0	0.23122	0	0	0.0102133	0	0.221033	0.160727	0.00882	0.0249533	0.0367467	0.102353	0.04048	0.0166667	0.0717467	0	0	0	0	0.0601	0.0395533	0.02782	0.103773	
0.0842133	0.0675533	0.0397667	0.0338133	0.143007	0.0200733	0.0192733	0.0429933	0.0238	0.00605333	0.170807	0.0246867	6.66667e-05	0	0.22528	0	0	0.01046	0	0.214887	0.148167	0.0103067	0.02816	0.0387133	0.109647	0.0301133	0.01592	0.0696667	0.0503133	0.02338	0.0915533	0.0601	0	0	0	0	
0.0542867	0.04348	0.02646	0.02148	0.09338	0.0123667	0.01228	0.02768	0.0150267	0.00379333	0.110633	0.0162533	2.66667e-05	0	0.14568	0	0	0.00684	0	0.138867	0.0965267	0.00614	0.0180533	0.0249867	0.0711667	0.0184733	0.0110867	0.04498	0.0321067	0.0149733	0.0590733	0.0395533	0	0	0	0	
0.03856	0.0309067	0.01884	0.0152	0.0656733	0.00891333	0.00916	0.01976	0.01048	0.00261333	0.07866	0.0117533	0	0	0.103507	0	0	0.00458	0	0.0989267	0.0686533	0.00451333	0.0126267	0.0177133	0.0509867	0.0132867	0.00735333	0.03188	0.0224867	0.01096	0.04224	0.02782	0	0	0	0	
0.19396	0.15772	0.0933867	0.0803733	0.320513	0.0503533	0.0481267	0.106447	0.0625267	0.01524	0.379747	0.0679267	0.000133333	0	0.525307	0	0	0.0252133	0	0.500227	0.33928	0.02542	0.0694667	0.0912733	0.263533	0.059	0.0385267	0.16438	0.0850533	0.03988	0.296733	0.103773	0	0	0	0	
