0	0	0	0	0.254407	0.02878	0.0277333	0.06206	0.0403333	0.00966	0.279593	0.0433933	0.00012	0	0.37286	0	0	0.018	0	0.35498	0.242693	0.0169933	0.04734	0.0659533	0.182953	0.0461867	0.0271467	0.116693	0.07238	0.0338533	0.177893	0.0888533	0.0857933	0.0539133	0.03946	0.193813	
0	0	0	0	0.20604	0.0237333	0.02274	0.0497533	0.03214	0.0085	0.227313	0.0343133	8e-05	0	0.302187	0	0	0.0145733	0	0.287693	0.196973	0.01402	0.0384067	0.0528667	0.146887	0.0371467	0.0220933	0.09614	0.0580667	0.0279733	0.143953	0.0722733	0.0690333	0.0442067	0.0317467	0.15728	
0	0	0	0	0.12068	0.0135667	0.0127133	0.0290133	0.0188133	0.00451333	0.13262	0.0200267	4e-05	0	0.175933	0	0	0.00823333	0	0.16774	0.11384	0.00812667	0.0234	0.0306067	0.0861133	0.0216933	0.01266	0.0555067	0.0342467	0.0159267	0.0832133	0.0425867	0.0394067	0.0254733	0.01896	0.0921333	
0	0	0	0	0.0468	0.0250667	0.02412	0.0527933	0.0193333	0.00475333	0.10384	0.0208533	2.66667e-05	0	0.148753	0	0	0.00775333	0	0.141027	0.100707	0.00654667	0.01796	0.0235667	0.0798467	0.0153333	0.00973333	0.0438667	0.02434	0.01154	0.0826733	0.0302267	0.0334733	0.0211333	0.01538	0.0787933	
0.254407	0.20604	0.12068	0.0468	0	0	0	0	0.0544733	0.01316	0.502773	0.05752	0.000173333	0	0.627753	0	0	0.0283133	0	0.599613	0.391907	0.0310533	0.0853933	0.119573	0.281487	0.0875667	0.04914	0.209733	0.137047	0.0642667	0.257253	0.16936	0.1472	0.0930733	0.06756	0.320093	
0.02878	0.0237333	0.0135667	0.0250667	0	0	0	0	0.0171133	0.00435333	0.0511	0.01858	3.33333e-05	0	0.0911133	0	0	0.00543333	0	0.0857133	0.0649133	0.00330667	0.0102667	0.01266	0.0538	0.00744	0.00564667	0.02426	0.0117667	0.00596667	0.0582133	0.0152	0.02004	0.01254	0.00907333	0.0494933	
0.0277333	0.02274	0.0127133	0.02412	0	0	0	0	0.01652	0.00388	0.04902	0.0178867	2e-05	0	0.0872867	0	0	0.00531333	0	0.0819933	0.0621	0.00335333	0.0093	0.0125533	0.0518267	0.00733333	0.00496	0.0231867	0.01134	0.00540667	0.05654	0.01402	0.0189333	0.0123333	0.00889333	0.0471467	
0.06206	0.0497533	0.0290133	0.0527933	0	0	0	0	0.0225133	0.00603333	0.140473	0.0246	4e-05	0	0.19358	0	0	0.0095	0	0.18412	0.135293	0.00797333	0.0221467	0.0282067	0.108687	0.01802	0.0118867	0.0550267	0.02888	0.0136533	0.115727	0.03536	0.0415333	0.02678	0.02002	0.105287	
0.0403333	0.03214	0.0188133	0.0193333	0.0544733	0.0171133	0.01652	0.0225133	0	0	0	0	6.66667e-06	0	0.110613	0	0	0.00981333	0	0.100807	0.0792	0.00429333	0.0126667	0.01446	0.0712267	0.00734	0.00593333	0.02612	0.0124533	0.00587333	0.0773867	0.0149067	0.0231467	0.0152867	0.0111333	0.0610533	
0.00966	0.0085	0.00451333	0.00475333	0.01316	0.00435333	0.00388	0.00603333	0	0	0	0	1.33333e-05	0	0.0274133	0	0	0.0024	0	0.0250267	0.01982	0.00104	0.00302	0.00354667	0.0180333	0.00186667	0.00144	0.00608667	0.00308	0.00143333	0.0187533	0.00416	0.00566	0.00399333	0.00277333	0.015	
0.279593	0.227313	0.13262	0.10384	0.502773	0.0511	0.04902	0.140473	0	0	0	0	0.000226667	0	0.74314	0	0	0.02616	0	0.717207	0.4707	0.0355133	0.0979133	0.13924	0.32876	0.103793	0.0581867	0.252627	0.16024	0.0757133	0.309027	0.198387	0.174047	0.10954	0.07996	0.37982	
0.0433933	0.0343133	0.0200267	0.0208533	0.05752	0.01858	0.0178867	0.0246	0	0	0	0	2e-05	0	0.118567	0	0	0.0101867	0	0.1084	0.0844933	0.00484	0.0135067	0.0157467	0.07778	0.00736	0.00607333	0.0273733	0.01326	0.00627333	0.0825667	0.0164867	0.0248533	0.0159067	0.01168	0.0661467	
0.00012	8e-05	4e-05	2.66667e-05	0.000173333	3.33333e-05	2e-05	4e-05	6.66667e-06	1.33333e-05	0.000226667	2e-05	0	0	0	0	0	0	0	0.000266667	0.000186667	2e-05	4e-05	2e-05	0.000113333	4e-05	2e-05	9.33333e-05	5.33333e-05	1.33333e-05	0.000146667	5.33333e-05	6.66667e-05	4.66667e-05	6.66667e-06	0.000146667	
0	0	0	0	0	0	0	0	0	0	0	0	0	0	0	0	0	0	0	0	0	0	0	0	0	0	0	0	0	0	0	0	0	0	0	0	
0.37286	0.302187	0.175933	0.148753	0.627753	0.0911133	0.0872867	0.19358	0.110613	0.0274133	0.74314	0.118567	0	0	0	0	0	0.04856	0	0.951173	0.654027	0.0456667	0.127067	0.172973	0.495687	0.12032	0.0716133	0.312113	0.18898	0.08928	0.487587	0.233887	0.22764	0.14468	0.10554	0.521873	
0	0	0	0	0	0	0	0	0	0	0	0	0	0	0	0	0	0	0	0	0	0	0	0	0	0	0	0	0	0	0	0	0	0	0	0	
0	0	0	0	0	0	0	0	0	0	0	0	0	0	0	0	0	0	0	0	0	0	0	0	0	0	0	0	0	0	0	0	0	0	0	0	
0.018	0.0145733	0.00823333	0.00775333	0.0283133	0.00543333	0.00531333	0.0095	0.00981333	0.0024	0.02616	0.0101867	0	0	0.04856	0	0	0	0	0	0.03206	0.00222	0.00637333	0.00790667	0.0259	0.00502	0.00330667	0.0143333	0.0082	0.00391333	0.0267	0.00974667	0.0105667	0.00698667	0.00505333	0.0259533	
0	0	0	0	0	0	0	0	0	0	0	0	0	0	0	0	0	0	0	0	0	0	0	0	0	0	0	0	0	0	0	0	0	0	0	0	
0.35498	0.287693	0.16774	0.141027	0.599613	0.0857133	0.0819933	0.18412	0.100807	0.0250267	0.717207	0.1084	0.000266667	0	0.951173	0	0	0	0	0	0.622153	0.0434667	0.120733	0.165087	0.4699	0.11534	0.0683267	0.297873	0.180833	0.08538	0.461033	0.224193	0.21714	0.13774	0.100493	0.496067	
0.242693	0.196973	0.11384	0.100707	0.391907	0.0649133	0.0621	0.135293	0.0792	0.01982	0.4707	0.0844933	0.000186667	0	0.654027	0	0	0.03206	0	0.622153	0	0	0	0	0.334193	0.0696133	0.0384733	0.211933	0.131833	0.0626267	0.29652	0.163233	0.1505	0.0959667	0.0700667	0.33768	
0.0169933	0.01402	0.00812667	0.00654667	0.0310533	0.00330667	0.00335333	0.00797333	0.00429333	0.00104	0.0355133	0.00484	2e-05	0	0.0456667	0	0	0.00222	0	0.0434667	0	0	0	0	0.0264333	0.00532	0.00352	0.0104133	0.00736667	0.00337333	0.0260733	0.00887333	0.01036	0.00638667	0.00466667	0.0242733	
0.04734	0.0384067	0.0234	0.01796	0.0853933	0.0102667	0.0093	0.0221467	0.0126667	0.00302	0.0979133	0.0135067	4e-05	0	0.127067	0	0	0.00637333	0	0.120733	0	0	0	0	0.0746267	0.0147267	0.00961333	0.02814	0.02054	0.00928667	0.0721133	0.0251667	0.0287333	0.01756	0.01278	0.0680333	
0.0659533	0.0528667	0.0306067	0.0235667	0.119573	0.01266	0.0125533	0.0282067	0.01446	0.00354667	0.13924	0.0157467	2e-05	0	0.172973	0	0	0.00790667	0	0.165087	0	0	0	0	0.0605467	0.0307	0.0200267	0.06172	0.0292933	0.0140067	0.0930267	0.0366667	0.0381133	0.0248133	0.0180333	0.0920333	
0.182953	0.146887	0.0861133	0.0798467	0.281487	0.0538	0.0518267	0.108687	0.0712267	0.0180333	0.32876	0.07778	0.000113333	0	0.495687	0	0	0.0259	0	0.4699	0.334193	0.0264333	0.0746267	0.0605467	0	0	0	0	0.0834333	0.0392	0.27034	0.102827	0.110533	0.0701667	0.05134	0.26376	
0.0461867	0.0371467	0.0216933	0.0153333	0.0875667	0.00744	0.00733333	0.01802	0.00734	0.00186667	0.103793	0.00736	4e-05	0	0.12032	0	0	0.00502	0	0.11534	0.0696133	0.00532	0.0147267	0.0307	0	0	0	0	0.0338133	0.0161267	0.0281333	0.0422867	0.02986	0.0188133	0.01382	0.0578667	
0.0271467	0.0220933	0.01266	0.00973333	0.04914	0.00564667	0.00496	0.0118867	0.00593333	0.00144	0.0581867	0.00607333	2e-05	0	0.0716133	0	0	0.00330667	0	0.0683267	0.0384733	0.00352	0.00961333	0.0200267	0	0	0	0	0.01314	0.00618667	0.0363533	0.0159533	0.01606	0.0104467	0.00746667	0.03766	
0.116693	0.09614	0.0555067	0.0438667	0.209733	0.02426	0.0231867	0.0550267	0.02612	0.00608667	0.252627	0.0273733	9.33333e-05	0	0.312113	0	0	0.0143333	0	0.297873	0.211933	0.0104133	0.02814	0.06172	0	0	0	0	0.0586467	0.02778	0.152907	0.0728733	0.0712533	0.0453	0.03292	0.162733	
0.07238	0.0580667	0.0342467	0.02434	0.137047	0.0117667	0.01134	0.02888	0.0124533	0.00308	0.16024	0.01326	5.33333e-05	0	0.18898	0	0	0.0082	0	0.180833	0.131833	0.00736667	0.02054	0.0292933	0.0834333	0.0338133	0.01314	0.0586467	0	0	0	0	0.0496933	0.0324867	0.02328	0.0835733	
0.0338533	0.0279733	0.0159267	0.01154	0.0642667	0.00596667	0.00540667	0.0136533	0.00587333	0.00143333	0.0757133	0.00627333	1.33333e-05	0	0.08928	0	0	0.00391333	0	0.08538	0.0626267	0.00337333	0.00928667	0.0140067	0.0392	0.0161267	0.00618667	0.02778	0	0	0	0	0.02418	0.0148533	0.0106867	0.0395733	
0.177893	0.143953	0.0832133	0.0826733	0.257253	0.0582133	0.05654	0.115727	0.0773867	0.0187533	0.309027	0.0825667	0.000146667	0	0.487587	0	0	0.0267	0	0.461033	0.29652	0.0260733	0.0721133	0.0930267	0.27034	0.0281333	0.0363533	0.152907	0	0	0	0	0.0919533	0.0583	0.0431533	0.294327	
0.0888533	0.0722733	0.0425867	0.0302267	0.16936	0.0152	0.01402	0.03536	0.0149067	0.00416	0.198387	0.0164867	5.33333e-05	0	0.233887	0	0	0.00974667	0	0.224193	0.163233	0.00887333	0.0251667	0.0366667	0.102827	0.0422867	0.0159533	0.0728733	0	0	0	0	0.06188	0.0390867	0.0284267	0.104547	
0.0857933	0.0690333	0.0394067	0.0334733	0.1472	0.02004	0.0189333	0.0415333	0.0231467	0.00566	0.174047	0.0248533	6.66667e-05	0	0.22764	0	0	0.0105667	0	0.21714	0.1505	0.01036	0.0287333	0.0381133	0.110533	0.02986	0.01606	0.0712533	0.0496933	0.02418	0.0919533	0.06188	0	0	0	0	
0.0539133	0.0442067	0.0254733	0.0211333	0.0930733	0.01254	0.0123333	0.02678	0.0152867	0.00399333	0.10954	0.0159067	4.66667e-05	0	0.14468	0	0	0.00698667	0	0.13774	0.0959667	0.00638667	0.01756	0.0248133	0.0701667	0.0188133	0.0104467	0.0453	0.0324867	0.0148533	0.0583	0.0390867	0	0	0	0	
0.03946	0.0317467	0.01896	0.01538	0.06756	0.00907333	0.00889333	0.02002	0.0111333	0.00277333	0.07996	0.01168	6.66667e-06	0	0.10554	0	0	0.00505333	0	0.100493	0.0700667	0.00466667	0.01278	0.0180333	0.05134	0.01382	0.00746667	0.03292	0.02328	0.0106867	0.0431533	0.0284267	0	0	0	0	
0.193813	0.15728	0.0921333	0.0787933	0.320093	0.0494933	0.0471467	0.105287	0.0610533	0.015	0.37982	0.0661467	0.000146667	0	0.521873	0	0	0.0259533	0	0.496067	0.33768	0.0242733	0.0680333	0.0920333	0.26376	0.0578667	0.03766	0.162733	0.0835733	0.0395733	0.294327	0.104547	0	0	0	0	
