0	0	0	0	0.230669	0.0333538	0.0288923	0.0563077	0.0348846	0.0131615	0.263954	0.0372231	0.00276923	0.00265385	0.341231	0.00256923	0.00253077	0.00952308	0.00229231	0.334877	0.216108	0.0222615	0.0587462	0.0521077	0.168877	0.0529385	0.0304615	0.0969462	0.0634615	0.0347769	0.176623	0.0743615	0.0731077	0.0626846	0.0450615	0.168369	
0	0	0	0	0.2165	0.0313769	0.0271077	0.0511462	0.0328385	0.0121231	0.245431	0.0357385	0.00316923	0.00276923	0.317546	0.00264615	0.00275385	0.00897692	0.00220769	0.312192	0.201977	0.0199	0.0549462	0.0493077	0.157846	0.0489692	0.0281	0.0912154	0.0598846	0.0328615	0.163669	0.0697154	0.0682923	0.0595308	0.0411692	0.157138	
0	0	0	0	0.125208	0.0182	0.0152615	0.0291231	0.0190769	0.00746154	0.141454	0.0198	0.00171538	0.00146154	0.183062	0.00155385	0.00161538	0.00555385	0.00136923	0.179254	0.116485	0.0119385	0.0317923	0.0275769	0.0901154	0.0285	0.0164846	0.0526923	0.0341077	0.0190692	0.0943231	0.0402923	0.0395846	0.0335308	0.0240154	0.0906615	
0	0	0	0	0.0410538	0.0274692	0.0240923	0.0442385	0.0178308	0.00672308	0.0929538	0.0193462	0.00106154	0.00106923	0.1336	0.00112308	0.00106154	0.00350769	0.00111538	0.131169	0.0839154	0.00824615	0.0237846	0.0209077	0.0702538	0.0188923	0.0114385	0.0362692	0.0210846	0.0123385	0.0772538	0.0261769	0.0283154	0.0239077	0.0167462	0.0678846	
0.230669	0.2165	0.125208	0.0410538	0	0	0	0	0.0448692	0.0167692	0.504038	0.0477538	0.00547692	0.00485385	0.598285	0.00481538	0.00504615	0.0169077	0.00413846	0.587338	0.3828	0.0374923	0.101023	0.0921154	0.276869	0.0995	0.0565769	0.180485	0.1255	0.0690154	0.271954	0.146962	0.130869	0.112146	0.0799692	0.290446	
0.0333538	0.0313769	0.0182	0.0274692	0	0	0	0	0.0171462	0.00646154	0.0684615	0.0183308	0.000915385	0.000930769	0.107685	0.000869231	0.000807692	0.00309231	0.00100769	0.105492	0.0670615	0.007	0.0197231	0.0166154	0.0603769	0.0145923	0.00856923	0.0268615	0.0152615	0.00858462	0.0686231	0.0179308	0.0230231	0.0195846	0.0131769	0.0546154	
0.0288923	0.0271077	0.0152615	0.0240923	0	0	0	0	0.0148	0.00541538	0.0591538	0.0159846	0.000692308	0.000715385	0.0931077	0.000838462	0.000738462	0.00268462	0.000753846	0.0911769	0.0579462	0.00641538	0.0167615	0.0142308	0.0517923	0.0122538	0.00747692	0.0238308	0.0134923	0.00736154	0.0588615	0.0156385	0.0190385	0.0166154	0.0115538	0.0481462	
0.0563077	0.0511462	0.0291231	0.0442385	0	0	0	0	0.0278154	0.0108231	0.112138	0.0300385	0.00163077	0.00145385	0.176362	0.00136923	0.00136923	0.00487692	0.00108462	0.173485	0.110677	0.0114385	0.0317615	0.0269385	0.0980538	0.0229538	0.0138615	0.0459462	0.0242846	0.0140846	0.112431	0.0300154	0.0363692	0.0313077	0.0222923	0.0908462	
0.0348846	0.0328385	0.0190769	0.0178308	0.0448692	0.0171462	0.0148	0.0278154	0	0	0	0	0.000930769	0.000838462	0.102062	0.0008	0.000807692	0.00283077	0.0009	0.100092	0.0635231	0.00656154	0.0194077	0.0151385	0.0646538	0.0113385	0.00697692	0.0216615	0.0122538	0.00721538	0.0704231	0.0147385	0.0207308	0.0183154	0.0130385	0.0525462	
0.0131615	0.0121231	0.00746154	0.00672308	0.0167692	0.00646154	0.00541538	0.0108231	0	0	0	0	0.000292308	0.000207692	0.0386538	0.000315385	0.000261538	0.00105385	0.000292308	0.0378615	0.024	0.00274615	0.00680769	0.00591538	0.0245385	0.00428462	0.00252308	0.00812308	0.00506923	0.00248462	0.0264077	0.00550769	0.00783846	0.00676923	0.00460769	0.0202538	
0.263954	0.245431	0.141454	0.0929538	0.504038	0.0684615	0.0591538	0.112138	0	0	0	0	0.00656923	0.00610769	0.7252	0.00591538	0.00596154	0.0205692	0.00499231	0.712269	0.463385	0.0460385	0.122238	0.112131	0.328269	0.121946	0.0695615	0.224015	0.1482	0.0818846	0.339746	0.173962	0.158385	0.135438	0.0953923	0.354577	
0.0372231	0.0357385	0.0198	0.0193462	0.0477538	0.0183308	0.0159846	0.0300385	0	0	0	0	0.000923077	0.0008	0.109523	0.000861538	0.000930769	0.00310769	0.0008	0.107269	0.0675769	0.007	0.0208154	0.0167154	0.0696308	0.0117308	0.00742308	0.0233231	0.0130154	0.00746154	0.0752923	0.0163385	0.0223462	0.0191308	0.0139538	0.0566769	
0.00276923	0.00316923	0.00171538	0.00106154	0.00547692	0.000915385	0.000692308	0.00163077	0.000930769	0.000292308	0.00656923	0.000923077	0	0	0	0	8.46154e-05	0.000169231	3.84615e-05	0.00842308	0.00529231	0.000561538	0.00147692	0.00138462	0.00426154	0.00136154	0.000723077	0.00236923	0.00163846	0.000861538	0.00428462	0.00193077	0.00184615	0.00143077	0.00117692	0.00426154	
0.00265385	0.00276923	0.00146154	0.00106923	0.00485385	0.000930769	0.000715385	0.00145385	0.000838462	0.000207692	0.00610769	0.0008	0	0	0	0	6.15385e-05	0.000215385	5.38462e-05	0.00762308	0.00502308	0.000523077	0.00139231	0.00101538	0.0038	0.00103077	0.000684615	0.00243846	0.00135385	0.000792308	0.00414615	0.00166154	0.00191538	0.00142308	0.00109231	0.00352308	
0.341231	0.317546	0.183062	0.1336	0.598285	0.107685	0.0931077	0.176362	0.102062	0.0386538	0.7252	0.109523	0	0	0	0	0.00778462	0.0269615	0.00681538	0.933877	0.603146	0.0608231	0.165046	0.146423	0.475162	0.145738	0.0843538	0.270185	0.174054	0.0965769	0.4995	0.205308	0.203977	0.175369	0.123638	0.472454	
0.00256923	0.00264615	0.00155385	0.00112308	0.00481538	0.000869231	0.000838462	0.00136923	0.0008	0.000315385	0.00591538	0.000861538	0	0	0	0	3.07692e-05	0.000215385	7.69231e-05	0.00756923	0.00502308	0.000438462	0.00135385	0.00107692	0.00386923	0.00116923	0.000723077	0.00213077	0.00149231	0.000815385	0.00393846	0.00164615	0.00156154	0.00143077	0.00108462	0.00381538	
0.00253077	0.00275385	0.00161538	0.00106154	0.00504615	0.000807692	0.000738462	0.00136923	0.000807692	0.000261538	0.00596154	0.000930769	8.46154e-05	6.15385e-05	0.00778462	3.07692e-05	0	0	0	0	0.00466154	0.000507692	0.00146154	0.00133077	0.00399231	0.00107692	0.000646154	0.00224615	0.00143077	0.000792308	0.00397692	0.00176154	0.00183846	0.0014	0.000961538	0.00376154	
0.00952308	0.00897692	0.00555385	0.00350769	0.0169077	0.00309231	0.00268462	0.00487692	0.00283077	0.00105385	0.0205692	0.00310769	0.000169231	0.000215385	0.0269615	0.000215385	0	0	0	0	0.0171077	0.00169231	0.00459231	0.00416923	0.0132846	0.00431538	0.00216923	0.00779231	0.00494615	0.00246154	0.0141846	0.00596923	0.00589231	0.00499231	0.00373077	0.0129462	
0.00229231	0.00220769	0.00136923	0.00111538	0.00413846	0.00100769	0.000753846	0.00108462	0.0009	0.000292308	0.00499231	0.0008	3.84615e-05	5.38462e-05	0.00681538	7.69231e-05	0	0	0	0	0.00430769	0.000392308	0.00125385	0.00103077	0.00363077	0.00108462	0.000546154	0.00172308	0.00116154	0.000715385	0.00370769	0.0014	0.00145385	0.00136154	0.000869231	0.0033	
0.334877	0.312192	0.179254	0.131169	0.587338	0.105492	0.0911769	0.173485	0.100092	0.0378615	0.712269	0.107269	0.00842308	0.00762308	0.933877	0.00756923	0	0	0	0	0.592408	0.0597538	0.161962	0.143369	0.466185	0.142823	0.0831231	0.265362	0.171	0.0950769	0.49	0.201415	0.200115	0.1719	0.121431	0.464046	
0.216108	0.201977	0.116485	0.0839154	0.3828	0.0670615	0.0579462	0.110677	0.0635231	0.024	0.463385	0.0675769	0.00529231	0.00502308	0.603146	0.00502308	0.00466154	0.0171077	0.00430769	0.592408	0	0	0	0	0.295162	0.0926	0.0528462	0.177877	0.116592	0.0644154	0.301669	0.135808	0.129838	0.111831	0.0788077	0.298008	
0.0222615	0.0199	0.0119385	0.00824615	0.0374923	0.007	0.00641538	0.0114385	0.00656154	0.00274615	0.0460385	0.007	0.000561538	0.000523077	0.0608231	0.000438462	0.000507692	0.00169231	0.000392308	0.0597538	0	0	0	0	0.0301462	0.00900769	0.00536923	0.0178231	0.00992308	0.00577692	0.0345231	0.0121231	0.0130231	0.0110462	0.00808462	0.0301923	
0.0587462	0.0549462	0.0317923	0.0237846	0.101023	0.0197231	0.0167615	0.0317615	0.0194077	0.00680769	0.122238	0.0208154	0.00147692	0.00139231	0.165046	0.00135385	0.00146154	0.00459231	0.00125385	0.161962	0	0	0	0	0.100323	0.0230846	0.0138462	0.0320154	0.0266308	0.0148385	0.0944846	0.0333154	0.0351538	0.0294308	0.0212538	0.0834308	
0.0521077	0.0493077	0.0275769	0.0209077	0.0921154	0.0166154	0.0142308	0.0269385	0.0151385	0.00591538	0.112131	0.0167154	0.00138462	0.00101538	0.146423	0.00107692	0.00133077	0.00416923	0.00103077	0.143369	0	0	0	0	0.0614615	0.0246077	0.0144231	0.0494077	0.0253923	0.0140154	0.0811923	0.0293	0.0312846	0.0273462	0.0188462	0.0724231	
0.168877	0.157846	0.0901154	0.0702538	0.276869	0.0603769	0.0517923	0.0980538	0.0646538	0.0245385	0.328269	0.0696308	0.00426154	0.0038	0.475162	0.00386923	0.00399231	0.0132846	0.00363077	0.466185	0.295162	0.0301462	0.100323	0.0614615	0	0	0	0	0.0770308	0.0429077	0.275931	0.0912231	0.0998462	0.0857846	0.0613846	0.240077	
0.0529385	0.0489692	0.0285	0.0188923	0.0995	0.0145923	0.0122538	0.0229538	0.0113385	0.00428462	0.121946	0.0117308	0.00136154	0.00103077	0.145738	0.00116923	0.00107692	0.00431538	0.00108462	0.142823	0.0926	0.00900769	0.0230846	0.0246077	0	0	0	0	0.0334077	0.0179154	0.0596615	0.0383154	0.0320154	0.0280154	0.0198	0.0694692	
0.0304615	0.0281	0.0164846	0.0114385	0.0565769	0.00856923	0.00747692	0.0138615	0.00697692	0.00252308	0.0695615	0.00742308	0.000723077	0.000684615	0.0843538	0.000723077	0.000646154	0.00216923	0.000546154	0.0831231	0.0528462	0.00536923	0.0138462	0.0144231	0	0	0	0	0.0157154	0.00951538	0.0417462	0.0195077	0.0183769	0.0156462	0.0108385	0.0416231	
0.0969462	0.0912154	0.0526923	0.0362692	0.180485	0.0268615	0.0238308	0.0459462	0.0216615	0.00812308	0.224015	0.0233231	0.00236923	0.00243846	0.270185	0.00213077	0.00224615	0.00779231	0.00172308	0.265362	0.177877	0.0178231	0.0320154	0.0494077	0	0	0	0	0.0523846	0.0287077	0.134531	0.0615	0.0590615	0.0502077	0.0349692	0.132885	
0.0634615	0.0598846	0.0341077	0.0210846	0.1255	0.0152615	0.0134923	0.0242846	0.0122538	0.00506923	0.1482	0.0130154	0.00163846	0.00135385	0.174054	0.00149231	0.00143077	0.00494615	0.00116154	0.171	0.116592	0.00992308	0.0266308	0.0253923	0.0770308	0.0334077	0.0157154	0.0523846	0	0	0	0	0.0428846	0.0366077	0.0257231	0.0733231	
0.0347769	0.0328615	0.0190692	0.0123385	0.0690154	0.00858462	0.00736154	0.0140846	0.00721538	0.00248462	0.0818846	0.00746154	0.000861538	0.000792308	0.0965769	0.000815385	0.000792308	0.00246154	0.000715385	0.0950769	0.0644154	0.00577692	0.0148385	0.0140154	0.0429077	0.0179154	0.00951538	0.0287077	0	0	0	0	0.0233	0.0204769	0.0148462	0.0404231	
0.176623	0.163669	0.0943231	0.0772538	0.271954	0.0686231	0.0588615	0.112431	0.0704231	0.0264077	0.339746	0.0752923	0.00428462	0.00414615	0.4995	0.00393846	0.00397692	0.0141846	0.00370769	0.49	0.301669	0.0345231	0.0944846	0.0811923	0.275931	0.0596615	0.0417462	0.134531	0	0	0	0	0.0927846	0.0784	0.0562615	0.284423	
0.0743615	0.0697154	0.0402923	0.0261769	0.146962	0.0179308	0.0156385	0.0300154	0.0147385	0.00550769	0.173962	0.0163385	0.00193077	0.00166154	0.205308	0.00164615	0.00176154	0.00596923	0.0014	0.201415	0.135808	0.0121231	0.0333154	0.0293	0.0912231	0.0383154	0.0195077	0.0615	0	0	0	0	0.0503308	0.0441692	0.0301615	0.0858846	
0.0731077	0.0682923	0.0395846	0.0283154	0.130869	0.0230231	0.0190385	0.0363692	0.0207308	0.00783846	0.158385	0.0223462	0.00184615	0.00191538	0.203977	0.00156154	0.00183846	0.00589231	0.00145385	0.200115	0.129838	0.0130231	0.0351538	0.0312846	0.0998462	0.0320154	0.0183769	0.0590615	0.0428846	0.0233	0.0927846	0.0503308	0	0	0	0	
0.0626846	0.0595308	0.0335308	0.0239077	0.112146	0.0195846	0.0166154	0.0313077	0.0183154	0.00676923	0.135438	0.0191308	0.00143077	0.00142308	0.175369	0.00143077	0.0014	0.00499231	0.00136154	0.1719	0.111831	0.0110462	0.0294308	0.0273462	0.0857846	0.0280154	0.0156462	0.0502077	0.0366077	0.0204769	0.0784	0.0441692	0	0	0	0	
0.0450615	0.0411692	0.0240154	0.0167462	0.0799692	0.0131769	0.0115538	0.0222923	0.0130385	0.00460769	0.0953923	0.0139538	0.00117692	0.00109231	0.123638	0.00108462	0.000961538	0.00373077	0.000869231	0.121431	0.0788077	0.00808462	0.0212538	0.0188462	0.0613846	0.0198	0.0108385	0.0349692	0.0257231	0.0148462	0.0562615	0.0301615	0	0	0	0	
0.168369	0.157138	0.0906615	0.0678846	0.290446	0.0546154	0.0481462	0.0908462	0.0525462	0.0202538	0.354577	0.0566769	0.00426154	0.00352308	0.472454	0.00381538	0.00376154	0.0129462	0.0033	0.464046	0.298008	0.0301923	0.0834308	0.0724231	0.240077	0.0694692	0.0416231	0.132885	0.0733231	0.0404231	0.284423	0.0858846	0	0	0	0	
