0	0	0	0	0.239385	0.0343538	0.0273231	0.0572692	0.0371385	0.0135385	0.268323	0.0393308	0.00333846	0.00266923	0.350285	0.00203846	0.00278462	0.00965385	0.00158462	0.344308	0.226069	0.0204385	0.0514923	0.0603308	0.178131	0.0515154	0.0268692	0.101815	0.0706769	0.0345769	0.174762	0.0783154	0.0793077	0.0613077	0.0418077	0.175908	
0	0	0	0	0.212646	0.03	0.0239385	0.0513538	0.0314	0.0118154	0.238777	0.0359462	0.00301538	0.00247692	0.310862	0.00158462	0.00233077	0.00798462	0.00133846	0.306285	0.201046	0.0178077	0.0457846	0.0533	0.159123	0.0459385	0.0246615	0.0882154	0.0620846	0.0309308	0.155431	0.0694923	0.0702769	0.0543846	0.0375308	0.155746	
0	0	0	0	0.122015	0.0176615	0.0132077	0.0285615	0.0186077	0.00673077	0.136515	0.0195923	0.00145385	0.00132308	0.1777	0.000969231	0.00143846	0.00518462	0.000869231	0.173954	0.1153	0.0100462	0.0259923	0.0301077	0.0908615	0.0259846	0.0137154	0.0508846	0.0355	0.0190769	0.0874308	0.0394385	0.0402692	0.0319	0.0204846	0.0887923	
0	0	0	0	0.0422077	0.0295	0.0221538	0.0484231	0.0181615	0.0072	0.0973231	0.0196	0.00120769	0.000969231	0.139277	0.000830769	0.00112308	0.00399231	0.000576923	0.136592	0.0944692	0.00790769	0.0208692	0.0190385	0.0735308	0.0198462	0.0102231	0.0386846	0.0244462	0.0122231	0.0788231	0.0267923	0.0311692	0.0239308	0.0158538	0.0713308	
0.239385	0.212646	0.122015	0.0422077	0	0	0	0	0.0481615	0.0176769	0.4982	0.0522154	0.00570769	0.0047	0.602569	0.00327692	0.00464615	0.0164769	0.0029	0.592231	0.375385	0.0349154	0.0892154	0.116738	0.295885	0.0943769	0.0481154	0.177877	0.135962	0.0679231	0.261477	0.150892	0.139777	0.107985	0.0729	0.295592	
0.0343538	0.03	0.0176615	0.0295	0	0	0	0	0.0194462	0.00715385	0.0637231	0.0211923	0.000915385	0.000853846	0.109223	0.000523077	0.000830769	0.00307692	0.000423077	0.107185	0.0758615	0.00597692	0.0156077	0.0140692	0.0609769	0.0138538	0.00769231	0.0289923	0.0155462	0.00817692	0.0701538	0.0176385	0.0237308	0.0182385	0.0120385	0.0575077	
0.0273231	0.0239385	0.0132077	0.0221538	0	0	0	0	0.0151385	0.00562308	0.0495769	0.0162846	0.000807692	0.000561538	0.0847923	0.000461538	0.000676923	0.00237692	0.000346154	0.0832231	0.0596846	0.00495385	0.0124846	0.0095	0.0471077	0.0107385	0.00588462	0.0228923	0.0126385	0.00626923	0.0536385	0.0140769	0.0187	0.0140615	0.0100308	0.0438308	
0.0572692	0.0513538	0.0285615	0.0484231	0	0	0	0	0.0225615	0.00883077	0.129438	0.0247769	0.00158462	0.00132308	0.181538	0.00116154	0.00152308	0.00488462	0.0007	0.1785	0.125954	0.0103538	0.0268308	0.0224692	0.0976769	0.0243154	0.0137769	0.0498385	0.0285615	0.0144385	0.111177	0.0314308	0.0388154	0.0312385	0.0207077	0.0948462	
0.0371385	0.0314	0.0186077	0.0181615	0.0481615	0.0194462	0.0151385	0.0225615	0	0	0	0	0.000907692	0.000815385	0.102938	0.000646154	0.000846154	0.00289231	0.000392308	0.101177	0.0674	0.00616923	0.0167308	0.0150077	0.0668769	0.0103846	0.00586154	0.0221846	0.0129846	0.0064	0.0714692	0.0144538	0.0221	0.0170231	0.0116846	0.0545	
0.0135385	0.0118154	0.00673077	0.0072	0.0176769	0.00715385	0.00562308	0.00883077	0	0	0	0	0.000376923	0.000284615	0.0383538	0.000269231	0.000230769	0.00103077	0.000130769	0.0378923	0.0247769	0.00243846	0.00638462	0.00568462	0.0252	0.00355385	0.00213846	0.00839231	0.00486154	0.0024	0.0267077	0.00531538	0.00792308	0.00631538	0.00434615	0.0207	
0.268323	0.238777	0.136515	0.0973231	0.4982	0.0637231	0.0495769	0.129438	0	0	0	0	0.00680769	0.00544615	0.724723	0.00396154	0.00563077	0.0199923	0.00339231	0.711923	0.471554	0.0412462	0.102854	0.125285	0.337546	0.117977	0.0607846	0.224631	0.160138	0.0810692	0.321677	0.178054	0.167092	0.129815	0.0875154	0.356515	
0.0393308	0.0359462	0.0195923	0.0196	0.0522154	0.0211923	0.0162846	0.0247769	0	0	0	0	0.000923077	0.000892308	0.112108	0.000546154	0.000969231	0.0029	0.000453846	0.110146	0.0731538	0.00634615	0.0181692	0.0168	0.0720231	0.0113692	0.00668462	0.0243923	0.0147231	0.00693846	0.0765923	0.0162154	0.0239077	0.0183692	0.0121308	0.0600615	
0.00333846	0.00301538	0.00145385	0.00120769	0.00570769	0.000915385	0.000807692	0.00158462	0.000907692	0.000376923	0.00680769	0.000923077	0	0	0	0	7.69231e-05	0.000246154	5.38462e-05	0.00863846	0.00581538	0.000423077	0.00137692	0.0014	0.00457692	0.00145385	0.000646154	0.00233846	0.00198462	0.000815385	0.00428462	0.00193077	0.00199231	0.00145385	0.000961538	0.00460769	
0.00266923	0.00247692	0.00132308	0.000969231	0.0047	0.000853846	0.000561538	0.00132308	0.000815385	0.000284615	0.00544615	0.000892308	0	0	0	0	6.92308e-05	0.000215385	3.84615e-05	0.00711538	0.00471538	0.000438462	0.00106154	0.00122308	0.00378462	0.00114615	0.000615385	0.00189231	0.00133077	0.000784615	0.00375385	0.00156923	0.00146923	0.00130769	0.000853846	0.00380769	
0.350285	0.310862	0.1777	0.139277	0.602569	0.109223	0.0847923	0.181538	0.102938	0.0383538	0.724723	0.112108	0	0	0	0	0.00749231	0.0262923	0.00423846	0.9401	0.622769	0.0550846	0.140938	0.159331	0.490446	0.139977	0.0737385	0.273962	0.188369	0.0947385	0.485731	0.209285	0.2164	0.167854	0.113077	0.480792	
0.00203846	0.00158462	0.000969231	0.000830769	0.00327692	0.000523077	0.000461538	0.00116154	0.000646154	0.000269231	0.00396154	0.000546154	0	0	0	0	3.84615e-05	6.15385e-05	3.84615e-05	0.00528462	0.00358462	0.000253846	0.000761538	0.000823077	0.00283846	0.000707692	0.000469231	0.00140769	0.00102308	0.000469231	0.00267692	0.00125385	0.00116154	0.000907692	0.000784615	0.00256923	
0.00278462	0.00233077	0.00143846	0.00112308	0.00464615	0.000830769	0.000676923	0.00152308	0.000846154	0.000230769	0.00563077	0.000969231	7.69231e-05	6.92308e-05	0.00749231	3.84615e-05	0	0	0	0	0.00502308	0.000361538	0.0011	0.00119231	0.00392308	0.00101538	0.000561538	0.00217692	0.00157692	0.000607692	0.00386923	0.00162308	0.0016	0.00148462	0.000823077	0.00376923	
0.00965385	0.00798462	0.00518462	0.00399231	0.0164769	0.00307692	0.00237692	0.00488462	0.00289231	0.00103077	0.0199923	0.0029	0.000246154	0.000215385	0.0262923	6.15385e-05	0	0	0	0	0.0171231	0.00156923	0.00373077	0.00439231	0.0129538	0.00383846	0.00221538	0.00780769	0.00484615	0.00236923	0.0135	0.0061	0.00595385	0.0045	0.00295385	0.0134077	
0.00158462	0.00133846	0.000869231	0.000576923	0.0029	0.000423077	0.000346154	0.0007	0.000392308	0.000130769	0.00339231	0.000453846	5.38462e-05	3.84615e-05	0.00423846	3.84615e-05	0	0	0	0	0.0028	0.000223077	0.000592308	0.000753846	0.00208462	0.000584615	0.000376923	0.00132308	0.000861538	0.000369231	0.00216923	0.000969231	0.000953846	0.000730769	0.000646154	0.00203846	
0.344308	0.306285	0.173954	0.136592	0.592231	0.107185	0.0832231	0.1785	0.101177	0.0378923	0.711923	0.110146	0.00863846	0.00711538	0.9401	0.00528462	0	0	0	0	0.611938	0.0540462	0.138715	0.156438	0.482685	0.137846	0.0723154	0.268292	0.185423	0.0934615	0.476908	0.205346	0.212515	0.164808	0.111254	0.472562	
0.226069	0.201046	0.1153	0.0944692	0.375385	0.0758615	0.0596846	0.125954	0.0674	0.0247769	0.471554	0.0731538	0.00581538	0.00471538	0.622769	0.00358462	0.00502308	0.0171231	0.0028	0.611938	0	0	0	0	0.320938	0.0897923	0.0460923	0.180062	0.130985	0.0660154	0.294246	0.145638	0.141615	0.110008	0.0740154	0.311246	
0.0204385	0.0178077	0.0100462	0.00790769	0.0349154	0.00597692	0.00495385	0.0103538	0.00616923	0.00243846	0.0412462	0.00634615	0.000423077	0.000438462	0.0550846	0.000253846	0.000361538	0.00156923	0.000223077	0.0540462	0	0	0	0	0.0286308	0.00751538	0.00418462	0.0158692	0.00952308	0.0048	0.0315231	0.0103538	0.0125	0.00945385	0.00598462	0.0282615	
0.0514923	0.0457846	0.0259923	0.0208692	0.0892154	0.0156077	0.0124846	0.0268308	0.0167308	0.00638462	0.102854	0.0181692	0.00137692	0.00106154	0.140938	0.000761538	0.0011	0.00373077	0.000592308	0.138715	0	0	0	0	0.0956923	0.0175462	0.00926923	0.0216308	0.0233	0.0117462	0.0839462	0.0251462	0.0311538	0.0242	0.0165	0.0722846	
0.0603308	0.0533	0.0301077	0.0190385	0.116738	0.0140692	0.0095	0.0224692	0.0150077	0.00568462	0.125285	0.0168	0.0014	0.00122308	0.159331	0.000823077	0.00119231	0.00439231	0.000753846	0.156438	0	0	0	0	0.0563846	0.0284308	0.0159231	0.0620385	0.0289	0.0142462	0.0867308	0.0329	0.0357538	0.0278615	0.0191769	0.0799846	
0.178131	0.159123	0.0908615	0.0735308	0.295885	0.0609769	0.0471077	0.0976769	0.0668769	0.0252	0.337546	0.0720231	0.00457692	0.00378462	0.490446	0.00283846	0.00392308	0.0129538	0.00208462	0.482685	0.320938	0.0286308	0.0956923	0.0563846	0	0	0	0	0.0860308	0.0434846	0.277954	0.0941769	0.109554	0.0836769	0.0570846	0.251331	
0.0515154	0.0459385	0.0259846	0.0198462	0.0943769	0.0138538	0.0107385	0.0243154	0.0103846	0.00355385	0.117977	0.0113692	0.00145385	0.00114615	0.139977	0.000707692	0.00101538	0.00383846	0.000584615	0.137846	0.0897923	0.00751538	0.0175462	0.0284308	0	0	0	0	0.0367231	0.0182231	0.0472769	0.0410615	0.0325154	0.0257154	0.0175462	0.0675077	
0.0268692	0.0246615	0.0137154	0.0102231	0.0481154	0.00769231	0.00588462	0.0137769	0.00586154	0.00213846	0.0607846	0.00668462	0.000646154	0.000615385	0.0737385	0.000469231	0.000561538	0.00221538	0.000376923	0.0723154	0.0460923	0.00418462	0.00926923	0.0159231	0	0	0	0	0.0151308	0.00744615	0.0359154	0.0169769	0.0165846	0.0133	0.00877692	0.0368077	
0.101815	0.0882154	0.0508846	0.0386846	0.177877	0.0289923	0.0228923	0.0498385	0.0221846	0.00839231	0.224631	0.0243923	0.00233846	0.00189231	0.273962	0.00140769	0.00217692	0.00780769	0.00132308	0.268292	0.180062	0.0158692	0.0216308	0.0620385	0	0	0	0	0.0548231	0.0276538	0.1353	0.0618231	0.0623692	0.0488308	0.0322692	0.136131	
0.0706769	0.0620846	0.0355	0.0244462	0.135962	0.0155462	0.0126385	0.0285615	0.0129846	0.00486154	0.160138	0.0147231	0.00198462	0.00133077	0.188369	0.00102308	0.00157692	0.00484615	0.000861538	0.185423	0.130985	0.00952308	0.0233	0.0289	0.0860308	0.0367231	0.0151308	0.0548231	0	0	0	0	0.0485846	0.0376385	0.0262769	0.0802077	
0.0345769	0.0309308	0.0190769	0.0122231	0.0679231	0.00817692	0.00626923	0.0144385	0.0064	0.0024	0.0810692	0.00693846	0.000815385	0.000784615	0.0947385	0.000469231	0.000607692	0.00236923	0.000369231	0.0934615	0.0660154	0.0048	0.0117462	0.0142462	0.0434846	0.0182231	0.00744615	0.0276538	0	0	0	0	0.0253154	0.0192769	0.0124462	0.0397692	
0.174762	0.155431	0.0874308	0.0788231	0.261477	0.0701538	0.0536385	0.111177	0.0714692	0.0267077	0.321677	0.0765923	0.00428462	0.00375385	0.485731	0.00267692	0.00386923	0.0135	0.00216923	0.476908	0.294246	0.0315231	0.0839462	0.0867308	0.277954	0.0472769	0.0359154	0.1353	0	0	0	0	0.0930462	0.0715923	0.0486	0.283208	
0.0783154	0.0694923	0.0394385	0.0267923	0.150892	0.0176385	0.0140769	0.0314308	0.0144538	0.00531538	0.178054	0.0162154	0.00193077	0.00156923	0.209285	0.00125385	0.00162308	0.0061	0.000969231	0.205346	0.145638	0.0103538	0.0251462	0.0329	0.0941769	0.0410615	0.0169769	0.0618231	0	0	0	0	0.0540769	0.0430154	0.0283538	0.0885923	
0.0793077	0.0702769	0.0402692	0.0311692	0.139777	0.0237308	0.0187	0.0388154	0.0221	0.00792308	0.167092	0.0239077	0.00199231	0.00146923	0.2164	0.00116154	0.0016	0.00595385	0.000953846	0.212515	0.141615	0.0125	0.0311538	0.0357538	0.109554	0.0325154	0.0165846	0.0623692	0.0485846	0.0253154	0.0930462	0.0540769	0	0	0	0	
0.0613077	0.0543846	0.0319	0.0239308	0.107985	0.0182385	0.0140615	0.0312385	0.0170231	0.00631538	0.129815	0.0183692	0.00145385	0.00130769	0.167854	0.000907692	0.00148462	0.0045	0.000730769	0.164808	0.110008	0.00945385	0.0242	0.0278615	0.0836769	0.0257154	0.0133	0.0488308	0.0376385	0.0192769	0.0715923	0.0430154	0	0	0	0	
0.0418077	0.0375308	0.0204846	0.0158538	0.0729	0.0120385	0.0100308	0.0207077	0.0116846	0.00434615	0.0875154	0.0121308	0.000961538	0.000853846	0.113077	0.000784615	0.000823077	0.00295385	0.000646154	0.111254	0.0740154	0.00598462	0.0165	0.0191769	0.0570846	0.0175462	0.00877692	0.0322692	0.0262769	0.0124462	0.0486	0.0283538	0	0	0	0	
0.175908	0.155746	0.0887923	0.0713308	0.295592	0.0575077	0.0438308	0.0948462	0.0545	0.0207	0.356515	0.0600615	0.00460769	0.00380769	0.480792	0.00256923	0.00376923	0.0134077	0.00203846	0.472562	0.311246	0.0282615	0.0722846	0.0799846	0.251331	0.0675077	0.0368077	0.136131	0.0802077	0.0397692	0.283208	0.0885923	0	0	0	0	
