0	0	0	0	0.235208	0.0473154	0.0396231	0.0647538	0.0770231	0.0279385	0.220731	0.0612077	0.00252308	0.00700769	0.374838	0.00253077	0.00301538	0.00428462	0.00190769	0.377692	0.201285	0.00873077	0.125423	0.0514615	0.262023	0.0275077	0.0426	0.0547692	0.0446923	0.0165308	0.282638	0.0430385	0.0846462	0.0432923	0.0369385	0.222023	
0	0	0	0	0.136431	0.0276077	0.0226846	0.0382154	0.0447615	0.0160308	0.128515	0.0356308	0.00147692	0.0043	0.217438	0.00172308	0.00177692	0.00252308	0.00111538	0.219523	0.118469	0.00544615	0.0714769	0.0295462	0.1526	0.0161077	0.0246308	0.0316	0.0259385	0.00983846	0.164815	0.0243462	0.0495462	0.0248846	0.0216077	0.1289	
0	0	0	0	0.1204	0.0252077	0.0194769	0.0335077	0.0385923	0.0142846	0.114154	0.0315615	0.00134615	0.00366154	0.192392	0.00119231	0.00149231	0.0022	0.00112308	0.193777	0.104954	0.00442308	0.0636615	0.0255538	0.134554	0.0146308	0.0214462	0.0279615	0.0225308	0.00858462	0.145923	0.0215538	0.0429538	0.0223154	0.0187077	0.114615	
0	0	0	0	0.0436308	0.0454154	0.0375538	0.0629692	0.0384692	0.0135077	0.108323	0.0292692	0.00133077	0.00325385	0.183777	0.00120769	0.0013	0.00195385	0.000869231	0.185446	0.0993692	0.00467692	0.0603769	0.0251462	0.127738	0.0132615	0.0213462	0.0272231	0.0222846	0.00795385	0.138308	0.0210231	0.0409077	0.0215923	0.0176231	0.109446	
0.235208	0.136431	0.1204	0.0436308	0	0	0	0	0.105692	0.0383077	0.306454	0.0852154	0.00343846	0.00962308	0.518954	0.00365385	0.00416154	0.0059	0.00271538	0.522892	0.281408	0.0124462	0.1716	0.0702154	0.362469	0.0382769	0.0584385	0.0764846	0.0617615	0.0235154	0.391323	0.0590692	0.117638	0.0604846	0.0512615	0.306285	
0.0473154	0.0276077	0.0252077	0.0454154	0	0	0	0	0.0288385	0.0101692	0.0841077	0.0224308	0.0011	0.00275385	0.1409	0.000792308	0.00100769	0.00143846	0.000792308	0.142308	0.0761615	0.00350769	0.0467077	0.0191692	0.0983769	0.0103462	0.0163154	0.0205077	0.0168308	0.00629231	0.106392	0.0160308	0.0314692	0.0158385	0.0143	0.0839385	
0.0396231	0.0226846	0.0194769	0.0375538	0	0	0	0	0.0237308	0.00879231	0.0678615	0.0189538	0.000761538	0.0021	0.115608	0.000869231	0.000907692	0.00142308	0.000546154	0.116462	0.0622923	0.0026	0.0384615	0.0159846	0.0808308	0.00845385	0.0132077	0.0168462	0.0143769	0.00491538	0.0868385	0.0132077	0.0256615	0.0132077	0.0112538	0.0692154	
0.0647538	0.0382154	0.0335077	0.0629692	0	0	0	0	0.0405846	0.0144923	0.1133	0.0310692	0.00137692	0.00374615	0.192985	0.00133846	0.00150769	0.0022	0.000961538	0.194777	0.104215	0.00472308	0.0641692	0.0263385	0.135238	0.0144308	0.0220615	0.0277154	0.0224769	0.00818462	0.147131	0.0216538	0.0432846	0.0225538	0.0180615	0.115546	
0.0770231	0.0447615	0.0385923	0.0384692	0.105692	0.0288385	0.0237308	0.0405846	0	0	0	0	0.00129231	0.00360769	0.192646	0.0013	0.00146923	0.00220769	0.000961538	0.194208	0.0958769	0.00488462	0.0712	0.0268846	0.149854	0.0112385	0.0164615	0.0212923	0.0136	0.00519231	0.166808	0.0132462	0.0413462	0.0212538	0.0177769	0.118469	
0.0279385	0.0160308	0.0142846	0.0135077	0.0383077	0.0101692	0.00879231	0.0144923	0	0	0	0	0.000530769	0.0013	0.0695538	0.000376923	0.000523077	0.000861538	0.000376923	0.07	0.0339846	0.00187692	0.0262308	0.00966923	0.0537769	0.00380769	0.00608462	0.00809231	0.00482308	0.00190769	0.0602538	0.00477692	0.0147077	0.00793077	0.00617692	0.0429462	
0.220731	0.128515	0.114154	0.108323	0.306454	0.0841077	0.0678615	0.1133	0	0	0	0	0.00374615	0.0103308	0.553677	0.00396923	0.00446154	0.00608462	0.0029	0.558277	0.317654	0.0129769	0.167262	0.0738308	0.354769	0.0477385	0.0744615	0.0947538	0.0867231	0.0318154	0.371577	0.0816077	0.130038	0.0664615	0.0566615	0.318562	
0.0612077	0.0356308	0.0315615	0.0292692	0.0852154	0.0224308	0.0189538	0.0310692	0	0	0	0	0.00110769	0.00298462	0.152569	0.00100769	0.00113077	0.00180769	0.000776923	0.153954	0.0765615	0.00353846	0.0562462	0.0213231	0.118515	0.00872308	0.0130154	0.0174154	0.0103	0.00399231	0.133046	0.0103308	0.0319615	0.0164385	0.0142615	0.0950077	
0.00252308	0.00147692	0.00134615	0.00133077	0.00343846	0.0011	0.000761538	0.00137692	0.00129231	0.000530769	0.00374615	0.00110769	0	0	0	0	7.69231e-05	6.15385e-05	0	0.00653846	0.0035	0.000176923	0.0023	0.0007	0.00460769	0.000492308	0.000676923	0.0009	0.0009	0.000284615	0.0048	0.000692308	0.00142308	0.000730769	0.0007	0.00382308	
0.00700769	0.0043	0.00366154	0.00325385	0.00962308	0.00275385	0.0021	0.00374615	0.00360769	0.0013	0.0103308	0.00298462	0	0	0	0	0.0001	0.000146154	0.000107692	0.0178692	0.00951538	0.000415385	0.00576154	0.00253077	0.0122308	0.00138462	0.0019	0.00270769	0.00203846	0.000707692	0.0135615	0.00191538	0.00387692	0.00206154	0.00159231	0.0106923	
0.374838	0.217438	0.192392	0.183777	0.518954	0.1409	0.115608	0.192985	0.192646	0.0695538	0.553677	0.152569	0	0	0	0	0.00737692	0.0107	0.00488462	0.945485	0.507385	0.0225692	0.310769	0.127723	0.655477	0.0691923	0.1068	0.136977	0.111738	0.0415692	0.708454	0.106685	0.211338	0.108615	0.0919154	0.556577	
0.00253077	0.00172308	0.00119231	0.00120769	0.00365385	0.000792308	0.000869231	0.00133846	0.0013	0.000376923	0.00396923	0.00100769	0	0	0	0	3.07692e-05	5.38462e-05	2.30769e-05	0.00654615	0.00367692	0.000115385	0.00210769	0.000753846	0.0046	0.000438462	0.000646154	0.000969231	0.000769231	0.000346154	0.00486923	0.000669231	0.00141538	0.000676923	0.000669231	0.00389231	
0.00301538	0.00177692	0.00149231	0.0013	0.00416154	0.00100769	0.000907692	0.00150769	0.00146923	0.000523077	0.00446154	0.00113077	7.69231e-05	0.0001	0.00737692	3.07692e-05	0	0	0	0	0.00397692	0.000176923	0.00240769	0.00102308	0.00525385	0.000407692	0.000892308	0.00103077	0.000807692	0.000407692	0.00552308	0.000846154	0.00160769	0.000846154	0.000623077	0.00450769	
0.00428462	0.00252308	0.0022	0.00195385	0.0059	0.00143846	0.00142308	0.0022	0.00220769	0.000861538	0.00608462	0.00180769	6.15385e-05	0.000146154	0.0107	5.38462e-05	0	0	0	0	0.00572308	0.000153846	0.00354615	0.00153846	0.00742308	0.000776923	0.00114615	0.00161538	0.00124615	0.000446154	0.00802308	0.00124615	0.00243846	0.00119231	0.00106923	0.00626154	
0.00190769	0.00111538	0.00112308	0.000869231	0.00271538	0.000792308	0.000546154	0.000961538	0.000961538	0.000376923	0.0029	0.000776923	0	0.000107692	0.00488462	2.30769e-05	0	0	0	0	0.00263846	0.0001	0.00166923	0.000607692	0.00342308	0.000438462	0.000607692	0.000546154	0.000630769	0.000223077	0.00360769	0.000553846	0.00111538	0.0005	0.0006	0.0028	
0.377692	0.219523	0.193777	0.185446	0.522892	0.142308	0.116462	0.194777	0.194208	0.07	0.558277	0.153954	0.00653846	0.0178692	0.945485	0.00654615	0	0	0	0	0.511738	0.0228462	0.313315	0.128538	0.660815	0.0698846	0.107377	0.138362	0.112762	0.0418308	0.714531	0.107315	0.212892	0.109546	0.0925846	0.561415	
0.201285	0.118469	0.104954	0.0993692	0.281408	0.0761615	0.0622923	0.104215	0.0958769	0.0339846	0.317654	0.0765615	0.0035	0.00951538	0.507385	0.00367692	0.00397692	0.00572308	0.00263846	0.511738	0	0	0	0	0.309085	0.0479385	0.0730769	0.0939769	0.0820846	0.0304308	0.334154	0.0774077	0.119954	0.0615231	0.0525308	0.290069	
0.00873077	0.00544615	0.00442308	0.00467692	0.0124462	0.00350769	0.0026	0.00472308	0.00488462	0.00187692	0.0129769	0.00353846	0.000176923	0.000415385	0.0225692	0.000115385	0.000176923	0.000153846	0.0001	0.0228462	0	0	0	0	0.0139077	0.00206154	0.00312308	0.00418462	0.00166923	0.000576923	0.0194077	0.00162308	0.00479231	0.00242308	0.0021	0.0139615	
0.125423	0.0714769	0.0636615	0.0603769	0.1716	0.0467077	0.0384615	0.0641692	0.0712	0.0262308	0.167262	0.0562462	0.0023	0.00576154	0.310769	0.00210769	0.00240769	0.00354615	0.00166923	0.313315	0	0	0	0	0.275023	0.0101231	0.0155615	0.0202308	0.0220308	0.00833846	0.268654	0.0219154	0.0656385	0.0342538	0.0289385	0.192108	
0.0514615	0.0295462	0.0255538	0.0251462	0.0702154	0.0191692	0.0159846	0.0263385	0.0268846	0.00966923	0.0738308	0.0213231	0.0007	0.00253077	0.127723	0.000753846	0.00102308	0.00153846	0.000607692	0.128538	0	0	0	0	0.0789	0.0113846	0.0182615	0.0231615	0.00966154	0.00356154	0.109469	0.00901538	0.0276692	0.0138846	0.0113077	0.0788462	
0.262023	0.1526	0.134554	0.127738	0.362469	0.0983769	0.0808308	0.135238	0.149854	0.0537769	0.354769	0.118515	0.00460769	0.0122308	0.655477	0.0046	0.00525385	0.00742308	0.00342308	0.660815	0.309085	0.0139077	0.275023	0.0789	0	0	0	0	0.0720692	0.0266846	0.509654	0.0685077	0.145138	0.0756615	0.0636846	0.392431	
0.0275077	0.0161077	0.0146308	0.0132615	0.0382769	0.0103462	0.00845385	0.0144308	0.0112385	0.00380769	0.0477385	0.00872308	0.000492308	0.00138462	0.0691923	0.000438462	0.000407692	0.000776923	0.000438462	0.0698846	0.0479385	0.00206154	0.0101231	0.0113846	0	0	0	0	0.00935385	0.00359231	0.0492385	0.00932308	0.0162462	0.0081	0.00715385	0.0400077	
0.0426	0.0246308	0.0214462	0.0213462	0.0584385	0.0163154	0.0132077	0.0220615	0.0164615	0.00608462	0.0744615	0.0130154	0.000676923	0.0019	0.1068	0.000646154	0.000892308	0.00114615	0.000607692	0.107377	0.0730769	0.00312308	0.0155615	0.0182615	0	0	0	0	0.0152308	0.0055	0.0751846	0.0141077	0.0250462	0.0122462	0.0108462	0.0618846	
0.0547692	0.0316	0.0279615	0.0272231	0.0764846	0.0205077	0.0168462	0.0277154	0.0212923	0.00809231	0.0947538	0.0174154	0.0009	0.00270769	0.136977	0.000969231	0.00103077	0.00161538	0.000546154	0.138362	0.0939769	0.00418462	0.0202308	0.0231615	0	0	0	0	0.0187923	0.00713077	0.0976077	0.0180231	0.0316231	0.0160769	0.0131923	0.0806615	
0.0446923	0.0259385	0.0225308	0.0222846	0.0617615	0.0168308	0.0143769	0.0224769	0.0136	0.00482308	0.0867231	0.0103	0.0009	0.00203846	0.111738	0.000769231	0.000807692	0.00124615	0.000630769	0.112762	0.0820846	0.00166923	0.0220308	0.00966154	0.0720692	0.00935385	0.0152308	0.0187923	0	0	0	0	0.0345154	0.0177769	0.0143385	0.0488154	
0.0165308	0.00983846	0.00858462	0.00795385	0.0235154	0.00629231	0.00491538	0.00818462	0.00519231	0.00190769	0.0318154	0.00399231	0.000284615	0.000707692	0.0415692	0.000346154	0.000407692	0.000446154	0.000223077	0.0418308	0.0304308	0.000576923	0.00833846	0.00356154	0.0266846	0.00359231	0.0055	0.00713077	0	0	0	0	0.0131615	0.00626923	0.00573846	0.0177385	
0.282638	0.164815	0.145923	0.138308	0.391323	0.106392	0.0868385	0.147131	0.166808	0.0602538	0.371577	0.133046	0.0048	0.0135615	0.708454	0.00486923	0.00552308	0.00802308	0.00360769	0.714531	0.334154	0.0194077	0.268654	0.109469	0.509654	0.0492385	0.0751846	0.0976077	0	0	0	0	0.137431	0.0714385	0.0606231	0.462192	
0.0430385	0.0243462	0.0215538	0.0210231	0.0590692	0.0160308	0.0132077	0.0216538	0.0132462	0.00477692	0.0816077	0.0103308	0.000692308	0.00191538	0.106685	0.000669231	0.000846154	0.00124615	0.000553846	0.107315	0.0774077	0.00162308	0.0219154	0.00901538	0.0685077	0.00932308	0.0141077	0.0180231	0	0	0	0	0.0329462	0.0166	0.0141769	0.0462385	
0.0846462	0.0495462	0.0429538	0.0409077	0.117638	0.0314692	0.0256615	0.0432846	0.0413462	0.0147077	0.130038	0.0319615	0.00142308	0.00387692	0.211338	0.00141538	0.00160769	0.00243846	0.00111538	0.212892	0.119954	0.00479231	0.0656385	0.0276692	0.145138	0.0162462	0.0250462	0.0316231	0.0345154	0.0131615	0.137431	0.0329462	0	0	0	0	
0.0432923	0.0248846	0.0223154	0.0215923	0.0604846	0.0158385	0.0132077	0.0225538	0.0212538	0.00793077	0.0664615	0.0164385	0.000730769	0.00206154	0.108615	0.000676923	0.000846154	0.00119231	0.0005	0.109546	0.0615231	0.00242308	0.0342538	0.0138846	0.0756615	0.0081	0.0122462	0.0160769	0.0177769	0.00626923	0.0714385	0.0166	0	0	0	0	
0.0369385	0.0216077	0.0187077	0.0176231	0.0512615	0.0143	0.0112538	0.0180615	0.0177769	0.00617692	0.0566615	0.0142615	0.0007	0.00159231	0.0919154	0.000669231	0.000623077	0.00106923	0.0006	0.0925846	0.0525308	0.0021	0.0289385	0.0113077	0.0636846	0.00715385	0.0108462	0.0131923	0.0143385	0.00573846	0.0606231	0.0141769	0	0	0	0	
0.222023	0.1289	0.114615	0.109446	0.306285	0.0839385	0.0692154	0.115546	0.118469	0.0429462	0.318562	0.0950077	0.00382308	0.0106923	0.556577	0.00389231	0.00450769	0.00626154	0.0028	0.561415	0.290069	0.0139615	0.192108	0.0788462	0.392431	0.0400077	0.0618846	0.0806615	0.0488154	0.0177385	0.462192	0.0462385	0	0	0	0	
