0	0	0	0	0.231077	0.0483231	0.0398462	0.0653308	0.0765231	0.0272923	0.219008	0.0617538	0.00240769	0.00691538	0.372692	0.00256154	0.00288462	0.00437692	0.00205385	0.375262	0.200485	0.00924615	0.123292	0.0515538	0.261169	0.0267231	0.0428077	0.0538769	0.0432385	0.0164308	0.283146	0.0417615	0.0839692	0.0430923	0.0365923	0.220923	
0	0	0	0	0.137262	0.0278462	0.0229462	0.0387	0.0455385	0.0163385	0.129238	0.0356385	0.00156923	0.00429231	0.219277	0.00161538	0.00156154	0.00242308	0.0011	0.221669	0.119077	0.00519231	0.0721692	0.0303154	0.153146	0.0155538	0.0258462	0.0322077	0.0259231	0.00982308	0.165662	0.0253462	0.0489	0.0251923	0.0211	0.131562	
0	0	0	0	0.121323	0.0241538	0.0204923	0.0340923	0.0402692	0.0142923	0.113815	0.0316846	0.00125385	0.00382308	0.193654	0.00133077	0.00152308	0.00210769	0.000907692	0.195523	0.105077	0.00483846	0.0631077	0.0270385	0.135046	0.0142846	0.0222538	0.0284769	0.0238692	0.00833846	0.145692	0.0221615	0.0427692	0.0228923	0.0188923	0.115508	
0	0	0	0	0.0446462	0.0453308	0.0373538	0.0612769	0.0375846	0.0135231	0.107054	0.0304462	0.00111538	0.00330769	0.182885	0.0013	0.00134615	0.0021	0.001	0.184162	0.0991923	0.0044	0.0602462	0.0247692	0.127669	0.0133769	0.0207923	0.0267692	0.0217077	0.00848462	0.137654	0.0207615	0.0408385	0.0208077	0.0175923	0.109369	
0.231077	0.137262	0.121323	0.0446462	0	0	0	0	0.107223	0.0380462	0.303862	0.0851769	0.0035	0.00999231	0.517138	0.00367692	0.00396923	0.00560769	0.00267692	0.522054	0.278938	0.0127692	0.171154	0.0714462	0.361331	0.0374462	0.0596385	0.0758923	0.0610308	0.0233692	0.391062	0.0588462	0.115392	0.0604769	0.0504154	0.308023	
0.0483231	0.0278462	0.0241538	0.0453308	0	0	0	0	0.0287923	0.0104077	0.0831	0.0233538	0.000869231	0.00260769	0.141277	0.0009	0.00105385	0.00177692	0.000669231	0.142154	0.0769385	0.00338462	0.0459385	0.0193923	0.0987231	0.0101923	0.0162	0.0205385	0.0170692	0.00633846	0.106115	0.0161308	0.0314308	0.0160308	0.0140385	0.0841538	
0.0398462	0.0229462	0.0204923	0.0373538	0	0	0	0	0.0240615	0.00870769	0.0686462	0.0192231	0.000823077	0.00216154	0.116854	0.0008	0.000792308	0.00146154	0.000676923	0.117708	0.0629231	0.00282308	0.0390615	0.0158308	0.0818846	0.00844615	0.0135	0.0168077	0.0135769	0.00479231	0.089	0.0132692	0.0265077	0.0133308	0.0108538	0.0699462	
0.0653308	0.0387	0.0340923	0.0612769	0	0	0	0	0.0398385	0.0142846	0.113508	0.0317692	0.00115385	0.00357692	0.193238	0.00143077	0.0015	0.00216154	0.00103846	0.1947	0.105031	0.0047	0.0626615	0.0270077	0.135092	0.0138538	0.0223615	0.0280923	0.0230615	0.00857692	0.145977	0.0217846	0.0431462	0.0221462	0.0188692	0.115238	
0.0765231	0.0455385	0.0402692	0.0375846	0.107223	0.0287923	0.0240615	0.0398385	0	0	0	0	0.00133846	0.00365385	0.193631	0.00129231	0.00127692	0.00222308	0.00105385	0.195362	0.0982231	0.0051	0.0683385	0.0282538	0.1375	0.0135385	0.0223462	0.0265308	0.0135	0.00506154	0.168846	0.0125077	0.0409615	0.0213077	0.0177077	0.119938	
0.0272923	0.0163385	0.0142923	0.0135231	0.0380462	0.0104077	0.00870769	0.0142846	0	0	0	0	0.000576923	0.00139231	0.0689615	0.000515385	0.000492308	0.000769231	0.000361538	0.0698231	0.0351769	0.00186154	0.0242692	0.0101385	0.0491846	0.00503077	0.00745385	0.00977692	0.00462308	0.00189231	0.0602769	0.00465385	0.0151846	0.0074	0.0061	0.0427615	
0.219008	0.129238	0.113815	0.107054	0.303862	0.0831	0.0686462	0.113508	0	0	0	0	0.00340769	0.0104769	0.551277	0.00395385	0.00438462	0.00609231	0.00297692	0.555662	0.311654	0.0126923	0.171815	0.0729538	0.380423	0.0405385	0.0648923	0.0832615	0.0861923	0.0320231	0.367877	0.0830231	0.128238	0.0663	0.0562538	0.318323	
0.0617538	0.0356385	0.0316846	0.0304462	0.0851769	0.0233538	0.0192231	0.0317692	0	0	0	0	0.00102308	0.00281538	0.154638	0.00104615	0.00116154	0.00192308	0.000669231	0.155769	0.0787769	0.00402308	0.0543923	0.0223308	0.109923	0.0108308	0.0170077	0.0217615	0.0104231	0.0041	0.135154	0.00984615	0.0320923	0.0169769	0.0141154	0.0963385	
0.00240769	0.00156923	0.00125385	0.00111538	0.0035	0.000869231	0.000823077	0.00115385	0.00133846	0.000576923	0.00340769	0.00102308	0	0	0	0	3.84615e-05	6.92308e-05	2.30769e-05	0.00621538	0.00332308	0.000176923	0.00207692	0.000769231	0.00431538	0.000423077	0.0007	0.000907692	0.000769231	0.000253846	0.00468462	0.000638462	0.00145385	0.000630769	0.000607692	0.00365385	
0.00691538	0.00429231	0.00382308	0.00330769	0.00999231	0.00260769	0.00216154	0.00357692	0.00365385	0.00139231	0.0104769	0.00281538	0	0	0	0	0.000161538	0.000184615	9.23077e-05	0.0179	0.00964615	0.000461538	0.00589231	0.00233846	0.0123538	0.00134615	0.00202308	0.00261538	0.00199231	0.000792308	0.0133538	0.0022	0.0042	0.00197692	0.00163077	0.0105308	
0.372692	0.219277	0.193654	0.182885	0.517138	0.141277	0.116854	0.193238	0.193631	0.0689615	0.551277	0.154638	0	0	0	0	0.00705385	0.0106538	0.00491538	0.945885	0.507423	0.0228769	0.308554	0.129654	0.655808	0.0676846	0.108231	0.136785	0.111123	0.0417538	0.709208	0.106423	0.209369	0.1086	0.0912385	0.5593	
0.00256154	0.00161538	0.00133077	0.0013	0.00367692	0.0009	0.0008	0.00143077	0.00129231	0.000515385	0.00395385	0.00104615	0	0	0	0	6.15385e-05	0.0001	3.07692e-05	0.00661538	0.00343846	0.000161538	0.00229231	0.000915385	0.00455385	0.000484615	0.000746154	0.00102308	0.000853846	0.000276923	0.00490769	0.000769231	0.00145385	0.000776923	0.0007	0.00387692	
0.00288462	0.00156154	0.00152308	0.00134615	0.00396923	0.00105385	0.000792308	0.0015	0.00127692	0.000492308	0.00438462	0.00116154	3.84615e-05	0.000161538	0.00705385	6.15385e-05	0	0	0	0	0.00367692	0.000161538	0.00252308	0.000953846	0.00485385	0.000492308	0.000861538	0.00110769	0.000807692	0.000407692	0.0053	0.0008	0.00135385	0.000769231	0.000638462	0.00455385	
0.00437692	0.00242308	0.00210769	0.0021	0.00560769	0.00177692	0.00146154	0.00216154	0.00222308	0.000769231	0.00609231	0.00192308	6.92308e-05	0.000184615	0.0106538	0.0001	0	0	0	0	0.00576154	0.000353846	0.0035	0.00139231	0.00754615	0.000715385	0.00118462	0.00156154	0.00126923	0.000438462	0.00802308	0.00127692	0.00231538	0.00113077	0.00114615	0.00641538	
0.00205385	0.0011	0.000907692	0.001	0.00267692	0.000669231	0.000676923	0.00103846	0.00105385	0.000361538	0.00297692	0.000669231	2.30769e-05	9.23077e-05	0.00491538	3.07692e-05	0	0	0	0	0.00275385	0.000123077	0.00151538	0.000669231	0.00342308	0.000346154	0.000623077	0.000669231	0.0005	0.000284615	0.00373077	0.000546154	0.001	0.0006	0.000453846	0.00300769	
0.375262	0.221669	0.195523	0.184162	0.522054	0.142154	0.117708	0.1947	0.195362	0.0698231	0.555662	0.155769	0.00621538	0.0179	0.945885	0.00661538	0	0	0	0	0.511638	0.0230385	0.311277	0.130662	0.661208	0.0683846	0.109031	0.137992	0.112162	0.0419462	0.7151	0.107408	0.211808	0.109485	0.0919385	0.563385	
0.200485	0.119077	0.105077	0.0991923	0.278938	0.0769385	0.0629231	0.105031	0.0982231	0.0351769	0.311654	0.0787769	0.00332308	0.00964615	0.507423	0.00343846	0.00367692	0.00576154	0.00275385	0.511638	0	0	0	0	0.311892	0.0453462	0.0736769	0.0929154	0.0808154	0.0301231	0.335431	0.0774615	0.118792	0.0617846	0.0511846	0.292069	
0.00924615	0.00519231	0.00483846	0.0044	0.0127692	0.00338462	0.00282308	0.0047	0.0051	0.00186154	0.0126923	0.00402308	0.000176923	0.000461538	0.0228769	0.000161538	0.000161538	0.000353846	0.000123077	0.0230385	0	0	0	0	0.0142154	0.00203077	0.00346154	0.00396923	0.00159231	0.000684615	0.0198538	0.00154615	0.00454615	0.00231538	0.00222308	0.0145923	
0.123292	0.0721692	0.0631077	0.0602462	0.171154	0.0459385	0.0390615	0.0626615	0.0683385	0.0242692	0.171815	0.0543923	0.00207692	0.00589231	0.308554	0.00229231	0.00252308	0.0035	0.00151538	0.311277	0	0	0	0	0.271769	0.0105154	0.0159692	0.0205615	0.0227769	0.00859231	0.265808	0.0216385	0.0651923	0.0338846	0.0290308	0.190708	
0.0515538	0.0303154	0.0270385	0.0247692	0.0714462	0.0193923	0.0158308	0.0270077	0.0282538	0.0101385	0.0729538	0.0223308	0.000769231	0.00233846	0.129654	0.000915385	0.000953846	0.00139231	0.000669231	0.130662	0	0	0	0	0.0791538	0.0120462	0.0185923	0.0238846	0.00955385	0.00367692	0.111062	0.00938462	0.0279462	0.014	0.0117385	0.0799923	
0.261169	0.153146	0.135046	0.127669	0.361331	0.0987231	0.0818846	0.135092	0.1375	0.0491846	0.380423	0.109923	0.00431538	0.0123538	0.655808	0.00455385	0.00485385	0.00754615	0.00342308	0.661208	0.311892	0.0142154	0.271769	0.0791538	0	0	0	0	0.0734692	0.0279077	0.505085	0.0705692	0.144662	0.0755154	0.0636231	0.393231	
0.0267231	0.0155538	0.0142846	0.0133769	0.0374462	0.0101923	0.00844615	0.0138538	0.0135385	0.00503077	0.0405385	0.0108308	0.000423077	0.00134615	0.0676846	0.000484615	0.000492308	0.000715385	0.000346154	0.0683846	0.0453462	0.00203077	0.0105154	0.0120462	0	0	0	0	0.00897692	0.00326154	0.0492769	0.00842308	0.0157923	0.00817692	0.00662308	0.0393462	
0.0428077	0.0258462	0.0222538	0.0207923	0.0596385	0.0162	0.0135	0.0223615	0.0223462	0.00745385	0.0648923	0.0170077	0.0007	0.00202308	0.108231	0.000746154	0.000861538	0.00118462	0.000623077	0.109031	0.0736769	0.00346154	0.0159692	0.0185923	0	0	0	0	0.0141154	0.00523846	0.0784923	0.0138538	0.0242769	0.0121769	0.0103385	0.0649077	
0.0538769	0.0322077	0.0284769	0.0267692	0.0758923	0.0205385	0.0168077	0.0280923	0.0265308	0.00977692	0.0832615	0.0217615	0.000907692	0.00261538	0.136785	0.00102308	0.00110769	0.00156154	0.000669231	0.137992	0.0929154	0.00396923	0.0205615	0.0238846	0	0	0	0	0.0181769	0.00666923	0.0993	0.0171846	0.0317462	0.0161154	0.0135923	0.0798769	
0.0432385	0.0259231	0.0238692	0.0217077	0.0610308	0.0170692	0.0135769	0.0230615	0.0135	0.00462308	0.0861923	0.0104231	0.000769231	0.00199231	0.111123	0.000853846	0.000807692	0.00126923	0.0005	0.112162	0.0808154	0.00159231	0.0227769	0.00955385	0.0734692	0.00897692	0.0141154	0.0181769	0	0	0	0	0.0335769	0.0176154	0.0150231	0.0485231	
0.0164308	0.00982308	0.00833846	0.00848462	0.0233692	0.00633846	0.00479231	0.00857692	0.00506154	0.00189231	0.0320231	0.0041	0.000253846	0.000792308	0.0417538	0.000276923	0.000407692	0.000438462	0.000284615	0.0419462	0.0301231	0.000684615	0.00859231	0.00367692	0.0279077	0.00326154	0.00523846	0.00666923	0	0	0	0	0.0130615	0.00684615	0.00529231	0.0178769	
0.283146	0.165662	0.145692	0.137654	0.391062	0.106115	0.089	0.145977	0.168846	0.0602769	0.367877	0.135154	0.00468462	0.0133538	0.709208	0.00490769	0.0053	0.00802308	0.00373077	0.7151	0.335431	0.0198538	0.265808	0.111062	0.505085	0.0492769	0.0784923	0.0993	0	0	0	0	0.136823	0.0705846	0.0595077	0.465238	
0.0417615	0.0253462	0.0221615	0.0207615	0.0588462	0.0161308	0.0132692	0.0217846	0.0125077	0.00465385	0.0830231	0.00984615	0.000638462	0.0022	0.106423	0.000769231	0.0008	0.00127692	0.000546154	0.107408	0.0774615	0.00154615	0.0216385	0.00938462	0.0705692	0.00842308	0.0138538	0.0171846	0	0	0	0	0.0330154	0.0169385	0.0143538	0.0457231	
0.0839692	0.0489	0.0427692	0.0408385	0.115392	0.0314308	0.0265077	0.0431462	0.0409615	0.0151846	0.128238	0.0320923	0.00145385	0.0042	0.209369	0.00145385	0.00135385	0.00231538	0.001	0.211808	0.118792	0.00454615	0.0651923	0.0279462	0.144662	0.0157923	0.0242769	0.0317462	0.0335769	0.0130615	0.136823	0.0330154	0	0	0	0	
0.0430923	0.0251923	0.0228923	0.0208077	0.0604769	0.0160308	0.0133308	0.0221462	0.0213077	0.0074	0.0663	0.0169769	0.000630769	0.00197692	0.1086	0.000776923	0.000769231	0.00113077	0.0006	0.109485	0.0617846	0.00231538	0.0338846	0.014	0.0755154	0.00817692	0.0121769	0.0161154	0.0176154	0.00684615	0.0705846	0.0169385	0	0	0	0	
0.0365923	0.0211	0.0188923	0.0175923	0.0504154	0.0140385	0.0108538	0.0188692	0.0177077	0.0061	0.0562538	0.0141154	0.000607692	0.00163077	0.0912385	0.0007	0.000638462	0.00114615	0.000453846	0.0919385	0.0511846	0.00222308	0.0290308	0.0117385	0.0636231	0.00662308	0.0103385	0.0135923	0.0150231	0.00529231	0.0595077	0.0143538	0	0	0	0	
0.220923	0.131562	0.115508	0.109369	0.308023	0.0841538	0.0699462	0.115238	0.119938	0.0427615	0.318323	0.0963385	0.00365385	0.0105308	0.5593	0.00387692	0.00455385	0.00641538	0.00300769	0.563385	0.292069	0.0145923	0.190708	0.0799923	0.393231	0.0393462	0.0649077	0.0798769	0.0485231	0.0178769	0.465238	0.0457231	0	0	0	0	
