0	0	0	0	0.231477	0.0482923	0.0380385	0.0651231	0.0774308	0.0273	0.216562	0.0616385	0.00259231	0.00698462	0.370962	0.00239231	0.00273077	0.00419231	0.00194615	0.374062	0.200077	0.00891538	0.121985	0.0519538	0.258369	0.0277615	0.0426308	0.0541692	0.0454769	0.0166923	0.279962	0.0408	0.0844538	0.0423692	0.0359385	0.220169	
0	0	0	0	0.137215	0.0286846	0.0226769	0.0396077	0.0456	0.0163923	0.130123	0.0360692	0.00142308	0.00428462	0.220877	0.0016	0.00183846	0.0024	0.00103077	0.222915	0.119508	0.00544615	0.0727	0.0305308	0.154623	0.0169385	0.0246846	0.0319385	0.0259231	0.00962308	0.1682	0.0244385	0.0494692	0.0255308	0.0215692	0.131615	
0	0	0	0	0.119492	0.0248692	0.0204	0.0340923	0.0398385	0.0141538	0.113069	0.0317923	0.00136154	0.00391538	0.192146	0.00143077	0.00133846	0.00213846	0.000953846	0.194423	0.103415	0.00460769	0.0643	0.0265308	0.133523	0.0137692	0.0227769	0.0287846	0.0235846	0.00858462	0.145208	0.0214769	0.0429615	0.0228154	0.0194692	0.113608	
0	0	0	0	0.0451077	0.0453231	0.0373	0.0623	0.0383308	0.0133231	0.107446	0.0309308	0.00115385	0.0036	0.184215	0.00106154	0.0015	0.00187692	0.000976923	0.185677	0.100085	0.00466923	0.0602308	0.0250462	0.127369	0.0135615	0.0211231	0.0279769	0.0222462	0.00810769	0.139969	0.0197077	0.0409154	0.0213923	0.0187462	0.108977	
0.231477	0.137215	0.119492	0.0451077	0	0	0	0	0.106431	0.0377308	0.303423	0.0857077	0.00363077	0.0100615	0.515954	0.00364615	0.00386923	0.00581538	0.00266154	0.520946	0.279254	0.0126308	0.170354	0.0710538	0.360369	0.0385154	0.0588538	0.0755538	0.0629308	0.0232385	0.390046	0.0570769	0.115738	0.0607462	0.0508077	0.306	
0.0482923	0.0286846	0.0248692	0.0453231	0	0	0	0	0.0296692	0.0105462	0.0838231	0.0231308	0.000946154	0.00273846	0.142569	0.000915385	0.00108462	0.00147692	0.000753846	0.143854	0.0774231	0.00323846	0.0466692	0.0198385	0.0988308	0.0103692	0.0167462	0.0212231	0.0173308	0.00619231	0.107885	0.0157615	0.0318308	0.0166154	0.0144462	0.0842769	
0.0380385	0.0226769	0.0204	0.0373	0	0	0	0	0.0244154	0.00868462	0.0660462	0.0192692	0.000815385	0.00221538	0.114746	0.000638462	0.000984615	0.00116923	0.000492308	0.115769	0.0616846	0.00284615	0.0381385	0.0157462	0.0794615	0.00879231	0.0131	0.0170615	0.0138692	0.00486923	0.0874385	0.0122385	0.0256308	0.0133	0.0114769	0.0680077	
0.0651231	0.0396077	0.0340923	0.0623	0	0	0	0	0.0406846	0.0142077	0.113908	0.0323231	0.00113846	0.00376923	0.194931	0.00128462	0.00146923	0.00214615	0.001	0.196508	0.104723	0.00492308	0.0640538	0.0274231	0.135223	0.0143538	0.0225154	0.0290308	0.0231	0.00870769	0.147969	0.0213462	0.0446	0.0214462	0.0189923	0.116085	
0.0774308	0.0456	0.0398385	0.0383308	0.106431	0.0296692	0.0244154	0.0406846	0	0	0	0	0.00128462	0.00388462	0.194608	0.00142308	0.00142308	0.00203077	0.00102308	0.196723	0.0999308	0.00504615	0.0685308	0.0276923	0.14	0.0138231	0.0205769	0.0268	0.0138308	0.00476154	0.170292	0.0123154	0.0417385	0.0211154	0.0183385	0.120008	
0.0273	0.0163923	0.0141538	0.0133231	0.0377308	0.0105462	0.00868462	0.0142077	0	0	0	0	0.000430769	0.00140769	0.0688615	0.000469231	0.000476923	0.0007	0.000384615	0.0696077	0.0345615	0.00185385	0.0250231	0.00973077	0.0498	0.00480769	0.00744615	0.00911538	0.00485385	0.00180769	0.0602308	0.00427692	0.0150615	0.00763846	0.00653077	0.0419385	
0.216562	0.130123	0.113069	0.107446	0.303423	0.0838231	0.0660462	0.113908	0	0	0	0	0.00371538	0.0104231	0.549531	0.00353077	0.00426154	0.00636154	0.00285385	0.553723	0.309092	0.0125615	0.1714	0.0741462	0.373177	0.0422	0.0660077	0.0858154	0.0878462	0.0327231	0.366915	0.0797154	0.127792	0.0666231	0.0565308	0.316254	
0.0616385	0.0360692	0.0317923	0.0309308	0.0857077	0.0231308	0.0192692	0.0323231	0	0	0	0	0.0011	0.00306923	0.1552	0.00106154	0.00124615	0.00151538	0.000646154	0.157023	0.0795	0.00417692	0.0542615	0.0224923	0.110908	0.0112	0.0171846	0.0211385	0.0107	0.00371538	0.1359	0.0101154	0.0332077	0.0167308	0.0143231	0.0961692	
0.00259231	0.00142308	0.00136154	0.00115385	0.00363077	0.000946154	0.000815385	0.00113846	0.00128462	0.000430769	0.00371538	0.0011	0	0	0	0	5.38462e-05	5.38462e-05	3.84615e-05	0.00638462	0.00309231	0.000192308	0.00225385	0.000992308	0.00449231	0.000423077	0.000692308	0.000923077	0.000692308	0.000276923	0.00501538	0.000546154	0.00136923	0.000684615	0.000653846	0.00382308	
0.00698462	0.00428462	0.00391538	0.0036	0.0100615	0.00273846	0.00221538	0.00376923	0.00388462	0.00140769	0.0104231	0.00306923	0	0	0	0	0.000153846	0.000230769	9.23077e-05	0.0183077	0.00981538	0.000469231	0.00617692	0.00232308	0.0128769	0.00129231	0.00182308	0.00279231	0.00203077	0.000753846	0.0139308	0.00206923	0.00423077	0.00199231	0.00176154	0.0108	
0.370962	0.220877	0.192146	0.184215	0.515954	0.142569	0.114746	0.194931	0.194608	0.0688615	0.549531	0.1552	0	0	0	0	0.00716923	0.0102692	0.00476154	0.946	0.506831	0.0228385	0.308762	0.129769	0.652292	0.0698077	0.107885	0.138215	0.113785	0.0416923	0.709585	0.103138	0.210962	0.108685	0.0927692	0.555785	
0.00239231	0.0016	0.00143077	0.00106154	0.00364615	0.000915385	0.000638462	0.00128462	0.00142308	0.000469231	0.00353077	0.00106154	0	0	0	0	3.07692e-05	5.38462e-05	1.53846e-05	0.00638462	0.00334615	0.000138462	0.00202308	0.000976923	0.00422308	0.000507692	0.000815385	0.000938462	0.000723077	0.000284615	0.00480769	0.000669231	0.00123846	0.000746154	0.000538462	0.00396154	
0.00273077	0.00183846	0.00133846	0.0015	0.00386923	0.00108462	0.000984615	0.00146923	0.00142308	0.000476923	0.00426154	0.00124615	5.38462e-05	0.000153846	0.00716923	3.07692e-05	0	0	0	0	0.004	9.23077e-05	0.00236154	0.000953846	0.00507692	0.000446154	0.000892308	0.000992308	0.000784615	0.000453846	0.00534615	0.000823077	0.00176154	0.000738462	0.0008	0.00410769	
0.00419231	0.0024	0.00213846	0.00187692	0.00581538	0.00147692	0.00116923	0.00214615	0.00203077	0.0007	0.00636154	0.00151538	5.38462e-05	0.000230769	0.0102692	5.38462e-05	0	0	0	0	0.00516154	0.000230769	0.00377692	0.00143846	0.00737692	0.000630769	0.00110769	0.00149231	0.00123846	0.000384615	0.00776923	0.00121538	0.00256154	0.00121538	0.000923077	0.00590769	
0.00194615	0.00103077	0.000953846	0.000976923	0.00266154	0.000753846	0.000492308	0.001	0.00102308	0.000384615	0.00285385	0.000646154	3.84615e-05	9.23077e-05	0.00476154	1.53846e-05	0	0	0	0	0.00262308	0.000123077	0.00146923	0.000692308	0.00333846	0.000338462	0.000569231	0.000661538	0.000630769	0.000246154	0.00346154	0.000569231	0.00103846	0.000553846	0.000430769	0.00288462	
0.374062	0.222915	0.194423	0.185677	0.520946	0.143854	0.115769	0.196508	0.196723	0.0696077	0.553723	0.157023	0.00638462	0.0183077	0.946	0.00638462	0	0	0	0	0.5113	0.0231923	0.311608	0.130977	0.658092	0.0706154	0.108646	0.139723	0.114577	0.0419231	0.716762	0.103815	0.212438	0.1096	0.0935692	0.561469	
0.200077	0.119508	0.103415	0.100085	0.279254	0.0774231	0.0616846	0.104723	0.0999308	0.0345615	0.309092	0.0795	0.00309231	0.00981538	0.506831	0.00334615	0.004	0.00516154	0.00262308	0.5113	0	0	0	0	0.308769	0.0473615	0.0729846	0.0939692	0.0824154	0.0301692	0.334915	0.0755846	0.120615	0.0610231	0.0521077	0.289338	
0.00891538	0.00544615	0.00460769	0.00466923	0.0126308	0.00323846	0.00284615	0.00492308	0.00504615	0.00185385	0.0125615	0.00417692	0.000192308	0.000469231	0.0228385	0.000138462	9.23077e-05	0.000230769	0.000123077	0.0231923	0	0	0	0	0.0142154	0.00197692	0.0033	0.00414615	0.00162308	0.000615385	0.0199769	0.00142308	0.0047	0.00247692	0.00217692	0.0142846	
0.121985	0.0727	0.0643	0.0602308	0.170354	0.0466692	0.0381385	0.0640538	0.0685308	0.0250231	0.1714	0.0542615	0.00225385	0.00617692	0.308762	0.00202308	0.00236154	0.00377692	0.00146923	0.311608	0	0	0	0	0.271592	0.0103385	0.0162385	0.0210462	0.0230769	0.00838462	0.266915	0.0208385	0.0645308	0.0343615	0.0294308	0.190892	
0.0519538	0.0305308	0.0265308	0.0250462	0.0710538	0.0198385	0.0157462	0.0274231	0.0276923	0.00973077	0.0741462	0.0224923	0.000992308	0.00232308	0.129769	0.000976923	0.000953846	0.00143846	0.000692308	0.130977	0	0	0	0	0.0793077	0.0123538	0.0186923	0.0237077	0.0101154	0.00383846	0.111531	0.00857692	0.0279538	0.0142462	0.0120077	0.0798538	
0.258369	0.154623	0.133523	0.127369	0.360369	0.0988308	0.0794615	0.135223	0.14	0.0498	0.373177	0.110908	0.00449231	0.0128769	0.652292	0.00422308	0.00507692	0.00737692	0.00333846	0.658092	0.308769	0.0142154	0.271592	0.0793077	0	0	0	0	0.0746077	0.0272538	0.504723	0.0673	0.144238	0.0745769	0.0646692	0.3904	
0.0277615	0.0169385	0.0137692	0.0135615	0.0385154	0.0103692	0.00879231	0.0143538	0.0138231	0.00480769	0.0422	0.0112	0.000423077	0.00129231	0.0698077	0.000507692	0.000446154	0.000630769	0.000338462	0.0706154	0.0473615	0.00197692	0.0103385	0.0123538	0	0	0	0	0.00915385	0.00345385	0.0509385	0.00848462	0.0161692	0.00803077	0.00663077	0.0412	
0.0426308	0.0246846	0.0227769	0.0211231	0.0588538	0.0167462	0.0131	0.0225154	0.0205769	0.00744615	0.0660077	0.0171846	0.000692308	0.00182308	0.107885	0.000815385	0.000892308	0.00110769	0.000569231	0.108646	0.0729846	0.0033	0.0162385	0.0186923	0	0	0	0	0.0145615	0.00537692	0.0780692	0.0132077	0.0250538	0.0126615	0.0108231	0.0626769	
0.0541692	0.0319385	0.0287846	0.0279769	0.0755538	0.0212231	0.0170615	0.0290308	0.0268	0.00911538	0.0858154	0.0211385	0.000923077	0.00279231	0.138215	0.000938462	0.000992308	0.00149231	0.000661538	0.139723	0.0939692	0.00414615	0.0210462	0.0237077	0	0	0	0	0.0189077	0.00692308	0.0996077	0.0174308	0.0323385	0.0168385	0.0136	0.0800923	
0.0454769	0.0259231	0.0235846	0.0222462	0.0629308	0.0173308	0.0138692	0.0231	0.0138308	0.00485385	0.0878462	0.0107	0.000692308	0.00203077	0.113785	0.000723077	0.000784615	0.00123846	0.000630769	0.114577	0.0824154	0.00162308	0.0230769	0.0101154	0.0746077	0.00915385	0.0145615	0.0189077	0	0	0	0	0.0349462	0.0179692	0.0155769	0.0487385	
0.0166923	0.00962308	0.00858462	0.00810769	0.0232385	0.00619231	0.00486923	0.00870769	0.00476154	0.00180769	0.0327231	0.00371538	0.000276923	0.000753846	0.0416923	0.000284615	0.000453846	0.000384615	0.000246154	0.0419231	0.0301692	0.000615385	0.00838462	0.00383846	0.0272538	0.00345385	0.00537692	0.00692308	0	0	0	0	0.0128462	0.00668462	0.00546154	0.0180154	
0.279962	0.1682	0.145208	0.139969	0.390046	0.107885	0.0874385	0.147969	0.170292	0.0602308	0.366915	0.1359	0.00501538	0.0139308	0.709585	0.00480769	0.00534615	0.00776923	0.00346154	0.716762	0.334915	0.0199769	0.266915	0.111531	0.504723	0.0509385	0.0780692	0.0996077	0	0	0	0	0.138162	0.0706	0.0606846	0.463892	
0.0408	0.0244385	0.0214769	0.0197077	0.0570769	0.0157615	0.0122385	0.0213462	0.0123154	0.00427692	0.0797154	0.0101154	0.000546154	0.00206923	0.103138	0.000669231	0.000823077	0.00121538	0.000569231	0.103815	0.0755846	0.00142308	0.0208385	0.00857692	0.0673	0.00848462	0.0132077	0.0174308	0	0	0	0	0.0318462	0.0168538	0.014	0.0437231	
0.0844538	0.0494692	0.0429615	0.0409154	0.115738	0.0318308	0.0256308	0.0446	0.0417385	0.0150615	0.127792	0.0332077	0.00136923	0.00423077	0.210962	0.00123846	0.00176154	0.00256154	0.00103846	0.212438	0.120615	0.0047	0.0645308	0.0279538	0.144238	0.0161692	0.0250538	0.0323385	0.0349462	0.0128462	0.138162	0.0318462	0	0	0	0	
0.0423692	0.0255308	0.0228154	0.0213923	0.0607462	0.0166154	0.0133	0.0214462	0.0211154	0.00763846	0.0666231	0.0167308	0.000684615	0.00199231	0.108685	0.000746154	0.000738462	0.00121538	0.000553846	0.1096	0.0610231	0.00247692	0.0343615	0.0142462	0.0745769	0.00803077	0.0126615	0.0168385	0.0179692	0.00668462	0.0706	0.0168538	0	0	0	0	
0.0359385	0.0215692	0.0194692	0.0187462	0.0508077	0.0144462	0.0114769	0.0189923	0.0183385	0.00653077	0.0565308	0.0143231	0.000653846	0.00176154	0.0927692	0.000538462	0.0008	0.000923077	0.000430769	0.0935692	0.0521077	0.00217692	0.0294308	0.0120077	0.0646692	0.00663077	0.0108231	0.0136	0.0155769	0.00546154	0.0606846	0.014	0	0	0	0	
0.220169	0.131615	0.113608	0.108977	0.306	0.0842769	0.0680077	0.116085	0.120008	0.0419385	0.316254	0.0961692	0.00382308	0.0108	0.555785	0.00396154	0.00410769	0.00590769	0.00288462	0.561469	0.289338	0.0142846	0.190892	0.0798538	0.3904	0.0412	0.0626769	0.0800923	0.0487385	0.0180154	0.463892	0.0437231	0	0	0	0	
