0	0	0	0	0.232346	0.0480692	0.0387615	0.0654385	0.0751538	0.0276154	0.220631	0.0612154	0.00256154	0.00696923	0.372538	0.00254615	0.00294615	0.00432308	0.00205385	0.375292	0.202554	0.00869231	0.122092	0.0512769	0.260715	0.0273538	0.0417231	0.0548231	0.0446538	0.0167154	0.281231	0.0420154	0.0842308	0.0431692	0.0363	0.220915	
0	0	0	0	0.137262	0.0286615	0.0223154	0.0383154	0.0442615	0.0163231	0.129769	0.0362	0.00153077	0.00403077	0.219646	0.00134615	0.00173077	0.00246923	0.0009	0.221454	0.119262	0.005	0.0715308	0.0307615	0.154208	0.0165385	0.0239769	0.0318308	0.0260154	0.00953846	0.166108	0.0248923	0.0496385	0.0251385	0.0207462	0.131031	
0	0	0	0	0.121462	0.0244154	0.0201	0.0334077	0.0392692	0.0138	0.114769	0.0315462	0.00133846	0.00372308	0.192908	0.00141538	0.00148462	0.00213077	0.000976923	0.194792	0.104746	0.00437692	0.0638385	0.0264231	0.135292	0.0140769	0.0221231	0.0278923	0.0233692	0.00881538	0.144777	0.0224231	0.0434923	0.0220308	0.0186769	0.115185	
0	0	0	0	0.0430769	0.0460231	0.0374154	0.0629308	0.0376077	0.0137231	0.108115	0.03	0.00126154	0.00348462	0.183392	0.00130769	0.00152308	0.00216154	0.000976923	0.184785	0.0994615	0.00475385	0.0602462	0.0249846	0.128062	0.0138615	0.0211462	0.0263769	0.0224308	0.00817692	0.138269	0.0205692	0.0410154	0.0211231	0.0177538	0.109554	
0.232346	0.137262	0.121462	0.0430769	0	0	0	0	0.103669	0.0383385	0.306946	0.0851923	0.00370769	0.00963846	0.517162	0.00363846	0.00403077	0.0058	0.00256923	0.521746	0.281831	0.0118308	0.169438	0.0710462	0.361377	0.0388154	0.0574077	0.0765462	0.0623769	0.0231615	0.390269	0.0583385	0.116623	0.0592154	0.0499308	0.308377	
0.0480692	0.0286615	0.0244154	0.0460231	0	0	0	0	0.0295077	0.0101538	0.0843	0.0232077	0.00102308	0.00276923	0.1424	0.000976923	0.00113077	0.00167692	0.0007	0.143662	0.0771615	0.00335385	0.0465923	0.0200615	0.100208	0.0105462	0.0163385	0.0200769	0.0170385	0.00653077	0.107646	0.0159538	0.0321692	0.0167538	0.0134385	0.0848077	
0.0387615	0.0223154	0.0201	0.0374154	0	0	0	0	0.0234308	0.009	0.0677077	0.0184538	0.000738462	0.00214615	0.114977	0.000730769	0.000923077	0.0014	0.000646154	0.115623	0.0626308	0.00271538	0.0372846	0.0159615	0.0805077	0.0084	0.0131923	0.0164923	0.0135462	0.00510769	0.0868846	0.0130538	0.0258769	0.0129385	0.0111385	0.0686385	
0.0654385	0.0383154	0.0334077	0.0629308	0	0	0	0	0.0396846	0.0139692	0.114331	0.0321077	0.00122308	0.00365385	0.193946	0.00126923	0.0016	0.00220769	0.000992308	0.195292	0.1044	0.00492308	0.0643923	0.0263769	0.136185	0.0140692	0.0220308	0.0278077	0.0235077	0.00844615	0.145585	0.0225538	0.0437077	0.0225538	0.0189692	0.114862	
0.0751538	0.0442615	0.0392692	0.0376077	0.103669	0.0295077	0.0234308	0.0396846	0	0	0	0	0.00132308	0.00354615	0.1901	0.00132308	0.00173077	0.0022	0.000915385	0.191446	0.0936538	0.00434615	0.0708615	0.0274308	0.152462	0.00968462	0.0151769	0.0189692	0.0131	0.005	0.165546	0.0126462	0.0409462	0.0209231	0.0171769	0.117246	
0.0276154	0.0163231	0.0138	0.0137231	0.0383385	0.0101538	0.009	0.0139692	0	0	0	0	0.000469231	0.00127692	0.0692769	0.000438462	0.000546154	0.000846154	0.000369231	0.0697	0.0352692	0.00153846	0.0250231	0.00963077	0.0555538	0.00366923	0.0053	0.00693846	0.00482308	0.00189231	0.0601154	0.00463077	0.0147538	0.00726154	0.00634615	0.0431	
0.220631	0.129769	0.114769	0.108115	0.306946	0.0843	0.0677077	0.114331	0	0	0	0	0.00391538	0.0106308	0.554862	0.00387692	0.0042	0.00616923	0.00283846	0.560077	0.320631	0.0129692	0.164869	0.0748154	0.347769	0.0505615	0.0762923	0.0986615	0.0872692	0.0322692	0.371854	0.0818923	0.1305	0.0667385	0.0555692	0.320477	
0.0612154	0.0362	0.0315462	0.03	0.0851923	0.0232077	0.0184538	0.0321077	0	0	0	0	0.000984615	0.00275385	0.154246	0.000976923	0.00120769	0.00186923	0.000784615	0.1551	0.0764692	0.00396923	0.0569538	0.0215692	0.122492	0.00791538	0.0122	0.0163538	0.0112769	0.00408462	0.132869	0.0107308	0.0321769	0.0165385	0.0143846	0.0958615	
0.00256154	0.00153077	0.00133846	0.00126154	0.00370769	0.00102308	0.000738462	0.00122308	0.00132308	0.000469231	0.00391538	0.000984615	0	0	0	0	3.07692e-05	4.61538e-05	2.30769e-05	0.00659231	0.00351538	0.000146154	0.00217692	0.000853846	0.00437692	0.000530769	0.000784615	0.001	0.0008	0.000215385	0.00480769	0.000869231	0.00140769	0.000715385	0.000607692	0.00396154	
0.00696923	0.00403077	0.00372308	0.00348462	0.00963846	0.00276923	0.00214615	0.00365385	0.00354615	0.00127692	0.0106308	0.00275385	0	0	0	0	0.000207692	0.000153846	6.15385e-05	0.0177846	0.00965385	0.000376923	0.0057	0.00247692	0.0124154	0.00133077	0.00204615	0.00241538	0.00232308	0.000892308	0.0129615	0.00203077	0.00390769	0.002	0.00173077	0.0105692	
0.372538	0.219646	0.192908	0.183392	0.517162	0.1424	0.114977	0.193946	0.1901	0.0692769	0.554862	0.154246	0	0	0	0	0.00739231	0.0107231	0.00478462	0.945585	0.509431	0.0221385	0.307738	0.129177	0.657192	0.0695077	0.105354	0.136431	0.112677	0.0418308	0.707623	0.106354	0.211446	0.1081	0.0905385	0.5584	
0.00254615	0.00134615	0.00141538	0.00130769	0.00363846	0.000976923	0.000730769	0.00126923	0.00132308	0.000438462	0.00387692	0.000976923	0	0	0	0	5.38462e-05	0.000161538	3.84615e-05	0.00636154	0.00342308	0.000161538	0.00209231	0.000938462	0.00429231	0.000461538	0.000784615	0.00107692	0.000669231	0.000307692	0.00499231	0.000646154	0.00161538	0.000646154	0.0006	0.00375385	
0.00294615	0.00173077	0.00148462	0.00152308	0.00403077	0.00113077	0.000923077	0.0016	0.00173077	0.000546154	0.0042	0.00120769	3.07692e-05	0.000207692	0.00739231	5.38462e-05	0	0	0	0	0.00416923	0.000123077	0.00240769	0.000984615	0.00526154	0.000592308	0.000830769	0.001	0.000738462	0.000338462	0.00576154	0.000846154	0.00165385	0.000838462	0.000538462	0.00465385	
0.00432308	0.00246923	0.00213077	0.00216154	0.0058	0.00167692	0.0014	0.00220769	0.0022	0.000846154	0.00616923	0.00186923	4.61538e-05	0.000153846	0.0107231	0.000161538	0	0	0	0	0.006	0.000238462	0.00352308	0.00132308	0.00756923	0.0008	0.0012	0.00151538	0.00130769	0.000430769	0.00796154	0.00138462	0.00239231	0.00127692	0.0009	0.00651538	
0.00205385	0.0009	0.000976923	0.000976923	0.00256923	0.0007	0.000646154	0.000992308	0.000915385	0.000369231	0.00283846	0.000784615	2.30769e-05	6.15385e-05	0.00478462	3.84615e-05	0	0	0	0	0.00243846	0.000115385	0.00174615	0.000607692	0.00340769	0.000369231	0.000476923	0.000653846	0.000684615	0.000269231	0.00351538	0.000438462	0.00114615	0.000569231	0.0004	0.00279231	
0.375292	0.221454	0.194792	0.184785	0.521746	0.143662	0.115623	0.195292	0.191446	0.0697	0.560077	0.1551	0.00659231	0.0177846	0.945585	0.00636154	0	0	0	0	0.513415	0.0223462	0.310031	0.130531	0.662038	0.0700692	0.106462	0.137754	0.113738	0.0422077	0.713146	0.107231	0.213185	0.108777	0.0916385	0.562723	
0.202554	0.119262	0.104746	0.0994615	0.281831	0.0771615	0.0626308	0.1044	0.0936538	0.0352692	0.320631	0.0764692	0.00351538	0.00965385	0.509431	0.00342308	0.00416923	0.006	0.00243846	0.513415	0	0	0	0	0.311631	0.0478692	0.0730231	0.0935	0.0827	0.0304538	0.335162	0.0777077	0.118669	0.0615154	0.0517462	0.294092	
0.00869231	0.005	0.00437692	0.00475385	0.0118308	0.00335385	0.00271538	0.00492308	0.00434615	0.00153846	0.0129692	0.00396923	0.000146154	0.000376923	0.0221385	0.000161538	0.000123077	0.000238462	0.000115385	0.0223462	0	0	0	0	0.0139615	0.00210769	0.00293846	0.00381538	0.00163077	0.000738462	0.0189846	0.00146923	0.00482308	0.00247692	0.00193846	0.0135846	
0.122092	0.0715308	0.0638385	0.0602462	0.169438	0.0465923	0.0372846	0.0643923	0.0708615	0.0250231	0.164869	0.0569538	0.00217692	0.0057	0.307738	0.00209231	0.00240769	0.00352308	0.00174615	0.310031	0	0	0	0	0.273208	0.00992308	0.0151615	0.0194154	0.0224769	0.00838462	0.265346	0.0215	0.0674154	0.0332	0.0279231	0.189169	
0.0512769	0.0307615	0.0264231	0.0249846	0.0710462	0.0200615	0.0159615	0.0263769	0.0274308	0.00963077	0.0748154	0.0215692	0.000853846	0.00247692	0.129177	0.000938462	0.000984615	0.00132308	0.000607692	0.130531	0	0	0	0	0.0794769	0.0119308	0.0178462	0.0241923	0.00966154	0.00366923	0.110892	0.00922308	0.0274692	0.0142692	0.0118692	0.0798385	
0.260715	0.154208	0.135292	0.128062	0.361377	0.100208	0.0805077	0.136185	0.152462	0.0555538	0.347769	0.122492	0.00437692	0.0124154	0.657192	0.00429231	0.00526154	0.00756923	0.00340769	0.662038	0.311631	0.0139615	0.273208	0.0794769	0	0	0	0	0.0722231	0.0263154	0.511038	0.0687	0.146577	0.0746385	0.0624538	0.394608	
0.0273538	0.0165385	0.0140769	0.0138615	0.0388154	0.0105462	0.0084	0.0140692	0.00968462	0.00366923	0.0505615	0.00791538	0.000530769	0.00133077	0.0695077	0.000461538	0.000592308	0.0008	0.000369231	0.0700692	0.0478692	0.00210769	0.00992308	0.0119308	0	0	0	0	0.00979231	0.00361538	0.0492769	0.00914615	0.0162154	0.00822308	0.0069	0.0404923	
0.0417231	0.0239769	0.0221231	0.0211462	0.0574077	0.0163385	0.0131923	0.0220308	0.0151769	0.0053	0.0762923	0.0122	0.000784615	0.00204615	0.105354	0.000784615	0.000830769	0.0012	0.000476923	0.106462	0.0730231	0.00293846	0.0151615	0.0178462	0	0	0	0	0.0152	0.00562308	0.0739308	0.0142154	0.0241692	0.0127692	0.0105077	0.0615231	
0.0548231	0.0318308	0.0278923	0.0263769	0.0765462	0.0200769	0.0164923	0.0278077	0.0189692	0.00693846	0.0986615	0.0163538	0.001	0.00241538	0.136431	0.00107692	0.001	0.00151538	0.000653846	0.137754	0.0935	0.00381538	0.0194154	0.0241923	0	0	0	0	0.0192538	0.00769231	0.0961385	0.0178385	0.0314154	0.0158308	0.0136154	0.0800615	
0.0446538	0.0260154	0.0233692	0.0224308	0.0623769	0.0170385	0.0135462	0.0235077	0.0131	0.00482308	0.0872692	0.0112769	0.0008	0.00232308	0.112677	0.000669231	0.000738462	0.00130769	0.000684615	0.113738	0.0827	0.00163077	0.0224769	0.00966154	0.0722231	0.00979231	0.0152	0.0192538	0	0	0	0	0.0346308	0.0175923	0.0151077	0.0491385	
0.0167154	0.00953846	0.00881538	0.00817692	0.0231615	0.00653077	0.00510769	0.00844615	0.005	0.00189231	0.0322692	0.00408462	0.000215385	0.000892308	0.0418308	0.000307692	0.000338462	0.000430769	0.000269231	0.0422077	0.0304538	0.000738462	0.00838462	0.00366923	0.0263154	0.00361538	0.00562308	0.00769231	0	0	0	0	0.0129385	0.00673077	0.00555385	0.0180231	
0.281231	0.166108	0.144777	0.138269	0.390269	0.107646	0.0868846	0.145585	0.165546	0.0601154	0.371854	0.132869	0.00480769	0.0129615	0.707623	0.00499231	0.00576154	0.00796154	0.00351538	0.713146	0.335162	0.0189846	0.265346	0.110892	0.511038	0.0492769	0.0739308	0.0961385	0	0	0	0	0.138446	0.0701615	0.0588538	0.462923	
0.0420154	0.0248923	0.0224231	0.0205692	0.0583385	0.0159538	0.0130538	0.0225538	0.0126462	0.00463077	0.0818923	0.0107308	0.000869231	0.00203077	0.106354	0.000646154	0.000846154	0.00138462	0.000438462	0.107231	0.0777077	0.00146923	0.0215	0.00922308	0.0687	0.00914615	0.0142154	0.0178385	0	0	0	0	0.0323615	0.0169769	0.0139615	0.0466	
0.0842308	0.0496385	0.0434923	0.0410154	0.116623	0.0321692	0.0258769	0.0437077	0.0409462	0.0147538	0.1305	0.0321769	0.00140769	0.00390769	0.211446	0.00161538	0.00165385	0.00239231	0.00114615	0.213185	0.118669	0.00482308	0.0674154	0.0274692	0.146577	0.0162154	0.0241692	0.0314154	0.0346308	0.0129385	0.138446	0.0323615	0	0	0	0	
0.0431692	0.0251385	0.0220308	0.0211231	0.0592154	0.0167538	0.0129385	0.0225538	0.0209231	0.00726154	0.0667385	0.0165385	0.000715385	0.002	0.1081	0.000646154	0.000838462	0.00127692	0.000569231	0.108777	0.0615154	0.00247692	0.0332	0.0142692	0.0746385	0.00822308	0.0127692	0.0158308	0.0175923	0.00673077	0.0701615	0.0169769	0	0	0	0	
0.0363	0.0207462	0.0186769	0.0177538	0.0499308	0.0134385	0.0111385	0.0189692	0.0171769	0.00634615	0.0555692	0.0143846	0.000607692	0.00173077	0.0905385	0.0006	0.000538462	0.0009	0.0004	0.0916385	0.0517462	0.00193846	0.0279231	0.0118692	0.0624538	0.0069	0.0105077	0.0136154	0.0151077	0.00555385	0.0588538	0.0139615	0	0	0	0	
0.220915	0.131031	0.115185	0.109554	0.308377	0.0848077	0.0686385	0.114862	0.117246	0.0431	0.320477	0.0958615	0.00396154	0.0105692	0.5584	0.00375385	0.00465385	0.00651538	0.00279231	0.562723	0.294092	0.0135846	0.189169	0.0798385	0.394608	0.0404923	0.0615231	0.0800615	0.0491385	0.0180231	0.462923	0.0466	0	0	0	0	
