0	0	0	0	0.233077	0.0362692	0.0272923	0.0581154	0.0360692	0.0145846	0.266477	0.0376231	0.00521538	0.000715385	0.346092	0.00273077	0.00372308	0.00447692	0.00131538	0.345238	0.225169	0.0188385	0.0444615	0.0662846	0.184685	0.0501385	0.0219692	0.0979615	0.0750615	0.0353154	0.169046	0.0753308	0.0838462	0.0543615	0.0398	0.176746	
0	0	0	0	0.217377	0.0310231	0.0239308	0.0485308	0.0324	0.0124692	0.241692	0.0343	0.00400769	0.0009	0.313746	0.00220769	0.00333846	0.00385385	0.00118462	0.312485	0.205462	0.0168154	0.0393846	0.0592	0.166515	0.0452308	0.0199538	0.0891615	0.0679	0.0321462	0.152754	0.0680615	0.0739615	0.0497923	0.0366769	0.160431	
0	0	0	0	0.122938	0.0168	0.0134846	0.0271538	0.0182308	0.00727692	0.136308	0.0185615	0.0025	0.000461538	0.176246	0.00116923	0.00207692	0.00230769	0.000876923	0.175115	0.114608	0.00937692	0.0222692	0.0341231	0.0931	0.0260923	0.0114385	0.0497462	0.0390846	0.0177	0.0849538	0.0386385	0.0431154	0.0278	0.0208154	0.0886462	
0	0	0	0	0.0435538	0.0294769	0.023	0.0479769	0.0174385	0.00773077	0.0992231	0.0196154	0.00247692	0.000392308	0.139838	0.0013	0.0014	0.00166923	0.000561538	0.140377	0.0963538	0.00774615	0.0184077	0.0215	0.0813615	0.0180462	0.00811538	0.0364846	0.0272462	0.0125538	0.0779308	0.0262769	0.0322846	0.0221538	0.0162	0.0733692	
0.233077	0.217377	0.122938	0.0435538	0	0	0	0	0.0524538	0.0178	0.501323	0.0453692	0.00787692	0.00130769	0.6034	0.00436154	0.00640769	0.00764615	0.00233846	0.600554	0.377277	0.0316462	0.0725231	0.1355	0.294231	0.0966846	0.0426	0.183431	0.147108	0.0687154	0.254062	0.147062	0.146446	0.0971231	0.0731385	0.300238	
0.0362692	0.0310231	0.0168	0.0294769	0	0	0	0	0.0221692	0.00838462	0.0597923	0.0232231	0.00183077	0.000338462	0.110569	0.000830769	0.0012	0.00146154	0.000446154	0.110462	0.0788385	0.00630769	0.0153	0.0131231	0.0702923	0.0118154	0.00551538	0.0259462	0.0165923	0.00796154	0.0719077	0.0171077	0.0254385	0.0172615	0.0117462	0.0591231	
0.0272923	0.0239308	0.0134846	0.023	0	0	0	0	0.0149	0.00577692	0.0524077	0.0146231	0.00143077	0.000223077	0.0854	0.000653846	0.00101538	0.00119231	0.000292308	0.0852077	0.0605692	0.00476923	0.0120308	0.0103385	0.0539462	0.00963846	0.00414615	0.0199769	0.0141923	0.00625385	0.0534308	0.0138308	0.0195692	0.0126923	0.00946154	0.0459846	
0.0581154	0.0485308	0.0271538	0.0479769	0	0	0	0	0.0146154	0.0101	0.130177	0.0268846	0.00306154	0.0006	0.176554	0.00156154	0.00191538	0.00200769	0.000861538	0.176992	0.124908	0.0100538	0.0246692	0.0221462	0.107192	0.0213692	0.00921538	0.044	0.0314	0.0147846	0.105285	0.0303077	0.0417538	0.0270308	0.0191462	0.0938462	
0.0360692	0.0324	0.0182308	0.0174385	0.0524538	0.0221692	0.0149	0.0146154	0	0	0	0	0.0026	0.000353846	0.100062	0.00112308	0.00113077	0.00126154	0.000423077	0.101323	0.0717538	0.00514615	0.0131769	0.0140615	0.0697538	0.00968462	0.00405385	0.0206462	0.0128923	0.00599231	0.0719692	0.0132846	0.0219615	0.0143538	0.0101154	0.0577077	
0.0145846	0.0124692	0.00727692	0.00773077	0.0178	0.00838462	0.00577692	0.0101	0	0	0	0	0.000953846	0.000192308	0.0404538	0.000461538	0.000507692	0.000561538	0.000138462	0.0408538	0.0294846	0.00203077	0.00506154	0.00548462	0.0280308	0.0037	0.00185385	0.00847692	0.00498462	0.00227692	0.0296769	0.00512308	0.00876923	0.0062	0.00390769	0.0231846	
0.266477	0.241692	0.136308	0.0992231	0.501323	0.0597923	0.0524077	0.130177	0	0	0	0	0.00793846	0.00151538	0.729908	0.00433846	0.00781538	0.00902308	0.00293846	0.723923	0.4642	0.0402538	0.0926538	0.146592	0.353092	0.1165	0.0512385	0.222869	0.178254	0.0830077	0.305262	0.177177	0.180008	0.1174	0.0888615	0.357431	
0.0376231	0.0343	0.0185615	0.0196154	0.0453692	0.0232231	0.0146231	0.0268846	0	0	0	0	0.00270769	0.000407692	0.1055	0.00148462	0.00108462	0.00146154	0.000438462	0.107115	0.0761538	0.00534615	0.0136308	0.0149692	0.0747846	0.00962308	0.00433077	0.0213615	0.0131615	0.00643846	0.0777769	0.0127231	0.0224692	0.0161538	0.0106077	0.0608692	
0.00521538	0.00400769	0.0025	0.00247692	0.00787692	0.00183077	0.00143077	0.00306154	0.0026	0.000953846	0.00793846	0.00270769	0	0	0	0	0.000315385	0.000223077	0.0001	0.0135615	0.00816923	0.000915385	0.00229231	0.00282308	0.0083	0.00177692	0.000669231	0.00345385	0.00271538	0.00119231	0.00763077	0.00266154	0.00332308	0.00224615	0.00142308	0.00720769	
0.000715385	0.0009	0.000461538	0.000392308	0.00130769	0.000338462	0.000223077	0.0006	0.000353846	0.000192308	0.00151538	0.000407692	0	0	0	0	4.61538e-05	3.84615e-05	3.07692e-05	0.00235385	0.00140769	0.000138462	0.000392308	0.000530769	0.00137692	0.0004	0.000123077	0.000569231	0.000553846	0.000215385	0.00126154	0.000438462	0.000623077	0.000330769	0.000230769	0.00128462	
0.346092	0.313746	0.176246	0.139838	0.6034	0.110569	0.0854	0.176554	0.100062	0.0404538	0.729908	0.1055	0	0	0	0	0.0100385	0.0119077	0.00372308	0.950254	0.627554	0.0512462	0.120723	0.1764	0.511877	0.136369	0.0602538	0.267423	0.204485	0.0957154	0.471885	0.203838	0.227623	0.150462	0.110954	0.486885	
0.00273077	0.00220769	0.00116923	0.0013	0.00436154	0.000830769	0.000653846	0.00156154	0.00112308	0.000461538	0.00433846	0.00148462	0	0	0	0	0.000138462	0.000138462	8.46154e-05	0.00704615	0.00446154	0.000476923	0.00111538	0.00135385	0.00410769	0.000961538	0.000430769	0.00190769	0.00153846	0.000592308	0.00390769	0.00136923	0.00163846	0.00106923	0.000884615	0.00381538	
0.00372308	0.00333846	0.00207692	0.0014	0.00640769	0.0012	0.00101538	0.00191538	0.00113077	0.000507692	0.00781538	0.00108462	0.000315385	4.61538e-05	0.0100385	0.000138462	0	0	0	0	0.00682308	0.000584615	0.00126923	0.00186154	0.00548462	0.00145385	0.000715385	0.00288462	0.00228462	0.00102308	0.00507692	0.00215385	0.00256154	0.00145385	0.00122308	0.0053	
0.00447692	0.00385385	0.00230769	0.00166923	0.00764615	0.00146154	0.00119231	0.00200769	0.00126154	0.000561538	0.00902308	0.00146154	0.000223077	3.84615e-05	0.0119077	0.000138462	0	0	0	0	0.00795385	0.000661538	0.00166154	0.00203077	0.00663077	0.00160769	0.000746154	0.00332308	0.00250769	0.00117692	0.00615385	0.00246923	0.00276923	0.00203846	0.00134615	0.00615385	
0.00131538	0.00118462	0.000876923	0.000561538	0.00233846	0.000446154	0.000292308	0.000861538	0.000423077	0.000138462	0.00293846	0.000438462	0.0001	3.07692e-05	0.00372308	8.46154e-05	0	0	0	0	0.00243077	0.000207692	0.000569231	0.000730769	0.00212308	0.000538462	0.000253846	0.00102308	0.000838462	0.000392308	0.00188462	0.000823077	0.000861538	0.000546154	0.000546154	0.00198462	
0.345238	0.312485	0.175115	0.140377	0.600554	0.110462	0.0852077	0.176992	0.101323	0.0408538	0.723923	0.107115	0.0135615	0.00235385	0.950254	0.00704615	0	0	0	0	0.624385	0.0513231	0.121023	0.176485	0.511423	0.135908	0.0597615	0.266123	0.203662	0.0951231	0.471569	0.202862	0.227015	0.150069	0.110377	0.485754	
0.225169	0.205462	0.114608	0.0963538	0.377277	0.0788385	0.0605692	0.124908	0.0717538	0.0294846	0.4642	0.0761538	0.00816923	0.00140769	0.627554	0.00446154	0.00682308	0.00795385	0.00243077	0.624385	0	0	0	0	0.3504	0.0867923	0.0387692	0.165631	0.151254	0.0669923	0.280446	0.1429	0.157938	0.104362	0.0773462	0.301946	
0.0188385	0.0168154	0.00937692	0.00774615	0.0316462	0.00630769	0.00476923	0.0100538	0.00514615	0.00203077	0.0402538	0.00534615	0.000915385	0.000138462	0.0512462	0.000476923	0.000584615	0.000661538	0.000207692	0.0513231	0	0	0	0	0.0296231	0.00663846	0.00283846	0.0136769	0.00824615	0.0043	0.0310846	0.00914615	0.0110154	0.00713077	0.00537692	0.0292538	
0.0444615	0.0393846	0.0222692	0.0184077	0.0725231	0.0153	0.0120308	0.0246692	0.0131769	0.00506154	0.0926538	0.0136308	0.00229231	0.000392308	0.120723	0.00111538	0.00126923	0.00166154	0.000569231	0.121023	0	0	0	0	0.0857154	0.0116154	0.00470769	0.0224846	0.0185538	0.00983077	0.0750769	0.0210615	0.0260538	0.0169538	0.0121	0.0694154	
0.0662846	0.0592	0.0341231	0.0215	0.1355	0.0131231	0.0103385	0.0221462	0.0140615	0.00548462	0.146592	0.0149692	0.00282308	0.000530769	0.1764	0.00135385	0.00186154	0.00203077	0.000730769	0.176485	0	0	0	0	0.0599231	0.0344615	0.0151615	0.0715615	0.0312385	0.0165923	0.0980769	0.0352	0.0382	0.0256615	0.0186692	0.0985769	
0.184685	0.166515	0.0931	0.0813615	0.294231	0.0702923	0.0539462	0.107192	0.0697538	0.0280308	0.353092	0.0747846	0.0083	0.00137692	0.511877	0.00410769	0.00548462	0.00663077	0.00212308	0.511423	0.3504	0.0296231	0.0857154	0.0599231	0	0	0	0	0.0989154	0.0464231	0.282346	0.0979769	0.119262	0.08	0.0584385	0.267962	
0.0501385	0.0452308	0.0260923	0.0180462	0.0966846	0.0118154	0.00963846	0.0213692	0.00968462	0.0037	0.1165	0.00962308	0.00177692	0.0004	0.136369	0.000961538	0.00145385	0.00160769	0.000538462	0.135908	0.0867923	0.00663846	0.0116154	0.0344615	0	0	0	0	0.0366	0.0172308	0.0493462	0.0363308	0.0351385	0.0219615	0.0167154	0.0656923	
0.0219692	0.0199538	0.0114385	0.00811538	0.0426	0.00551538	0.00414615	0.00921538	0.00405385	0.00185385	0.0512385	0.00433077	0.000669231	0.000123077	0.0602538	0.000430769	0.000715385	0.000746154	0.000253846	0.0597615	0.0387692	0.00283846	0.00470769	0.0151615	0	0	0	0	0.0158692	0.00745385	0.0218077	0.0163462	0.0142692	0.0100769	0.00773077	0.0294	
0.0979615	0.0891615	0.0497462	0.0364846	0.183431	0.0259462	0.0199769	0.044	0.0206462	0.00847692	0.222869	0.0213615	0.00345385	0.000569231	0.267423	0.00190769	0.00288462	0.00332308	0.00102308	0.266123	0.165631	0.0136769	0.0224846	0.0715615	0	0	0	0	0.0579077	0.0266077	0.131185	0.0576538	0.0645385	0.0420692	0.0306077	0.136138	
0.0750615	0.0679	0.0390846	0.0272462	0.147108	0.0165923	0.0141923	0.0314	0.0128923	0.00498462	0.178254	0.0131615	0.00271538	0.000553846	0.204485	0.00153846	0.00228462	0.00250769	0.000838462	0.203662	0.151254	0.00824615	0.0185538	0.0312385	0.0989154	0.0366	0.0158692	0.0579077	0	0	0	0	0.0607308	0.0362692	0.0285077	0.0837846	
0.0353154	0.0321462	0.0177	0.0125538	0.0687154	0.00796154	0.00625385	0.0147846	0.00599231	0.00227692	0.0830077	0.00643846	0.00119231	0.000215385	0.0957154	0.000592308	0.00102308	0.00117692	0.000392308	0.0951231	0.0669923	0.0043	0.00983077	0.0165923	0.0464231	0.0172308	0.00745385	0.0266077	0	0	0	0	0.0278923	0.0170538	0.0131385	0.0396308	
0.169046	0.152754	0.0849538	0.0779308	0.254062	0.0719077	0.0534308	0.105285	0.0719692	0.0296769	0.305262	0.0777769	0.00763077	0.00126154	0.471885	0.00390769	0.00507692	0.00615385	0.00188462	0.471569	0.280446	0.0310846	0.0750769	0.0980769	0.282346	0.0493462	0.0218077	0.131185	0	0	0	0	0.0930077	0.0638846	0.0375	0.290292	
0.0753308	0.0680615	0.0386385	0.0262769	0.147062	0.0171077	0.0138308	0.0303077	0.0132846	0.00512308	0.177177	0.0127231	0.00266154	0.000438462	0.203838	0.00136923	0.00215385	0.00246923	0.000823077	0.202862	0.1429	0.00914615	0.0210615	0.0352	0.0979769	0.0363308	0.0163462	0.0576538	0	0	0	0	0.0515769	0.0369	0.0343462	0.0854846	
0.0838462	0.0739615	0.0431154	0.0322846	0.146446	0.0254385	0.0195692	0.0417538	0.0219615	0.00876923	0.180008	0.0224692	0.00332308	0.000623077	0.227623	0.00163846	0.00256154	0.00276923	0.000861538	0.227015	0.157938	0.0110154	0.0260538	0.0382	0.119262	0.0351385	0.0142692	0.0645385	0.0607308	0.0278923	0.0930077	0.0515769	0	0	0	0	
0.0543615	0.0497923	0.0278	0.0221538	0.0971231	0.0172615	0.0126923	0.0270308	0.0143538	0.0062	0.1174	0.0161538	0.00224615	0.000330769	0.150462	0.00106923	0.00145385	0.00203846	0.000546154	0.150069	0.104362	0.00713077	0.0169538	0.0256615	0.08	0.0219615	0.0100769	0.0420692	0.0362692	0.0170538	0.0638846	0.0369	0	0	0	0	
0.0398	0.0366769	0.0208154	0.0162	0.0731385	0.0117462	0.00946154	0.0191462	0.0101154	0.00390769	0.0888615	0.0106077	0.00142308	0.000230769	0.110954	0.000884615	0.00122308	0.00134615	0.000546154	0.110377	0.0773462	0.00537692	0.0121	0.0186692	0.0584385	0.0167154	0.00773077	0.0306077	0.0285077	0.0131385	0.0375	0.0343462	0	0	0	0	
0.176746	0.160431	0.0886462	0.0733692	0.300238	0.0591231	0.0459846	0.0938462	0.0577077	0.0231846	0.357431	0.0608692	0.00720769	0.00128462	0.486885	0.00381538	0.0053	0.00615385	0.00198462	0.485754	0.301946	0.0292538	0.0694154	0.0985769	0.267962	0.0656923	0.0294	0.136138	0.0837846	0.0396308	0.290292	0.0854846	0	0	0	0	
