0	0	0	0	0.235854	0.0352846	0.0267846	0.0562154	0.0359231	0.0139077	0.267269	0.0370385	0.00502308	0.000823077	0.345692	0.0026	0.00396154	0.00459231	0.00139231	0.344192	0.226877	0.0184385	0.0428692	0.0659538	0.183692	0.0501846	0.0215615	0.0987	0.0758154	0.0346538	0.168677	0.0749923	0.0822923	0.0552462	0.0405077	0.176092	
0	0	0	0	0.220615	0.0309769	0.0239	0.0491923	0.0333846	0.0130462	0.244015	0.0342385	0.00422308	0.000653846	0.3174	0.00240769	0.00365385	0.00436154	0.00131538	0.315354	0.208354	0.0163692	0.0400846	0.0598769	0.167662	0.0466308	0.0194692	0.0909231	0.0705077	0.0325	0.153531	0.0681462	0.0751231	0.0503923	0.0376385	0.161531	
0	0	0	0	0.121992	0.0167846	0.0135462	0.0274769	0.0184154	0.00741538	0.134954	0.0190154	0.00224615	0.000423077	0.175754	0.00137692	0.00207692	0.00237692	0.000692308	0.174654	0.114808	0.00923077	0.0223385	0.0334231	0.0936692	0.0252077	0.0108	0.0501231	0.0387769	0.0179385	0.0851769	0.0379077	0.0426846	0.0279615	0.0198846	0.0892692	
0	0	0	0	0.0427692	0.0287923	0.0224231	0.0473923	0.0168923	0.00756923	0.0979077	0.0190077	0.00219231	0.000315385	0.137631	0.00123846	0.00156154	0.00193077	0.000623077	0.137262	0.0949923	0.00782308	0.0181769	0.0203846	0.0803615	0.0176154	0.00753846	0.0358615	0.0265231	0.0124615	0.0762846	0.0261077	0.0324154	0.0215615	0.0151846	0.0722154	
0.235854	0.220615	0.121992	0.0427692	0	0	0	0	0.0522308	0.0177462	0.5049	0.0463538	0.00771538	0.00126154	0.607985	0.00426923	0.00676154	0.0083	0.00245385	0.603715	0.383723	0.0304846	0.0724	0.134623	0.297508	0.0966308	0.0409308	0.186162	0.149062	0.0685538	0.257762	0.145854	0.1488	0.0975692	0.073	0.301862	
0.0352846	0.0309769	0.0167846	0.0287923	0	0	0	0	0.0219538	0.00837692	0.0602385	0.0212692	0.00189231	0.000223077	0.108615	0.00110769	0.00139231	0.00151538	0.000438462	0.108492	0.0772692	0.00653077	0.0152692	0.0127692	0.0691308	0.0119462	0.0052	0.0255615	0.0174769	0.00783846	0.0693923	0.0171308	0.0238462	0.0168	0.0117462	0.0594462	
0.0267846	0.0239	0.0135462	0.0224231	0	0	0	0	0.0149846	0.00545385	0.0517462	0.0144692	0.00122308	0.000292308	0.0844538	0.000684615	0.00111538	0.00113846	0.000407692	0.0839923	0.0598769	0.00517692	0.0114923	0.0101077	0.0531385	0.00973077	0.004	0.0197846	0.0139231	0.00624615	0.0525154	0.0139692	0.0195462	0.0126538	0.00894615	0.0455077	
0.0562154	0.0491923	0.0274769	0.0473923	0	0	0	0	0.0154462	0.0103615	0.127262	0.0272077	0.00285385	0.000438462	0.175423	0.00156154	0.00198462	0.00230769	0.000723077	0.175262	0.124162	0.00966923	0.0243077	0.0221385	0.105608	0.0213308	0.00923846	0.0441	0.0311615	0.0149154	0.104	0.0302	0.0403231	0.0281385	0.0195231	0.0922923	
0.0359231	0.0333846	0.0184154	0.0168923	0.0522308	0.0219538	0.0149846	0.0154462	0	0	0	0	0.00238462	0.000376923	0.100438	0.00141538	0.00120769	0.00151538	0.000361538	0.101531	0.0718077	0.00509231	0.0136154	0.0141	0.0708231	0.00926923	0.00400769	0.0205154	0.0136769	0.00611538	0.0711923	0.0136308	0.0223308	0.0147538	0.0103615	0.0571692	
0.0139077	0.0130462	0.00741538	0.00756923	0.0177462	0.00837692	0.00545385	0.0103615	0	0	0	0	0.000976923	0.000123077	0.0403231	0.000515385	0.000576923	0.000407692	0.0002	0.0407538	0.0291077	0.00210769	0.00502308	0.0057	0.0280538	0.00393077	0.00146154	0.00849231	0.00554615	0.00223077	0.0292385	0.00492308	0.00872308	0.00605385	0.00402308	0.0231385	
0.267269	0.244015	0.134954	0.0979077	0.5049	0.0602385	0.0517462	0.127262	0	0	0	0	0.00777692	0.00126154	0.730646	0.00446154	0.00823846	0.00992308	0.00298462	0.723	0.467408	0.0394846	0.0916231	0.145631	0.352177	0.117077	0.0498923	0.225	0.178785	0.0827846	0.307262	0.175315	0.178054	0.119054	0.0878231	0.359215	
0.0370385	0.0342385	0.0190154	0.0190077	0.0463538	0.0212692	0.0144692	0.0272077	0	0	0	0	0.00254615	0.000453846	0.105069	0.00123077	0.00123077	0.00141538	0.000476923	0.106177	0.0767077	0.00517692	0.0132077	0.0142077	0.0743308	0.00936154	0.00400769	0.0216	0.0136154	0.00642308	0.0759769	0.0132846	0.0234077	0.0153	0.0110077	0.0595846	
0.00502308	0.00422308	0.00224615	0.00219231	0.00771538	0.00189231	0.00122308	0.00285385	0.00238462	0.000976923	0.00777692	0.00254615	0	0	0	0	0.000284615	0.000269231	8.46154e-05	0.0130462	0.00824615	0.000738462	0.002	0.0027	0.00748462	0.00164615	0.000846154	0.00370769	0.00280769	0.0012	0.0072	0.00247692	0.00312308	0.00215385	0.00143077	0.00697692	
0.000823077	0.000653846	0.000423077	0.000315385	0.00126154	0.000223077	0.000292308	0.000438462	0.000376923	0.000123077	0.00126154	0.000453846	0	0	0	0	6.15385e-05	6.15385e-05	7.69231e-06	0.00208462	0.00120769	0.0001	0.0004	0.000507692	0.00115385	0.000292308	0.000107692	0.000661538	0.000407692	0.000153846	0.0012	0.000453846	0.0004	0.000246154	0.000215385	0.00135385	
0.345692	0.3174	0.175754	0.137631	0.607985	0.108615	0.0844538	0.175423	0.100438	0.0403231	0.730646	0.105069	0	0	0	0	0.0107077	0.0128154	0.00386154	0.949092	0.631146	0.0505462	0.119862	0.174923	0.512646	0.136623	0.0580154	0.269192	0.206869	0.0954692	0.471331	0.202808	0.227169	0.151515	0.110708	0.487085	
0.0026	0.00240769	0.00137692	0.00123846	0.00426923	0.00110769	0.000684615	0.00156154	0.00141538	0.000515385	0.00446154	0.00123077	0	0	0	0	0.0002	0.000115385	6.92308e-05	0.00723846	0.00443077	0.000476923	0.00120769	0.00150769	0.0041	0.00107692	0.0004	0.00204615	0.00153846	0.000730769	0.00393846	0.00141538	0.00182308	0.00124615	0.000861538	0.00369231	
0.00396154	0.00365385	0.00207692	0.00156154	0.00676154	0.00139231	0.00111538	0.00198462	0.00120769	0.000576923	0.00823846	0.00123077	0.000284615	6.15385e-05	0.0107077	0.0002	0	0	0	0	0.00739231	0.000623077	0.00133846	0.0019	0.00598462	0.00151538	0.000830769	0.00292308	0.00225385	0.00118462	0.00562308	0.00219231	0.00267692	0.0018	0.00119231	0.00558462	
0.00459231	0.00436154	0.00237692	0.00193077	0.0083	0.00151538	0.00113846	0.00230769	0.00151538	0.000407692	0.00992308	0.00141538	0.000269231	6.15385e-05	0.0128154	0.000115385	0	0	0	0	0.00871538	0.000569231	0.00143846	0.00253846	0.00689231	0.00179231	0.000823077	0.00375385	0.00286923	0.00130769	0.00637692	0.00270769	0.00289231	0.00206154	0.00155385	0.00675385	
0.00139231	0.00131538	0.000692308	0.000623077	0.00245385	0.000438462	0.000407692	0.000723077	0.000361538	0.0002	0.00298462	0.000476923	8.46154e-05	7.69231e-06	0.00386154	6.92308e-05	0	0	0	0	0.00260769	0.000192308	0.000484615	0.000738462	0.00221538	0.000492308	0.000176923	0.00113846	0.000815385	0.000338462	0.00202308	0.000846154	0.000892308	0.000615385	0.000423077	0.00209231	
0.344192	0.315354	0.174654	0.137262	0.603715	0.108492	0.0839923	0.175262	0.101531	0.0407538	0.723	0.106177	0.0130462	0.00208462	0.949092	0.00723846	0	0	0	0	0.626315	0.0504769	0.120208	0.174462	0.510292	0.135838	0.0575385	0.267792	0.205685	0.0947231	0.469646	0.201408	0.226054	0.150685	0.110046	0.484677	
0.226877	0.208354	0.114808	0.0949923	0.383723	0.0772692	0.0598769	0.124162	0.0718077	0.0291077	0.467408	0.0767077	0.00824615	0.00120769	0.631146	0.00443077	0.00739231	0.00871538	0.00260769	0.626315	0	0	0	0	0.352492	0.0879231	0.0367923	0.167823	0.151454	0.0670462	0.282592	0.143938	0.158123	0.104438	0.0777615	0.304708	
0.0184385	0.0163692	0.00923077	0.00782308	0.0304846	0.00653077	0.00517692	0.00966923	0.00509231	0.00210769	0.0394846	0.00517692	0.000738462	0.0001	0.0505462	0.000476923	0.000623077	0.000569231	0.000192308	0.0504769	0	0	0	0	0.0287	0.00660769	0.00271538	0.0138385	0.00853077	0.00412308	0.0307462	0.00846154	0.0112154	0.00737692	0.00523077	0.0280385	
0.0428692	0.0400846	0.0223385	0.0181769	0.0724	0.0152692	0.0114923	0.0243077	0.0136154	0.00502308	0.0916231	0.0132077	0.002	0.0004	0.119862	0.00120769	0.00133846	0.00143846	0.000484615	0.120208	0	0	0	0	0.0844077	0.0109846	0.00484615	0.0232308	0.0190538	0.00978462	0.0738538	0.0207769	0.0252462	0.0173846	0.0122	0.0686385	
0.0659538	0.0598769	0.0334231	0.0203846	0.134623	0.0127692	0.0101077	0.0221385	0.0141	0.0057	0.145631	0.0142077	0.0027	0.000507692	0.174923	0.00150769	0.0019	0.00253846	0.000738462	0.174462	0	0	0	0	0.0597846	0.0341231	0.0150154	0.0707154	0.0325846	0.0166	0.0964769	0.0339769	0.0379308	0.0259615	0.0180231	0.0977231	
0.183692	0.167662	0.0936692	0.0803615	0.297508	0.0691308	0.0531385	0.105608	0.0708231	0.0280538	0.352177	0.0743308	0.00748462	0.00115385	0.512646	0.0041	0.00598462	0.00689231	0.00221538	0.510292	0.352492	0.0287	0.0844077	0.0597846	0	0	0	0	0.100177	0.0461308	0.280992	0.0980846	0.120162	0.0801769	0.0578538	0.267192	
0.0501846	0.0466308	0.0252077	0.0176154	0.0966308	0.0119462	0.00973077	0.0213308	0.00926923	0.00393077	0.117077	0.00936154	0.00164615	0.000292308	0.136623	0.00107692	0.00151538	0.00179231	0.000492308	0.135838	0.0879231	0.00660769	0.0109846	0.0341231	0	0	0	0	0.0364462	0.0171462	0.0499	0.0361462	0.0345538	0.0216846	0.0169	0.0665	
0.0215615	0.0194692	0.0108	0.00753846	0.0409308	0.0052	0.004	0.00923846	0.00400769	0.00146154	0.0498923	0.00400769	0.000846154	0.000107692	0.0580154	0.0004	0.000830769	0.000823077	0.000176923	0.0575385	0.0367923	0.00271538	0.00484615	0.0150154	0	0	0	0	0.0156077	0.00710769	0.0212462	0.0154077	0.0145077	0.00966923	0.00734615	0.0278462	
0.0987	0.0909231	0.0501231	0.0358615	0.186162	0.0255615	0.0197846	0.0441	0.0205154	0.00849231	0.225	0.0216	0.00370769	0.000661538	0.269192	0.00204615	0.00292308	0.00375385	0.00113846	0.267792	0.167823	0.0138385	0.0232308	0.0707154	0	0	0	0	0.0593923	0.0271692	0.131531	0.0575154	0.0632923	0.0436308	0.0311154	0.137569	
0.0758154	0.0705077	0.0387769	0.0265231	0.149062	0.0174769	0.0139231	0.0311615	0.0136769	0.00554615	0.178785	0.0136154	0.00280769	0.000407692	0.206869	0.00153846	0.00225385	0.00286923	0.000815385	0.205685	0.151454	0.00853077	0.0190538	0.0325846	0.100177	0.0364462	0.0156077	0.0593923	0	0	0	0	0.0603	0.0376308	0.0283	0.0853923	
0.0346538	0.0325	0.0179385	0.0124615	0.0685538	0.00783846	0.00624615	0.0149154	0.00611538	0.00223077	0.0827846	0.00642308	0.0012	0.000153846	0.0954692	0.000730769	0.00118462	0.00130769	0.000338462	0.0947231	0.0670462	0.00412308	0.00978462	0.0166	0.0461308	0.0171462	0.00710769	0.0271692	0	0	0	0	0.0267692	0.0172077	0.0133154	0.0402615	
0.168677	0.153531	0.0851769	0.0762846	0.257762	0.0693923	0.0525154	0.104	0.0711923	0.0292385	0.307262	0.0759769	0.0072	0.0012	0.471331	0.00393846	0.00562308	0.00637692	0.00202308	0.469646	0.282592	0.0307462	0.0738538	0.0964769	0.280992	0.0499	0.0212462	0.131531	0	0	0	0	0.0919231	0.0634615	0.0399385	0.288346	
0.0749923	0.0681462	0.0379077	0.0261077	0.145854	0.0171308	0.0139692	0.0302	0.0136308	0.00492308	0.175315	0.0132846	0.00247692	0.000453846	0.202808	0.00141538	0.00219231	0.00270769	0.000846154	0.201408	0.143938	0.00846154	0.0207769	0.0339769	0.0980846	0.0361462	0.0154077	0.0575154	0	0	0	0	0.0535231	0.0368615	0.0316615	0.0851077	
0.0822923	0.0751231	0.0426846	0.0324154	0.1488	0.0238462	0.0195462	0.0403231	0.0223308	0.00872308	0.178054	0.0234077	0.00312308	0.0004	0.227169	0.00182308	0.00267692	0.00289231	0.000892308	0.226054	0.158123	0.0112154	0.0252462	0.0379308	0.120162	0.0345538	0.0145077	0.0632923	0.0603	0.0267692	0.0919231	0.0535231	0	0	0	0	
0.0552462	0.0503923	0.0279615	0.0215615	0.0975692	0.0168	0.0126538	0.0281385	0.0147538	0.00605385	0.119054	0.0153	0.00215385	0.000246154	0.151515	0.00124615	0.0018	0.00206154	0.000615385	0.150685	0.104438	0.00737692	0.0173846	0.0259615	0.0801769	0.0216846	0.00966923	0.0436308	0.0376308	0.0172077	0.0634615	0.0368615	0	0	0	0	
0.0405077	0.0376385	0.0198846	0.0151846	0.073	0.0117462	0.00894615	0.0195231	0.0103615	0.00402308	0.0878231	0.0110077	0.00143077	0.000215385	0.110708	0.000861538	0.00119231	0.00155385	0.000423077	0.110046	0.0777615	0.00523077	0.0122	0.0180231	0.0578538	0.0169	0.00734615	0.0311154	0.0283	0.0133154	0.0399385	0.0316615	0	0	0	0	
0.176092	0.161531	0.0892692	0.0722154	0.301862	0.0594462	0.0455077	0.0922923	0.0571692	0.0231385	0.359215	0.0595846	0.00697692	0.00135385	0.487085	0.00369231	0.00558462	0.00675385	0.00209231	0.484677	0.304708	0.0280385	0.0686385	0.0977231	0.267192	0.0665	0.0278462	0.137569	0.0853923	0.0402615	0.288346	0.0851077	0	0	0	0	
