0	0	0	0	0.234915	0.0352385	0.0278385	0.0569692	0.0367692	0.0142	0.266777	0.0372154	0.00526154	0.000692308	0.346546	0.00246154	0.00365385	0.00426154	0.00119231	0.345854	0.228215	0.0185385	0.0431385	0.0650692	0.186023	0.0502538	0.0218462	0.0968385	0.0758154	0.0360231	0.168131	0.0749923	0.0824538	0.0553538	0.0404	0.176754	
0	0	0	0	0.219377	0.0304538	0.0230615	0.0502	0.0329769	0.0131692	0.244015	0.0329308	0.00419231	0.000630769	0.316085	0.00218462	0.00373077	0.00384615	0.0013	0.314215	0.206538	0.0169538	0.0405385	0.0590615	0.167415	0.0465231	0.0202923	0.0888615	0.0686	0.0326692	0.153631	0.0681923	0.0748846	0.0499923	0.0363308	0.161885	
0	0	0	0	0.122531	0.0175154	0.0129077	0.0261846	0.0183846	0.00726923	0.135277	0.0182077	0.00243077	0.000284615	0.175054	0.00136923	0.00197692	0.00216923	0.0007	0.174292	0.113492	0.00963077	0.0221692	0.0338462	0.0931385	0.0251923	0.0114615	0.0493462	0.0380308	0.0183231	0.0849	0.0378846	0.0417923	0.0277308	0.0203231	0.0892923	
0	0	0	0	0.0431154	0.0296615	0.0224385	0.0475923	0.0171154	0.00724615	0.0980846	0.0203615	0.0024	0.000323077	0.138877	0.00120769	0.00156923	0.00190769	0.000523077	0.138808	0.0951308	0.00763077	0.0189308	0.0211154	0.0808	0.0179769	0.00781538	0.0362154	0.0259077	0.0125692	0.0780846	0.0262462	0.0318077	0.0213231	0.0155154	0.0741615	
0.234915	0.219377	0.122531	0.0431154	0	0	0	0	0.0529385	0.0178231	0.504562	0.0446154	0.00830769	0.00107692	0.606531	0.00402308	0.00663846	0.0078	0.00233077	0.603169	0.379923	0.0317231	0.0733	0.134992	0.296969	0.0967846	0.0425	0.183685	0.146	0.0701077	0.257592	0.146238	0.147092	0.0973692	0.0722385	0.303238	
0.0352385	0.0304538	0.0175154	0.0296615	0	0	0	0	0.0225615	0.00820769	0.0598769	0.0222231	0.00166923	0.000230769	0.109892	0.00107692	0.0012	0.00132308	0.0004	0.109946	0.0789615	0.0062	0.0156692	0.0120385	0.0706923	0.0123154	0.00522308	0.0246385	0.0176	0.00813846	0.0700231	0.0171077	0.0240231	0.0176923	0.0116769	0.0594769	
0.0278385	0.0230615	0.0129077	0.0224385	0	0	0	0	0.0145538	0.00571538	0.0516769	0.0143	0.00144615	0.000215385	0.0839308	0.000653846	0.00103077	0.00106923	0.000407692	0.0837385	0.0595385	0.00485385	0.0114692	0.0103846	0.0525615	0.00985385	0.00409231	0.0197385	0.0139769	0.00656923	0.0522462	0.0134538	0.0189231	0.0128154	0.00892308	0.0455846	
0.0569692	0.0502	0.0261846	0.0475923	0	0	0	0	0.0151923	0.0101385	0.128038	0.0275769	0.00286154	0.000407692	0.176208	0.00146923	0.00206154	0.00199231	0.000576923	0.176315	0.124954	0.00997692	0.0243385	0.0216769	0.107154	0.0209923	0.0096	0.0432	0.0307769	0.0147692	0.104885	0.0305154	0.0409	0.0265231	0.0197308	0.0937923	
0.0367692	0.0329769	0.0183846	0.0171154	0.0529385	0.0225615	0.0145538	0.0151923	0	0	0	0	0.0026	0.000384615	0.100938	0.00132308	0.00113077	0.00124615	0.000530769	0.102338	0.0726769	0.00505385	0.0130538	0.0144615	0.0701	0.00957692	0.00438462	0.0211846	0.0132769	0.00605385	0.0726538	0.0132615	0.0216692	0.0154231	0.0104	0.0577538	
0.0142	0.0131692	0.00726923	0.00724615	0.0178231	0.00820769	0.00571538	0.0101385	0	0	0	0	0.00106923	0.0001	0.0401769	0.000538462	0.000384615	0.000530769	0.000223077	0.0407462	0.0295692	0.00193077	0.00503077	0.00535385	0.0280385	0.00389231	0.00173077	0.00822308	0.00522308	0.00255385	0.0291462	0.00496154	0.00892308	0.00575385	0.00405385	0.0231538	
0.266777	0.244015	0.135277	0.0980846	0.504562	0.0598769	0.0516769	0.128038	0	0	0	0	0.00807692	0.0011	0.730769	0.00420769	0.00807692	0.00900769	0.00257692	0.724492	0.466346	0.0400462	0.0928538	0.144908	0.355046	0.1168	0.0508615	0.221446	0.176754	0.0847	0.306223	0.176477	0.1778	0.117515	0.0881231	0.360715	
0.0372154	0.0329308	0.0182077	0.0203615	0.0446154	0.0222231	0.0143	0.0275769	0	0	0	0	0.00253846	0.000346154	0.104677	0.00115385	0.00133846	0.0014	0.000384615	0.105592	0.0747846	0.00572308	0.0138385	0.0143692	0.0741923	0.00967692	0.00443846	0.0204077	0.0131	0.00627692	0.0767231	0.0126154	0.0225462	0.0157077	0.00999231	0.0604692	
0.00526154	0.00419231	0.00243077	0.0024	0.00830769	0.00166923	0.00144615	0.00286154	0.0026	0.00106923	0.00807692	0.00253846	0	0	0	0	0.000261538	0.0003	7.69231e-05	0.0136462	0.00825385	0.0008	0.00224615	0.00298462	0.00763846	0.00198462	0.000823077	0.00383846	0.00296154	0.0011	0.00766923	0.00255385	0.00345385	0.00220769	0.00147692	0.00714615	
0.000692308	0.000630769	0.000284615	0.000323077	0.00107692	0.000230769	0.000215385	0.000407692	0.000384615	0.0001	0.0011	0.000346154	0	0	0	0	3.07692e-05	4.61538e-05	1.53846e-05	0.00183846	0.00118462	8.46154e-05	0.000261538	0.0004	0.00104615	0.000230769	8.46154e-05	0.000569231	0.000361538	0.000161538	0.000953846	0.000453846	0.000384615	0.000361538	0.000207692	0.000976923	
0.346546	0.316085	0.175054	0.138877	0.606531	0.109892	0.0839308	0.176208	0.100938	0.0401769	0.730769	0.104677	0	0	0	0	0.0105077	0.0117	0.00356923	0.950785	0.629777	0.0513615	0.121162	0.174262	0.514715	0.136746	0.0601615	0.264938	0.203762	0.0977308	0.472046	0.203023	0.225531	0.150792	0.110131	0.490108	
0.00246154	0.00218462	0.00136923	0.00120769	0.00402308	0.00107692	0.000653846	0.00146923	0.00132308	0.000538462	0.00420769	0.00115385	0	0	0	0	0.000130769	0.000138462	5.38462e-05	0.0069	0.00416154	0.000507692	0.00110769	0.00144615	0.00397692	0.000984615	0.000346154	0.00191538	0.00126923	0.000592308	0.00407692	0.00128462	0.00156923	0.00103846	0.000753846	0.00386154	
0.00365385	0.00373077	0.00197692	0.00156923	0.00663846	0.0012	0.00103077	0.00206154	0.00113077	0.000384615	0.00807692	0.00133846	0.000261538	3.07692e-05	0.0105077	0.000130769	0	0	0	0	0.00706923	0.000646154	0.00124615	0.00196923	0.00578462	0.00156154	0.000761538	0.00282308	0.00221538	0.000976923	0.00539231	0.00234615	0.00261538	0.00162308	0.00121538	0.00547692	
0.00426154	0.00384615	0.00216923	0.00190769	0.0078	0.00132308	0.00106923	0.00199231	0.00124615	0.000530769	0.00900769	0.0014	0.0003	4.61538e-05	0.0117	0.000138462	0	0	0	0	0.00776923	0.000776923	0.00166154	0.00197692	0.00655385	0.00176923	0.000646154	0.00321538	0.00254615	0.0013	0.00593077	0.00240769	0.00270769	0.00187692	0.00141538	0.00618462	
0.00119231	0.0013	0.0007	0.000523077	0.00233077	0.0004	0.000407692	0.000576923	0.000530769	0.000223077	0.00257692	0.000384615	7.69231e-05	1.53846e-05	0.00356923	5.38462e-05	0	0	0	0	0.00240769	0.000161538	0.000453846	0.000692308	0.00207692	0.000476923	0.0003	0.000861538	0.000715385	0.000353846	0.00189231	0.000753846	0.000946154	0.0006	0.000338462	0.00183077	
0.345854	0.314215	0.174292	0.138808	0.603169	0.109946	0.0837385	0.176315	0.102338	0.0407462	0.724492	0.105592	0.0136462	0.00183846	0.950785	0.0069	0	0	0	0	0.626131	0.0511692	0.121415	0.174454	0.512962	0.136138	0.0597077	0.264362	0.202877	0.0969538	0.471531	0.201808	0.224669	0.1503	0.1096	0.4886	
0.228215	0.206538	0.113492	0.0951308	0.379923	0.0789615	0.0595385	0.124954	0.0726769	0.0295692	0.466346	0.0747846	0.00825385	0.00118462	0.629777	0.00416154	0.00706923	0.00776923	0.00240769	0.626131	0	0	0	0	0.352538	0.0876231	0.0386846	0.164531	0.150323	0.0695385	0.280515	0.143	0.156754	0.104762	0.0776231	0.304238	
0.0185385	0.0169538	0.00963077	0.00763077	0.0317231	0.0062	0.00485385	0.00997692	0.00505385	0.00193077	0.0400462	0.00572308	0.0008	8.46154e-05	0.0513615	0.000507692	0.000646154	0.000776923	0.000161538	0.0511692	0	0	0	0	0.0295692	0.00636923	0.00290769	0.0139077	0.00821538	0.00391538	0.0314	0.00922308	0.0108846	0.00693846	0.00518462	0.0297462	
0.0431385	0.0405385	0.0221692	0.0189308	0.0733	0.0156692	0.0114692	0.0243385	0.0130538	0.00503077	0.0928538	0.0138385	0.00224615	0.000261538	0.121162	0.00110769	0.00124615	0.00166154	0.000453846	0.121415	0	0	0	0	0.0856692	0.0113615	0.00495385	0.0227923	0.0184231	0.00981538	0.0757	0.0208385	0.0255231	0.0170154	0.0120692	0.0701692	
0.0650692	0.0590615	0.0338462	0.0211154	0.134992	0.0120385	0.0103846	0.0216769	0.0144615	0.00535385	0.144908	0.0143692	0.00298462	0.0004	0.174262	0.00144615	0.00196923	0.00197692	0.000692308	0.174454	0	0	0	0	0.0596	0.0345923	0.0148692	0.0700308	0.0313923	0.0163154	0.0971308	0.0342538	0.0377769	0.0256846	0.0176923	0.0979385	
0.186023	0.167415	0.0931385	0.0808	0.296969	0.0706923	0.0525615	0.107154	0.0701	0.0280385	0.355046	0.0741923	0.00763846	0.00104615	0.514715	0.00397692	0.00578462	0.00655385	0.00207692	0.512962	0.352538	0.0295692	0.0856692	0.0596	0	0	0	0	0.099	0.0475154	0.282838	0.0980231	0.119669	0.0798385	0.0581538	0.269715	
0.0502538	0.0465231	0.0251923	0.0179769	0.0967846	0.0123154	0.00985385	0.0209923	0.00957692	0.00389231	0.1168	0.00967692	0.00198462	0.000230769	0.136746	0.000984615	0.00156154	0.00176923	0.000476923	0.136138	0.0876231	0.00636923	0.0113615	0.0345923	0	0	0	0	0.0363538	0.0175231	0.0496692	0.0364	0.0343308	0.0226308	0.0165846	0.0664	
0.0218462	0.0202923	0.0114615	0.00781538	0.0425	0.00522308	0.00409231	0.0096	0.00438462	0.00173077	0.0508615	0.00443846	0.000823077	8.46154e-05	0.0601615	0.000346154	0.000761538	0.000646154	0.0003	0.0597077	0.0386846	0.00290769	0.00495385	0.0148692	0	0	0	0	0.0158	0.00794615	0.0215154	0.0161538	0.0143231	0.0101231	0.00761538	0.0293538	
0.0968385	0.0888615	0.0493462	0.0362154	0.183685	0.0246385	0.0197385	0.0432	0.0211846	0.00822308	0.221446	0.0204077	0.00383846	0.000569231	0.264938	0.00191538	0.00282308	0.00321538	0.000861538	0.264362	0.164531	0.0139077	0.0227923	0.0700308	0	0	0	0	0.0572	0.0266	0.130723	0.0567385	0.0626154	0.0418077	0.0302154	0.136623	
0.0758154	0.0686	0.0380308	0.0259077	0.146	0.0176	0.0139769	0.0307769	0.0132769	0.00522308	0.176754	0.0131	0.00296154	0.000361538	0.203762	0.00126923	0.00221538	0.00254615	0.000715385	0.202877	0.150323	0.00821538	0.0184231	0.0313923	0.099	0.0363538	0.0158	0.0572	0	0	0	0	0.0589923	0.0366154	0.0287385	0.0840077	
0.0360231	0.0326692	0.0183231	0.0125692	0.0701077	0.00813846	0.00656923	0.0147692	0.00605385	0.00255385	0.0847	0.00627692	0.0011	0.000161538	0.0977308	0.000592308	0.000976923	0.0013	0.000353846	0.0969538	0.0695385	0.00391538	0.00981538	0.0163154	0.0475154	0.0175231	0.00794615	0.0266	0	0	0	0	0.0279154	0.0170385	0.0134385	0.0411923	
0.168131	0.153631	0.0849	0.0780846	0.257592	0.0700231	0.0522462	0.104885	0.0726538	0.0291462	0.306223	0.0767231	0.00766923	0.000953846	0.472046	0.00407692	0.00539231	0.00593077	0.00189231	0.471531	0.280515	0.0314	0.0757	0.0971308	0.282838	0.0496692	0.0215154	0.130723	0	0	0	0	0.0917462	0.0643923	0.0378538	0.290754	
0.0749923	0.0681923	0.0378846	0.0262462	0.146238	0.0171077	0.0134538	0.0305154	0.0132615	0.00496154	0.176477	0.0126154	0.00255385	0.000453846	0.203023	0.00128462	0.00234615	0.00240769	0.000753846	0.201808	0.143	0.00922308	0.0208385	0.0342538	0.0980231	0.0364	0.0161538	0.0567385	0	0	0	0	0.0522846	0.0363538	0.0325385	0.0861385	
0.0824538	0.0748846	0.0417923	0.0318077	0.147092	0.0240231	0.0189231	0.0409	0.0216692	0.00892308	0.1778	0.0225462	0.00345385	0.000384615	0.225531	0.00156923	0.00261538	0.00270769	0.000946154	0.224669	0.156754	0.0108846	0.0255231	0.0377769	0.119669	0.0343308	0.0143231	0.0626154	0.0589923	0.0279154	0.0917462	0.0522846	0	0	0	0	
0.0553538	0.0499923	0.0277308	0.0213231	0.0973692	0.0176923	0.0128154	0.0265231	0.0154231	0.00575385	0.117515	0.0157077	0.00220769	0.000361538	0.150792	0.00103846	0.00162308	0.00187692	0.0006	0.1503	0.104762	0.00693846	0.0170154	0.0256846	0.0798385	0.0226308	0.0101231	0.0418077	0.0366154	0.0170385	0.0643923	0.0363538	0	0	0	0	
0.0404	0.0363308	0.0203231	0.0155154	0.0722385	0.0116769	0.00892308	0.0197308	0.0104	0.00405385	0.0881231	0.00999231	0.00147692	0.000207692	0.110131	0.000753846	0.00121538	0.00141538	0.000338462	0.1096	0.0776231	0.00518462	0.0120692	0.0176923	0.0581538	0.0165846	0.00761538	0.0302154	0.0287385	0.0134385	0.0378538	0.0325385	0	0	0	0	
0.176754	0.161885	0.0892923	0.0741615	0.303238	0.0594769	0.0455846	0.0937923	0.0577538	0.0231538	0.360715	0.0604692	0.00714615	0.000976923	0.490108	0.00386154	0.00547692	0.00618462	0.00183077	0.4886	0.304238	0.0297462	0.0701692	0.0979385	0.269715	0.0664	0.0293538	0.136623	0.0840077	0.0411923	0.290754	0.0861385	0	0	0	0	
