0	0	0	0	0.224354	0.0308769	0.0345385	0.0386154	0.0305308	0.00863846	0.267069	0.0221462	0.00107692	0.000653846	0.326008	0.000646154	0.000738462	0.00394615	0.000838462	0.322862	0.197746	0.0103	0.109485	0.0108538	0.221292	0.0241923	0.0419923	0.0409077	0.0277154	0.0212538	0.253138	0.0262769	0.0563846	0.0549231	0.0631692	0.153908	
0	0	0	0	0.243146	0.0346231	0.0361538	0.0436923	0.0333692	0.00923846	0.290154	0.0248538	0.00123846	0.000815385	0.354954	0.000607692	0.000853846	0.00443077	0.000823077	0.351508	0.215015	0.0113615	0.119408	0.0118308	0.241392	0.0265308	0.0458077	0.0438846	0.0301692	0.0221154	0.276746	0.0285846	0.0624615	0.0573846	0.0685846	0.169185	
0	0	0	0	0.128962	0.0181385	0.0199077	0.0239231	0.0179154	0.00511538	0.154677	0.0132231	0.000653846	0.000253846	0.189646	0.000376923	0.000384615	0.00244615	0.0004	0.1877	0.114215	0.0067	0.0634769	0.00653846	0.129215	0.0141	0.0242077	0.0234077	0.0166769	0.0122231	0.147046	0.0149846	0.0330615	0.0311385	0.0376	0.0891308	
0	0	0	0	0.0350692	0.0261231	0.0275615	0.0343154	0.0160462	0.00456154	0.0905462	0.0119154	0.000330769	0.000153846	0.1223	0.000284615	0.000292308	0.00154615	0.000246154	0.120985	0.0705308	0.00389231	0.0445923	0.00405385	0.0913231	0.00683846	0.0130385	0.0118692	0.00758462	0.006	0.102569	0.00691538	0.0177846	0.0174231	0.0200692	0.0677923	
0.224354	0.243146	0.128962	0.0350692	0	0	0	0	0.0396308	0.0111231	0.551831	0.0289462	0.00213846	0.00115385	0.627031	0.00120769	0.00149231	0.00799231	0.00136154	0.620685	0.395223	0.0201	0.195669	0.0205385	0.388792	0.0560385	0.0952462	0.0914538	0.0665462	0.0497462	0.453085	0.0621538	0.122531	0.116685	0.137031	0.255285	
0.0308769	0.0346231	0.0181385	0.0261231	0	0	0	0	0.0177615	0.00473846	0.0743538	0.0129077	0.0004	0.000184615	0.109015	0.000161538	0.000253846	0.00132308	0.000269231	0.107915	0.0602923	0.00356154	0.0418923	0.00401538	0.0874846	0.0046	0.00887692	0.0088	0.00469231	0.00362308	0.0971846	0.00426154	0.0136769	0.0134385	0.0153923	0.0672538	
0.0345385	0.0361538	0.0199077	0.0275615	0	0	0	0	0.0180846	0.00557692	0.0809846	0.0135154	0.000330769	0.000269231	0.117331	0.000230769	0.000230769	0.00136923	0.000292308	0.116269	0.0652769	0.00403846	0.0448923	0.00395385	0.0945769	0.00509231	0.00919231	0.0093	0.00510769	0.00402308	0.104262	0.00476923	0.0154692	0.0142077	0.0168	0.0716846	
0.0386154	0.0436923	0.0239231	0.0343154	0	0	0	0	0.0223846	0.00611538	0.0952769	0.0167692	0.000430769	0.000269231	0.139531	0.000315385	0.000292308	0.00168462	0.000384615	0.138185	0.0767154	0.00455385	0.0545077	0.00476923	0.112369	0.00593077	0.0117308	0.0105154	0.0058	0.0042	0.124969	0.00557692	0.0180154	0.0165385	0.0202	0.0857923	
0.0305308	0.0333692	0.0179154	0.0160462	0.0396308	0.0177615	0.0180846	0.0223846	0	0	0	0	0.000284615	0.000207692	0.0971615	0.000207692	0.000238462	0.00112308	0.000207692	0.0962923	0.0560538	0.00293077	0.0354692	0.00340769	0.0737462	0.00496154	0.0100923	0.00906154	0.00576923	0.00429231	0.0824462	0.00535385	0.00781538	0.00780769	0.00882308	0.0734154	
0.00863846	0.00923846	0.00511538	0.00456154	0.0111231	0.00473846	0.00557692	0.00611538	0	0	0	0	9.23077e-05	6.92308e-05	0.0273154	7.69231e-05	7.69231e-05	0.000353846	6.15385e-05	0.0270615	0.0155385	0.00111538	0.0100769	0.000823077	0.0210154	0.00133077	0.00259231	0.00261538	0.00143846	0.00119231	0.0234	0.00152308	0.00214615	0.0023	0.00231538	0.0207923	
0.267069	0.290154	0.154677	0.0905462	0.551831	0.0743538	0.0809846	0.0952769	0	0	0	0	0.00269231	0.00145385	0.796823	0.00147692	0.0018	0.0099	0.00183846	0.788908	0.484723	0.0258462	0.265523	0.0263538	0.533762	0.0615846	0.105392	0.101708	0.0708385	0.0531077	0.612492	0.0660077	0.153754	0.145131	0.172046	0.331515	
0.0221462	0.0248538	0.0132231	0.0119154	0.0289462	0.0129077	0.0135154	0.0167692	0	0	0	0	0.000230769	0.000146154	0.0716077	0.000153846	0.000153846	0.000992308	0.0002	0.0707923	0.0411923	0.00236154	0.0258923	0.00269231	0.0547	0.00378462	0.00696923	0.00668462	0.0041	0.003	0.0611615	0.00387692	0.00597692	0.00563077	0.00623846	0.0542923	
0.00107692	0.00123846	0.000653846	0.000330769	0.00213846	0.0004	0.000330769	0.000430769	0.000284615	9.23077e-05	0.00269231	0.000230769	0	0	0	0	2.30769e-05	6.15385e-05	7.69231e-06	0.00320769	0.00202308	0.000146154	0.001	0.000130769	0.00226923	0.000261538	0.000415385	0.000353846	0.000223077	0.000253846	0.00256154	0.000261538	0.000592308	0.000461538	0.000630769	0.00161538	
0.000653846	0.000815385	0.000253846	0.000153846	0.00115385	0.000184615	0.000269231	0.000269231	0.000207692	6.92308e-05	0.00145385	0.000146154	0	0	0	0	0	2.30769e-05	0	0.00185385	0.00116923	5.38462e-05	0.000584615	6.92308e-05	0.00134615	0.000146154	0.0002	0.000184615	0.000130769	7.69231e-05	0.00146154	0.000207692	0.0003	0.000253846	0.000461538	0.000861538	
0.326008	0.354954	0.189646	0.1223	0.627031	0.109015	0.117331	0.139531	0.0971615	0.0273154	0.796823	0.0716077	0	0	0	0	0.00223846	0.0122692	0.00229231	0.976108	0.593177	0.0319846	0.334769	0.0329769	0.678292	0.0711462	0.124154	0.119315	0.0816462	0.0611385	0.773992	0.0761308	0.168546	0.159808	0.188015	0.476538	
0.000646154	0.000607692	0.000376923	0.000284615	0.00120769	0.000161538	0.000230769	0.000315385	0.000207692	7.69231e-05	0.00147692	0.000153846	0	0	0	0	7.69231e-06	1.53846e-05	7.69231e-06	0.00188462	0.00113846	6.92308e-05	0.000607692	0.0001	0.00131538	0.000107692	0.000276923	0.000215385	0.000146154	0.000123077	0.00148462	0.000161538	0.000253846	0.000346154	0.000315385	0.001	
0.000738462	0.000853846	0.000384615	0.000292308	0.00149231	0.000253846	0.000230769	0.000292308	0.000238462	7.69231e-05	0.0018	0.000153846	2.30769e-05	0	0.00223846	7.69231e-06	0	0	0	0	0.00127692	7.69231e-05	0.000838462	7.69231e-05	0.00153077	0.000169231	0.000284615	0.000284615	0.000215385	0.000107692	0.00180769	0.000138462	0.000376923	0.000453846	0.000376923	0.00106154	
0.00394615	0.00443077	0.00244615	0.00154615	0.00799231	0.00132308	0.00136923	0.00168462	0.00112308	0.000353846	0.0099	0.000992308	6.15385e-05	2.30769e-05	0.0122692	1.53846e-05	0	0	0	0	0.00718462	0.000492308	0.00431538	0.000376923	0.00852308	0.000892308	0.00147692	0.00147692	0.000915385	0.000738462	0.00964615	0.00106923	0.0021	0.002	0.00231538	0.00595385	
0.000838462	0.000823077	0.0004	0.000246154	0.00136154	0.000269231	0.000292308	0.000384615	0.000207692	6.15385e-05	0.00183846	0.0002	7.69231e-06	0	0.00229231	7.69231e-06	0	0	0	0	0.00150769	5.38462e-05	0.000646154	0.0001	0.00157692	0.000123077	0.000361538	0.000246154	0.000146154	0.000176923	0.00177692	0.000207692	0.000453846	0.000338462	0.000407692	0.00110769	
0.322862	0.351508	0.1877	0.120985	0.620685	0.107915	0.116269	0.138185	0.0962923	0.0270615	0.788908	0.0707923	0.00320769	0.00185385	0.976108	0.00188462	0	0	0	0	0.587538	0.0316308	0.331162	0.0327231	0.671592	0.0704769	0.122923	0.118062	0.0808692	0.0605692	0.766269	0.0753462	0.166762	0.158077	0.186323	0.471892	
0.197746	0.215015	0.114215	0.0705308	0.395223	0.0602923	0.0652769	0.0767154	0.0560538	0.0155385	0.484723	0.0411923	0.00202308	0.00116923	0.593177	0.00113846	0.00127692	0.00718462	0.00150769	0.587538	0	0	0	0	0.367146	0.0541385	0.0898692	0.0863538	0.0662462	0.0496538	0.419892	0.0617154	0.104931	0.0994538	0.118623	0.2745	
0.0103	0.0113615	0.0067	0.00389231	0.0201	0.00356154	0.00403846	0.00455385	0.00293077	0.00111538	0.0258462	0.00236154	0.000146154	5.38462e-05	0.0319846	6.92308e-05	7.69231e-05	0.000492308	5.38462e-05	0.0316308	0	0	0	0	0.0205846	0.00250769	0.00462308	0.00453846	0.00139231	0.000953846	0.0286308	0.00127692	0.00557692	0.00462308	0.00576154	0.0162923	
0.109485	0.119408	0.0634769	0.0445923	0.195669	0.0418923	0.0448923	0.0545077	0.0354692	0.0100769	0.265523	0.0258923	0.001	0.000584615	0.334769	0.000607692	0.000838462	0.00431538	0.000646154	0.331162	0	0	0	0	0.274146	0.0126615	0.0255154	0.0246385	0.0131615	0.00987692	0.3015	0.0124231	0.0536154	0.0514385	0.0591615	0.172746	
0.0108538	0.0118308	0.00653846	0.00405385	0.0205385	0.00401538	0.00395385	0.00476923	0.00340769	0.000823077	0.0263538	0.00269231	0.000130769	6.92308e-05	0.0329769	0.0001	7.69231e-05	0.000376923	0.0001	0.0327231	0	0	0	0	0.0213462	0.00235385	0.00503846	0.00453846	0.00134615	0.00110769	0.0294769	0.00134615	0.00556923	0.00535385	0.00587692	0.0164769	
0.221292	0.241392	0.129215	0.0913231	0.388792	0.0874846	0.0945769	0.112369	0.0737462	0.0210154	0.533762	0.0547	0.00226923	0.00134615	0.678292	0.00131538	0.00153077	0.00852308	0.00157692	0.671592	0.367146	0.0205846	0.274146	0.0213462	0	0	0	0	0.0475154	0.0357538	0.5547	0.0452538	0.111785	0.105546	0.124669	0.341223	
0.0241923	0.0265308	0.0141	0.00683846	0.0560385	0.0046	0.00509231	0.00593077	0.00496154	0.00133077	0.0615846	0.00378462	0.000261538	0.000146154	0.0711462	0.000107692	0.000169231	0.000892308	0.000123077	0.0704769	0.0541385	0.00250769	0.0126615	0.00235385	0	0	0	0	0.0114615	0.00878462	0.0407846	0.0106308	0.0139308	0.0130846	0.0157	0.0289462	
0.0419923	0.0458077	0.0242077	0.0130385	0.0952462	0.00887692	0.00919231	0.0117308	0.0100923	0.00259231	0.105392	0.00696923	0.000415385	0.0002	0.124154	0.000276923	0.000284615	0.00147692	0.000361538	0.122923	0.0898692	0.00462308	0.0255154	0.00503846	0	0	0	0	0.0120923	0.00886923	0.0935846	0.0105	0.0224077	0.0214308	0.0253462	0.0558615	
0.0409077	0.0438846	0.0234077	0.0118692	0.0914538	0.0088	0.0093	0.0105154	0.00906154	0.00261538	0.101708	0.00668462	0.000353846	0.000184615	0.119315	0.000215385	0.000284615	0.00147692	0.000246154	0.118062	0.0863538	0.00453846	0.0246385	0.00453846	0	0	0	0	0.0110769	0.00818462	0.0904308	0.0103769	0.0215692	0.0208077	0.0237077	0.0539846	
0.0277154	0.0301692	0.0166769	0.00758462	0.0665462	0.00469231	0.00510769	0.0058	0.00576923	0.00143846	0.0708385	0.0041	0.000223077	0.000130769	0.0816462	0.000146154	0.000215385	0.000915385	0.000146154	0.0808692	0.0662462	0.00139231	0.0131615	0.00134615	0.0475154	0.0114615	0.0120923	0.0110769	0	0	0	0	0.0181462	0.0180385	0.0210615	0.0249	
0.0212538	0.0221154	0.0122231	0.006	0.0497462	0.00362308	0.00402308	0.0042	0.00429231	0.00119231	0.0531077	0.003	0.000253846	7.69231e-05	0.0611385	0.000123077	0.000107692	0.000738462	0.000176923	0.0605692	0.0496538	0.000953846	0.00987692	0.00110769	0.0357538	0.00878462	0.00886923	0.00818462	0	0	0	0	0.0141615	0.0127769	0.0154385	0.0192154	
0.253138	0.276746	0.147046	0.102569	0.453085	0.0971846	0.104262	0.124969	0.0824462	0.0234	0.612492	0.0611615	0.00256154	0.00146154	0.773992	0.00148462	0.00180769	0.00964615	0.00177692	0.766269	0.419892	0.0286308	0.3015	0.0294769	0.5547	0.0407846	0.0935846	0.0904308	0	0	0	0	0.119762	0.113308	0.133523	0.412908	
0.0262769	0.0285846	0.0149846	0.00691538	0.0621538	0.00426154	0.00476923	0.00557692	0.00535385	0.00152308	0.0660077	0.00387692	0.000261538	0.000207692	0.0761308	0.000161538	0.000138462	0.00106923	0.000207692	0.0753462	0.0617154	0.00127692	0.0124231	0.00134615	0.0452538	0.0106308	0.0105	0.0103769	0	0	0	0	0.0176231	0.0167462	0.0194	0.0229923	
0.0563846	0.0624615	0.0330615	0.0177846	0.122531	0.0136769	0.0154692	0.0180154	0.00781538	0.00214615	0.153754	0.00597692	0.000592308	0.0003	0.168546	0.000253846	0.000376923	0.0021	0.000453846	0.166762	0.104931	0.00557692	0.0536154	0.00556923	0.111785	0.0139308	0.0224077	0.0215692	0.0181462	0.0141615	0.119762	0.0176231	0	0	0	0	
0.0549231	0.0573846	0.0311385	0.0174231	0.116685	0.0134385	0.0142077	0.0165385	0.00780769	0.0023	0.145131	0.00563077	0.000461538	0.000253846	0.159808	0.000346154	0.000453846	0.002	0.000338462	0.158077	0.0994538	0.00462308	0.0514385	0.00535385	0.105546	0.0130846	0.0214308	0.0208077	0.0180385	0.0127769	0.113308	0.0167462	0	0	0	0	
0.0631692	0.0685846	0.0376	0.0200692	0.137031	0.0153923	0.0168	0.0202	0.00882308	0.00231538	0.172046	0.00623846	0.000630769	0.000461538	0.188015	0.000315385	0.000376923	0.00231538	0.000407692	0.186323	0.118623	0.00576154	0.0591615	0.00587692	0.124669	0.0157	0.0253462	0.0237077	0.0210615	0.0154385	0.133523	0.0194	0	0	0	0	
0.153908	0.169185	0.0891308	0.0677923	0.255285	0.0672538	0.0716846	0.0857923	0.0734154	0.0207923	0.331515	0.0542923	0.00161538	0.000861538	0.476538	0.001	0.00106154	0.00595385	0.00110769	0.471892	0.2745	0.0162923	0.172746	0.0164769	0.341223	0.0289462	0.0558615	0.0539846	0.0249	0.0192154	0.412908	0.0229923	0	0	0	0	
