0	0	0	0	0.222677	0.0319462	0.0340462	0.0402615	0.0297231	0.00884615	0.268008	0.0223538	0.00111538	0.000530769	0.326562	0.000723077	0.000630769	0.00397692	0.000846154	0.323477	0.196931	0.0106077	0.1104	0.0109923	0.223238	0.0236692	0.0427077	0.0393154	0.0272769	0.0215154	0.2548	0.0253385	0.0572231	0.0553154	0.0620538	0.154338	
0	0	0	0	0.244108	0.0346923	0.0368462	0.0427385	0.0325615	0.00930769	0.292177	0.0243385	0.00103846	0.000546154	0.356208	0.000592308	0.000976923	0.00436154	0.0009	0.352146	0.214592	0.0115077	0.1197	0.0125846	0.243185	0.0256769	0.0452231	0.0443	0.0301077	0.0233769	0.277754	0.0271462	0.0612846	0.0600538	0.0692538	0.167792	
0	0	0	0	0.128585	0.0181462	0.0191231	0.0239385	0.0172308	0.00494615	0.154669	0.0129462	0.000746154	0.000346154	0.188292	0.000407692	0.000584615	0.0024	0.000453846	0.186354	0.113885	0.00591538	0.0633154	0.00667692	0.128692	0.0138385	0.0243538	0.0229077	0.0155	0.0120923	0.147315	0.0148846	0.0331231	0.0313769	0.0364	0.0888923	
0	0	0	0	0.0348923	0.0267154	0.0286231	0.0326615	0.0158231	0.0047	0.0901231	0.0122462	0.0003	0.000238462	0.122115	0.000238462	0.000384615	0.00163077	0.000376923	0.1205	0.0697692	0.00404615	0.0444462	0.00463077	0.0931923	0.00643846	0.0122615	0.011	0.00735385	0.00568462	0.102869	0.00698462	0.0178923	0.0170154	0.0199154	0.0680692	
0.222677	0.244108	0.128585	0.0348923	0	0	0	0	0.0381231	0.0111692	0.552377	0.0285923	0.00205385	0.000976923	0.626046	0.00118462	0.00161538	0.00793846	0.00164615	0.619062	0.391938	0.0198692	0.197031	0.0214231	0.391731	0.0542846	0.0945154	0.0897308	0.0646462	0.0498923	0.4564	0.0593231	0.121954	0.118523	0.134854	0.254931	
0.0319462	0.0346923	0.0181462	0.0267154	0	0	0	0	0.0175308	0.00517692	0.0755615	0.0132308	0.000384615	0.0002	0.110762	0.000153846	0.000361538	0.00133846	0.0003	0.1095	0.0609462	0.00373846	0.0425846	0.00423077	0.0894769	0.00469231	0.009	0.00833077	0.00485385	0.0039	0.0982077	0.00453846	0.0147	0.0135538	0.0161231	0.0671231	
0.0340462	0.0368462	0.0191231	0.0286231	0	0	0	0	0.0182692	0.00497692	0.0813769	0.0140154	0.000369231	0.000215385	0.117831	0.000223077	0.000276923	0.00137692	0.000307692	0.116677	0.0649923	0.00390769	0.0455692	0.00416923	0.0947385	0.00486154	0.00978462	0.00925385	0.00487692	0.00397692	0.1049	0.00488462	0.0148154	0.0146538	0.0170385	0.0721308	
0.0402615	0.0427385	0.0239385	0.0326615	0	0	0	0	0.0214154	0.00647692	0.0956615	0.0160462	0.000392308	0.000269231	0.138538	0.0004	0.000323077	0.00171538	0.000323077	0.137238	0.0773	0.00456154	0.0526769	0.00506154	0.112362	0.00578462	0.0112462	0.0102077	0.00586154	0.0049	0.123231	0.00560769	0.0180538	0.0170308	0.0196077	0.0849077	
0.0297231	0.0325615	0.0172308	0.0158231	0.0381231	0.0175308	0.0182692	0.0214154	0	0	0	0	0.000323077	0.000184615	0.0946538	0.000176923	0.000261538	0.00116154	0.000230769	0.0936846	0.0537615	0.0032	0.0347308	0.00364615	0.0697385	0.00561538	0.0103308	0.00965385	0.00539231	0.00421538	0.0809077	0.00482308	0.00772308	0.00733846	0.00853846	0.0717385	
0.00884615	0.00930769	0.00494615	0.0047	0.0111692	0.00517692	0.00497692	0.00647692	0	0	0	0	9.23077e-05	4.61538e-05	0.0276	6.15385e-05	6.15385e-05	0.000353846	6.92308e-05	0.0273154	0.0159154	0.000992308	0.00974615	0.00114615	0.0203308	0.00158462	0.00312308	0.00276154	0.00139231	0.00124615	0.0236615	0.0015	0.00197692	0.00228462	0.00237692	0.0211615	
0.268008	0.292177	0.154669	0.0901231	0.552377	0.0755615	0.0813769	0.0956615	0	0	0	0	0.00256923	0.00133846	0.799538	0.00153077	0.00213846	0.00986923	0.00209231	0.790877	0.483962	0.0256538	0.267915	0.0274462	0.545823	0.0585308	0.1028	0.0978231	0.0693385	0.0541231	0.617392	0.0641231	0.154077	0.148585	0.170438	0.331877	
0.0223538	0.0243385	0.0129462	0.0122462	0.0285923	0.0132308	0.0140154	0.0160462	0	0	0	0	0.000215385	9.23077e-05	0.0713846	0.000192308	0.000115385	0.000984615	0.000184615	0.0706	0.0415385	0.00223077	0.0254692	0.00264615	0.0524154	0.00389231	0.00829231	0.00728462	0.00411538	0.00308462	0.0607769	0.00390769	0.00574615	0.00555385	0.00626923	0.0543154	
0.00111538	0.00103846	0.000746154	0.0003	0.00205385	0.000384615	0.000369231	0.000392308	0.000323077	9.23077e-05	0.00256923	0.000215385	0	0	0	0	2.30769e-05	1.53846e-05	1.53846e-05	0.00314615	0.00196923	0.000130769	0.00103077	6.92308e-05	0.00215385	0.000238462	0.000369231	0.000438462	0.000315385	0.000230769	0.00246923	0.000184615	0.000507692	0.000515385	0.000561538	0.00161538	
0.000530769	0.000546154	0.000346154	0.000238462	0.000976923	0.0002	0.000215385	0.000269231	0.000184615	4.61538e-05	0.00133846	9.23077e-05	0	0	0	0	0	2.30769e-05	2.30769e-05	0.00161538	0.00101538	4.61538e-05	0.000515385	8.46154e-05	0.0011	0.000123077	0.0002	0.000238462	7.69231e-05	9.23077e-05	0.00137692	0.000115385	0.000276923	0.000369231	0.000230769	0.000784615	
0.326562	0.356208	0.188292	0.122115	0.626046	0.110762	0.117831	0.138538	0.0946538	0.0276	0.799538	0.0713846	0	0	0	0	0.00255385	0.0123154	0.00253846	0.975769	0.591008	0.0318154	0.335692	0.0346615	0.683623	0.0691385	0.123769	0.116646	0.0797077	0.0622231	0.777369	0.0738769	0.168508	0.162538	0.186408	0.475723	
0.000723077	0.000592308	0.000407692	0.000238462	0.00118462	0.000153846	0.000223077	0.0004	0.000176923	6.15385e-05	0.00153077	0.000192308	0	0	0	0	0	1.53846e-05	0	0.00194615	0.00118462	8.46154e-05	0.000623077	6.92308e-05	0.00143077	0.000123077	0.000207692	0.0002	0.000138462	0.000123077	0.00152308	0.000176923	0.000230769	0.000338462	0.000423077	0.000969231	
0.000630769	0.000976923	0.000584615	0.000384615	0.00161538	0.000361538	0.000276923	0.000323077	0.000261538	6.15385e-05	0.00213846	0.000115385	2.30769e-05	0	0.00255385	0	0	0	0	0	0.00148462	6.15385e-05	0.000946154	8.46154e-05	0.00183846	0.000123077	0.000353846	0.000261538	0.000223077	0.000161538	0.00204615	0.000146154	0.000430769	0.000515385	0.000407692	0.00122308	
0.00397692	0.00436154	0.0024	0.00163077	0.00793846	0.00133846	0.00137692	0.00171538	0.00116154	0.000353846	0.00986923	0.000984615	1.53846e-05	2.30769e-05	0.0123154	1.53846e-05	0	0	0	0	0.00743077	0.000323077	0.00415385	0.000461538	0.00870769	0.000930769	0.00147692	0.00125385	0.000930769	0.000915385	0.00966923	0.000853846	0.00200769	0.00203077	0.00236154	0.00596923	
0.000846154	0.0009	0.000453846	0.000376923	0.00164615	0.0003	0.000307692	0.000323077	0.000230769	6.92308e-05	0.00209231	0.000184615	1.53846e-05	2.30769e-05	0.00253846	0	0	0	0	0	0.00155385	6.15385e-05	0.000869231	9.23077e-05	0.00182308	0.000169231	0.000346154	0.000238462	0.000192308	0.000184615	0.00196154	0.000238462	0.000392308	0.000446154	0.000553846	0.00118462	
0.323477	0.352146	0.186354	0.1205	0.619062	0.1095	0.116677	0.137238	0.0936846	0.0273154	0.790877	0.0706	0.00314615	0.00161538	0.975769	0.00194615	0	0	0	0	0.584708	0.0316308	0.331892	0.0342462	0.675938	0.0684	0.122369	0.115769	0.0788923	0.0614077	0.769062	0.0731154	0.166692	0.160769	0.1843	0.470715	
0.196931	0.214592	0.113885	0.0697692	0.391938	0.0609462	0.0649923	0.0773	0.0537615	0.0159154	0.483962	0.0415385	0.00196923	0.00101538	0.591008	0.00118462	0.00148462	0.00743077	0.00155385	0.584708	0	0	0	0	0.368177	0.0522692	0.0897077	0.0850231	0.0639385	0.0502538	0.421369	0.0596154	0.104869	0.101238	0.116446	0.272623	
0.0106077	0.0115077	0.00591538	0.00404615	0.0198692	0.00373846	0.00390769	0.00456154	0.0032	0.000992308	0.0256538	0.00223077	0.000130769	4.61538e-05	0.0318154	8.46154e-05	6.15385e-05	0.000323077	6.15385e-05	0.0316308	0	0	0	0	0.0204385	0.00253077	0.00496154	0.00414615	0.00135385	0.00113846	0.0284538	0.00113077	0.00493077	0.00496154	0.00578462	0.0164	
0.1104	0.1197	0.0633154	0.0444462	0.197031	0.0425846	0.0455692	0.0526769	0.0347308	0.00974615	0.267915	0.0254692	0.00103077	0.000515385	0.335692	0.000623077	0.000946154	0.00415385	0.000869231	0.331892	0	0	0	0	0.277846	0.0122385	0.0245923	0.0231846	0.0135538	0.0101538	0.301869	0.0122846	0.0538154	0.052	0.0596154	0.172431	
0.0109923	0.0125846	0.00667692	0.00463077	0.0214231	0.00423077	0.00416923	0.00506154	0.00364615	0.00114615	0.0274462	0.00264615	6.92308e-05	8.46154e-05	0.0346615	6.92308e-05	8.46154e-05	0.000461538	9.23077e-05	0.0342462	0	0	0	0	0.0218462	0.00258462	0.00528462	0.00516923	0.00139231	0.00112308	0.0310462	0.00132308	0.00590769	0.00556154	0.00577692	0.0176385	
0.223238	0.243185	0.128692	0.0931923	0.391731	0.0894769	0.0947385	0.112362	0.0697385	0.0203308	0.545823	0.0524154	0.00215385	0.0011	0.683623	0.00143077	0.00183846	0.00870769	0.00182308	0.675938	0.368177	0.0204385	0.277846	0.0218462	0	0	0	0	0.0484692	0.0379	0.556662	0.0452769	0.112492	0.109262	0.125954	0.3406	
0.0236692	0.0256769	0.0138385	0.00643846	0.0542846	0.00469231	0.00486154	0.00578462	0.00561538	0.00158462	0.0585308	0.00389231	0.000238462	0.000123077	0.0691385	0.000123077	0.000123077	0.000930769	0.000169231	0.0684	0.0522692	0.00253077	0.0122385	0.00258462	0	0	0	0	0.00895385	0.00748462	0.0448923	0.00829231	0.0132538	0.0121308	0.0146615	0.0295769	
0.0427077	0.0452231	0.0243538	0.0122615	0.0945154	0.009	0.00978462	0.0112462	0.0103308	0.00312308	0.1028	0.00829231	0.000369231	0.0002	0.123769	0.000207692	0.000353846	0.00147692	0.000346154	0.122369	0.0897077	0.00496154	0.0245923	0.00528462	0	0	0	0	0.0117	0.00866154	0.0938846	0.0103	0.0225	0.0215154	0.0243846	0.0561462	
0.0393154	0.0443	0.0229077	0.011	0.0897308	0.00833077	0.00925385	0.0102077	0.00965385	0.00276154	0.0978231	0.00728462	0.000438462	0.000238462	0.116646	0.0002	0.000261538	0.00125385	0.000238462	0.115769	0.0850231	0.00414615	0.0231846	0.00516923	0	0	0	0	0.0111154	0.00862308	0.0873	0.0104846	0.0212769	0.0208538	0.0226231	0.0527692	
0.0272769	0.0301077	0.0155	0.00735385	0.0646462	0.00485385	0.00487692	0.00586154	0.00539231	0.00139231	0.0693385	0.00411538	0.000315385	7.69231e-05	0.0797077	0.000138462	0.000223077	0.000930769	0.000192308	0.0788923	0.0639385	0.00135385	0.0135538	0.00139231	0.0484692	0.00895385	0.0117	0.0111154	0	0	0	0	0.0182	0.0171769	0.0206538	0.0242077	
0.0215154	0.0233769	0.0120923	0.00568462	0.0498923	0.0039	0.00397692	0.0049	0.00421538	0.00124615	0.0541231	0.00308462	0.000230769	9.23077e-05	0.0622231	0.000123077	0.000161538	0.000915385	0.000184615	0.0614077	0.0502538	0.00113846	0.0101538	0.00112308	0.0379	0.00748462	0.00866154	0.00862308	0	0	0	0	0.0138231	0.0139231	0.0161231	0.0188	
0.2548	0.277754	0.147315	0.102869	0.4564	0.0982077	0.1049	0.123231	0.0809077	0.0236615	0.617392	0.0607769	0.00246923	0.00137692	0.777369	0.00152308	0.00204615	0.00966923	0.00196154	0.769062	0.421369	0.0284538	0.301869	0.0310462	0.556662	0.0448923	0.0938846	0.0873	0	0	0	0	0.120823	0.116985	0.131646	0.413285	
0.0253385	0.0271462	0.0148846	0.00698462	0.0593231	0.00453846	0.00488462	0.00560769	0.00482308	0.0015	0.0641231	0.00390769	0.000184615	0.000115385	0.0738769	0.000176923	0.000146154	0.000853846	0.000238462	0.0731154	0.0596154	0.00113077	0.0122846	0.00132308	0.0452769	0.00829231	0.0103	0.0104846	0	0	0	0	0.0166769	0.0156769	0.0192	0.0228	
0.0572231	0.0612846	0.0331231	0.0178923	0.121954	0.0147	0.0148154	0.0180538	0.00772308	0.00197692	0.154077	0.00574615	0.000507692	0.000276923	0.168508	0.000230769	0.000430769	0.00200769	0.000392308	0.166692	0.104869	0.00493077	0.0538154	0.00590769	0.112492	0.0132538	0.0225	0.0212769	0.0182	0.0138231	0.120823	0.0166769	0	0	0	0	
0.0553154	0.0600538	0.0313769	0.0170154	0.118523	0.0135538	0.0146538	0.0170308	0.00733846	0.00228462	0.148585	0.00555385	0.000515385	0.000369231	0.162538	0.000338462	0.000515385	0.00203077	0.000446154	0.160769	0.101238	0.00496154	0.052	0.00556154	0.109262	0.0121308	0.0215154	0.0208538	0.0171769	0.0139231	0.116985	0.0156769	0	0	0	0	
0.0620538	0.0692538	0.0364	0.0199154	0.134854	0.0161231	0.0170385	0.0196077	0.00853846	0.00237692	0.170438	0.00626923	0.000561538	0.000230769	0.186408	0.000423077	0.000407692	0.00236154	0.000553846	0.1843	0.116446	0.00578462	0.0596154	0.00577692	0.125954	0.0146615	0.0243846	0.0226231	0.0206538	0.0161231	0.131646	0.0192	0	0	0	0	
0.154338	0.167792	0.0888923	0.0680692	0.254931	0.0671231	0.0721308	0.0849077	0.0717385	0.0211615	0.331877	0.0543154	0.00161538	0.000784615	0.475723	0.000969231	0.00122308	0.00596923	0.00118462	0.470715	0.272623	0.0164	0.172431	0.0176385	0.3406	0.0295769	0.0561462	0.0527692	0.0242077	0.0188	0.413285	0.0228	0	0	0	0	
