0	0	0	0	0.224915	0.0321385	0.0340923	0.0397538	0.0306	0.00853846	0.269892	0.0218692	0.00118462	0.000638462	0.328446	0.000630769	0.000738462	0.00389231	0.000876923	0.325392	0.198346	0.0109154	0.1107	0.0109385	0.224508	0.0269231	0.0412846	0.0381846	0.0264462	0.0201462	0.259654	0.0246538	0.0566	0.0549769	0.0626538	0.156669	
0	0	0	0	0.244046	0.0351538	0.0368154	0.0442154	0.0326077	0.00974615	0.293554	0.0243231	0.0013	0.000738462	0.357554	0.000638462	0.000738462	0.00472308	0.000830769	0.353938	0.215254	0.0116462	0.120846	0.0124846	0.2434	0.0294231	0.0449923	0.0424154	0.0295	0.0223923	0.281585	0.0267538	0.0622154	0.0595538	0.0696615	0.1688	
0	0	0	0	0.128677	0.0176538	0.0192308	0.0226769	0.0172769	0.00470769	0.153238	0.0130154	0.0006	0.000323077	0.186938	0.000376923	0.000484615	0.00244615	0.000453846	0.184854	0.113777	0.00601538	0.0622769	0.00616923	0.127346	0.0150846	0.0236923	0.0221154	0.0149923	0.0111615	0.147662	0.0144231	0.0318462	0.0307154	0.0371692	0.0885077	
0	0	0	0	0.0348154	0.0256615	0.0275769	0.0325769	0.0153231	0.0046	0.0892154	0.0114923	0.000446154	0.000223077	0.1197	0.000261538	0.000330769	0.00137692	0.000207692	0.118715	0.0705615	0.00365385	0.0423462	0.00406923	0.0898154	0.00772308	0.0119	0.0111923	0.00924615	0.007	0.0958231	0.00856154	0.0179923	0.0169154	0.0196385	0.0660846	
0.224915	0.244046	0.128677	0.0348154	0	0	0	0	0.0401692	0.0112846	0.551454	0.0295462	0.00227692	0.00118462	0.6278	0.00119231	0.00133077	0.00801538	0.00149231	0.621615	0.387608	0.0210231	0.202492	0.0213308	0.390438	0.0609615	0.0941615	0.0868923	0.0542692	0.0400154	0.488069	0.0501	0.1221	0.118154	0.136731	0.255469	
0.0321385	0.0351538	0.0176538	0.0256615	0	0	0	0	0.0165923	0.00501538	0.0765308	0.0124692	0.000353846	0.000184615	0.109823	0.000246154	0.000261538	0.00133846	0.000238462	0.108769	0.0631538	0.00333077	0.0404769	0.00364615	0.0881308	0.00583846	0.00838462	0.00825385	0.00762308	0.00610769	0.0895846	0.00729231	0.0138692	0.0130385	0.0159154	0.0677846	
0.0340923	0.0368154	0.0192308	0.0275769	0	0	0	0	0.0177	0.00522308	0.0812615	0.0135308	0.000361538	0.000238462	0.116923	0.000192308	0.000415385	0.00146923	0.000323077	0.115508	0.0681923	0.0036	0.0419385	0.00398462	0.0943385	0.00566154	0.00906923	0.00864615	0.00825385	0.00656154	0.0947769	0.00812308	0.0150692	0.0144077	0.0163231	0.0719154	
0.0397538	0.0442154	0.0226769	0.0325769	0	0	0	0	0.0213462	0.00606923	0.0966538	0.0151538	0.000538462	0.000315385	0.138092	0.000276923	0.000284615	0.00161538	0.000315385	0.137008	0.0789846	0.00427692	0.0512615	0.0047	0.112162	0.00669231	0.0102538	0.0101154	0.0100385	0.00801538	0.112292	0.00887692	0.0176154	0.0165615	0.0201538	0.0848923	
0.0306	0.0326077	0.0172769	0.0153231	0.0401692	0.0165923	0.0177	0.0213462	0	0	0	0	0.000361538	0.000176923	0.0950615	0.000207692	0.000269231	0.00129231	0.000246154	0.094	0.0547769	0.00317692	0.0344308	0.00342308	0.0702308	0.00645385	0.00966923	0.00945385	0.00583077	0.00447692	0.0798077	0.00569231	0.00816923	0.00674615	0.00848462	0.0724077	
0.00853846	0.00974615	0.00470769	0.0046	0.0112846	0.00501538	0.00522308	0.00606923	0	0	0	0	7.69231e-05	3.07692e-05	0.0274462	3.84615e-05	4.61538e-05	0.000330769	5.38462e-05	0.0271615	0.0160846	0.000984615	0.00956154	0.000961538	0.0201154	0.00182308	0.00266923	0.00298462	0.00186923	0.00143077	0.0227462	0.00154615	0.00191538	0.00193077	0.0024	0.0213462	
0.269892	0.293554	0.153238	0.0892154	0.551454	0.0765308	0.0812615	0.0966538	0	0	0	0	0.00286154	0.00160769	0.799908	0.00152308	0.00180769	0.00989231	0.00184615	0.792354	0.4861	0.0258846	0.267038	0.0268769	0.543431	0.0660231	0.101908	0.0945385	0.0676846	0.0512923	0.624123	0.0628	0.153092	0.147954	0.171962	0.332892	
0.0218692	0.0243231	0.0130154	0.0114923	0.0295462	0.0124692	0.0135308	0.0151538	0	0	0	0	0.000230769	0.000107692	0.0702231	0.000138462	0.000169231	0.000923077	0.000223077	0.0693846	0.0409769	0.00218462	0.0251385	0.0024	0.0512923	0.00485385	0.00762308	0.00693077	0.0048	0.0035	0.0580462	0.00435385	0.00547692	0.00553077	0.00627692	0.0534154	
0.00118462	0.0013	0.0006	0.000446154	0.00227692	0.000353846	0.000361538	0.000538462	0.000361538	7.69231e-05	0.00286154	0.000230769	0	0	0	0	3.07692e-05	1.53846e-05	1.53846e-05	0.00346923	0.00211538	8.46154e-05	0.00118462	0.000146154	0.00233846	0.000376923	0.000376923	0.000438462	0.000253846	0.000215385	0.00284615	0.000215385	0.000607692	0.000630769	0.000746154	0.00154615	
0.000638462	0.000738462	0.000323077	0.000223077	0.00118462	0.000184615	0.000238462	0.000315385	0.000176923	3.07692e-05	0.00160769	0.000107692	0	0	0	0	7.69231e-06	3.07692e-05	0	0.00188462	0.0011	5.38462e-05	0.000707692	6.15385e-05	0.00138462	0.000130769	0.000238462	0.000169231	0.000161538	7.69231e-05	0.00153077	0.000153846	0.000346154	0.000292308	0.0004	0.000884615	
0.328446	0.357554	0.186938	0.1197	0.6278	0.109823	0.116923	0.138092	0.0950615	0.0274462	0.799908	0.0702231	0	0	0	0	0.00225385	0.0123769	0.00234615	0.975662	0.593562	0.0320154	0.333677	0.0333846	0.680062	0.0784923	0.121008	0.113077	0.0796769	0.0602923	0.778777	0.0738923	0.167377	0.1609	0.187585	0.476777	
0.000630769	0.000638462	0.000376923	0.000261538	0.00119231	0.000246154	0.000192308	0.000276923	0.000207692	3.84615e-05	0.00152308	0.000138462	0	0	0	0	0	1.53846e-05	7.69231e-06	0.00188462	0.00116154	7.69231e-05	0.0006	6.92308e-05	0.00128462	0.000153846	0.000246154	0.000223077	9.23077e-05	0.000115385	0.00156923	0.000130769	0.000323077	0.000338462	0.000392308	0.000853846	
0.000738462	0.000738462	0.000484615	0.000330769	0.00133077	0.000261538	0.000415385	0.000284615	0.000269231	4.61538e-05	0.00180769	0.000169231	3.07692e-05	7.69231e-06	0.00225385	0	0	0	0	0	0.00137692	0.0001	0.000769231	4.61538e-05	0.00152308	0.000207692	0.000276923	0.000284615	0.000115385	0.000107692	0.00184615	0.000223077	0.000323077	0.000430769	0.000330769	0.00120769	
0.00389231	0.00472308	0.00244615	0.00137692	0.00801538	0.00133846	0.00146923	0.00161538	0.00129231	0.000330769	0.00989231	0.000923077	1.53846e-05	3.07692e-05	0.0123769	1.53846e-05	0	0	0	0	0.00734615	0.0004	0.00435385	0.000338462	0.00874615	0.000915385	0.00137692	0.0014	0.000923077	0.0007	0.00995385	0.000861538	0.00216154	0.00194615	0.00226154	0.00606923	
0.000876923	0.000830769	0.000453846	0.000207692	0.00149231	0.000238462	0.000323077	0.000315385	0.000246154	5.38462e-05	0.00184615	0.000223077	1.53846e-05	0	0.00234615	7.69231e-06	0	0	0	0	0.0013	5.38462e-05	0.000892308	0.000123077	0.00164615	0.000115385	0.000330769	0.000276923	0.000123077	0.000146154	0.00193077	0.000169231	0.000438462	0.000392308	0.000415385	0.00112308	
0.325392	0.353938	0.184854	0.118715	0.621615	0.108769	0.115508	0.137008	0.094	0.0271615	0.792354	0.0693846	0.00346923	0.00188462	0.975662	0.00188462	0	0	0	0	0.587915	0.0316769	0.330154	0.0331538	0.673154	0.0779154	0.119885	0.111946	0.0790231	0.0597462	0.770992	0.0731385	0.165731	0.159392	0.186115	0.471662	
0.198346	0.215254	0.113777	0.0705615	0.387608	0.0631538	0.0681923	0.0789846	0.0547769	0.0160846	0.4861	0.0409769	0.00211538	0.0011	0.593562	0.00116154	0.00137692	0.00734615	0.0013	0.587915	0	0	0	0	0.370415	0.0574	0.0881231	0.082	0.0656154	0.0494308	0.422108	0.0607846	0.104615	0.100762	0.1174	0.275162	
0.0109154	0.0116462	0.00601538	0.00365385	0.0210231	0.00333077	0.0036	0.00427692	0.00317692	0.000984615	0.0258846	0.00218462	8.46154e-05	5.38462e-05	0.0320154	7.69231e-05	0.0001	0.0004	5.38462e-05	0.0316769	0	0	0	0	0.0199231	0.00297692	0.00473077	0.0046	0.00132308	0.001	0.0288	0.00110769	0.00526923	0.00509231	0.00565385	0.0162154	
0.1107	0.120846	0.0622769	0.0423462	0.202492	0.0404769	0.0419385	0.0512615	0.0344308	0.00956154	0.267038	0.0251385	0.00118462	0.000707692	0.333677	0.0006	0.000769231	0.00435385	0.000892308	0.330154	0	0	0	0	0.273738	0.0157308	0.0239923	0.0227077	0.0122154	0.00922308	0.303346	0.0113846	0.0533308	0.0513231	0.0599154	0.1716	
0.0109385	0.0124846	0.00616923	0.00406923	0.0213308	0.00364615	0.00398462	0.0047	0.00342308	0.000961538	0.0268769	0.0024	0.000146154	6.15385e-05	0.0333846	6.92308e-05	4.61538e-05	0.000338462	0.000123077	0.0331538	0	0	0	0	0.0209923	0.00304615	0.00502308	0.0046	0.00103077	0.00104615	0.0304692	0.00111538	0.00543846	0.00498462	0.00615385	0.0170846	
0.224508	0.2434	0.127346	0.0898154	0.390438	0.0881308	0.0943385	0.112162	0.0702308	0.0201154	0.543431	0.0512923	0.00233846	0.00138462	0.680062	0.00128462	0.00152308	0.00874615	0.00164615	0.673154	0.370415	0.0199231	0.273738	0.0209923	0	0	0	0	0.0514231	0.0397538	0.546369	0.0475231	0.113038	0.107562	0.125323	0.339146	
0.0269231	0.0294231	0.0150846	0.00772308	0.0609615	0.00583846	0.00566154	0.00669231	0.00645385	0.00182308	0.0660231	0.00485385	0.000376923	0.000130769	0.0784923	0.000153846	0.000207692	0.000915385	0.000115385	0.0779154	0.0574	0.00297692	0.0157308	0.00304615	0	0	0	0	0.00726154	0.00526154	0.0597923	0.00683846	0.0139769	0.0138077	0.0162923	0.0350769	
0.0412846	0.0449923	0.0236923	0.0119	0.0941615	0.00838462	0.00906923	0.0102538	0.00966923	0.00266923	0.101908	0.00762308	0.000376923	0.000238462	0.121008	0.000246154	0.000276923	0.00137692	0.000330769	0.119885	0.0881231	0.00473077	0.0239923	0.00502308	0	0	0	0	0.0109692	0.00836923	0.0924692	0.0100615	0.0214769	0.0211538	0.0248077	0.0544308	
0.0381846	0.0424154	0.0221154	0.0111923	0.0868923	0.00825385	0.00864615	0.0101154	0.00945385	0.00298462	0.0945385	0.00693077	0.000438462	0.000169231	0.113077	0.000223077	0.000284615	0.0014	0.000276923	0.111946	0.082	0.0046	0.0227077	0.0046	0	0	0	0	0.0105308	0.00731538	0.0860923	0.00996923	0.0201615	0.0196385	0.0227	0.0514077	
0.0264462	0.0295	0.0149923	0.00924615	0.0542692	0.00762308	0.00825385	0.0100385	0.00583077	0.00186923	0.0676846	0.0048	0.000253846	0.000161538	0.0796769	9.23077e-05	0.000115385	0.000923077	0.000123077	0.0790231	0.0656154	0.00132308	0.0122154	0.00103077	0.0514231	0.00726154	0.0109692	0.0105308	0	0	0	0	0.0182231	0.0177769	0.0199154	0.0242692	
0.0201462	0.0223923	0.0111615	0.007	0.0400154	0.00610769	0.00656154	0.00801538	0.00447692	0.00143077	0.0512923	0.0035	0.000215385	7.69231e-05	0.0602923	0.000115385	0.000107692	0.0007	0.000146154	0.0597462	0.0494308	0.001	0.00922308	0.00104615	0.0397538	0.00526154	0.00836923	0.00731538	0	0	0	0	0.0137769	0.0129	0.0151308	0.0188923	
0.259654	0.281585	0.147662	0.0958231	0.488069	0.0895846	0.0947769	0.112292	0.0798077	0.0227462	0.624123	0.0580462	0.00284615	0.00153077	0.778777	0.00156923	0.00184615	0.00995385	0.00193077	0.770992	0.422108	0.0288	0.303346	0.0304692	0.546369	0.0597923	0.0924692	0.0860923	0	0	0	0	0.120062	0.115562	0.135469	0.413631	
0.0246538	0.0267538	0.0144231	0.00856154	0.0501	0.00729231	0.00812308	0.00887692	0.00569231	0.00154615	0.0628	0.00435385	0.000215385	0.000153846	0.0738923	0.000130769	0.000223077	0.000861538	0.000169231	0.0731385	0.0607846	0.00110769	0.0113846	0.00111538	0.0475231	0.00683846	0.0100615	0.00996923	0	0	0	0	0.0165923	0.0159231	0.0186077	0.0232692	
0.0566	0.0622154	0.0318462	0.0179923	0.1221	0.0138692	0.0150692	0.0176154	0.00816923	0.00191538	0.153092	0.00547692	0.000607692	0.000346154	0.167377	0.000323077	0.000323077	0.00216154	0.000438462	0.165731	0.104615	0.00526923	0.0533308	0.00543846	0.113038	0.0139769	0.0214769	0.0201615	0.0182231	0.0137769	0.120062	0.0165923	0	0	0	0	
0.0549769	0.0595538	0.0307154	0.0169154	0.118154	0.0130385	0.0144077	0.0165615	0.00674615	0.00193077	0.147954	0.00553077	0.000630769	0.000292308	0.1609	0.000338462	0.000430769	0.00194615	0.000392308	0.159392	0.100762	0.00509231	0.0513231	0.00498462	0.107562	0.0138077	0.0211538	0.0196385	0.0177769	0.0129	0.115562	0.0159231	0	0	0	0	
0.0626538	0.0696615	0.0371692	0.0196385	0.136731	0.0159154	0.0163231	0.0201538	0.00848462	0.0024	0.171962	0.00627692	0.000746154	0.0004	0.187585	0.000392308	0.000330769	0.00226154	0.000415385	0.186115	0.1174	0.00565385	0.0599154	0.00615385	0.125323	0.0162923	0.0248077	0.0227	0.0199154	0.0151308	0.135469	0.0186077	0	0	0	0	
0.156669	0.1688	0.0885077	0.0660846	0.255469	0.0677846	0.0719154	0.0848923	0.0724077	0.0213462	0.332892	0.0534154	0.00154615	0.000884615	0.476777	0.000853846	0.00120769	0.00606923	0.00112308	0.471662	0.275162	0.0162154	0.1716	0.0170846	0.339146	0.0350769	0.0544308	0.0514077	0.0242692	0.0188923	0.413631	0.0232692	0	0	0	0	
