0	0	0	0	0.222831	0.0315231	0.0349769	0.0399308	0.0299923	0.00832308	0.268723	0.0222231	0.000953846	0.000538462	0.327062	0.000707692	0.000646154	0.00410769	0.000846154	0.323662	0.195815	0.0109462	0.111008	0.0114923	0.223231	0.0264231	0.0414077	0.0382	0.0267923	0.0200692	0.257308	0.0250923	0.0561615	0.0543615	0.0630769	0.155662	
0	0	0	0	0.243992	0.0350154	0.0365385	0.0435538	0.0321923	0.009	0.293838	0.0240692	0.00100769	0.000761538	0.356638	0.000692308	0.000776923	0.0043	0.001	0.353023	0.2154	0.0112077	0.120346	0.0121462	0.242508	0.0293	0.0453231	0.0419692	0.0284692	0.0227692	0.280992	0.0268692	0.0624846	0.0597923	0.0684154	0.168408	
0	0	0	0	0.1286	0.0177692	0.0197846	0.0228	0.0168923	0.00493846	0.155069	0.0120538	0.000630769	0.0003	0.187631	0.000392308	0.000461538	0.00245385	0.000430769	0.185608	0.112392	0.00660769	0.0636692	0.00628462	0.127908	0.0152923	0.0236231	0.0221308	0.0156154	0.0112846	0.147538	0.0145154	0.0330538	0.0318923	0.0359231	0.0880846	
0	0	0	0	0.0355385	0.0265462	0.0279308	0.0326692	0.0159154	0.00434615	0.0914231	0.011	0.000415385	0.000246154	0.121854	0.000169231	0.000238462	0.00144615	0.000261538	0.120738	0.0717923	0.00368462	0.0432154	0.00399231	0.0912769	0.00770769	0.0123231	0.0113769	0.00933077	0.00692308	0.0978385	0.00859231	0.0180692	0.0166462	0.0199154	0.0680538	
0.222831	0.243992	0.1286	0.0355385	0	0	0	0	0.0391154	0.0110615	0.551931	0.0288538	0.00186154	0.0012	0.626646	0.00125385	0.00140769	0.00767692	0.0016	0.620277	0.385754	0.0212462	0.202723	0.0212385	0.3882	0.0607692	0.0944615	0.0875308	0.0540846	0.0408231	0.486008	0.0500462	0.123108	0.117515	0.135992	0.254346	
0.0315231	0.0350154	0.0177692	0.0265462	0	0	0	0	0.0171077	0.00465385	0.0770462	0.0120462	0.000315385	0.000184615	0.110162	0.000192308	0.000215385	0.00151538	0.000261538	0.108862	0.0632692	0.00340769	0.0405692	0.00360769	0.0891538	0.00534615	0.00872308	0.00763077	0.00814615	0.00614615	0.0891846	0.00737692	0.0139462	0.0137462	0.0156462	0.0675154	
0.0349769	0.0365385	0.0197846	0.0279308	0	0	0	0	0.0179	0.00518462	0.0832769	0.0128692	0.000330769	0.000184615	0.118477	0.000238462	0.000238462	0.0014	0.000246154	0.117346	0.0678077	0.00352308	0.0436846	0.00421538	0.0961231	0.00570769	0.00903846	0.00836154	0.00826923	0.00670769	0.0961692	0.00808462	0.0148846	0.0144846	0.0165923	0.0732692	
0.0399308	0.0435538	0.0228	0.0326692	0	0	0	0	0.0208692	0.00570769	0.0968	0.0155769	0.0005	0.000276923	0.1379	0.000276923	0.000261538	0.00171538	0.000430769	0.136546	0.0785692	0.00426923	0.0512615	0.00485385	0.111446	0.0069	0.0104538	0.0101538	0.00970769	0.00736923	0.112315	0.00956154	0.0178308	0.0169462	0.0191	0.0850769	
0.0299923	0.0321923	0.0168923	0.0159154	0.0391154	0.0171077	0.0179	0.0208692	0	0	0	0	0.000338462	0.000130769	0.0943615	0.000161538	0.000215385	0.00108462	0.000253846	0.0934385	0.0544692	0.00291538	0.0344462	0.00316154	0.0687231	0.00647692	0.0104538	0.00933846	0.00585385	0.00474615	0.0783769	0.00601538	0.00780769	0.00738462	0.0083	0.0715	
0.00832308	0.009	0.00493846	0.00434615	0.0110615	0.00465385	0.00518462	0.00570769	0	0	0	0	9.23077e-05	6.15385e-05	0.0264154	3.84615e-05	4.61538e-05	0.000369231	6.92308e-05	0.0261231	0.0149769	0.000946154	0.00966154	0.00102308	0.0195923	0.00178462	0.00283077	0.0024	0.00174615	0.00139231	0.0219923	0.00147692	0.00202308	0.00213077	0.00237692	0.0200769	
0.268723	0.293838	0.155069	0.0914231	0.551931	0.0770462	0.0832769	0.0968	0	0	0	0	0.00231538	0.00149231	0.803631	0.00161538	0.00172308	0.00994615	0.00203846	0.795346	0.485831	0.0264692	0.269408	0.0273462	0.545808	0.0658769	0.102208	0.0951615	0.0678231	0.0517692	0.625992	0.0634692	0.154392	0.147885	0.170377	0.3364	
0.0222231	0.0240692	0.0120538	0.011	0.0288538	0.0120462	0.0128692	0.0155769	0	0	0	0	0.000261538	0.000161538	0.0687769	0.000146154	0.000138462	0.000907692	0.000176923	0.0681231	0.0401231	0.00211538	0.0247231	0.00238462	0.0508	0.00458462	0.00718462	0.00677692	0.00478462	0.00313846	0.0573154	0.00410769	0.00554615	0.00529231	0.00627692	0.0522308	
0.000953846	0.00100769	0.000630769	0.000415385	0.00186154	0.000315385	0.000330769	0.0005	0.000338462	9.23077e-05	0.00231538	0.000261538	0	0	0	0	7.69231e-06	1.53846e-05	1.53846e-05	0.00296923	0.00183846	3.84615e-05	0.00106154	6.92308e-05	0.00211538	0.000184615	0.000361538	0.000346154	0.000223077	0.000215385	0.00236923	0.0002	0.000469231	0.000484615	0.000561538	0.00149231	
0.000538462	0.000761538	0.0003	0.000246154	0.0012	0.000184615	0.000184615	0.000276923	0.000130769	6.15385e-05	0.00149231	0.000161538	0	0	0	0	7.69231e-06	2.30769e-05	7.69231e-06	0.00180769	0.00109231	3.07692e-05	0.000669231	5.38462e-05	0.00133077	0.000115385	0.000215385	0.000184615	0.000161538	2.30769e-05	0.00151538	0.000146154	0.000276923	0.0002	0.000407692	0.000961538	
0.327062	0.356638	0.187631	0.121854	0.626646	0.110162	0.118477	0.1379	0.0943615	0.0264154	0.803631	0.0687769	0	0	0	0	0.00210769	0.0122231	0.00251538	0.976338	0.591315	0.0322846	0.335831	0.0337538	0.680115	0.0782538	0.121885	0.112931	0.0796	0.0607	0.778292	0.0745923	0.168677	0.161754	0.185923	0.476831	
0.000707692	0.000692308	0.000392308	0.000169231	0.00125385	0.000192308	0.000238462	0.000276923	0.000161538	3.84615e-05	0.00161538	0.000146154	0	0	0	0	0	4.61538e-05	0	0.00191538	0.00115385	9.23077e-05	0.000676923	3.84615e-05	0.00136154	0.000169231	0.000215385	0.000215385	0.000223077	0.000107692	0.0015	0.000130769	0.000346154	0.000253846	0.000438462	0.000923077	
0.000646154	0.000776923	0.000461538	0.000238462	0.00140769	0.000215385	0.000238462	0.000261538	0.000215385	4.61538e-05	0.00172308	0.000138462	7.69231e-06	7.69231e-06	0.00210769	0	0	0	0	0	0.00124615	5.38462e-05	0.000769231	5.38462e-05	0.00143846	0.000215385	0.000253846	0.000215385	0.000176923	0.000153846	0.00162308	0.000169231	0.000292308	0.000346154	0.000376923	0.00110769	
0.00410769	0.0043	0.00245385	0.00144615	0.00767692	0.00151538	0.0014	0.00171538	0.00108462	0.000369231	0.00994615	0.000907692	1.53846e-05	2.30769e-05	0.0122231	4.61538e-05	0	0	0	0	0.00751538	0.000361538	0.00397692	0.000453846	0.00836923	0.001	0.00148462	0.00145385	0.000930769	0.000723077	0.00965385	0.001	0.00216154	0.00197692	0.00231538	0.00585385	
0.000846154	0.001	0.000430769	0.000261538	0.0016	0.000261538	0.000246154	0.000430769	0.000253846	6.92308e-05	0.00203846	0.000176923	1.53846e-05	7.69231e-06	0.00251538	0	0	0	0	0	0.00151538	5.38462e-05	0.000884615	8.46154e-05	0.0017	0.000161538	0.000323077	0.000353846	0.000246154	0.000123077	0.00200769	0.000161538	0.000446154	0.000361538	0.000453846	0.00127692	
0.323662	0.353023	0.185608	0.120738	0.620277	0.108862	0.117346	0.136546	0.0934385	0.0261231	0.795346	0.0681231	0.00296923	0.00180769	0.976338	0.00191538	0	0	0	0	0.585123	0.0319769	0.332608	0.0333231	0.673415	0.0773462	0.120615	0.111654	0.0788538	0.0600462	0.770392	0.0737385	0.166869	0.160008	0.184185	0.471969	
0.195815	0.2154	0.112392	0.0717923	0.385754	0.0632692	0.0678077	0.0785692	0.0544692	0.0149769	0.485831	0.0401231	0.00183846	0.00109231	0.591315	0.00115385	0.00124615	0.00751538	0.00151538	0.585123	0	0	0	0	0.367523	0.0571538	0.0885385	0.0821846	0.0642385	0.0499308	0.420092	0.0611385	0.104862	0.100515	0.115408	0.274615	
0.0109462	0.0112077	0.00660769	0.00368462	0.0212462	0.00340769	0.00352308	0.00426923	0.00291538	0.000946154	0.0264692	0.00211538	3.84615e-05	3.07692e-05	0.0322846	9.23077e-05	5.38462e-05	0.000361538	5.38462e-05	0.0319769	0	0	0	0	0.0199923	0.00323846	0.00496154	0.00425385	0.00123077	0.000792308	0.0293615	0.00106154	0.00561538	0.00512308	0.0058	0.0159077	
0.111008	0.120346	0.0636692	0.0432154	0.202723	0.0405692	0.0436846	0.0512615	0.0344462	0.00966154	0.269408	0.0247231	0.00106154	0.000669231	0.335831	0.000676923	0.000769231	0.00397692	0.000884615	0.332608	0	0	0	0	0.276085	0.0150846	0.0243846	0.0226846	0.0133308	0.0095	0.303685	0.0117231	0.0537462	0.0516462	0.0601923	0.172654	
0.0114923	0.0121462	0.00628462	0.00399231	0.0212385	0.00360769	0.00421538	0.00485385	0.00316154	0.00102308	0.0273462	0.00238462	6.92308e-05	5.38462e-05	0.0337538	3.84615e-05	5.38462e-05	0.000453846	8.46154e-05	0.0333231	0	0	0	0	0.0213231	0.00324615	0.00479231	0.00455385	0.00140769	0.000823077	0.0305385	0.00114615	0.00554615	0.00540769	0.00593077	0.0170308	
0.223231	0.242508	0.127908	0.0912769	0.3882	0.0891538	0.0961231	0.111446	0.0687231	0.0195923	0.545808	0.0508	0.00211538	0.00133077	0.680115	0.00136154	0.00143846	0.00836923	0.0017	0.673415	0.367523	0.0199923	0.276085	0.0213231	0	0	0	0	0.0515615	0.0393846	0.545485	0.0484923	0.113308	0.1081	0.124646	0.338869	
0.0264231	0.0293	0.0152923	0.00770769	0.0607692	0.00534615	0.00570769	0.0069	0.00647692	0.00178462	0.0658769	0.00458462	0.000184615	0.000115385	0.0782538	0.000169231	0.000215385	0.001	0.000161538	0.0773462	0.0571538	0.00323846	0.0150846	0.00324615	0	0	0	0	0.00723846	0.00523846	0.0595692	0.00667692	0.0140308	0.0136077	0.0160462	0.0350385	
0.0414077	0.0453231	0.0236231	0.0123231	0.0944615	0.00872308	0.00903846	0.0104538	0.0104538	0.00283077	0.102208	0.00718462	0.000361538	0.000215385	0.121885	0.000215385	0.000253846	0.00148462	0.000323077	0.120615	0.0885385	0.00496154	0.0243846	0.00479231	0	0	0	0	0.0112154	0.00859231	0.0922846	0.0105846	0.0225	0.0213615	0.0243615	0.0544538	
0.0382	0.0419692	0.0221308	0.0113769	0.0875308	0.00763077	0.00836154	0.0101538	0.00933846	0.0024	0.0951615	0.00677692	0.000346154	0.000184615	0.112931	0.000215385	0.000215385	0.00145385	0.000353846	0.111654	0.0821846	0.00425385	0.0226846	0.00455385	0	0	0	0	0.0101923	0.00783077	0.0863385	0.00931538	0.0199308	0.0196231	0.0222769	0.0518462	
0.0267923	0.0284692	0.0156154	0.00933077	0.0540846	0.00814615	0.00826923	0.00970769	0.00585385	0.00174615	0.0678231	0.00478462	0.000223077	0.000161538	0.0796	0.000223077	0.000176923	0.000930769	0.000246154	0.0788538	0.0642385	0.00123077	0.0133308	0.00140769	0.0515615	0.00723846	0.0112154	0.0101923	0	0	0	0	0.0180692	0.0176769	0.0195692	0.0248923	
0.0200692	0.0227692	0.0112846	0.00692308	0.0408231	0.00614615	0.00670769	0.00736923	0.00474615	0.00139231	0.0517692	0.00313846	0.000215385	2.30769e-05	0.0607	0.000107692	0.000153846	0.000723077	0.000123077	0.0600462	0.0499308	0.000792308	0.0095	0.000823077	0.0393846	0.00523846	0.00859231	0.00783077	0	0	0	0	0.0135385	0.0133231	0.0149077	0.0192769	
0.257308	0.280992	0.147538	0.0978385	0.486008	0.0891846	0.0961692	0.112315	0.0783769	0.0219923	0.625992	0.0573154	0.00236923	0.00151538	0.778292	0.0015	0.00162308	0.00965385	0.00200769	0.770392	0.420092	0.0293615	0.303685	0.0305385	0.545485	0.0595692	0.0922846	0.0863385	0	0	0	0	0.121046	0.116138	0.134008	0.412485	
0.0250923	0.0268692	0.0145154	0.00859231	0.0500462	0.00737692	0.00808462	0.00956154	0.00601538	0.00147692	0.0634692	0.00410769	0.0002	0.000146154	0.0745923	0.000130769	0.000169231	0.001	0.000161538	0.0737385	0.0611385	0.00106154	0.0117231	0.00114615	0.0484923	0.00667692	0.0105846	0.00931538	0	0	0	0	0.0171154	0.0155538	0.0188462	0.0235538	
0.0561615	0.0624846	0.0330538	0.0180692	0.123108	0.0139462	0.0148846	0.0178308	0.00780769	0.00202308	0.154392	0.00554615	0.000469231	0.000276923	0.168677	0.000346154	0.000292308	0.00216154	0.000446154	0.166869	0.104862	0.00561538	0.0537462	0.00554615	0.113308	0.0140308	0.0225	0.0199308	0.0180692	0.0135385	0.121046	0.0171154	0	0	0	0	
0.0543615	0.0597923	0.0318923	0.0166462	0.117515	0.0137462	0.0144846	0.0169462	0.00738462	0.00213077	0.147885	0.00529231	0.000484615	0.0002	0.161754	0.000253846	0.000346154	0.00197692	0.000361538	0.160008	0.100515	0.00512308	0.0516462	0.00540769	0.1081	0.0136077	0.0213615	0.0196231	0.0176769	0.0133231	0.116138	0.0155538	0	0	0	0	
0.0630769	0.0684154	0.0359231	0.0199154	0.135992	0.0156462	0.0165923	0.0191	0.0083	0.00237692	0.170377	0.00627692	0.000561538	0.000407692	0.185923	0.000438462	0.000376923	0.00231538	0.000453846	0.184185	0.115408	0.0058	0.0601923	0.00593077	0.124646	0.0160462	0.0243615	0.0222769	0.0195692	0.0149077	0.134008	0.0188462	0	0	0	0	
0.155662	0.168408	0.0880846	0.0680538	0.254346	0.0675154	0.0732692	0.0850769	0.0715	0.0200769	0.3364	0.0522308	0.00149231	0.000961538	0.476831	0.000923077	0.00110769	0.00585385	0.00127692	0.471969	0.274615	0.0159077	0.172654	0.0170308	0.338869	0.0350385	0.0544538	0.0518462	0.0248923	0.0192769	0.412485	0.0235538	0	0	0	0	
