0	0	0	0	0.223215	0.0315923	0.0334615	0.0398077	0.0297615	0.00851538	0.267338	0.0224615	0.00107692	0.000646154	0.325785	0.000569231	0.000776923	0.00373846	0.000892308	0.322669	0.196462	0.0109385	0.109346	0.0113308	0.221746	0.0263231	0.0406692	0.0393385	0.0274615	0.0198538	0.255892	0.0248692	0.0569308	0.0554462	0.0620231	0.153677	
0	0	0	0	0.243208	0.0344923	0.0367	0.0429615	0.0316846	0.00963077	0.291562	0.0244846	0.00123077	0.000623077	0.354838	0.000669231	0.000753846	0.00468462	0.000776923	0.351146	0.214392	0.0114769	0.119046	0.0124462	0.241938	0.0287769	0.0443385	0.0423077	0.0290769	0.0220385	0.279754	0.0264923	0.0608308	0.0586538	0.0694462	0.168431	
0	0	0	0	0.129762	0.0183923	0.0198615	0.0229231	0.0181	0.00461538	0.1552	0.0130231	0.000676923	0.000369231	0.189569	0.000323077	0.000392308	0.00231538	0.000415385	0.187815	0.114962	0.0059	0.0635231	0.00655385	0.129631	0.0147846	0.0239846	0.0225385	0.0151154	0.0120615	0.149715	0.0140462	0.0324846	0.0320538	0.0359846	0.0904154	
0	0	0	0	0.0352615	0.0264923	0.0282692	0.0336	0.0152	0.0044	0.0925231	0.0115	0.000423077	0.000223077	0.122708	0.000269231	0.000315385	0.00152308	0.000230769	0.121554	0.0723692	0.00419231	0.0429385	0.00412308	0.0922231	0.00781538	0.0122077	0.0113769	0.00958462	0.00706923	0.0986769	0.00829231	0.0178769	0.0172	0.0203077	0.0682385	
0.223215	0.243208	0.129762	0.0352615	0	0	0	0	0.0402846	0.0114154	0.5496	0.0301462	0.00214615	0.00113077	0.627092	0.00107692	0.00143077	0.00783846	0.0015	0.620677	0.387885	0.0209769	0.200762	0.0218231	0.389469	0.0597231	0.0933923	0.0888615	0.0540308	0.0403846	0.487315	0.0497154	0.121992	0.118631	0.135446	0.255377	
0.0315923	0.0344923	0.0183923	0.0264923	0	0	0	0	0.0163462	0.00453846	0.0772	0.0128846	0.0004	0.000184615	0.110162	0.000223077	0.000238462	0.00144615	0.000207692	0.109077	0.0638077	0.00344615	0.0400923	0.00362308	0.0895769	0.0053	0.00822308	0.00786923	0.00823077	0.00635385	0.0892231	0.00716154	0.0137769	0.0134615	0.0157923	0.0679385	
0.0334615	0.0367	0.0198615	0.0282692	0	0	0	0	0.0179846	0.00506923	0.0821385	0.0131	0.000369231	0.000238462	0.117485	0.0002	0.000230769	0.00136154	0.0003	0.1164	0.0672	0.00375385	0.0431077	0.00423077	0.0950769	0.00574615	0.00881538	0.00865385	0.00879231	0.00646154	0.0953231	0.00771538	0.0155	0.0141846	0.0166	0.0720077	
0.0398077	0.0429615	0.0229231	0.0336	0	0	0	0	0.0201308	0.00613846	0.0976846	0.0153385	0.000492308	0.000307692	0.138162	0.000330769	0.000338462	0.00161538	0.000307692	0.137031	0.0792923	0.00433077	0.0508923	0.00477692	0.111415	0.00693077	0.0107692	0.0101769	0.0101846	0.00782308	0.112177	0.00910769	0.0168538	0.0170769	0.0199231	0.0854385	
0.0297615	0.0316846	0.0181	0.0152	0.0402846	0.0163462	0.0179846	0.0201308	0	0	0	0	0.000238462	0.000207692	0.0941231	0.000176923	0.000246154	0.00119231	0.000246154	0.0930615	0.0549615	0.00318462	0.0333077	0.00329231	0.0678385	0.00653846	0.0103385	0.0100308	0.00631538	0.00433077	0.0787615	0.00533846	0.00740769	0.0075	0.00806923	0.0717692	
0.00851538	0.00963077	0.00461538	0.0044	0.0114154	0.00453846	0.00506923	0.00613846	0	0	0	0	0.000130769	6.92308e-05	0.0269154	4.61538e-05	9.23077e-05	0.000261538	6.15385e-05	0.0267462	0.0156385	0.000946154	0.0096	0.000976923	0.0200769	0.00166923	0.00274615	0.00266923	0.00162308	0.00132308	0.0225077	0.00170769	0.00213077	0.00204615	0.00240769	0.0205769	
0.267338	0.291562	0.1552	0.0925231	0.5496	0.0772	0.0821385	0.0976846	0	0	0	0	0.00272308	0.00141538	0.801054	0.00143077	0.00178462	0.00996154	0.00189231	0.792985	0.486431	0.0258846	0.266623	0.0276846	0.545446	0.0645538	0.100738	0.0958846	0.0689538	0.0517462	0.623185	0.0627385	0.152708	0.148054	0.170692	0.335169	
0.0224615	0.0244846	0.0130231	0.0115	0.0301462	0.0128846	0.0131	0.0153385	0	0	0	0	0.000315385	0.000169231	0.0708077	0.000176923	0.000115385	0.000846154	0.000115385	0.0703923	0.0411538	0.00249231	0.0253231	0.0025	0.0521769	0.00493846	0.00737692	0.00697692	0.00434615	0.00362308	0.0595846	0.00391538	0.00587692	0.00575385	0.00659231	0.0532462	
0.00107692	0.00123077	0.000676923	0.000423077	0.00214615	0.0004	0.000369231	0.000492308	0.000238462	0.000130769	0.00272308	0.000315385	0	0	0	0	0	3.84615e-05	7.69231e-06	0.00336154	0.00213077	0.000138462	0.00103077	0.000107692	0.00231538	0.000238462	0.0004	0.000453846	0.000292308	0.0002	0.00273846	0.000176923	0.000576923	0.000546154	0.000615385	0.00166923	
0.000646154	0.000623077	0.000369231	0.000223077	0.00113077	0.000184615	0.000238462	0.000307692	0.000207692	6.92308e-05	0.00141538	0.000169231	0	0	0	0	7.69231e-06	2.30769e-05	0	0.00183077	0.00106923	4.61538e-05	0.000676923	6.92308e-05	0.00139231	0.0001	0.000223077	0.000146154	0.000146154	0.000130769	0.00144615	0.000138462	0.000307692	0.0003	0.000238462	0.00101538	
0.325785	0.354838	0.189569	0.122708	0.627092	0.110162	0.117485	0.138162	0.0941231	0.0269154	0.801054	0.0708077	0	0	0	0	0.00223077	0.0121846	0.00230769	0.976177	0.593831	0.0322923	0.332538	0.0342385	0.680592	0.0772769	0.120331	0.1147	0.0806308	0.0605692	0.778431	0.0732692	0.166908	0.162185	0.186638	0.477169	
0.000569231	0.000669231	0.000323077	0.000269231	0.00107692	0.000223077	0.0002	0.000330769	0.000176923	4.61538e-05	0.00143077	0.000176923	0	0	0	0	0	1.53846e-05	0	0.00181538	0.00115385	3.07692e-05	0.000607692	3.84615e-05	0.00123846	8.46154e-05	0.000246154	0.000261538	0.000169231	0.000123077	0.00142308	0.000115385	0.000330769	0.000323077	0.000269231	0.000907692	
0.000776923	0.000753846	0.000392308	0.000315385	0.00143077	0.000238462	0.000230769	0.000338462	0.000246154	9.23077e-05	0.00178462	0.000115385	0	7.69231e-06	0.00223077	0	0	0	0	0	0.00127692	8.46154e-05	0.000807692	6.92308e-05	0.00140769	0.000169231	0.000392308	0.000269231	0.0002	7.69231e-05	0.00175385	0.000207692	0.000338462	0.000376923	0.000438462	0.00108462	
0.00373846	0.00468462	0.00231538	0.00152308	0.00783846	0.00144615	0.00136154	0.00161538	0.00119231	0.000261538	0.00996154	0.000846154	3.84615e-05	2.30769e-05	0.0121846	1.53846e-05	0	0	0	0	0.00733846	0.000561538	0.00382308	0.000538462	0.00836923	0.000930769	0.00153077	0.00143077	0.000984615	0.000838462	0.00963077	0.000807692	0.00197692	0.0017	0.00238462	0.0062	
0.000892308	0.000776923	0.000415385	0.000230769	0.0015	0.000207692	0.0003	0.000307692	0.000246154	6.15385e-05	0.00189231	0.000115385	7.69231e-06	0	0.00230769	0	0	0	0	0	0.00132308	8.46154e-05	0.000792308	0.000115385	0.00149231	0.000230769	0.000369231	0.000223077	0.000123077	0.000123077	0.00192308	0.000146154	0.000346154	0.000407692	0.0004	0.00116154	
0.322669	0.351146	0.187815	0.121554	0.620677	0.109077	0.1164	0.137031	0.0930615	0.0267462	0.792985	0.0703923	0.00336154	0.00183077	0.976177	0.00181538	0	0	0	0	0.588246	0.0317769	0.329431	0.0337308	0.674269	0.0763692	0.118908	0.113638	0.0799308	0.0599846	0.770731	0.0725385	0.165462	0.160869	0.184538	0.472315	
0.196462	0.214392	0.114962	0.0723692	0.387885	0.0638077	0.0672	0.0792923	0.0549615	0.0156385	0.486431	0.0411538	0.00213077	0.00106923	0.593831	0.00115385	0.00127692	0.00733846	0.00132308	0.588246	0	0	0	0	0.370115	0.0567769	0.0877692	0.0835231	0.0664692	0.0496385	0.422477	0.0596	0.104108	0.101254	0.1169	0.275923	
0.0109385	0.0114769	0.0059	0.00419231	0.0209769	0.00344615	0.00375385	0.00433077	0.00318462	0.000946154	0.0258846	0.00249231	0.000138462	4.61538e-05	0.0322923	3.07692e-05	8.46154e-05	0.000561538	8.46154e-05	0.0317769	0	0	0	0	0.0204462	0.00272308	0.0048	0.00453846	0.00135385	0.00104615	0.0290385	0.00106923	0.0052	0.00498462	0.00583846	0.0164846	
0.109346	0.119046	0.0635231	0.0429385	0.200762	0.0400923	0.0431077	0.0508923	0.0333077	0.0096	0.266623	0.0253231	0.00103077	0.000676923	0.332538	0.000607692	0.000807692	0.00382308	0.000792308	0.329431	0	0	0	0	0.273238	0.0150692	0.0237615	0.0227846	0.0121308	0.00933077	0.301585	0.0118077	0.0531923	0.0518846	0.0584769	0.1713	
0.0113308	0.0124462	0.00655385	0.00412308	0.0218231	0.00362308	0.00423077	0.00477692	0.00329231	0.000976923	0.0276846	0.0025	0.000107692	6.92308e-05	0.0342385	3.84615e-05	6.92308e-05	0.000538462	0.000115385	0.0337308	0	0	0	0	0.0217385	0.00313077	0.00486923	0.00471538	0.00128462	0.00100769	0.0309385	0.00122308	0.00562308	0.00523077	0.00654615	0.0170538	
0.221746	0.241938	0.129631	0.0922231	0.389469	0.0895769	0.0950769	0.111415	0.0678385	0.0200769	0.545446	0.0521769	0.00231538	0.00139231	0.680592	0.00123846	0.00140769	0.00836923	0.00149231	0.674269	0.370115	0.0204462	0.273238	0.0217385	0	0	0	0	0.0518077	0.0394308	0.546523	0.0477769	0.111554	0.108277	0.125408	0.3403	
0.0263231	0.0287769	0.0147846	0.00781538	0.0597231	0.0053	0.00574615	0.00693077	0.00653846	0.00166923	0.0645538	0.00493846	0.000238462	0.0001	0.0772769	8.46154e-05	0.000169231	0.000930769	0.000230769	0.0763692	0.0567769	0.00272308	0.0150692	0.00313077	0	0	0	0	0.00721538	0.00554615	0.0586385	0.0063	0.0140692	0.0138923	0.0149077	0.0348308	
0.0406692	0.0443385	0.0239846	0.0122077	0.0933923	0.00822308	0.00881538	0.0107692	0.0103385	0.00274615	0.100738	0.00737692	0.0004	0.000223077	0.120331	0.000246154	0.000392308	0.00153077	0.000369231	0.118908	0.0877692	0.0048	0.0237615	0.00486923	0	0	0	0	0.0114231	0.00817692	0.0915692	0.0100308	0.0213385	0.0212077	0.0243692	0.0542846	
0.0393385	0.0423077	0.0225385	0.0113769	0.0888615	0.00786923	0.00865385	0.0101769	0.0100308	0.00266923	0.0958846	0.00697692	0.000453846	0.000146154	0.1147	0.000261538	0.000269231	0.00143077	0.000223077	0.113638	0.0835231	0.00453846	0.0227846	0.00471538	0	0	0	0	0.0107923	0.00786923	0.0873077	0.00959231	0.0211615	0.0199769	0.0230769	0.0513462	
0.0274615	0.0290769	0.0151154	0.00958462	0.0540308	0.00823077	0.00879231	0.0101846	0.00631538	0.00162308	0.0689538	0.00434615	0.000292308	0.000146154	0.0806308	0.000169231	0.0002	0.000984615	0.000123077	0.0799308	0.0664692	0.00135385	0.0121308	0.00128462	0.0518077	0.00721538	0.0114231	0.0107923	0	0	0	0	0.0180154	0.0173615	0.0203	0.0255615	
0.0198538	0.0220385	0.0120615	0.00706923	0.0403846	0.00635385	0.00646154	0.00782308	0.00433077	0.00132308	0.0517462	0.00362308	0.0002	0.000130769	0.0605692	0.000123077	7.69231e-05	0.000838462	0.000123077	0.0599846	0.0496385	0.00104615	0.00933077	0.00100769	0.0394308	0.00554615	0.00817692	0.00786923	0	0	0	0	0.0136154	0.0131692	0.0147692	0.0194692	
0.255892	0.279754	0.149715	0.0986769	0.487315	0.0892231	0.0953231	0.112177	0.0787615	0.0225077	0.623185	0.0595846	0.00273846	0.00144615	0.778431	0.00142308	0.00175385	0.00963077	0.00192308	0.770731	0.422477	0.0290385	0.301585	0.0309385	0.546523	0.0586385	0.0915692	0.0873077	0	0	0	0	0.119977	0.116546	0.134315	0.4132	
0.0248692	0.0264923	0.0140462	0.00829231	0.0497154	0.00716154	0.00771538	0.00910769	0.00533846	0.00170769	0.0627385	0.00391538	0.000176923	0.000138462	0.0732692	0.000115385	0.000207692	0.000807692	0.000146154	0.0725385	0.0596	0.00106923	0.0118077	0.00122308	0.0477769	0.0063	0.0100308	0.00959231	0	0	0	0	0.0165154	0.0162769	0.0183769	0.0225308	
0.0569308	0.0608308	0.0324846	0.0178769	0.121992	0.0137769	0.0155	0.0168538	0.00740769	0.00213077	0.152708	0.00587692	0.000576923	0.000307692	0.166908	0.000330769	0.000338462	0.00197692	0.000346154	0.165462	0.104108	0.0052	0.0531923	0.00562308	0.111554	0.0140692	0.0213385	0.0211615	0.0180154	0.0136154	0.119977	0.0165154	0	0	0	0	
0.0554462	0.0586538	0.0320538	0.0172	0.118631	0.0134615	0.0141846	0.0170769	0.0075	0.00204615	0.148054	0.00575385	0.000546154	0.0003	0.162185	0.000323077	0.000376923	0.0017	0.000407692	0.160869	0.101254	0.00498462	0.0518846	0.00523077	0.108277	0.0138923	0.0212077	0.0199769	0.0173615	0.0131692	0.116546	0.0162769	0	0	0	0	
0.0620231	0.0694462	0.0359846	0.0203077	0.135446	0.0157923	0.0166	0.0199231	0.00806923	0.00240769	0.170692	0.00659231	0.000615385	0.000238462	0.186638	0.000269231	0.000438462	0.00238462	0.0004	0.184538	0.1169	0.00583846	0.0584769	0.00654615	0.125408	0.0149077	0.0243692	0.0230769	0.0203	0.0147692	0.134315	0.0183769	0	0	0	0	
0.153677	0.168431	0.0904154	0.0682385	0.255377	0.0679385	0.0720077	0.0854385	0.0717692	0.0205769	0.335169	0.0532462	0.00166923	0.00101538	0.477169	0.000907692	0.00108462	0.0062	0.00116154	0.472315	0.275923	0.0164846	0.1713	0.0170538	0.3403	0.0348308	0.0542846	0.0513462	0.0255615	0.0194692	0.4132	0.0225308	0	0	0	0	
