0	0	0	0	0.224262	0.0315462	0.0333615	0.0400462	0.0302385	0.0085	0.268192	0.0222846	0.000876923	0.000530769	0.327092	0.000715385	0.000623077	0.00413077	0.000861538	0.3236	0.195677	0.0113077	0.110485	0.0117462	0.221346	0.0265308	0.0420615	0.0392769	0.0265692	0.0201231	0.257377	0.0251462	0.0572	0.0555538	0.0632231	0.153238	
0	0	0	0	0.243815	0.0344462	0.0366615	0.0434923	0.0330385	0.00937692	0.291285	0.0247154	0.00128462	0.000661538	0.355708	0.000761538	0.0008	0.00443846	0.000953846	0.352223	0.214154	0.0120385	0.120054	0.0121692	0.242923	0.0283154	0.0449385	0.0422385	0.0283154	0.0222077	0.280669	0.0272231	0.0609308	0.0598538	0.0682154	0.169415	
0	0	0	0	0.129185	0.0181692	0.0193615	0.0224462	0.0173308	0.00483077	0.153508	0.0134923	0.000484615	0.000346154	0.187877	0.000453846	0.000484615	0.00233846	0.000430769	0.185908	0.112985	0.00654615	0.0629538	0.00667692	0.127831	0.0151308	0.0235308	0.0226692	0.0157462	0.0117	0.147985	0.0137308	0.0320154	0.0315231	0.0364692	0.0891538	
0	0	0	0	0.0346077	0.0267154	0.0280154	0.0338692	0.0156846	0.00440769	0.0914923	0.0116231	0.000430769	0.000253846	0.122292	0.000230769	0.000338462	0.00144615	0.000315385	0.121108	0.0712923	0.00389231	0.0436538	0.00436923	0.0926538	0.00751538	0.0115846	0.0114538	0.0092	0.00745385	0.0978308	0.00872308	0.0178846	0.0169615	0.0195692	0.0687923	
0.224262	0.243815	0.129185	0.0346077	0	0	0	0	0.0403846	0.0114692	0.549538	0.0304769	0.00198462	0.00121538	0.627338	0.00133077	0.00143846	0.00769231	0.00156154	0.621177	0.385246	0.0218308	0.202331	0.0224615	0.389585	0.0592077	0.0946615	0.0884154	0.0528308	0.0413538	0.4876	0.0500846	0.122162	0.119292	0.135569	0.254846	
0.0315462	0.0344462	0.0181692	0.0267154	0	0	0	0	0.0167538	0.00454615	0.0771538	0.0124231	0.000338462	0.000169231	0.1101	0.000269231	0.000253846	0.00143846	0.000361538	0.108823	0.0626538	0.00361538	0.0408231	0.00378462	0.0882923	0.00581538	0.00863077	0.00813846	0.0079	0.00589231	0.0896846	0.0074	0.0135692	0.0135846	0.0158769	0.0678462	
0.0333615	0.0366615	0.0193615	0.0280154	0	0	0	0	0.0178154	0.00485385	0.0812385	0.0134923	0.000392308	0.000153846	0.116608	0.000246154	0.000276923	0.00143077	0.000315385	0.115377	0.0669923	0.00381538	0.0428231	0.00376923	0.0945923	0.0055	0.00866154	0.00864615	0.00893077	0.00673846	0.0937385	0.00799231	0.0148462	0.0136923	0.0164385	0.0724231	
0.0400462	0.0434923	0.0224462	0.0338692	0	0	0	0	0.0213385	0.00624615	0.0965462	0.0157231	0.000361538	0.000253846	0.138923	0.000315385	0.000276923	0.00179231	0.000323077	0.137462	0.0792154	0.00452308	0.0511692	0.00494615	0.112285	0.00696923	0.0101615	0.0104385	0.0101692	0.0075	0.112838	0.00934615	0.0174538	0.0173231	0.0195923	0.0854846	
0.0302385	0.0330385	0.0173308	0.0156846	0.0403846	0.0167538	0.0178154	0.0213385	0	0	0	0	0.000384615	0.000238462	0.0954077	0.000261538	0.000169231	0.00124615	0.000292308	0.0945846	0.0553077	0.00303077	0.0346385	0.00331538	0.0705077	0.00633077	0.00987692	0.00957692	0.00637692	0.00469231	0.0788615	0.00636154	0.00751538	0.00750769	0.00835385	0.0729154	
0.0085	0.00937692	0.00483077	0.00440769	0.0114692	0.00454615	0.00485385	0.00624615	0	0	0	0	6.92308e-05	3.07692e-05	0.0269308	8.46154e-05	4.61538e-05	0.000407692	6.92308e-05	0.0265923	0.0159692	0.000876923	0.00929231	0.000976923	0.0196	0.0021	0.003	0.00241538	0.00188462	0.00133846	0.0221308	0.00176154	0.00229231	0.00204615	0.00252308	0.0202538	
0.268192	0.291285	0.153508	0.0914923	0.549538	0.0771538	0.0812385	0.0965462	0	0	0	0	0.00246154	0.00137692	0.799015	0.00162308	0.00185385	0.00977692	0.00202308	0.790823	0.481108	0.0274769	0.267808	0.0280846	0.542254	0.0643538	0.101654	0.0962154	0.0667615	0.0517462	0.623615	0.0623538	0.152362	0.148592	0.170231	0.333292	
0.0222846	0.0247154	0.0134923	0.0116231	0.0304769	0.0124231	0.0134923	0.0157231	0	0	0	0	0.000161538	0.000146154	0.0716154	0.000192308	0.000176923	0.000923077	0.000176923	0.0708385	0.0417231	0.0024	0.0254077	0.00258462	0.0523923	0.00470769	0.00758462	0.00743077	0.00480769	0.00370769	0.0592538	0.00434615	0.00586154	0.00574615	0.00636923	0.0541385	
0.000876923	0.00128462	0.000484615	0.000430769	0.00198462	0.000338462	0.000392308	0.000361538	0.000384615	6.92308e-05	0.00246154	0.000161538	0	0	0	0	7.69231e-06	1.53846e-05	0	0.00305385	0.00178462	0.000153846	0.00103077	0.000107692	0.00202308	0.000261538	0.000330769	0.000461538	0.000276923	0.000123077	0.00246154	0.000215385	0.000523077	0.000461538	0.000423077	0.00166923	
0.000530769	0.000661538	0.000346154	0.000253846	0.00121538	0.000169231	0.000153846	0.000253846	0.000238462	3.07692e-05	0.00137692	0.000146154	0	0	0	0	0	2.30769e-05	0	0.00176923	0.00112308	3.07692e-05	0.0006	3.84615e-05	0.00136923	0.000107692	0.000192308	0.000123077	0.000176923	0.000153846	0.00133846	0.000123077	0.000330769	0.000353846	0.0003	0.000807692	
0.327092	0.355708	0.187877	0.122292	0.627338	0.1101	0.116608	0.138923	0.0954077	0.0269308	0.799015	0.0716154	0	0	0	0	0.00221538	0.0122846	0.00254615	0.975923	0.589946	0.0335385	0.334754	0.0347308	0.6799	0.0769	0.121323	0.114846	0.0791692	0.0611308	0.778385	0.0742846	0.166785	0.162677	0.186423	0.477085	
0.000715385	0.000761538	0.000453846	0.000230769	0.00133077	0.000269231	0.000246154	0.000315385	0.000261538	8.46154e-05	0.00162308	0.000192308	0	0	0	0	2.30769e-05	3.07692e-05	1.53846e-05	0.00209231	0.00125385	6.15385e-05	0.000761538	8.46154e-05	0.00146154	0.000223077	0.000269231	0.000207692	0.000207692	7.69231e-05	0.00167692	0.0002	0.000392308	0.0004	0.000330769	0.00103846	
0.000623077	0.0008	0.000484615	0.000338462	0.00143846	0.000253846	0.000276923	0.000276923	0.000169231	4.61538e-05	0.00185385	0.000176923	7.69231e-06	0	0.00221538	2.30769e-05	0	0	0	0	0.00126154	6.92308e-05	0.000853846	6.15385e-05	0.00150769	0.000161538	0.000330769	0.000246154	0.000153846	9.23077e-05	0.00180769	0.000192308	0.000415385	0.000430769	0.000430769	0.000969231	
0.00413077	0.00443846	0.00233846	0.00144615	0.00769231	0.00143846	0.00143077	0.00179231	0.00124615	0.000407692	0.00977692	0.000923077	1.53846e-05	2.30769e-05	0.0122846	3.07692e-05	0	0	0	0	0.00744615	0.000561538	0.00392308	0.000423077	0.00846923	0.00103077	0.00140769	0.00144615	0.00110769	0.000715385	0.00956154	0.000969231	0.00197692	0.00195385	0.00238462	0.00603846	
0.000861538	0.000953846	0.000430769	0.000315385	0.00156154	0.000361538	0.000315385	0.000323077	0.000292308	6.92308e-05	0.00202308	0.000176923	0	0	0.00254615	1.53846e-05	0	0	0	0	0.00145385	0.000115385	0.000923077	6.92308e-05	0.00181538	0.000246154	0.000269231	0.000230769	0.000261538	0.000123077	0.00196154	0.000215385	0.000453846	0.000376923	0.000523077	0.00120769	
0.3236	0.352223	0.185908	0.121108	0.621177	0.108823	0.115377	0.137462	0.0945846	0.0265923	0.790823	0.0708385	0.00305385	0.00176923	0.975923	0.00209231	0	0	0	0	0.583946	0.0330385	0.331446	0.0344077	0.672962	0.0760538	0.120108	0.113715	0.0783077	0.0605538	0.770531	0.0734462	0.165185	0.161131	0.184138	0.472385	
0.195677	0.214154	0.112985	0.0712923	0.385246	0.0626538	0.0669923	0.0792154	0.0553077	0.0159692	0.481108	0.0417231	0.00178462	0.00112308	0.589946	0.00125385	0.00126154	0.00744615	0.00145385	0.583946	0	0	0	0	0.367023	0.0556846	0.0881923	0.0832077	0.0642923	0.0496154	0.420146	0.0600538	0.102738	0.100485	0.115669	0.275215	
0.0113077	0.0120385	0.00654615	0.00389231	0.0218308	0.00361538	0.00381538	0.00452308	0.00303077	0.000876923	0.0274769	0.0024	0.000153846	3.07692e-05	0.0335385	6.15385e-05	6.92308e-05	0.000561538	0.000115385	0.0330385	0	0	0	0	0.0206923	0.00327692	0.00503846	0.00477692	0.00129231	0.00109231	0.0302385	0.00116154	0.00546923	0.00518462	0.00653077	0.0166	
0.110485	0.120054	0.0629538	0.0436538	0.202331	0.0408231	0.0428231	0.0511692	0.0346385	0.00929231	0.267808	0.0254077	0.00103077	0.0006	0.334754	0.000761538	0.000853846	0.00392308	0.000923077	0.331446	0	0	0	0	0.275354	0.0151846	0.0239846	0.0226231	0.0127846	0.00973846	0.302385	0.0122385	0.0542231	0.0526308	0.0587077	0.171585	
0.0117462	0.0121692	0.00667692	0.00436923	0.0224615	0.00378462	0.00376923	0.00494615	0.00331538	0.000976923	0.0280846	0.00258462	0.000107692	3.84615e-05	0.0347308	8.46154e-05	6.15385e-05	0.000423077	6.92308e-05	0.0344077	0	0	0	0	0.0216846	0.00334615	0.0049	0.00503077	0.00146154	0.00103846	0.0310923	0.00136923	0.0056	0.00559231	0.00656923	0.0172	
0.221346	0.242923	0.127831	0.0926538	0.389585	0.0882923	0.0945923	0.112285	0.0705077	0.0196	0.542254	0.0523923	0.00202308	0.00136923	0.6799	0.00146154	0.00150769	0.00846923	0.00181538	0.672962	0.367023	0.0206923	0.275354	0.0216846	0	0	0	0	0.0513692	0.0393538	0.545646	0.0483846	0.111638	0.108608	0.124931	0.339577	
0.0265308	0.0283154	0.0151308	0.00751538	0.0592077	0.00581538	0.0055	0.00696923	0.00633077	0.0021	0.0643538	0.00470769	0.000261538	0.000107692	0.0769	0.000223077	0.000161538	0.00103077	0.000246154	0.0760538	0.0556846	0.00327692	0.0151846	0.00334615	0	0	0	0	0.00760769	0.00550769	0.0580615	0.00631538	0.0137615	0.0137615	0.0152923	0.0346769	
0.0420615	0.0449385	0.0235308	0.0115846	0.0946615	0.00863077	0.00866154	0.0101615	0.00987692	0.003	0.101654	0.00758462	0.000330769	0.000192308	0.121323	0.000269231	0.000330769	0.00140769	0.000269231	0.120108	0.0881923	0.00503846	0.0239846	0.0049	0	0	0	0	0.0107769	0.00842308	0.0925077	0.0104077	0.0218308	0.0214615	0.0238462	0.0549769	
0.0392769	0.0422385	0.0226692	0.0114538	0.0884154	0.00813846	0.00864615	0.0104385	0.00957692	0.00241538	0.0962154	0.00743077	0.000461538	0.000123077	0.114846	0.000207692	0.000246154	0.00144615	0.000230769	0.113715	0.0832077	0.00477692	0.0226231	0.00503077	0	0	0	0	0.0100769	0.0082	0.0876462	0.00971538	0.0208	0.0200615	0.0234077	0.0513692	
0.0265692	0.0283154	0.0157462	0.0092	0.0528308	0.0079	0.00893077	0.0101692	0.00637692	0.00188462	0.0667615	0.00480769	0.000276923	0.000176923	0.0791692	0.000207692	0.000153846	0.00110769	0.000261538	0.0783077	0.0642923	0.00129231	0.0127846	0.00146154	0.0513692	0.00760769	0.0107769	0.0100769	0	0	0	0	0.0175077	0.0175538	0.0198308	0.0249385	
0.0201231	0.0222077	0.0117	0.00745385	0.0413538	0.00589231	0.00673846	0.0075	0.00469231	0.00133846	0.0517462	0.00370769	0.000123077	0.000153846	0.0611308	7.69231e-05	9.23077e-05	0.000715385	0.000123077	0.0605538	0.0496154	0.00109231	0.00973846	0.00103846	0.0393538	0.00550769	0.00842308	0.0082	0	0	0	0	0.0136923	0.0129462	0.0153615	0.0194846	
0.257377	0.280669	0.147985	0.0978308	0.4876	0.0896846	0.0937385	0.112838	0.0788615	0.0221308	0.623615	0.0592538	0.00246154	0.00133846	0.778385	0.00167692	0.00180769	0.00956154	0.00196154	0.770531	0.420146	0.0302385	0.302385	0.0310923	0.545646	0.0580615	0.0925077	0.0876462	0	0	0	0	0.120723	0.116992	0.133785	0.412362	
0.0251462	0.0272231	0.0137308	0.00872308	0.0500846	0.0074	0.00799231	0.00934615	0.00636154	0.00176154	0.0623538	0.00434615	0.000215385	0.000123077	0.0742846	0.0002	0.000192308	0.000969231	0.000215385	0.0734462	0.0600538	0.00116154	0.0122385	0.00136923	0.0483846	0.00631538	0.0104077	0.00971538	0	0	0	0	0.0161077	0.0164	0.0185	0.0238154	
0.0572	0.0609308	0.0320154	0.0178846	0.122162	0.0135692	0.0148462	0.0174538	0.00751538	0.00229231	0.152362	0.00586154	0.000523077	0.000330769	0.166785	0.000392308	0.000415385	0.00197692	0.000453846	0.165185	0.102738	0.00546923	0.0542231	0.0056	0.111638	0.0137615	0.0218308	0.0208	0.0175077	0.0136923	0.120723	0.0161077	0	0	0	0	
0.0555538	0.0598538	0.0315231	0.0169615	0.119292	0.0135846	0.0136923	0.0173231	0.00750769	0.00204615	0.148592	0.00574615	0.000461538	0.000353846	0.162677	0.0004	0.000430769	0.00195385	0.000376923	0.161131	0.100485	0.00518462	0.0526308	0.00559231	0.108608	0.0137615	0.0214615	0.0200615	0.0175538	0.0129462	0.116992	0.0164	0	0	0	0	
0.0632231	0.0682154	0.0364692	0.0195692	0.135569	0.0158769	0.0164385	0.0195923	0.00835385	0.00252308	0.170231	0.00636923	0.000423077	0.0003	0.186423	0.000330769	0.000430769	0.00238462	0.000523077	0.184138	0.115669	0.00653077	0.0587077	0.00656923	0.124931	0.0152923	0.0238462	0.0234077	0.0198308	0.0153615	0.133785	0.0185	0	0	0	0	
0.153238	0.169415	0.0891538	0.0687923	0.254846	0.0678462	0.0724231	0.0854846	0.0729154	0.0202538	0.333292	0.0541385	0.00166923	0.000807692	0.477085	0.00103846	0.000969231	0.00603846	0.00120769	0.472385	0.275215	0.0166	0.171585	0.0172	0.339577	0.0346769	0.0549769	0.0513692	0.0249385	0.0194846	0.412362	0.0238154	0	0	0	0	
