0	0	0	0	0.222838	0.0318769	0.0342769	0.0403308	0.0295385	0.0087	0.268438	0.0226462	0.00105385	0.000546154	0.326992	0.000730769	0.000723077	0.00428462	0.000753846	0.323562	0.197931	0.0109231	0.108746	0.0117231	0.222477	0.0270231	0.0412692	0.0385538	0.0268308	0.0209	0.257	0.0245923	0.0570692	0.0547615	0.0623308	0.155162	
0	0	0	0	0.247315	0.0339308	0.0369538	0.0424462	0.0331231	0.00950769	0.293931	0.0240846	0.00105385	0.000653846	0.358269	0.000669231	0.000692308	0.00454615	0.000784615	0.354623	0.215854	0.0114692	0.121046	0.0122769	0.244738	0.0288846	0.0453538	0.0416692	0.0295077	0.0223154	0.282146	0.0266769	0.0625846	0.0608846	0.0689231	0.168254	
0	0	0	0	0.127938	0.0180308	0.0194308	0.0228231	0.0167538	0.00521538	0.153354	0.0129	0.000676923	0.000384615	0.186723	0.000438462	0.000469231	0.00232308	0.000561538	0.184869	0.111938	0.0064	0.0636923	0.00619231	0.127223	0.0153231	0.0235385	0.0221385	0.0148846	0.0118846	0.147446	0.0140077	0.0318538	0.0311077	0.0366154	0.0886462	
0	0	0	0	0.0342538	0.0261615	0.0279692	0.0334231	0.0159385	0.00444615	0.0899923	0.0114308	0.000407692	0.000246154	0.120885	0.000269231	0.000338462	0.00138462	0.000269231	0.119815	0.0711846	0.00376923	0.0430846	0.00376923	0.0911692	0.00769231	0.0120923	0.0108538	0.00908462	0.00689231	0.0975769	0.00825385	0.0173	0.0171385	0.0195154	0.0678538	
0.222838	0.247315	0.127938	0.0342538	0	0	0	0	0.0406615	0.0115154	0.550246	0.0299231	0.00200769	0.00116154	0.627946	0.00123077	0.00136154	0.00818462	0.00143846	0.621362	0.386854	0.0208846	0.203046	0.0215615	0.390585	0.0606231	0.0942769	0.0868615	0.0534154	0.0420692	0.487808	0.0490538	0.121762	0.118785	0.136323	0.255477	
0.0318769	0.0339308	0.0180308	0.0261615	0	0	0	0	0.0161538	0.00493077	0.0767538	0.0121615	0.000384615	0.000184615	0.109185	0.000246154	0.000192308	0.00133077	0.000353846	0.108123	0.0631846	0.00357692	0.0397538	0.00348462	0.0884154	0.0053	0.00810769	0.00817692	0.00785385	0.006	0.0886846	0.00746154	0.0139154	0.0133154	0.0159231	0.0668462	
0.0342769	0.0369538	0.0194308	0.0279692	0	0	0	0	0.0179077	0.00524615	0.0823923	0.0130846	0.000376923	0.000238462	0.117708	0.000307692	0.000284615	0.00143077	0.000238462	0.116677	0.0680154	0.00363077	0.0430462	0.00393846	0.0952923	0.00576154	0.00931538	0.00826154	0.0089	0.006	0.0958308	0.0079	0.015	0.0146077	0.0164462	0.0725769	
0.0403308	0.0424462	0.0228231	0.0334231	0	0	0	0	0.0206308	0.00617692	0.0963231	0.0158923	0.000423077	0.000246154	0.138031	0.000323077	0.000384615	0.00159231	0.000338462	0.136708	0.0788538	0.00446923	0.0507231	0.00497692	0.111315	0.00723846	0.0105538	0.00991538	0.0101385	0.00792308	0.111846	0.00911538	0.0181308	0.0171846	0.0186923	0.0850154	
0.0295385	0.0331231	0.0167538	0.0159385	0.0406615	0.0161538	0.0179077	0.0206308	0	0	0	0	0.000284615	0.000215385	0.0946769	0.000176923	0.000161538	0.00121538	0.000269231	0.0937077	0.0554077	0.00332308	0.0333923	0.00323077	0.0696538	0.00673077	0.00970769	0.00926154	0.0062	0.0047	0.0785077	0.00594615	0.0072	0.00722308	0.00854615	0.0723846	
0.0087	0.00950769	0.00521538	0.00444615	0.0115154	0.00493077	0.00524615	0.00617692	0	0	0	0	9.23077e-05	5.38462e-05	0.0276846	3.84615e-05	0.0001	0.000315385	7.69231e-05	0.0273769	0.0163615	0.000884615	0.00973077	0.000892308	0.0202	0.00184615	0.00297692	0.00284615	0.00181538	0.00121538	0.0232692	0.00156923	0.00220769	0.00219231	0.00230769	0.0211615	
0.268438	0.293931	0.153354	0.0899923	0.550246	0.0767538	0.0823923	0.0963231	0	0	0	0	0.00260769	0.00140769	0.800008	0.00169231	0.00183077	0.0101385	0.00183846	0.791908	0.484415	0.0260077	0.267723	0.0275692	0.543877	0.0655692	0.101823	0.0944462	0.0677385	0.0523385	0.623869	0.0617692	0.153685	0.1488	0.170031	0.3332	
0.0226462	0.0240846	0.0129	0.0114308	0.0299231	0.0121615	0.0130846	0.0158923	0	0	0	0	0.000207692	0.000153846	0.0705	0.0002	0.000130769	0.000869231	0.000184615	0.0698769	0.0407231	0.00234615	0.0257231	0.00226923	0.0518769	0.00477692	0.00774615	0.00666154	0.00455385	0.00373846	0.0585231	0.00424615	0.00571538	0.00567692	0.0065	0.0531692	
0.00105385	0.00105385	0.000676923	0.000407692	0.00200769	0.000384615	0.000376923	0.000423077	0.000284615	9.23077e-05	0.00260769	0.000207692	0	0	0	0	0	5.38462e-05	1.53846e-05	0.00312308	0.00192308	0.000138462	0.00103077	0.0001	0.00233077	0.000153846	0.000423077	0.000284615	0.000253846	0.0002	0.00249231	0.000246154	0.000546154	0.000515385	0.000684615	0.00144615	
0.000546154	0.000653846	0.000384615	0.000246154	0.00116154	0.000184615	0.000238462	0.000246154	0.000215385	5.38462e-05	0.00140769	0.000153846	0	0	0	0	7.69231e-06	7.69231e-06	0	0.00181538	0.0011	5.38462e-05	0.000630769	4.61538e-05	0.00117692	0.000115385	0.000269231	0.000269231	0.000130769	0.000146154	0.00145385	0.0001	0.000276923	0.000269231	0.000384615	0.0009	
0.326992	0.358269	0.186723	0.120885	0.627946	0.109185	0.117708	0.138031	0.0946769	0.0276846	0.800008	0.0705	0	0	0	0	0.00220769	0.0124385	0.00234615	0.975877	0.592669	0.0323231	0.334131	0.0337462	0.680592	0.0784308	0.1214	0.112446	0.0797538	0.0615308	0.778585	0.073	0.167585	0.162808	0.185923	0.476554	
0.000730769	0.000669231	0.000438462	0.000269231	0.00123077	0.000246154	0.000307692	0.000323077	0.000176923	3.84615e-05	0.00169231	0.0002	0	0	0	0	7.69231e-06	3.84615e-05	7.69231e-06	0.00205385	0.00121538	4.61538e-05	0.000776923	6.92308e-05	0.00150769	0.000223077	0.000161538	0.000215385	0.000169231	0.000115385	0.00163846	0.000184615	0.0004	0.0003	0.000392308	0.00101538	
0.000723077	0.000692308	0.000469231	0.000338462	0.00136154	0.000192308	0.000284615	0.000384615	0.000161538	0.0001	0.00183077	0.000130769	0	7.69231e-06	0.00220769	7.69231e-06	0	0	0	0	0.00132308	9.23077e-05	0.000715385	9.23077e-05	0.00153077	0.000207692	0.000276923	0.000207692	0.000138462	0.000176923	0.00169231	0.000215385	0.000384615	0.000307692	0.000430769	0.0011	
0.00428462	0.00454615	0.00232308	0.00138462	0.00818462	0.00133077	0.00143077	0.00159231	0.00121538	0.000315385	0.0101385	0.000869231	5.38462e-05	7.69231e-06	0.0124385	3.84615e-05	0	0	0	0	0.00723077	0.000446154	0.00437692	0.000484615	0.00852308	0.000984615	0.00159231	0.00143846	0.000869231	0.000815385	0.01	0.000853846	0.00219231	0.00216154	0.00225385	0.00593077	
0.000753846	0.000784615	0.000561538	0.000269231	0.00143846	0.000353846	0.000238462	0.000338462	0.000269231	7.69231e-05	0.00183846	0.000184615	1.53846e-05	0	0.00234615	7.69231e-06	0	0	0	0	0.00142308	6.92308e-05	0.000784615	9.23077e-05	0.00166154	0.000192308	0.000261538	0.000253846	0.000238462	0.000153846	0.0018	0.000176923	0.000423077	0.000369231	0.0004	0.00117692	
0.323562	0.354623	0.184869	0.119815	0.621362	0.108123	0.116677	0.136708	0.0937077	0.0273769	0.791908	0.0698769	0.00312308	0.00181538	0.975877	0.00205385	0	0	0	0	0.586931	0.0319538	0.330692	0.0332923	0.673892	0.0775385	0.120123	0.111315	0.0790615	0.0608462	0.770677	0.0722846	0.165808	0.161054	0.1843	0.471708	
0.197931	0.215854	0.111938	0.0711846	0.386854	0.0631846	0.0680154	0.0788538	0.0554077	0.0163615	0.484415	0.0407231	0.00192308	0.0011	0.592669	0.00121538	0.00132308	0.00723077	0.00142308	0.586931	0	0	0	0	0.369838	0.0572	0.0883308	0.0815385	0.0653769	0.0500462	0.421954	0.0595308	0.104569	0.100362	0.115269	0.276708	
0.0109231	0.0114692	0.0064	0.00376923	0.0208846	0.00357692	0.00363077	0.00446923	0.00332308	0.000884615	0.0260077	0.00234615	0.000138462	5.38462e-05	0.0323231	4.61538e-05	9.23077e-05	0.000446154	6.92308e-05	0.0319538	0	0	0	0	0.0199308	0.00306154	0.00507692	0.00449231	0.00107692	0.000938462	0.0292769	0.00126923	0.00503077	0.00513846	0.00603846	0.0163538	
0.108746	0.121046	0.0636923	0.0430846	0.203046	0.0397538	0.0430462	0.0507231	0.0333923	0.00973077	0.267723	0.0257231	0.00103077	0.000630769	0.334131	0.000776923	0.000715385	0.00437692	0.000784615	0.330692	0	0	0	0	0.274708	0.0156308	0.0238308	0.0224	0.0125692	0.00997692	0.302485	0.0115385	0.0539692	0.0528231	0.06	0.169777	
0.0117231	0.0122769	0.00619231	0.00376923	0.0215615	0.00348462	0.00393846	0.00497692	0.00323077	0.000892308	0.0275692	0.00226923	0.0001	4.61538e-05	0.0337462	6.92308e-05	9.23077e-05	0.000484615	9.23077e-05	0.0332923	0	0	0	0	0.0211308	0.00303077	0.00501538	0.00478462	0.00128462	0.00103077	0.0304538	0.00119231	0.00523846	0.00556923	0.00607692	0.0170769	
0.222477	0.244738	0.127223	0.0911692	0.390585	0.0884154	0.0952923	0.111315	0.0696538	0.0202	0.543877	0.0518769	0.00233077	0.00117692	0.680592	0.00150769	0.00153077	0.00852308	0.00166154	0.673892	0.369838	0.0199308	0.274708	0.0211308	0	0	0	0	0.0518846	0.0401154	0.546092	0.0475154	0.113231	0.108338	0.124862	0.339177	
0.0270231	0.0288846	0.0153231	0.00769231	0.0606231	0.0053	0.00576154	0.00723846	0.00673077	0.00184615	0.0655692	0.00477692	0.000153846	0.000115385	0.0784308	0.000223077	0.000207692	0.000984615	0.000192308	0.0775385	0.0572	0.00306154	0.0156308	0.00303077	0	0	0	0	0.00693077	0.00519231	0.0602846	0.00651538	0.0138077	0.0135538	0.0157846	0.0357769	
0.0412692	0.0453538	0.0235385	0.0120923	0.0942769	0.00810769	0.00931538	0.0105538	0.00970769	0.00297692	0.101823	0.00774615	0.000423077	0.000269231	0.1214	0.000161538	0.000276923	0.00159231	0.000261538	0.120123	0.0883308	0.00507692	0.0238308	0.00501538	0	0	0	0	0.0113	0.00860769	0.0924538	0.00989231	0.0217231	0.0219615	0.0240692	0.0545	
0.0385538	0.0416692	0.0221385	0.0108538	0.0868615	0.00817692	0.00826154	0.00991538	0.00926154	0.00284615	0.0944462	0.00666154	0.000284615	0.000269231	0.112446	0.000215385	0.000207692	0.00143846	0.000253846	0.111315	0.0815385	0.00449231	0.0224	0.00478462	0	0	0	0	0.0101923	0.00807692	0.0853385	0.00960769	0.0200462	0.0200385	0.0226692	0.0504615	
0.0268308	0.0295077	0.0148846	0.00908462	0.0534154	0.00785385	0.0089	0.0101385	0.0062	0.00181538	0.0677385	0.00455385	0.000253846	0.000130769	0.0797538	0.000169231	0.000138462	0.000869231	0.000238462	0.0790615	0.0653769	0.00107692	0.0125692	0.00128462	0.0518846	0.00693077	0.0113	0.0101923	0	0	0	0	0.0181846	0.0170615	0.0201692	0.0248923	
0.0209	0.0223154	0.0118846	0.00689231	0.0420692	0.006	0.006	0.00792308	0.0047	0.00121538	0.0523385	0.00373846	0.0002	0.000146154	0.0615308	0.000115385	0.000176923	0.000815385	0.000153846	0.0608462	0.0500462	0.000938462	0.00997692	0.00103077	0.0401154	0.00519231	0.00860769	0.00807692	0	0	0	0	0.0139462	0.0132077	0.0151692	0.0196692	
0.257	0.282146	0.147446	0.0975769	0.487808	0.0886846	0.0958308	0.111846	0.0785077	0.0232692	0.623869	0.0585231	0.00249231	0.00145385	0.778585	0.00163846	0.00169231	0.01	0.0018	0.770677	0.421954	0.0292769	0.302485	0.0304538	0.546092	0.0602846	0.0924538	0.0853385	0	0	0	0	0.120092	0.117562	0.134023	0.412492	
0.0245923	0.0266769	0.0140077	0.00825385	0.0490538	0.00746154	0.0079	0.00911538	0.00594615	0.00156923	0.0617692	0.00424615	0.000246154	0.0001	0.073	0.000184615	0.000215385	0.000853846	0.000176923	0.0722846	0.0595308	0.00126923	0.0115385	0.00119231	0.0475154	0.00651538	0.00989231	0.00960769	0	0	0	0	0.0165846	0.0160615	0.0180231	0.0228615	
0.0570692	0.0625846	0.0318538	0.0173	0.121762	0.0139154	0.015	0.0181308	0.0072	0.00220769	0.153685	0.00571538	0.000546154	0.000276923	0.167585	0.0004	0.000384615	0.00219231	0.000423077	0.165808	0.104569	0.00503077	0.0539692	0.00523846	0.113231	0.0138077	0.0217231	0.0200462	0.0181846	0.0139462	0.120092	0.0165846	0	0	0	0	
0.0547615	0.0608846	0.0311077	0.0171385	0.118785	0.0133154	0.0146077	0.0171846	0.00722308	0.00219231	0.1488	0.00567692	0.000515385	0.000269231	0.162808	0.0003	0.000307692	0.00216154	0.000369231	0.161054	0.100362	0.00513846	0.0528231	0.00556923	0.108338	0.0135538	0.0219615	0.0200385	0.0170615	0.0132077	0.117562	0.0160615	0	0	0	0	
0.0623308	0.0689231	0.0366154	0.0195154	0.136323	0.0159231	0.0164462	0.0186923	0.00854615	0.00230769	0.170031	0.0065	0.000684615	0.000384615	0.185923	0.000392308	0.000430769	0.00225385	0.0004	0.1843	0.115269	0.00603846	0.06	0.00607692	0.124862	0.0157846	0.0240692	0.0226692	0.0201692	0.0151692	0.134023	0.0180231	0	0	0	0	
0.155162	0.168254	0.0886462	0.0678538	0.255477	0.0668462	0.0725769	0.0850154	0.0723846	0.0211615	0.3332	0.0531692	0.00144615	0.0009	0.476554	0.00101538	0.0011	0.00593077	0.00117692	0.471708	0.276708	0.0163538	0.169777	0.0170769	0.339177	0.0357769	0.0545	0.0504615	0.0248923	0.0196692	0.412492	0.0228615	0	0	0	0	
