0	0	0	0	0.222038	0.0315154	0.0333846	0.0405462	0.0300846	0.00813077	0.267008	0.0222615	0.00106923	0.000715385	0.325	0.0007	0.000807692	0.00382308	0.000830769	0.322023	0.196762	0.0102923	0.109069	0.0113615	0.222408	0.0257077	0.0408385	0.0385308	0.0266769	0.0206615	0.2554	0.0247462	0.0563231	0.0548154	0.0625231	0.153823	
0	0	0	0	0.242823	0.0339	0.0373769	0.0425	0.0328077	0.00960769	0.2907	0.0234846	0.0012	0.000530769	0.354038	0.000830769	0.000661538	0.00431538	0.0009	0.350723	0.213931	0.0118692	0.118623	0.0121769	0.241908	0.0288462	0.0437615	0.0420846	0.0300154	0.0218154	0.278069	0.0267	0.0619538	0.0584538	0.0680923	0.1681	
0	0	0	0	0.129338	0.0180923	0.0200692	0.0230538	0.0174538	0.00511538	0.155062	0.0129231	0.000530769	0.000315385	0.189254	0.000453846	0.000423077	0.00230769	0.000438462	0.187385	0.114031	0.00633846	0.0636308	0.00655385	0.128246	0.0158308	0.0241615	0.0223154	0.0159308	0.0117615	0.148569	0.0142923	0.0325077	0.0319923	0.0362385	0.0898154	
0	0	0	0	0.0358769	0.0266538	0.0290923	0.0337385	0.0158615	0.00458462	0.0927077	0.0122077	0.000330769	0.000261538	0.124554	0.000215385	0.0003	0.00148462	0.000238462	0.123338	0.0737231	0.00403846	0.0434	0.0042	0.0935615	0.00802308	0.0123692	0.0114077	0.00967692	0.00733077	0.0997692	0.00858462	0.0180385	0.0174769	0.0200462	0.0698	
0.222038	0.242823	0.129338	0.0358769	0	0	0	0	0.0405077	0.0113	0.548862	0.0294077	0.00188462	0.0012	0.625577	0.00141538	0.00139231	0.00754615	0.00157692	0.619562	0.385177	0.0209615	0.2021	0.0218385	0.390092	0.0599462	0.0928077	0.0872308	0.0551846	0.0409308	0.484223	0.0497385	0.122031	0.118115	0.135469	0.254462	
0.0315154	0.0339	0.0180923	0.0266538	0	0	0	0	0.0168308	0.00478462	0.0762077	0.0123385	0.000369231	0.000176923	0.1094	0.000215385	0.000207692	0.0013	0.000276923	0.108377	0.0631923	0.00326154	0.0401385	0.00356923	0.0884615	0.00554615	0.00845385	0.0077	0.008	0.00584615	0.0889077	0.00740769	0.0137385	0.0131154	0.0150462	0.0682615	
0.0333846	0.0373769	0.0200692	0.0290923	0	0	0	0	0.0180077	0.00505385	0.0836	0.0132615	0.000476923	0.000184615	0.119015	0.000246154	0.000238462	0.0015	0.000176923	0.118008	0.0691231	0.00388462	0.0429231	0.00399231	0.0960538	0.00605385	0.00920769	0.00860769	0.0088	0.00677692	0.0964154	0.00793077	0.0152923	0.0143231	0.0168231	0.0734846	
0.0405462	0.0425	0.0230538	0.0337385	0	0	0	0	0.0208615	0.0063	0.0968077	0.0158692	0.0004	0.000261538	0.138854	0.000323077	0.000353846	0.00158462	0.000376923	0.137523	0.0809538	0.00443077	0.0495615	0.00489231	0.111515	0.00686154	0.0106615	0.0108	0.0103154	0.00801538	0.112262	0.00924615	0.0177615	0.0171846	0.0195615	0.0853308	
0.0300846	0.0328077	0.0174538	0.0158615	0.0405077	0.0168308	0.0180077	0.0208615	0	0	0	0	0.000338462	0.000123077	0.0955923	0.000153846	0.000238462	0.00121538	0.000230769	0.0945231	0.0558462	0.00322308	0.0337385	0.0034	0.0702538	0.00626923	0.0103538	0.00933077	0.0063	0.00475385	0.0791	0.00605385	0.00786154	0.00762308	0.00843077	0.0722923	
0.00813077	0.00960769	0.00511538	0.00458462	0.0113	0.00478462	0.00505385	0.0063	0	0	0	0	9.23077e-05	5.38462e-05	0.0272231	6.92308e-05	3.84615e-05	0.000223077	6.15385e-05	0.0271154	0.0162769	0.000915385	0.00931538	0.000930769	0.02	0.00192308	0.00286923	0.00264615	0.00186154	0.00136154	0.0226077	0.00160769	0.00214615	0.00216154	0.00234615	0.0207846	
0.267008	0.2907	0.155062	0.0927077	0.548862	0.0762077	0.0836	0.0968077	0	0	0	0	0.00247692	0.00153846	0.7997	0.00176154	0.0017	0.00953077	0.00197692	0.792269	0.484508	0.0261538	0.2672	0.0276154	0.544815	0.0651923	0.100085	0.0953846	0.0692077	0.0516923	0.6222	0.0623769	0.152954	0.147415	0.169485	0.335623	
0.0222615	0.0234846	0.0129231	0.0122077	0.0294077	0.0123385	0.0132615	0.0158692	0	0	0	0	0.000223077	0.000107692	0.0703308	0.000215385	0.000215385	0.000961538	0.000138462	0.0695615	0.0418154	0.00224615	0.0244692	0.00234615	0.0510538	0.00502308	0.00782308	0.00697692	0.00493077	0.00376154	0.0579	0.00428462	0.00586154	0.00553846	0.00663846	0.0528385	
0.00106923	0.0012	0.000530769	0.000330769	0.00188462	0.000369231	0.000476923	0.0004	0.000338462	9.23077e-05	0.00247692	0.000223077	0	0	0	0	0	4.61538e-05	0	0.00308462	0.00176154	0.000115385	0.00113846	0.000115385	0.00208462	0.000246154	0.000438462	0.000361538	0.000230769	0.000215385	0.00249231	0.000192308	0.000576923	0.000430769	0.000607692	0.00151538	
0.000715385	0.000530769	0.000315385	0.000261538	0.0012	0.000176923	0.000184615	0.000261538	0.000123077	5.38462e-05	0.00153846	0.000107692	0	0	0	0	0	3.07692e-05	7.69231e-06	0.00178462	0.000984615	9.23077e-05	0.0007	4.61538e-05	0.00122308	0.000184615	0.000215385	0.0002	0.000107692	0.0001	0.00148462	0.000130769	0.000261538	0.000376923	0.000323077	0.000861538	
0.325	0.354038	0.189254	0.124554	0.625577	0.1094	0.119015	0.138854	0.0955923	0.0272231	0.7997	0.0703308	0	0	0	0	0.00219231	0.0117846	0.00239231	0.976477	0.594362	0.0322154	0.332223	0.0340462	0.681315	0.0777538	0.120208	0.113569	0.0816692	0.0611846	0.776154	0.0738385	0.167592	0.161546	0.185577	0.478131	
0.0007	0.000830769	0.000453846	0.000215385	0.00141538	0.000215385	0.000246154	0.000323077	0.000153846	6.92308e-05	0.00176154	0.000215385	0	0	0	0	0	6.92308e-05	7.69231e-06	0.00212308	0.00133846	0.000115385	0.000661538	8.46154e-05	0.0015	0.000223077	0.000269231	0.000207692	0.000292308	6.92308e-05	0.00167692	0.000161538	0.000392308	0.000384615	0.000392308	0.00103077	
0.000807692	0.000661538	0.000423077	0.0003	0.00139231	0.000207692	0.000238462	0.000353846	0.000238462	3.84615e-05	0.0017	0.000215385	0	0	0.00219231	0	0	0	0	0	0.00119231	6.92308e-05	0.000884615	4.61538e-05	0.00159231	0.000153846	0.000223077	0.000223077	0.000146154	0.000123077	0.00176154	0.000161538	0.000430769	0.000338462	0.000292308	0.00113077	
0.00382308	0.00431538	0.00230769	0.00148462	0.00754615	0.0013	0.0015	0.00158462	0.00121538	0.000223077	0.00953077	0.000961538	4.61538e-05	3.07692e-05	0.0117846	6.92308e-05	0	0	0	0	0.00742308	0.000338462	0.00371538	0.000453846	0.00827692	0.000907692	0.00141538	0.00133077	0.00106154	0.000692308	0.00920769	0.000969231	0.00175385	0.00213077	0.00228462	0.00576154	
0.000830769	0.0009	0.000438462	0.000238462	0.00157692	0.000276923	0.000176923	0.000376923	0.000230769	6.15385e-05	0.00197692	0.000138462	0	7.69231e-06	0.00239231	7.69231e-06	0	0	0	0	0.00148462	6.15385e-05	0.000761538	0.0001	0.0017	0.000215385	0.000269231	0.000223077	0.000192308	0.000115385	0.00191538	0.000184615	0.000446154	0.000369231	0.000415385	0.00117692	
0.322023	0.350723	0.187385	0.123338	0.619562	0.108377	0.118008	0.137523	0.0945231	0.0271154	0.792269	0.0695615	0.00308462	0.00178462	0.976477	0.00212308	0	0	0	0	0.588346	0.0320692	0.329362	0.0336923	0.674554	0.0771308	0.119223	0.112562	0.0809	0.0606385	0.768923	0.0730077	0.166192	0.1599	0.183908	0.473469	
0.196762	0.213931	0.114031	0.0737231	0.385177	0.0631923	0.0691231	0.0809538	0.0558462	0.0162769	0.484508	0.0418154	0.00176154	0.000984615	0.594362	0.00133846	0.00119231	0.00742308	0.00148462	0.588346	0	0	0	0	0.371815	0.0568308	0.0872154	0.0825846	0.0667385	0.0501846	0.421423	0.0601	0.104977	0.101123	0.115823	0.276523	
0.0102923	0.0118692	0.00633846	0.00403846	0.0209615	0.00326154	0.00388462	0.00443077	0.00322308	0.000915385	0.0261538	0.00224615	0.000115385	9.23077e-05	0.0322154	0.000115385	6.92308e-05	0.000338462	6.15385e-05	0.0320692	0	0	0	0	0.0200769	0.00305385	0.00505385	0.00435385	0.00132308	0.000830769	0.0291769	0.00120769	0.00518462	0.00530769	0.00553077	0.0165154	
0.109069	0.118623	0.0636308	0.0434	0.2021	0.0401385	0.0429231	0.0495615	0.0337385	0.00931538	0.2672	0.0244692	0.00113846	0.0007	0.332223	0.000661538	0.000884615	0.00371538	0.000761538	0.329362	0	0	0	0	0.273154	0.0153462	0.0236615	0.0225615	0.0129385	0.00964615	0.300315	0.0118231	0.0532923	0.0506692	0.0597923	0.170969	
0.0113615	0.0121769	0.00655385	0.0042	0.0218385	0.00356923	0.00399231	0.00489231	0.0034	0.000930769	0.0276154	0.00234615	0.000115385	4.61538e-05	0.0340462	8.46154e-05	4.61538e-05	0.000453846	0.0001	0.0336923	0	0	0	0	0.0210769	0.00317692	0.0052	0.00483846	0.0013	0.000907692	0.0308923	0.00119231	0.00536923	0.00563846	0.00575385	0.0175308	
0.222408	0.241908	0.128246	0.0935615	0.390092	0.0884615	0.0960538	0.111515	0.0702538	0.02	0.544815	0.0510538	0.00208462	0.00122308	0.681315	0.0015	0.00159231	0.00827692	0.0017	0.674554	0.371815	0.0200769	0.273154	0.0210769	0	0	0	0	0.0530385	0.0400308	0.545354	0.0477	0.1128	0.1081	0.124662	0.340562	
0.0257077	0.0288462	0.0158308	0.00802308	0.0599462	0.00554615	0.00605385	0.00686154	0.00626923	0.00192308	0.0651923	0.00502308	0.000246154	0.000184615	0.0777538	0.000223077	0.000153846	0.000907692	0.000215385	0.0771308	0.0568308	0.00305385	0.0153462	0.00317692	0	0	0	0	0.00733846	0.00522308	0.0588769	0.00696923	0.0142615	0.0138308	0.0151154	0.0352	
0.0408385	0.0437615	0.0241615	0.0123692	0.0928077	0.00845385	0.00920769	0.0106615	0.0103538	0.00286923	0.100085	0.00782308	0.000438462	0.000215385	0.120208	0.000269231	0.000223077	0.00141538	0.000269231	0.119223	0.0872154	0.00505385	0.0236615	0.0052	0	0	0	0	0.0114615	0.00863077	0.0912	0.00983846	0.0217769	0.0209385	0.0243538	0.0540615	
0.0385308	0.0420846	0.0223154	0.0114077	0.0872308	0.0077	0.00860769	0.0108	0.00933077	0.00264615	0.0953846	0.00697692	0.000361538	0.0002	0.113569	0.000207692	0.000223077	0.00133077	0.000223077	0.112562	0.0825846	0.00435385	0.0225615	0.00483846	0	0	0	0	0.0104615	0.00768462	0.0863769	0.00981538	0.0199846	0.0198692	0.0227692	0.0517154	
0.0266769	0.0300154	0.0159308	0.00967692	0.0551846	0.008	0.0088	0.0103154	0.0063	0.00186154	0.0692077	0.00493077	0.000230769	0.000107692	0.0816692	0.000292308	0.000146154	0.00106154	0.000192308	0.0809	0.0667385	0.00132308	0.0129385	0.0013	0.0530385	0.00733846	0.0114615	0.0104615	0	0	0	0	0.0181923	0.0178769	0.0208538	0.0253769	
0.0206615	0.0218154	0.0117615	0.00733077	0.0409308	0.00584615	0.00677692	0.00801538	0.00475385	0.00136154	0.0516923	0.00376154	0.000215385	0.0001	0.0611846	6.92308e-05	0.000123077	0.000692308	0.000115385	0.0606385	0.0501846	0.000830769	0.00964615	0.000907692	0.0400308	0.00522308	0.00863077	0.00768462	0	0	0	0	0.0140308	0.0132	0.0149308	0.0194077	
0.2554	0.278069	0.148569	0.0997692	0.484223	0.0889077	0.0964154	0.112262	0.0791	0.0226077	0.6222	0.0579	0.00249231	0.00148462	0.776154	0.00167692	0.00176154	0.00920769	0.00191538	0.768923	0.421423	0.0291769	0.300315	0.0308923	0.545354	0.0588769	0.0912	0.0863769	0	0	0	0	0.119962	0.115808	0.132946	0.413092	
0.0247462	0.0267	0.0142923	0.00858462	0.0497385	0.00740769	0.00793077	0.00924615	0.00605385	0.00160769	0.0623769	0.00428462	0.000192308	0.000130769	0.0738385	0.000161538	0.000161538	0.000969231	0.000184615	0.0730077	0.0601	0.00120769	0.0118231	0.00119231	0.0477	0.00696923	0.00983846	0.00981538	0	0	0	0	0.0166385	0.0158538	0.0181692	0.0236615	
0.0563231	0.0619538	0.0325077	0.0180385	0.122031	0.0137385	0.0152923	0.0177615	0.00786154	0.00214615	0.152954	0.00586154	0.000576923	0.000261538	0.167592	0.000392308	0.000430769	0.00175385	0.000446154	0.166192	0.104977	0.00518462	0.0532923	0.00536923	0.1128	0.0142615	0.0217769	0.0199846	0.0181923	0.0140308	0.119962	0.0166385	0	0	0	0	
0.0548154	0.0584538	0.0319923	0.0174769	0.118115	0.0131154	0.0143231	0.0171846	0.00762308	0.00216154	0.147415	0.00553846	0.000430769	0.000376923	0.161546	0.000384615	0.000338462	0.00213077	0.000369231	0.1599	0.101123	0.00530769	0.0506692	0.00563846	0.1081	0.0138308	0.0209385	0.0198692	0.0178769	0.0132	0.115808	0.0158538	0	0	0	0	
0.0625231	0.0680923	0.0362385	0.0200462	0.135469	0.0150462	0.0168231	0.0195615	0.00843077	0.00234615	0.169485	0.00663846	0.000607692	0.000323077	0.185577	0.000392308	0.000292308	0.00228462	0.000415385	0.183908	0.115823	0.00553077	0.0597923	0.00575385	0.124662	0.0151154	0.0243538	0.0227692	0.0208538	0.0149308	0.132946	0.0181692	0	0	0	0	
0.153823	0.1681	0.0898154	0.0698	0.254462	0.0682615	0.0734846	0.0853308	0.0722923	0.0207846	0.335623	0.0528385	0.00151538	0.000861538	0.478131	0.00103077	0.00113077	0.00576154	0.00117692	0.473469	0.276523	0.0165154	0.170969	0.0175308	0.340562	0.0352	0.0540615	0.0517154	0.0253769	0.0194077	0.413092	0.0236615	0	0	0	0	
