0	0	0	0	0.220562	0.0341923	0.0367692	0.0429154	0.0311077	0.00866923	0.2721	0.0225615	0.001	0.000592308	0.3322	0.000646154	0.000676923	0.004	0.000784615	0.328977	0.200523	0.0104462	0.112254	0.0112154	0.227785	0.0264308	0.0416769	0.0385462	0.0272077	0.0203385	0.261092	0.0258	0.0574385	0.0549	0.0636385	0.158462	
0	0	0	0	0.236423	0.0366692	0.0385692	0.0452231	0.0321231	0.00980769	0.2902	0.0247538	0.00123077	0.000807692	0.354108	0.000738462	0.000738462	0.00433077	0.000861538	0.350954	0.213046	0.0119692	0.1194	0.0124692	0.242662	0.0281154	0.0439154	0.0421923	0.0290538	0.0215923	0.280038	0.0262	0.0619615	0.0579846	0.0682692	0.168669	
0	0	0	0	0.126446	0.0185077	0.0210308	0.0237923	0.0182231	0.00473077	0.154254	0.0125692	0.000561538	0.0003	0.188492	0.000423077	0.000423077	0.00239231	0.000392308	0.186569	0.113385	0.00596154	0.0636769	0.00675385	0.128931	0.0142846	0.0235846	0.0229769	0.0155923	0.0112769	0.148446	0.0144615	0.0330231	0.0310769	0.0364692	0.0892077	
0	0	0	0	0.0481077	0.0213	0.0231385	0.0263538	0.0141231	0.00362308	0.0908692	0.0102846	0.000376923	0.000223077	0.118054	0.000246154	0.000253846	0.00143077	0.000307692	0.116908	0.0695615	0.00353846	0.0414769	0.00432308	0.0854385	0.00798462	0.0132615	0.0122154	0.00983077	0.00740769	0.0934462	0.00821538	0.0181231	0.0172077	0.0207154	0.0628538	
0.220562	0.236423	0.126446	0.0481077	0	0	0	0	0.0385385	0.0109615	0.552908	0.0291308	0.00203077	0.00125385	0.626923	0.00133077	0.00123077	0.00773846	0.00140769	0.621162	0.386177	0.0205385	0.202692	0.0221308	0.390554	0.0586923	0.0935692	0.0887231	0.0545538	0.0409538	0.485962	0.0500692	0.123546	0.116385	0.136546	0.255062	
0.0341923	0.0366692	0.0185077	0.0213	0	0	0	0	0.0167154	0.0046	0.0768846	0.0124692	0.000353846	0.0002	0.109931	0.000184615	0.000338462	0.00127692	0.000253846	0.1088	0.0637615	0.00354615	0.0396154	0.00374615	0.0886769	0.00552308	0.00826923	0.0082	0.00840769	0.0059	0.0889154	0.00744615	0.0140308	0.0134	0.0157615	0.0674769	
0.0367692	0.0385692	0.0210308	0.0231385	0	0	0	0	0.0189154	0.00520769	0.0822462	0.0131385	0.000346154	0.000207692	0.118715	0.000238462	0.000207692	0.00139231	0.000307692	0.1176	0.0680615	0.00372308	0.0438154	0.00390769	0.0947692	0.00600769	0.00962308	0.00910769	0.00872308	0.00640769	0.0965077	0.00786923	0.0150231	0.0147769	0.0165923	0.0731154	
0.0429154	0.0452231	0.0237923	0.0263538	0	0	0	0	0.0214077	0.00606154	0.0953846	0.0154308	0.000438462	0.000261538	0.137285	0.0003	0.000315385	0.00174615	0.000376923	0.135846	0.0785154	0.00410769	0.0506846	0.00497692	0.110815	0.00659231	0.0109769	0.0099	0.01	0.00735385	0.111638	0.00929231	0.0179462	0.0166077	0.0201923	0.0835385	
0.0311077	0.0321231	0.0182231	0.0141231	0.0385385	0.0167154	0.0189154	0.0214077	0	0	0	0	0.000323077	0.000261538	0.0948231	0.000169231	0.000192308	0.00117692	0.000330769	0.0938769	0.0554231	0.00313077	0.0334308	0.00359231	0.0694077	0.00617692	0.0103846	0.00960769	0.00643077	0.00466923	0.0786	0.00587692	0.00721538	0.00737692	0.00837692	0.0726077	
0.00866923	0.00980769	0.00473077	0.00362308	0.0109615	0.0046	0.00520769	0.00606154	0	0	0	0	6.92308e-05	5.38462e-05	0.0266538	5.38462e-05	6.15385e-05	0.000323077	7.69231e-05	0.0263692	0.0158769	0.000823077	0.00920769	0.000923077	0.0191308	0.00203846	0.00303077	0.00263077	0.00173846	0.00137692	0.0219846	0.00173077	0.00200769	0.00216923	0.00229231	0.0203615	
0.2721	0.2902	0.154254	0.0908692	0.552908	0.0768846	0.0822462	0.0953846	0	0	0	0	0.00258462	0.00147692	0.801723	0.00163846	0.00166923	0.00986154	0.00178462	0.794108	0.485	0.0255923	0.268985	0.0278462	0.545515	0.0639846	0.101338	0.0965846	0.0691308	0.0513769	0.624292	0.0626231	0.155631	0.146223	0.172215	0.333354	
0.0225615	0.0247538	0.0125692	0.0102846	0.0291308	0.0124692	0.0131385	0.0154308	0	0	0	0	0.000192308	0.000130769	0.0696538	0.000192308	0.000169231	0.000792308	0.000153846	0.0690538	0.0402154	0.00236923	0.0251846	0.0024	0.0507615	0.00461538	0.00768462	0.00710769	0.00438462	0.00319231	0.0581462	0.00444615	0.00569231	0.0054	0.00620769	0.0528692	
0.001	0.00123077	0.000561538	0.000376923	0.00203077	0.000353846	0.000346154	0.000438462	0.000323077	6.92308e-05	0.00258462	0.000192308	0	0	0	0	7.69231e-06	3.07692e-05	0	0.00313077	0.00186923	0.000130769	0.00103077	0.000138462	0.00218462	0.000192308	0.000407692	0.000384615	0.000261538	0.000146154	0.00256154	0.0002	0.000538462	0.000461538	0.0005	0.00166923	
0.000592308	0.000807692	0.0003	0.000223077	0.00125385	0.0002	0.000207692	0.000261538	0.000261538	5.38462e-05	0.00147692	0.000130769	0	0	0	0	0	7.69231e-06	0	0.00191538	0.00122308	6.15385e-05	0.000615385	2.30769e-05	0.0014	0.000153846	0.000176923	0.000192308	0.000138462	0.000123077	0.00152308	0.000138462	0.0003	0.000307692	0.000353846	0.000961538	
0.3322	0.354108	0.188492	0.118054	0.626923	0.109931	0.118715	0.137285	0.0948231	0.0266538	0.801723	0.0696538	0	0	0	0	0.00208462	0.0120769	0.00234615	0.976346	0.592223	0.0316615	0.334462	0.0345077	0.679938	0.0762769	0.121515	0.115123	0.0811538	0.0602077	0.777262	0.0742308	0.169292	0.160077	0.187915	0.475569	
0.000646154	0.000738462	0.000423077	0.000246154	0.00133077	0.000184615	0.000238462	0.0003	0.000169231	5.38462e-05	0.00163846	0.000192308	0	0	0	0	0	3.84615e-05	0	0.00201538	0.0012	6.15385e-05	0.0007	9.23077e-05	0.00129231	0.000192308	0.000338462	0.000230769	0.000130769	0.000138462	0.00167692	0.000107692	0.000415385	0.000323077	0.000323077	0.000992308	
0.000676923	0.000738462	0.000423077	0.000253846	0.00123077	0.000338462	0.000207692	0.000315385	0.000192308	6.15385e-05	0.00166923	0.000169231	7.69231e-06	0	0.00208462	0	0	0	0	0	0.00135385	5.38462e-05	0.000623077	6.15385e-05	0.00140769	0.000176923	0.000246154	0.000261538	0.000138462	0.000207692	0.00160769	0.000138462	0.000315385	0.000361538	0.000392308	0.00102308	
0.004	0.00433077	0.00239231	0.00143077	0.00773846	0.00127692	0.00139231	0.00174615	0.00117692	0.000323077	0.00986154	0.000792308	3.07692e-05	7.69231e-06	0.0120769	3.84615e-05	0	0	0	0	0.00733846	0.000476923	0.00395385	0.000384615	0.00843846	0.000892308	0.00157692	0.00124615	0.000976923	0.000684615	0.00952308	0.000969231	0.00215385	0.0019	0.00213846	0.00596154	
0.000784615	0.000861538	0.000392308	0.000307692	0.00140769	0.000253846	0.000307692	0.000376923	0.000330769	7.69231e-05	0.00178462	0.000153846	0	0	0.00234615	0	0	0	0	0	0.00154615	6.15385e-05	0.000653846	8.46154e-05	0.00158462	0.000207692	0.000323077	0.000230769	0.000238462	0.000169231	0.00178462	0.000153846	0.000469231	0.000361538	0.000369231	0.00114615	
0.328977	0.350954	0.186569	0.116908	0.621162	0.1088	0.1176	0.135846	0.0938769	0.0263692	0.794108	0.0690538	0.00313077	0.00191538	0.976346	0.00201538	0	0	0	0	0.586277	0.0313231	0.331577	0.0342308	0.673385	0.0755385	0.120292	0.114192	0.0803308	0.0595538	0.770108	0.0734154	0.167608	0.158546	0.186192	0.471062	
0.200523	0.213046	0.113385	0.0695615	0.386177	0.0637615	0.0680615	0.0785154	0.0554231	0.0158769	0.485	0.0402154	0.00186923	0.00122308	0.592223	0.0012	0.00135385	0.00733846	0.00154615	0.586277	0	0	0	0	0.370454	0.0555077	0.0880154	0.0825385	0.0658769	0.0488308	0.4216	0.0602077	0.105631	0.0996462	0.117377	0.273862	
0.0104462	0.0119692	0.00596154	0.00353846	0.0205385	0.00354615	0.00372308	0.00410769	0.00313077	0.000823077	0.0255923	0.00236923	0.000130769	6.15385e-05	0.0316615	6.15385e-05	5.38462e-05	0.000476923	6.15385e-05	0.0313231	0	0	0	0	0.0195231	0.00294615	0.00471538	0.00473077	0.00114615	0.00105385	0.0286	0.00111538	0.00512308	0.00465385	0.00592308	0.0162154	
0.112254	0.1194	0.0636769	0.0414769	0.202692	0.0396154	0.0438154	0.0506846	0.0334308	0.00920769	0.268985	0.0251846	0.00103077	0.000615385	0.334462	0.0007	0.000623077	0.00395385	0.000653846	0.331577	0	0	0	0	0.272915	0.0150154	0.0250538	0.0238231	0.0131692	0.00987692	0.301562	0.0122	0.0544538	0.0513846	0.0594538	0.171515	
0.0112154	0.0124692	0.00675385	0.00432308	0.0221308	0.00374615	0.00390769	0.00497692	0.00359231	0.000923077	0.0278462	0.0024	0.000138462	2.30769e-05	0.0345077	9.23077e-05	6.15385e-05	0.000384615	8.46154e-05	0.0342308	0	0	0	0	0.0219231	0.00334615	0.00465385	0.00483846	0.00149231	0.000853846	0.0312615	0.00115385	0.00533846	0.00548462	0.00633846	0.0176	
0.227785	0.242662	0.128931	0.0854385	0.390554	0.0886769	0.0947692	0.110815	0.0694077	0.0191308	0.545515	0.0507615	0.00218462	0.0014	0.679938	0.00129231	0.00140769	0.00843846	0.00158462	0.673385	0.370454	0.0195231	0.272915	0.0219231	0	0	0	0	0.0521538	0.0395308	0.545446	0.0476846	0.112523	0.107554	0.126608	0.338131	
0.0264308	0.0281154	0.0142846	0.00798462	0.0586923	0.00552308	0.00600769	0.00659231	0.00617692	0.00203846	0.0639846	0.00461538	0.000192308	0.000153846	0.0762769	0.000192308	0.000176923	0.000892308	0.000207692	0.0755385	0.0555077	0.00294615	0.0150154	0.00334615	0	0	0	0	0.00696154	0.00538462	0.0581154	0.00635385	0.0139231	0.0132538	0.0148154	0.0348231	
0.0416769	0.0439154	0.0235846	0.0132615	0.0935692	0.00826923	0.00962308	0.0109769	0.0103846	0.00303077	0.101338	0.00768462	0.000407692	0.000176923	0.121515	0.000338462	0.000246154	0.00157692	0.000323077	0.120292	0.0880154	0.00471538	0.0250538	0.00465385	0	0	0	0	0.0118231	0.0078	0.0919538	0.0108615	0.0226385	0.0204308	0.0245077	0.0548615	
0.0385462	0.0421923	0.0229769	0.0122154	0.0887231	0.0082	0.00910769	0.0099	0.00960769	0.00263077	0.0965846	0.00710769	0.000384615	0.000192308	0.115123	0.000230769	0.000261538	0.00124615	0.000230769	0.114192	0.0825385	0.00473077	0.0238231	0.00483846	0	0	0	0	0.0107462	0.0079	0.0875077	0.00977692	0.0214615	0.0199308	0.0231615	0.0513769	
0.0272077	0.0290538	0.0155923	0.00983077	0.0545538	0.00840769	0.00872308	0.01	0.00643077	0.00173846	0.0691308	0.00438462	0.000261538	0.000138462	0.0811538	0.000130769	0.000138462	0.000976923	0.000238462	0.0803308	0.0658769	0.00114615	0.0131692	0.00149231	0.0521538	0.00696154	0.0118231	0.0107462	0	0	0	0	0.0188923	0.0171538	0.0205231	0.0251154	
0.0203385	0.0215923	0.0112769	0.00740769	0.0409538	0.0059	0.00640769	0.00735385	0.00466923	0.00137692	0.0513769	0.00319231	0.000146154	0.000123077	0.0602077	0.000138462	0.000207692	0.000684615	0.000169231	0.0595538	0.0488308	0.00105385	0.00987692	0.000853846	0.0395308	0.00538462	0.0078	0.0079	0	0	0	0	0.0135538	0.0127	0.0157	0.0186615	
0.261092	0.280038	0.148446	0.0934462	0.485962	0.0889154	0.0965077	0.111638	0.0786	0.0219846	0.624292	0.0581462	0.00256154	0.00152308	0.777262	0.00167692	0.00160769	0.00952308	0.00178462	0.770108	0.4216	0.0286	0.301562	0.0312615	0.545446	0.0581154	0.0919538	0.0875077	0	0	0	0	0.121231	0.115377	0.134154	0.412262	
0.0258	0.0262	0.0144615	0.00821538	0.0500692	0.00744615	0.00786923	0.00929231	0.00587692	0.00173077	0.0626231	0.00444615	0.0002	0.000138462	0.0742308	0.000107692	0.000138462	0.000969231	0.000153846	0.0734154	0.0602077	0.00111538	0.0122	0.00115385	0.0476846	0.00635385	0.0108615	0.00977692	0	0	0	0	0.0168692	0.0159385	0.0187154	0.0231538	
0.0574385	0.0619615	0.0330231	0.0181231	0.123546	0.0140308	0.0150231	0.0179462	0.00721538	0.00200769	0.155631	0.00569231	0.000538462	0.0003	0.169292	0.000415385	0.000315385	0.00215385	0.000469231	0.167608	0.105631	0.00512308	0.0544538	0.00533846	0.112523	0.0139231	0.0226385	0.0214615	0.0188923	0.0135538	0.121231	0.0168692	0	0	0	0	
0.0549	0.0579846	0.0310769	0.0172077	0.116385	0.0134	0.0147769	0.0166077	0.00737692	0.00216923	0.146223	0.0054	0.000461538	0.000307692	0.160077	0.000323077	0.000361538	0.0019	0.000361538	0.158546	0.0996462	0.00465385	0.0513846	0.00548462	0.107554	0.0132538	0.0204308	0.0199308	0.0171538	0.0127	0.115377	0.0159385	0	0	0	0	
0.0636385	0.0682692	0.0364692	0.0207154	0.136546	0.0157615	0.0165923	0.0201923	0.00837692	0.00229231	0.172215	0.00620769	0.0005	0.000353846	0.187915	0.000323077	0.000392308	0.00213846	0.000369231	0.186192	0.117377	0.00592308	0.0594538	0.00633846	0.126608	0.0148154	0.0245077	0.0231615	0.0205231	0.0157	0.134154	0.0187154	0	0	0	0	
0.158462	0.168669	0.0892077	0.0628538	0.255062	0.0674769	0.0731154	0.0835385	0.0726077	0.0203615	0.333354	0.0528692	0.00166923	0.000961538	0.475569	0.000992308	0.00102308	0.00596154	0.00114615	0.471062	0.273862	0.0162154	0.171515	0.0176	0.338131	0.0348231	0.0548615	0.0513769	0.0251154	0.0186615	0.412262	0.0231538	0	0	0	0	
