0	0	0	0	0.225015	0.0313538	0.0331462	0.0399615	0.0297615	0.00859231	0.269162	0.0219615	0.000976923	0.000569231	0.327208	0.000723077	0.000676923	0.00378462	0.000815385	0.3242	0.195892	0.0109154	0.111408	0.0112615	0.222585	0.0266385	0.0418923	0.0383615	0.0271308	0.0202154	0.257154	0.0249769	0.0569615	0.0550308	0.0635615	0.153923	
0	0	0	0	0.242954	0.0337538	0.0367154	0.0432077	0.0331154	0.00914615	0.290723	0.0236462	0.00122308	0.000553846	0.354231	0.000623077	0.000707692	0.00437692	0.000892308	0.350654	0.212492	0.0117846	0.120377	0.0119769	0.241423	0.0281	0.0444846	0.0426231	0.0292538	0.0217538	0.278508	0.0271154	0.0605154	0.0597923	0.0677308	0.168592	
0	0	0	0	0.130592	0.0183923	0.0190692	0.0239385	0.0178462	0.00510769	0.155915	0.0131231	0.000684615	0.000338462	0.190569	0.0004	0.000346154	0.00239231	0.000538462	0.188715	0.115185	0.00613846	0.0643154	0.00635385	0.129754	0.0159692	0.0241385	0.0221308	0.0154769	0.0118385	0.149854	0.0148231	0.0335231	0.0312923	0.0363846	0.0907923	
0	0	0	0	0.0353077	0.0261077	0.0275154	0.0329692	0.0150385	0.00426923	0.0914923	0.0111	0.000338462	0.000161538	0.121192	0.000207692	0.000261538	0.00152308	0.000230769	0.119885	0.0713923	0.00416923	0.0423846	0.00395385	0.0907538	0.00761538	0.0119923	0.0115385	0.00971538	0.00683846	0.0963231	0.00902308	0.0182154	0.0171692	0.0198538	0.0666615	
0.225015	0.242954	0.130592	0.0353077	0	0	0	0	0.0402385	0.0110308	0.553008	0.0295923	0.00193846	0.00100769	0.629608	0.00131538	0.00129231	0.00752308	0.00159231	0.623462	0.386831	0.0209	0.204654	0.0214846	0.391346	0.0598769	0.0943769	0.0882692	0.0548769	0.0406077	0.4874	0.0509846	0.122462	0.118385	0.136385	0.256638	
0.0313538	0.0337538	0.0183923	0.0261077	0	0	0	0	0.0161231	0.00500769	0.0764385	0.0120385	0.000392308	0.000223077	0.108815	0.000176923	0.000192308	0.0012	0.0003	0.107915	0.0623308	0.00357692	0.0400923	0.00360769	0.0876769	0.00554615	0.00857692	0.00780769	0.00799231	0.00594615	0.0882462	0.00742308	0.014	0.0134538	0.0152846	0.0668692	
0.0331462	0.0367154	0.0190692	0.0275154	0	0	0	0	0.0179923	0.00485385	0.0807769	0.0128231	0.000438462	0.000184615	0.115585	0.000238462	0.000230769	0.00143846	0.000261538	0.114515	0.0661462	0.00395385	0.0427077	0.00363846	0.0934308	0.00578462	0.00878462	0.00844615	0.00845385	0.00634615	0.0937231	0.00792308	0.0150846	0.0140846	0.0166077	0.0706692	
0.0399615	0.0432077	0.0239385	0.0329692	0	0	0	0	0.0214077	0.00622308	0.0970692	0.0153769	0.000453846	0.000207692	0.139192	0.000223077	0.000276923	0.00191538	0.000323077	0.137562	0.0796538	0.00457692	0.0510308	0.00481538	0.112062	0.00711538	0.0107692	0.0101308	0.0102538	0.00774615	0.112469	0.00960769	0.0176692	0.0173615	0.0192538	0.0857923	
0.0297615	0.0331154	0.0178462	0.0150385	0.0402385	0.0161231	0.0179923	0.0214077	0	0	0	0	0.000346154	0.000146154	0.0951231	0.000146154	0.000207692	0.00111538	0.000261538	0.0941769	0.0555692	0.00332308	0.0334231	0.00344615	0.0693308	0.00674615	0.0100385	0.00964615	0.00624615	0.00459231	0.0787692	0.00615385	0.00767692	0.00752308	0.00863846	0.0719231	
0.00859231	0.00914615	0.00510769	0.00426923	0.0110308	0.00500769	0.00485385	0.00622308	0	0	0	0	7.69231e-05	5.38462e-05	0.0269385	4.61538e-05	3.84615e-05	0.000323077	7.69231e-05	0.0266769	0.0158154	0.000884615	0.00958462	0.000830769	0.0198923	0.00204615	0.00265385	0.00252308	0.00197692	0.0014	0.0221538	0.00158462	0.00210769	0.00221538	0.00237692	0.0204154	
0.269162	0.290723	0.155915	0.0914923	0.553008	0.0764385	0.0807769	0.0970692	0	0	0	0	0.00260769	0.00131538	0.801754	0.00161538	0.00163077	0.00976154	0.00197692	0.793923	0.483323	0.0265462	0.270531	0.0268923	0.544815	0.0647	0.102215	0.0955615	0.0686923	0.0512077	0.623254	0.0641385	0.153954	0.1482	0.170531	0.334608	
0.0219615	0.0236462	0.0131231	0.0111	0.0295923	0.0120385	0.0128231	0.0153769	0	0	0	0	0.000192308	0.000107692	0.0693846	0.000146154	0.000115385	0.000876923	0.000161538	0.0686769	0.0402538	0.00225385	0.0249462	0.00237692	0.0504769	0.00483077	0.0076	0.00692308	0.00466154	0.00344615	0.0576615	0.00406154	0.00547692	0.00534615	0.00598462	0.0530231	
0.000976923	0.00122308	0.000684615	0.000338462	0.00193846	0.000392308	0.000438462	0.000453846	0.000346154	7.69231e-05	0.00260769	0.000192308	0	0	0	0	0	1.53846e-05	7.69231e-06	0.0032	0.00184615	0.000169231	0.00103846	0.000169231	0.00220769	0.000238462	0.000415385	0.000361538	0.000192308	0.000215385	0.00253846	0.000276923	0.0006	0.000446154	0.000630769	0.00154615	
0.000569231	0.000553846	0.000338462	0.000161538	0.00100769	0.000223077	0.000184615	0.000207692	0.000146154	5.38462e-05	0.00131538	0.000107692	0	0	0	0	0	3.84615e-05	0	0.00158462	0.000892308	5.38462e-05	0.000615385	6.15385e-05	0.00113846	0.000161538	0.000161538	0.000161538	0.000184615	9.23077e-05	0.00119231	0.000153846	0.000323077	0.000230769	0.000276923	0.000792308	
0.327208	0.354231	0.190569	0.121192	0.629608	0.108815	0.115585	0.139192	0.0951231	0.0269385	0.801754	0.0693846	0	0	0	0	0.00199231	0.0120154	0.00246923	0.976723	0.591092	0.0327231	0.336123	0.0332615	0.679785	0.0778	0.121669	0.113946	0.0810538	0.0602385	0.776531	0.0753769	0.168031	0.162277	0.186269	0.476623	
0.000723077	0.000623077	0.0004	0.000207692	0.00131538	0.000176923	0.000238462	0.000223077	0.000146154	4.61538e-05	0.00161538	0.000146154	0	0	0	0	0	7.69231e-06	0	0.00194615	0.00113077	6.15385e-05	0.000707692	5.38462e-05	0.00138462	0.000123077	0.000261538	0.000184615	0.000146154	0.0001	0.00157692	0.000130769	0.000261538	0.000330769	0.000353846	0.00100769	
0.000676923	0.000707692	0.000346154	0.000261538	0.00129231	0.000192308	0.000230769	0.000276923	0.000207692	3.84615e-05	0.00163077	0.000115385	0	0	0.00199231	0	0	0	0	0	0.0012	7.69231e-05	0.000607692	0.000107692	0.00137692	0.000215385	0.000184615	0.000215385	0.000153846	0.000146154	0.00154615	0.000146154	0.000230769	0.000307692	0.000369231	0.00108462	
0.00378462	0.00437692	0.00239231	0.00152308	0.00752308	0.0012	0.00143846	0.00191538	0.00111538	0.000323077	0.00976154	0.000876923	1.53846e-05	3.84615e-05	0.0120154	7.69231e-06	0	0	0	0	0.00725385	0.000376923	0.00403077	0.000415385	0.00819231	0.000930769	0.00158462	0.00136923	0.0009	0.000753846	0.00950769	0.000915385	0.00200769	0.00198462	0.00216154	0.00592308	
0.000815385	0.000892308	0.000538462	0.000230769	0.00159231	0.0003	0.000261538	0.000323077	0.000261538	7.69231e-05	0.00197692	0.000161538	7.69231e-06	0	0.00246923	0	0	0	0	0	0.00147692	0.0001	0.000807692	9.23077e-05	0.00165385	0.000176923	0.000369231	0.000276923	0.000261538	0.000184615	0.00186154	0.000169231	0.0004	0.000323077	0.000530769	0.00122308	
0.3242	0.350654	0.188715	0.119885	0.623462	0.107915	0.114515	0.137562	0.0941769	0.0266769	0.793923	0.0686769	0.0032	0.00158462	0.976723	0.00194615	0	0	0	0	0.585031	0.0324538	0.333038	0.0329308	0.673292	0.077	0.120369	0.112792	0.0802615	0.0595615	0.768923	0.0747077	0.166577	0.160669	0.184469	0.471738	
0.195892	0.212492	0.115185	0.0713923	0.386831	0.0623308	0.0661462	0.0796538	0.0555692	0.0158154	0.483323	0.0402538	0.00184615	0.000892308	0.591092	0.00113077	0.0012	0.00725385	0.00147692	0.585031	0	0	0	0	0.366231	0.0570923	0.0888308	0.0828077	0.0660462	0.0496308	0.417546	0.0617385	0.104654	0.100315	0.115715	0.274277	
0.0109154	0.0117846	0.00613846	0.00416923	0.0209	0.00357692	0.00395385	0.00457692	0.00332308	0.000884615	0.0265462	0.00225385	0.000169231	5.38462e-05	0.0327231	6.15385e-05	7.69231e-05	0.000376923	0.0001	0.0324538	0	0	0	0	0.0206385	0.0029	0.00492308	0.00454615	0.00127692	0.000892308	0.0296615	0.00117692	0.00526154	0.00505385	0.00619231	0.0165	
0.111408	0.120377	0.0643154	0.0423846	0.204654	0.0400923	0.0427077	0.0510308	0.0334231	0.00958462	0.270531	0.0249462	0.00103846	0.000615385	0.336123	0.000707692	0.000607692	0.00403077	0.000807692	0.333038	0	0	0	0	0.2767	0.0150154	0.0239077	0.0228615	0.0129385	0.00936154	0.304438	0.0117462	0.0539769	0.0524462	0.0596077	0.172454	
0.0112615	0.0119769	0.00635385	0.00395385	0.0214846	0.00360769	0.00363846	0.00481538	0.00344615	0.000830769	0.0268923	0.00237692	0.000169231	6.15385e-05	0.0332615	5.38462e-05	0.000107692	0.000415385	9.23077e-05	0.0329308	0	0	0	0	0.0209462	0.00331538	0.00484615	0.00443846	0.00131538	0.000761538	0.0301923	0.00127692	0.00532308	0.00546923	0.00601538	0.0167385	
0.222585	0.241423	0.129754	0.0907538	0.391346	0.0876769	0.0934308	0.112062	0.0693308	0.0198923	0.544815	0.0504769	0.00220769	0.00113846	0.679785	0.00138462	0.00137692	0.00819231	0.00165385	0.673292	0.366231	0.0206385	0.2767	0.0209462	0	0	0	0	0.0520231	0.0390385	0.544954	0.0485	0.112554	0.1091	0.123962	0.3389	
0.0266385	0.0281	0.0159692	0.00761538	0.0598769	0.00554615	0.00578462	0.00711538	0.00674615	0.00204615	0.0647	0.00483077	0.000238462	0.000161538	0.0778	0.000123077	0.000215385	0.000930769	0.000176923	0.077	0.0570923	0.0029	0.0150154	0.00331538	0	0	0	0	0.00744615	0.00561538	0.0585154	0.00674615	0.0141	0.0132231	0.0154538	0.0355462	
0.0418923	0.0444846	0.0241385	0.0119923	0.0943769	0.00857692	0.00878462	0.0107692	0.0100385	0.00265385	0.102215	0.0076	0.000415385	0.000161538	0.121669	0.000261538	0.000184615	0.00158462	0.000369231	0.120369	0.0888308	0.00492308	0.0239077	0.00484615	0	0	0	0	0.0116231	0.00833077	0.0917692	0.0107846	0.0220769	0.0211385	0.0250462	0.0542462	
0.0383615	0.0426231	0.0221308	0.0115385	0.0882692	0.00780769	0.00844615	0.0101308	0.00964615	0.00252308	0.0955615	0.00692308	0.000361538	0.000161538	0.113946	0.000184615	0.000215385	0.00136923	0.000276923	0.112792	0.0828077	0.00454615	0.0228615	0.00443846	0	0	0	0	0.0104846	0.00766154	0.0866	0.00990769	0.0204846	0.0198231	0.0230692	0.0512769	
0.0271308	0.0292538	0.0154769	0.00971538	0.0548769	0.00799231	0.00845385	0.0102538	0.00624615	0.00197692	0.0686923	0.00466154	0.000192308	0.000184615	0.0810538	0.000146154	0.000153846	0.0009	0.000261538	0.0802615	0.0660462	0.00127692	0.0129385	0.00131538	0.0520231	0.00744615	0.0116231	0.0104846	0	0	0	0	0.0184385	0.0172615	0.0201692	0.0257077	
0.0202154	0.0217538	0.0118385	0.00683846	0.0406077	0.00594615	0.00634615	0.00774615	0.00459231	0.0014	0.0512077	0.00344615	0.000215385	9.23077e-05	0.0602385	0.0001	0.000146154	0.000753846	0.000184615	0.0595615	0.0496308	0.000892308	0.00936154	0.000761538	0.0390385	0.00561538	0.00833077	0.00766154	0	0	0	0	0.0134308	0.0135	0.0149692	0.0187462	
0.257154	0.278508	0.149854	0.0963231	0.4874	0.0882462	0.0937231	0.112469	0.0787692	0.0221538	0.623254	0.0576615	0.00253846	0.00119231	0.776531	0.00157692	0.00154615	0.00950769	0.00186154	0.768923	0.417546	0.0296615	0.304438	0.0301923	0.544954	0.0585154	0.0917692	0.0866	0	0	0	0	0.120638	0.115954	0.133477	0.411769	
0.0249769	0.0271154	0.0148231	0.00902308	0.0509846	0.00742308	0.00792308	0.00960769	0.00615385	0.00158462	0.0641385	0.00406154	0.000276923	0.000153846	0.0753769	0.000130769	0.000146154	0.000915385	0.000169231	0.0747077	0.0617385	0.00117692	0.0117462	0.00127692	0.0485	0.00674615	0.0107846	0.00990769	0	0	0	0	0.0167077	0.0165692	0.0189154	0.0237462	
0.0569615	0.0605154	0.0335231	0.0182154	0.122462	0.014	0.0150846	0.0176692	0.00767692	0.00210769	0.153954	0.00547692	0.0006	0.000323077	0.168031	0.000261538	0.000230769	0.00200769	0.0004	0.166577	0.104654	0.00526154	0.0539769	0.00532308	0.112554	0.0141	0.0220769	0.0204846	0.0184385	0.0134308	0.120638	0.0167077	0	0	0	0	
0.0550308	0.0597923	0.0312923	0.0171692	0.118385	0.0134538	0.0140846	0.0173615	0.00752308	0.00221538	0.1482	0.00534615	0.000446154	0.000230769	0.162277	0.000330769	0.000307692	0.00198462	0.000323077	0.160669	0.100315	0.00505385	0.0524462	0.00546923	0.1091	0.0132231	0.0211385	0.0198231	0.0172615	0.0135	0.115954	0.0165692	0	0	0	0	
0.0635615	0.0677308	0.0363846	0.0198538	0.136385	0.0152846	0.0166077	0.0192538	0.00863846	0.00237692	0.170531	0.00598462	0.000630769	0.000276923	0.186269	0.000353846	0.000369231	0.00216154	0.000530769	0.184469	0.115715	0.00619231	0.0596077	0.00601538	0.123962	0.0154538	0.0250462	0.0230692	0.0201692	0.0149692	0.133477	0.0189154	0	0	0	0	
0.153923	0.168592	0.0907923	0.0666615	0.256638	0.0668692	0.0706692	0.0857923	0.0719231	0.0204154	0.334608	0.0530231	0.00154615	0.000792308	0.476623	0.00100769	0.00108462	0.00592308	0.00122308	0.471738	0.274277	0.0165	0.172454	0.0167385	0.3389	0.0355462	0.0542462	0.0512769	0.0257077	0.0187462	0.411769	0.0237462	0	0	0	0	
