0	0	0	0	0.224162	0.0311923	0.0331462	0.0400769	0.0291231	0.00868462	0.268015	0.0227538	0.000946154	0.000584615	0.326285	0.000761538	0.000692308	0.00399231	0.000838462	0.323054	0.1967	0.0105538	0.109423	0.0119	0.221131	0.0269615	0.0412385	0.0392462	0.0273846	0.0198385	0.256915	0.0244385	0.0563385	0.0552154	0.0630769	0.153946	
0	0	0	0	0.245354	0.0342692	0.0365615	0.0425769	0.0328462	0.00926154	0.292108	0.0245462	0.00124615	0.000630769	0.356231	0.000653846	0.000746154	0.00434615	0.000646154	0.353023	0.215846	0.0116462	0.119069	0.0122	0.242108	0.0286308	0.0452692	0.0427538	0.0293	0.0219231	0.281092	0.0264462	0.0613615	0.0595462	0.0683231	0.169531	
0	0	0	0	0.130423	0.018	0.0193615	0.0226385	0.0172846	0.00506923	0.155715	0.0123538	0.000515385	0.000392308	0.189054	0.000461538	0.000369231	0.00218462	0.000461538	0.187408	0.113792	0.0061	0.0639615	0.00656923	0.128108	0.0158462	0.0236769	0.0227923	0.0153923	0.0116692	0.148638	0.0147231	0.0330077	0.0315923	0.0365692	0.0892538	
0	0	0	0	0.0351615	0.0266154	0.0276692	0.0327923	0.0150462	0.00433077	0.0914385	0.0114231	0.000469231	0.000184615	0.121277	0.000307692	0.000307692	0.00143846	0.000307692	0.120185	0.0709846	0.00372308	0.0430846	0.00444615	0.092	0.0075	0.0118308	0.0109077	0.00909231	0.00708462	0.0974615	0.0086	0.0187538	0.0175615	0.0198462	0.0660769	
0.224162	0.245354	0.130423	0.0351615	0	0	0	0	0.0402692	0.0115846	0.5531	0.0301462	0.00186923	0.00117692	0.630631	0.00142308	0.00132308	0.0078	0.00145385	0.624523	0.388515	0.0210154	0.202862	0.0227077	0.389977	0.0610462	0.0945846	0.0894923	0.0548154	0.0401385	0.490469	0.0496769	0.122292	0.119069	0.136669	0.257069	
0.0311923	0.0342692	0.018	0.0266154	0	0	0	0	0.0161769	0.00483846	0.0769077	0.0121538	0.000376923	0.000184615	0.109254	0.000261538	0.000284615	0.00104615	0.000269231	0.108477	0.0625769	0.00324615	0.0404308	0.00382308	0.0887385	0.00520769	0.0083	0.00783077	0.00787692	0.00593846	0.0886692	0.00759231	0.0143846	0.0136308	0.0152615	0.0668	
0.0331462	0.0365615	0.0193615	0.0276692	0	0	0	0	0.0174692	0.00506923	0.0811077	0.0130923	0.000446154	0.000230769	0.115854	0.000207692	0.000276923	0.00133077	0.000261538	0.114869	0.0667846	0.00330769	0.0427923	0.00385385	0.0931308	0.0058	0.00883846	0.00896923	0.00888462	0.0064	0.0938462	0.00760769	0.0151	0.0144077	0.0164769	0.0707538	
0.0400769	0.0425769	0.0226385	0.0327923	0	0	0	0	0.0203846	0.00585385	0.0961615	0.0156846	0.000484615	0.0002	0.137108	0.000292308	0.000230769	0.00178462	0.000269231	0.1358	0.0794462	0.00445385	0.0494538	0.00473077	0.1115	0.00688462	0.0102923	0.00940769	0.00959231	0.00803846	0.111123	0.00933077	0.0176846	0.0168077	0.0194077	0.0841846	
0.0291231	0.0328462	0.0172846	0.0150462	0.0402692	0.0161769	0.0174692	0.0203846	0	0	0	0	0.000261538	0.0001	0.0936231	0.000315385	0.000176923	0.00128462	0.000161538	0.0926769	0.0556077	0.00306923	0.0324538	0.00316923	0.0682	0.00623846	0.0102154	0.00964615	0.00612308	0.0047	0.0776923	0.00578462	0.00722308	0.00736154	0.00837692	0.0713385	
0.00868462	0.00926154	0.00506923	0.00433077	0.0115846	0.00483846	0.00506923	0.00585385	0	0	0	0	0.0001	5.38462e-05	0.0271462	4.61538e-05	6.15385e-05	0.000261538	7.69231e-05	0.0269462	0.0159462	0.000838462	0.00948462	0.00107692	0.0199077	0.00190769	0.00292308	0.00260769	0.00188462	0.00126154	0.0227077	0.00149231	0.0022	0.0021	0.00256923	0.0204769	
0.268015	0.292108	0.155715	0.0914385	0.5531	0.0769077	0.0811077	0.0961615	0	0	0	0	0.00253077	0.00152308	0.801554	0.00166923	0.00170769	0.00953077	0.00177692	0.794262	0.484777	0.0260462	0.267992	0.0284615	0.544038	0.0656923	0.101362	0.0961846	0.0685077	0.0513538	0.624938	0.0624769	0.154262	0.148838	0.170277	0.3339	
0.0227538	0.0245462	0.0123538	0.0114231	0.0301462	0.0121538	0.0130923	0.0156846	0	0	0	0	0.000284615	0.000115385	0.0705231	0.000153846	0.000169231	0.000884615	0.000238462	0.0697846	0.0409923	0.00206923	0.0256077	0.00240769	0.0512	0.0051	0.00751538	0.00726154	0.00465385	0.0032	0.0587692	0.00445385	0.00577692	0.00561538	0.00659231	0.0530923	
0.000946154	0.00124615	0.000515385	0.000469231	0.00186923	0.000376923	0.000446154	0.000484615	0.000261538	0.0001	0.00253077	0.000284615	0	0	0	0	7.69231e-06	3.84615e-05	7.69231e-06	0.00312308	0.00180769	0.000130769	0.00116923	6.92308e-05	0.00214615	0.000238462	0.000384615	0.000407692	0.000284615	0.000184615	0.00251538	0.000192308	0.000515385	0.000576923	0.000584615	0.0015	
0.000584615	0.000630769	0.000392308	0.000184615	0.00117692	0.000184615	0.000230769	0.0002	0.0001	5.38462e-05	0.00152308	0.000115385	0	0	0	0	0	1.53846e-05	0	0.00177692	0.00106154	5.38462e-05	0.000615385	6.15385e-05	0.00113846	0.000161538	0.000261538	0.000230769	0.000169231	0.000115385	0.00136154	0.000146154	0.000353846	0.000361538	0.000369231	0.000707692	
0.326285	0.356231	0.189054	0.121277	0.630631	0.109254	0.115854	0.137108	0.0936231	0.0271462	0.801554	0.0705231	0	0	0	0	0.0021	0.0118769	0.00222308	0.976646	0.593146	0.0317538	0.333077	0.0348692	0.678515	0.0783538	0.121123	0.114854	0.0805615	0.0600923	0.7785	0.0736923	0.168208	0.162631	0.1864	0.475608	
0.000761538	0.000653846	0.000461538	0.000307692	0.00142308	0.000261538	0.000207692	0.000292308	0.000315385	4.61538e-05	0.00166923	0.000153846	0	0	0	0	7.69231e-06	3.07692e-05	2.30769e-05	0.00212308	0.00130769	8.46154e-05	0.000676923	0.000115385	0.00154615	0.000184615	0.000246154	0.000207692	0.000153846	0.000123077	0.00173077	0.000176923	0.000384615	0.000346154	0.000461538	0.000992308	
0.000692308	0.000746154	0.000369231	0.000307692	0.00132308	0.000284615	0.000276923	0.000230769	0.000176923	6.15385e-05	0.00170769	0.000169231	7.69231e-06	0	0.0021	7.69231e-06	0	0	0	0	0.00125385	6.15385e-05	0.000730769	6.92308e-05	0.00153077	0.000176923	0.000184615	0.000223077	0.000192308	0.000184615	0.00157692	0.000161538	0.000376923	0.000376923	0.000323077	0.00103846	
0.00399231	0.00434615	0.00218462	0.00143846	0.0078	0.00104615	0.00133077	0.00178462	0.00128462	0.000261538	0.00953077	0.000884615	3.84615e-05	1.53846e-05	0.0118769	3.07692e-05	0	0	0	0	0.00689231	0.000376923	0.0043	0.000392308	0.00826923	0.0009	0.00146923	0.00132308	0.00103846	0.000815385	0.00919231	0.000915385	0.00216923	0.00198462	0.00223077	0.00557692	
0.000838462	0.000646154	0.000461538	0.000307692	0.00145385	0.000269231	0.000261538	0.000269231	0.000161538	7.69231e-05	0.00177692	0.000238462	7.69231e-06	0	0.00222308	2.30769e-05	0	0	0	0	0.00139231	5.38462e-05	0.000738462	6.92308e-05	0.00147692	0.0002	0.000276923	0.0003	0.000192308	0.000146154	0.00176154	0.000153846	0.000376923	0.000323077	0.000369231	0.00118462	
0.323054	0.353023	0.187408	0.120185	0.624523	0.108477	0.114869	0.1358	0.0926769	0.0269462	0.794262	0.0697846	0.00312308	0.00177692	0.976646	0.00212308	0	0	0	0	0.587785	0.0315308	0.329769	0.0345846	0.672069	0.0776615	0.120085	0.113854	0.0797462	0.0593692	0.771577	0.0729769	0.166538	0.161231	0.184892	0.471008	
0.1967	0.215846	0.113792	0.0709846	0.388515	0.0625769	0.0667846	0.0794462	0.0556077	0.0159462	0.484777	0.0409923	0.00180769	0.00106154	0.593146	0.00130769	0.00125385	0.00689231	0.00139231	0.587785	0	0	0	0	0.367962	0.0566385	0.0890231	0.0837	0.0658462	0.0492615	0.421608	0.0606077	0.105377	0.100946	0.116885	0.274115	
0.0105538	0.0116462	0.0061	0.00372308	0.0210154	0.00324615	0.00330769	0.00445385	0.00306923	0.000838462	0.0260462	0.00206923	0.000130769	5.38462e-05	0.0317538	8.46154e-05	6.15385e-05	0.000376923	5.38462e-05	0.0315308	0	0	0	0	0.0198385	0.00314615	0.00462308	0.00441538	0.0013	0.0008	0.0289385	0.000984615	0.00508462	0.00525385	0.00586923	0.0158154	
0.109423	0.119069	0.0639615	0.0430846	0.202862	0.0404308	0.0427923	0.0494538	0.0324538	0.00948462	0.267992	0.0256077	0.00116923	0.000615385	0.333077	0.000676923	0.000730769	0.0043	0.000738462	0.329769	0	0	0	0	0.273208	0.0159077	0.0236	0.0228231	0.0128077	0.00939231	0.301954	0.0113846	0.0533385	0.0518	0.0589462	0.171454	
0.0119	0.0122	0.00656923	0.00444615	0.0227077	0.00382308	0.00385385	0.00473077	0.00316923	0.00107692	0.0284615	0.00240769	6.92308e-05	6.15385e-05	0.0348692	0.000115385	6.92308e-05	0.000392308	6.92308e-05	0.0345846	0	0	0	0	0.0223385	0.00324615	0.00476923	0.00476154	0.00121538	0.00106154	0.0316077	0.00123077	0.00566154	0.00591538	0.00611538	0.0174231	
0.221131	0.242108	0.128108	0.092	0.389977	0.0887385	0.0931308	0.1115	0.0682	0.0199077	0.544038	0.0512	0.00214615	0.00113846	0.678515	0.00154615	0.00153077	0.00826923	0.00147692	0.672069	0.367962	0.0198385	0.273208	0.0223385	0	0	0	0	0.0516077	0.0394923	0.5451	0.0471462	0.112492	0.108292	0.124477	0.338085	
0.0269615	0.0286308	0.0158462	0.0075	0.0610462	0.00520769	0.0058	0.00688462	0.00623846	0.00190769	0.0656923	0.0051	0.000238462	0.000161538	0.0783538	0.000184615	0.000176923	0.0009	0.0002	0.0776615	0.0566385	0.00314615	0.0159077	0.00324615	0	0	0	0	0.00723846	0.00507692	0.0598	0.00682308	0.0143692	0.0139308	0.0157385	0.0349	
0.0412385	0.0452692	0.0236769	0.0118308	0.0945846	0.0083	0.00883846	0.0102923	0.0102154	0.00292308	0.101362	0.00751538	0.000384615	0.000261538	0.121123	0.000246154	0.000184615	0.00146923	0.000276923	0.120085	0.0890231	0.00462308	0.0236	0.00476923	0	0	0	0	0.0114769	0.00810769	0.0919769	0.0104538	0.0222692	0.0210692	0.0245462	0.0541308	
0.0392462	0.0427538	0.0227923	0.0109077	0.0894923	0.00783077	0.00896923	0.00940769	0.00964615	0.00260769	0.0961846	0.00726154	0.000407692	0.000230769	0.114854	0.000207692	0.000223077	0.00132308	0.0003	0.113854	0.0837	0.00441538	0.0228231	0.00476154	0	0	0	0	0.0108462	0.00783846	0.0872308	0.00978462	0.0203308	0.0206231	0.0230538	0.0516923	
0.0273846	0.0293	0.0153923	0.00909231	0.0548154	0.00787692	0.00888462	0.00959231	0.00612308	0.00188462	0.0685077	0.00465385	0.000284615	0.000169231	0.0805615	0.000153846	0.000192308	0.00103846	0.000192308	0.0797462	0.0658462	0.0013	0.0128077	0.00121538	0.0516077	0.00723846	0.0114769	0.0108462	0	0	0	0	0.0185538	0.0170308	0.0205385	0.0250462	
0.0198385	0.0219231	0.0116692	0.00708462	0.0401385	0.00593846	0.0064	0.00803846	0.0047	0.00126154	0.0513538	0.0032	0.000184615	0.000115385	0.0600923	0.000123077	0.000184615	0.000815385	0.000146154	0.0593692	0.0492615	0.0008	0.00939231	0.00106154	0.0394923	0.00507692	0.00810769	0.00783846	0	0	0	0	0.0133846	0.0132077	0.0154846	0.0184385	
0.256915	0.281092	0.148638	0.0974615	0.490469	0.0886692	0.0938462	0.111123	0.0776923	0.0227077	0.624938	0.0587692	0.00251538	0.00136154	0.7785	0.00173077	0.00157692	0.00919231	0.00176154	0.771577	0.421608	0.0289385	0.301954	0.0316077	0.5451	0.0598	0.0919769	0.0872308	0	0	0	0	0.120915	0.117585	0.132985	0.412623	
0.0244385	0.0264462	0.0147231	0.0086	0.0496769	0.00759231	0.00760769	0.00933077	0.00578462	0.00149231	0.0624769	0.00445385	0.000192308	0.000146154	0.0736923	0.000176923	0.000161538	0.000915385	0.000153846	0.0729769	0.0606077	0.000984615	0.0113846	0.00123077	0.0471462	0.00682308	0.0104538	0.00978462	0	0	0	0	0.0166077	0.0160923	0.0188077	0.0227	
0.0563385	0.0613615	0.0330077	0.0187538	0.122292	0.0143846	0.0151	0.0176846	0.00722308	0.0022	0.154262	0.00577692	0.000515385	0.000353846	0.168208	0.000384615	0.000376923	0.00216923	0.000376923	0.166538	0.105377	0.00508462	0.0533385	0.00566154	0.112492	0.0143692	0.0222692	0.0203308	0.0185538	0.0133846	0.120915	0.0166077	0	0	0	0	
0.0552154	0.0595462	0.0315923	0.0175615	0.119069	0.0136308	0.0144077	0.0168077	0.00736154	0.0021	0.148838	0.00561538	0.000576923	0.000361538	0.162631	0.000346154	0.000376923	0.00198462	0.000323077	0.161231	0.100946	0.00525385	0.0518	0.00591538	0.108292	0.0139308	0.0210692	0.0206231	0.0170308	0.0132077	0.117585	0.0160923	0	0	0	0	
0.0630769	0.0683231	0.0365692	0.0198462	0.136669	0.0152615	0.0164769	0.0194077	0.00837692	0.00256923	0.170277	0.00659231	0.000584615	0.000369231	0.1864	0.000461538	0.000323077	0.00223077	0.000369231	0.184892	0.116885	0.00586923	0.0589462	0.00611538	0.124477	0.0157385	0.0245462	0.0230538	0.0205385	0.0154846	0.132985	0.0188077	0	0	0	0	
0.153946	0.169531	0.0892538	0.0660769	0.257069	0.0668	0.0707538	0.0841846	0.0713385	0.0204769	0.3339	0.0530923	0.0015	0.000707692	0.475608	0.000992308	0.00103846	0.00557692	0.00118462	0.471008	0.274115	0.0158154	0.171454	0.0174231	0.338085	0.0349	0.0541308	0.0516923	0.0250462	0.0184385	0.412623	0.0227	0	0	0	0	
