0	0	0	0	0.225038	0.0318385	0.0341077	0.0397615	0.0294308	0.00848462	0.270608	0.0222231	0.00113846	0.000569231	0.328515	0.000523077	0.0007	0.00414615	0.0007	0.3252	0.1971	0.0106154	0.111562	0.0114692	0.225515	0.0263385	0.0404923	0.0384	0.0273231	0.0205692	0.258077	0.0247769	0.0572	0.0549231	0.0631308	0.155492	
0	0	0	0	0.244523	0.0343538	0.0369385	0.0427769	0.0330077	0.00974615	0.291908	0.0239308	0.00123846	0.000653846	0.356062	0.000638462	0.0008	0.00499231	0.000838462	0.351962	0.215731	0.0112231	0.119362	0.0122769	0.241992	0.0289385	0.0450385	0.0426231	0.0283308	0.0225308	0.281092	0.0266385	0.0618231	0.0593154	0.0691385	0.168315	
0	0	0	0	0.128569	0.0182923	0.0193154	0.0219923	0.0176	0.00493077	0.153331	0.0123077	0.000561538	0.0003	0.186969	0.000338462	0.000376923	0.0023	0.000323077	0.185169	0.112677	0.00606923	0.0629077	0.00651538	0.127277	0.0152308	0.0233462	0.0223154	0.0150308	0.0112846	0.1476	0.0142538	0.0324385	0.0311	0.0363077	0.0883231	
0	0	0	0	0.0344923	0.0266923	0.0285923	0.0327154	0.0152231	0.00422308	0.0913	0.0117462	0.000438462	0.000192308	0.1216	0.000261538	0.000315385	0.00144615	0.000253846	0.120477	0.0718923	0.0036	0.0427077	0.00429231	0.0918462	0.00764615	0.0116154	0.0113846	0.00967692	0.00716923	0.0971692	0.00847692	0.0179769	0.0170154	0.0196692	0.0678308	
0.225038	0.244523	0.128569	0.0344923	0	0	0	0	0.0396308	0.0112846	0.5517	0.0300077	0.00203077	0.00103077	0.628485	0.00107692	0.00137692	0.00815385	0.00134615	0.621746	0.388008	0.0202077	0.202569	0.0218385	0.391185	0.0601231	0.0931615	0.0881538	0.0534154	0.0414	0.487854	0.0499538	0.123223	0.117492	0.136692	0.255215	
0.0318385	0.0343538	0.0182923	0.0266923	0	0	0	0	0.0171923	0.00494615	0.0772615	0.0117769	0.000338462	0.000207692	0.110462	0.000169231	0.000307692	0.00153846	0.000223077	0.109108	0.0634231	0.00334615	0.0406077	0.0038	0.0891769	0.00546154	0.00829231	0.00824615	0.00786154	0.006	0.0902231	0.00709231	0.0137923	0.0131	0.0152615	0.0690231	
0.0341077	0.0369385	0.0193154	0.0285923	0	0	0	0	0.0181385	0.0055	0.0823692	0.0129462	0.000423077	0.000207692	0.118069	0.000253846	0.000253846	0.00141538	0.000307692	0.116977	0.0677769	0.00356154	0.0434385	0.00417692	0.0958	0.0057	0.00890769	0.00854615	0.00883846	0.00666923	0.0952615	0.00818462	0.0150308	0.0146385	0.0170462	0.0722385	
0.0397615	0.0427769	0.0219923	0.0327154	0	0	0	0	0.0203	0.00565385	0.0958154	0.0154769	0.000584615	0.000269231	0.136131	0.000261538	0.000253846	0.00177692	0.000238462	0.134977	0.0781923	0.00439231	0.0499231	0.00473846	0.110469	0.00686923	0.0101308	0.00977692	0.0102462	0.00748462	0.1106	0.00891538	0.0173923	0.0171231	0.0192462	0.0834846	
0.0294308	0.0330077	0.0176	0.0152231	0.0396308	0.0171923	0.0181385	0.0203	0	0	0	0	0.000323077	0.000215385	0.0945308	0.000192308	0.000230769	0.00125385	0.000307692	0.0934692	0.0547	0.00316154	0.0337385	0.00366154	0.0696538	0.00660769	0.00976923	0.00923077	0.00628462	0.00463077	0.0782692	0.00607692	0.00761538	0.00700769	0.0088	0.0718385	
0.00848462	0.00974615	0.00493077	0.00422308	0.0112846	0.00494615	0.0055	0.00565385	0	0	0	0	0.000115385	6.92308e-05	0.0271385	6.15385e-05	6.15385e-05	0.000338462	0.0001	0.0268846	0.0158769	0.000815385	0.00973077	0.000961538	0.0199385	0.00181538	0.00292308	0.00270769	0.00176923	0.00150769	0.0224308	0.00167692	0.00220769	0.00215385	0.00263846	0.0203846	
0.270608	0.291908	0.153331	0.0913	0.5517	0.0772615	0.0823692	0.0958154	0	0	0	0	0.00277692	0.00132308	0.801708	0.00133846	0.00177692	0.0103231	0.00157692	0.793469	0.486246	0.0253308	0.268223	0.0273462	0.5464	0.0651	0.100323	0.0953231	0.0678846	0.0522692	0.624869	0.0621231	0.153792	0.147631	0.170685	0.335038	
0.0222231	0.0239308	0.0123077	0.0117462	0.0300077	0.0117769	0.0129462	0.0154769	0	0	0	0	0.000161538	0.000107692	0.0697692	0.000169231	0.000123077	0.000969231	0.000130769	0.0689846	0.0405769	0.0022	0.0248462	0.00258462	0.0506385	0.00463077	0.00747692	0.00746154	0.00442308	0.00314615	0.0583692	0.00426923	0.00582308	0.00556154	0.00612308	0.0527	
0.00113846	0.00123846	0.000561538	0.000438462	0.00203077	0.000338462	0.000423077	0.000584615	0.000323077	0.000115385	0.00277692	0.000161538	0	0	0	0	7.69231e-06	6.15385e-05	7.69231e-06	0.0033	0.0021	0.0001	0.00107692	0.0001	0.00245385	0.000215385	0.000369231	0.000338462	0.000284615	0.000207692	0.00265385	0.000230769	0.000638462	0.000561538	0.000630769	0.00154615	
0.000569231	0.000653846	0.0003	0.000192308	0.00103077	0.000207692	0.000207692	0.000269231	0.000215385	6.92308e-05	0.00132308	0.000107692	0	0	0	0	0	7.69231e-06	7.69231e-06	0.0017	0.00104615	3.07692e-05	0.000538462	0.0001	0.00110769	0.000161538	0.000261538	0.000184615	0.0001	6.92308e-05	0.00133077	0.000215385	0.000276923	0.000261538	0.000276923	0.0009	
0.328515	0.356062	0.186969	0.1216	0.628485	0.110462	0.118069	0.136131	0.0945308	0.0271385	0.801708	0.0697692	0	0	0	0	0.00217692	0.0128	0.0021	0.976069	0.593138	0.0313077	0.3344	0.0343	0.681869	0.0776231	0.119685	0.113969	0.0798385	0.0611385	0.778623	0.0735462	0.168162	0.161277	0.187008	0.4767	
0.000523077	0.000638462	0.000338462	0.000261538	0.00107692	0.000169231	0.000253846	0.000261538	0.000192308	6.15385e-05	0.00133846	0.000169231	0	0	0	0	7.69231e-06	1.53846e-05	0	0.00173846	0.00111538	6.92308e-05	0.000523077	5.38462e-05	0.0012	0.000153846	0.000176923	0.000230769	0.000138462	0.000138462	0.00133077	0.000153846	0.000361538	0.000253846	0.000330769	0.000815385	
0.0007	0.0008	0.000376923	0.000315385	0.00137692	0.000307692	0.000253846	0.000253846	0.000230769	6.15385e-05	0.00177692	0.000123077	7.69231e-06	0	0.00217692	7.69231e-06	0	0	0	0	0.00120769	8.46154e-05	0.000846154	5.38462e-05	0.00147692	0.000215385	0.000292308	0.000207692	0.000138462	0.000138462	0.00175385	0.000161538	0.000338462	0.000423077	0.000346154	0.00108462	
0.00414615	0.00499231	0.0023	0.00144615	0.00815385	0.00153846	0.00141538	0.00177692	0.00125385	0.000338462	0.0103231	0.000969231	6.15385e-05	7.69231e-06	0.0128	1.53846e-05	0	0	0	0	0.00761538	0.000423077	0.0044	0.000446154	0.00860769	0.000946154	0.00155385	0.00177692	0.00106154	0.000776923	0.0101385	0.000907692	0.00211538	0.00220769	0.00232308	0.00623846	
0.0007	0.000838462	0.000323077	0.000253846	0.00134615	0.000223077	0.000307692	0.000238462	0.000307692	0.0001	0.00157692	0.000130769	7.69231e-06	7.69231e-06	0.0021	0	0	0	0	0	0.00126154	4.61538e-05	0.000723077	8.46154e-05	0.00137692	0.000192308	0.000276923	0.000269231	0.000153846	0.000123077	0.00159231	0.000246154	0.000323077	0.000284615	0.000430769	0.00107692	
0.3252	0.351962	0.185169	0.120477	0.621746	0.109108	0.116977	0.134977	0.0934692	0.0268846	0.793469	0.0689846	0.0033	0.0017	0.976069	0.00173846	0	0	0	0	0.587315	0.0309538	0.330569	0.0339692	0.675169	0.0768	0.118369	0.112469	0.0790077	0.0605154	0.770454	0.0728308	0.166662	0.159438	0.185146	0.471562	
0.1971	0.215731	0.112677	0.0718923	0.388008	0.0634231	0.0677769	0.0781923	0.0547	0.0158769	0.486246	0.0405769	0.0021	0.00104615	0.593138	0.00111538	0.00120769	0.00761538	0.00126154	0.587315	0	0	0	0	0.370131	0.0566846	0.0874385	0.0831462	0.0658692	0.0501231	0.421162	0.0602462	0.104846	0.100754	0.116977	0.274823	
0.0106154	0.0112231	0.00606923	0.0036	0.0202077	0.00334615	0.00356154	0.00439231	0.00316154	0.000815385	0.0253308	0.0022	0.0001	3.07692e-05	0.0313077	6.92308e-05	8.46154e-05	0.000423077	4.61538e-05	0.0309538	0	0	0	0	0.0198769	0.00289231	0.00437692	0.00436154	0.0011	0.000961538	0.0283231	0.00112308	0.00506923	0.00513077	0.00537692	0.0159308	
0.111562	0.119362	0.0629077	0.0427077	0.202569	0.0406077	0.0434385	0.0499231	0.0337385	0.00973077	0.268223	0.0248462	0.00107692	0.000538462	0.3344	0.000523077	0.000846154	0.0044	0.000723077	0.330569	0	0	0	0	0.275146	0.0154154	0.0236231	0.0223538	0.0121692	0.00956154	0.3033	0.0115077	0.0540692	0.0510846	0.0598154	0.171569	
0.0114692	0.0122769	0.00651538	0.00429231	0.0218385	0.0038	0.00417692	0.00473846	0.00366154	0.000961538	0.0273462	0.00258462	0.0001	0.0001	0.0343	5.38462e-05	5.38462e-05	0.000446154	8.46154e-05	0.0339692	0	0	0	0	0.0214769	0.00316154	0.00505385	0.00486154	0.00122308	0.000907692	0.0311538	0.00126923	0.00545385	0.00538462	0.00607692	0.0176385	
0.225515	0.241992	0.127277	0.0918462	0.391185	0.0891769	0.0958	0.110469	0.0696538	0.0199385	0.5464	0.0506385	0.00245385	0.00110769	0.681869	0.0012	0.00147692	0.00860769	0.00137692	0.675169	0.370131	0.0198769	0.275146	0.0214769	0	0	0	0	0.0513692	0.0397538	0.547323	0.0481846	0.113215	0.108123	0.125223	0.340069	
0.0263385	0.0289385	0.0152308	0.00764615	0.0601231	0.00546154	0.0057	0.00686923	0.00660769	0.00181538	0.0651	0.00463077	0.000215385	0.000161538	0.0776231	0.000153846	0.000215385	0.000946154	0.000192308	0.0768	0.0566846	0.00289231	0.0154154	0.00316154	0	0	0	0	0.00704615	0.00535385	0.0593615	0.00639231	0.0142231	0.0134769	0.0159231	0.0345308	
0.0404923	0.0450385	0.0233462	0.0116154	0.0931615	0.00829231	0.00890769	0.0101308	0.00976923	0.00292308	0.100323	0.00747692	0.000369231	0.000261538	0.119685	0.000176923	0.000292308	0.00155385	0.000276923	0.118369	0.0874385	0.00437692	0.0236231	0.00505385	0	0	0	0	0.0111846	0.00843846	0.0907077	0.0101615	0.022	0.0206231	0.0242615	0.0536077	
0.0384	0.0426231	0.0223154	0.0113846	0.0881538	0.00824615	0.00854615	0.00977692	0.00923077	0.00270769	0.0953231	0.00746154	0.000338462	0.000184615	0.113969	0.000230769	0.000207692	0.00177692	0.000269231	0.112469	0.0831462	0.00436154	0.0223538	0.00486154	0	0	0	0	0.0107615	0.00800769	0.0865462	0.00940769	0.02	0.0201308	0.0228385	0.0517538	
0.0273231	0.0283308	0.0150308	0.00967692	0.0534154	0.00786154	0.00883846	0.0102462	0.00628462	0.00176923	0.0678846	0.00442308	0.000284615	0.0001	0.0798385	0.000138462	0.000138462	0.00106154	0.000153846	0.0790077	0.0658692	0.0011	0.0121692	0.00122308	0.0513692	0.00704615	0.0111846	0.0107615	0	0	0	0	0.0180231	0.0171923	0.0204231	0.0247231	
0.0205692	0.0225308	0.0112846	0.00716923	0.0414	0.006	0.00666923	0.00748462	0.00463077	0.00150769	0.0522692	0.00314615	0.000207692	6.92308e-05	0.0611385	0.000138462	0.000138462	0.000776923	0.000123077	0.0605154	0.0501231	0.000961538	0.00956154	0.000907692	0.0397538	0.00535385	0.00843846	0.00800769	0	0	0	0	0.0140462	0.0132462	0.0153538	0.0189077	
0.258077	0.281092	0.1476	0.0971692	0.487854	0.0902231	0.0952615	0.1106	0.0782692	0.0224308	0.624869	0.0583692	0.00265385	0.00133077	0.778623	0.00133077	0.00175385	0.0101385	0.00159231	0.770454	0.421162	0.0283231	0.3033	0.0311538	0.547323	0.0593615	0.0907077	0.0865462	0	0	0	0	0.120408	0.116415	0.133946	0.413169	
0.0247769	0.0266385	0.0142538	0.00847692	0.0499538	0.00709231	0.00818462	0.00891538	0.00607692	0.00167692	0.0621231	0.00426923	0.000230769	0.000215385	0.0735462	0.000153846	0.000161538	0.000907692	0.000246154	0.0728308	0.0602462	0.00112308	0.0115077	0.00126923	0.0481846	0.00639231	0.0101615	0.00940769	0	0	0	0	0.0169615	0.0155	0.0185231	0.0231615	
0.0572	0.0618231	0.0324385	0.0179769	0.123223	0.0137923	0.0150308	0.0173923	0.00761538	0.00220769	0.153792	0.00582308	0.000638462	0.000276923	0.168162	0.000361538	0.000338462	0.00211538	0.000323077	0.166662	0.104846	0.00506923	0.0540692	0.00545385	0.113215	0.0142231	0.022	0.02	0.0180231	0.0140462	0.120408	0.0169615	0	0	0	0	
0.0549231	0.0593154	0.0311	0.0170154	0.117492	0.0131	0.0146385	0.0171231	0.00700769	0.00215385	0.147631	0.00556154	0.000561538	0.000261538	0.161277	0.000253846	0.000423077	0.00220769	0.000284615	0.159438	0.100754	0.00513077	0.0510846	0.00538462	0.108123	0.0134769	0.0206231	0.0201308	0.0171923	0.0132462	0.116415	0.0155	0	0	0	0	
0.0631308	0.0691385	0.0363077	0.0196692	0.136692	0.0152615	0.0170462	0.0192462	0.0088	0.00263846	0.170685	0.00612308	0.000630769	0.000276923	0.187008	0.000330769	0.000346154	0.00232308	0.000430769	0.185146	0.116977	0.00537692	0.0598154	0.00607692	0.125223	0.0159231	0.0242615	0.0228385	0.0204231	0.0153538	0.133946	0.0185231	0	0	0	0	
0.155492	0.168315	0.0883231	0.0678308	0.255215	0.0690231	0.0722385	0.0834846	0.0718385	0.0203846	0.335038	0.0527	0.00154615	0.0009	0.4767	0.000815385	0.00108462	0.00623846	0.00107692	0.471562	0.274823	0.0159308	0.171569	0.0176385	0.340069	0.0345308	0.0536077	0.0517538	0.0247231	0.0189077	0.413169	0.0231615	0	0	0	0	
