0	0	0	0	0.218192	0.0339077	0.0358923	0.0425231	0.0302923	0.00890769	0.268123	0.0231923	0.00105385	0.000530769	0.328262	0.000669231	0.0008	0.00386923	0.000730769	0.325115	0.1979	0.0105462	0.110738	0.0113308	0.224777	0.0270615	0.0406385	0.0380385	0.0269154	0.0212154	0.257608	0.0247769	0.0570692	0.0540154	0.0624462	0.156985	
0	0	0	0	0.237785	0.0359077	0.0391385	0.0454308	0.0326231	0.00903077	0.2915	0.0251077	0.00111538	0.000584615	0.355931	0.000630769	0.000676923	0.00476154	0.000853846	0.351969	0.214262	0.0120154	0.119777	0.0122077	0.242046	0.0284846	0.0454923	0.0422385	0.0291231	0.0221077	0.280454	0.0265769	0.0611538	0.0590385	0.0680692	0.17	
0	0	0	0	0.127069	0.0199	0.0207154	0.0247615	0.0180615	0.00506923	0.155869	0.0134462	0.000761538	0.000346154	0.190862	0.000476923	0.000415385	0.00240769	0.000438462	0.189185	0.114223	0.00636154	0.0651	0.00676154	0.130508	0.0154077	0.0241538	0.0223769	0.0160769	0.0119923	0.149762	0.0146154	0.0336846	0.0320615	0.0361385	0.0905615	
0	0	0	0	0.0462385	0.0221154	0.0234308	0.0269923	0.0136154	0.00432308	0.0904538	0.0103846	0.000369231	0.000246154	0.118	0.000161538	0.000246154	0.00144615	0.000238462	0.116846	0.0694923	0.00372308	0.0412769	0.00428462	0.0875	0.00752308	0.0123385	0.0114154	0.00959231	0.00671538	0.0938538	0.00861538	0.0186385	0.0178154	0.0201154	0.0622077	
0.218192	0.237785	0.127069	0.0462385	0	0	0	0	0.0390769	0.0113538	0.549269	0.0295846	0.00215385	0.000976923	0.624946	0.00120769	0.00142308	0.00782308	0.00148462	0.618554	0.384962	0.0209538	0.201254	0.0221154	0.389146	0.0603231	0.0930462	0.0867692	0.0544462	0.0413462	0.484038	0.0494538	0.123177	0.116623	0.133562	0.255923	
0.0339077	0.0359077	0.0199	0.0221154	0	0	0	0	0.0165769	0.00476923	0.0776385	0.0128462	0.000384615	0.000207692	0.111	0.000238462	0.000192308	0.0014	0.000261538	0.109977	0.0634077	0.00336154	0.0412615	0.0038	0.0893462	0.00534615	0.00892308	0.00821538	0.00807692	0.00609231	0.0898154	0.00784615	0.0144769	0.0140538	0.0154462	0.0678538	
0.0358923	0.0391385	0.0207154	0.0234308	0	0	0	0	0.0177308	0.00532308	0.0822077	0.0139154	0.000346154	0.000230769	0.118362	0.000238462	0.000223077	0.00151538	0.000269231	0.117169	0.0678923	0.00389231	0.0433462	0.00404615	0.0946615	0.00603077	0.0096	0.00888462	0.00865385	0.00690769	0.0958308	0.00778462	0.0153692	0.0146231	0.0171077	0.0720769	
0.0425231	0.0454308	0.0247615	0.0269923	0	0	0	0	0.0212077	0.00588462	0.0968308	0.0157846	0.000415385	0.000292308	0.138746	0.000253846	0.0003	0.00174615	0.000246154	0.137415	0.0796154	0.00443846	0.0510308	0.00462308	0.111677	0.00677692	0.0110538	0.0102	0.0105308	0.00768462	0.111992	0.0095	0.0175231	0.0176308	0.0206538	0.0839	
0.0302923	0.0326231	0.0180615	0.0136154	0.0390769	0.0165769	0.0177308	0.0212077	0	0	0	0	0.000176923	0.000223077	0.0940385	0.000153846	0.000192308	0.0011	0.000207692	0.0930923	0.0549462	0.00317692	0.0329692	0.0035	0.0681615	0.00630769	0.0102385	0.00988462	0.0063	0.00460769	0.0776462	0.00603846	0.00747692	0.00699231	0.00872308	0.0714	
0.00890769	0.00903077	0.00506923	0.00432308	0.0113538	0.00476923	0.00532308	0.00588462	0	0	0	0	8.46154e-05	2.30769e-05	0.0271692	5.38462e-05	3.84615e-05	0.000392308	3.84615e-05	0.0268615	0.0155846	0.000915385	0.00989231	0.000938462	0.0195615	0.00193077	0.00310769	0.00273077	0.00173077	0.00140769	0.0223692	0.00182308	0.00200769	0.00206154	0.00256154	0.0207	
0.268123	0.2915	0.155869	0.0904538	0.549269	0.0776385	0.0822077	0.0968308	0	0	0	0	0.00281538	0.00136154	0.8002	0.00156923	0.00178462	0.0101077	0.00184615	0.792208	0.4839	0.0262385	0.2679	0.0279077	0.544777	0.0652	0.101646	0.0943231	0.0689154	0.0523385	0.622231	0.0624615	0.1554	0.1484	0.169146	0.333	
0.0231923	0.0251077	0.0134462	0.0103846	0.0295846	0.0128462	0.0139154	0.0157846	0	0	0	0	0.000223077	0.0001	0.0716462	0.000161538	0.000123077	0.000884615	0.000169231	0.0709538	0.0414462	0.00231538	0.0261308	0.00223846	0.0523308	0.00503846	0.00763077	0.00713077	0.00476154	0.00367692	0.0594308	0.00426154	0.00566154	0.00547692	0.00633846	0.0546538	
0.00105385	0.00111538	0.000761538	0.000369231	0.00215385	0.000384615	0.000346154	0.000415385	0.000176923	8.46154e-05	0.00281538	0.000223077	0	0	0	0	0	6.92308e-05	0	0.00323077	0.00186154	0.000115385	0.00117692	0.000146154	0.0023	0.000292308	0.000376923	0.000330769	0.000238462	0.000223077	0.00262308	0.000215385	0.000492308	0.000653846	0.000638462	0.00151538	
0.000530769	0.000584615	0.000346154	0.000246154	0.000976923	0.000207692	0.000230769	0.000292308	0.000223077	2.30769e-05	0.00136154	0.0001	0	0	0	0	0	3.07692e-05	0	0.00167692	0.000992308	5.38462e-05	0.000638462	2.30769e-05	0.00120769	0.0001	0.000184615	0.000215385	0.000138462	7.69231e-05	0.00140769	8.46154e-05	0.000315385	0.000215385	0.000323077	0.000853846	
0.328262	0.355931	0.190862	0.118	0.624946	0.111	0.118362	0.138746	0.0940385	0.0271692	0.8002	0.0716462	0	0	0	0	0.00213846	0.0123462	0.00226154	0.976308	0.5918	0.0324077	0.334508	0.0343385	0.679954	0.0779615	0.121854	0.113285	0.0812154	0.0616538	0.776038	0.0741462	0.169423	0.161762	0.185554	0.476315	
0.000669231	0.000630769	0.000476923	0.000161538	0.00120769	0.000238462	0.000238462	0.000253846	0.000153846	5.38462e-05	0.00156923	0.000161538	0	0	0	0	0	3.84615e-05	0	0.0019	0.00122308	6.92308e-05	0.000569231	7.69231e-05	0.00136923	0.000123077	0.000207692	0.000238462	0.000115385	7.69231e-05	0.00160769	0.000138462	0.000315385	0.0003	0.000253846	0.00106923	
0.0008	0.000676923	0.000415385	0.000246154	0.00142308	0.000192308	0.000223077	0.0003	0.000192308	3.84615e-05	0.00178462	0.000123077	0	0	0.00213846	0	0	0	0	0	0.00121538	7.69231e-05	0.000784615	6.15385e-05	0.00136923	0.000184615	0.000276923	0.000307692	0.000161538	0.000130769	0.00170769	0.000138462	0.000353846	0.000307692	0.000423077	0.00105385	
0.00386923	0.00476154	0.00240769	0.00144615	0.00782308	0.0014	0.00151538	0.00174615	0.0011	0.000392308	0.0101077	0.000884615	6.92308e-05	3.07692e-05	0.0123462	3.84615e-05	0	0	0	0	0.00745385	0.000369231	0.0043	0.000361538	0.00867692	0.000807692	0.00143077	0.00156923	0.00109231	0.000861538	0.00959231	0.000938462	0.00216923	0.00197692	0.0023	0.00603846	
0.000730769	0.000853846	0.000438462	0.000238462	0.00148462	0.000261538	0.000269231	0.000246154	0.000207692	3.84615e-05	0.00184615	0.000169231	0	0	0.00226154	0	0	0	0	0	0.00133077	3.84615e-05	0.000823077	6.92308e-05	0.00160769	0.0002	0.000238462	0.000215385	0.000207692	0.000169231	0.00166154	0.000223077	0.000453846	0.000330769	0.0005	0.000976923	
0.325115	0.351969	0.189185	0.116846	0.618554	0.109977	0.117169	0.137415	0.0930923	0.0268615	0.792208	0.0709538	0.00323077	0.00167692	0.976308	0.0019	0	0	0	0	0.585877	0.0321615	0.330985	0.0340923	0.673177	0.0772846	0.120677	0.111977	0.0802462	0.0608692	0.768715	0.0732846	0.167569	0.160315	0.183546	0.471685	
0.1979	0.214262	0.114223	0.0694923	0.384962	0.0634077	0.0678923	0.0796154	0.0549462	0.0155846	0.4839	0.0414462	0.00186154	0.000992308	0.5918	0.00122308	0.00121538	0.00745385	0.00133077	0.585877	0	0	0	0	0.370077	0.0561923	0.0881077	0.0815	0.0654154	0.0499769	0.420715	0.0597692	0.105562	0.100492	0.115754	0.274069	
0.0105462	0.0120154	0.00636154	0.00372308	0.0209538	0.00336154	0.00389231	0.00443846	0.00317692	0.000915385	0.0262385	0.00231538	0.000115385	5.38462e-05	0.0324077	6.92308e-05	7.69231e-05	0.000369231	3.84615e-05	0.0321615	0	0	0	0	0.0203154	0.00310769	0.00467692	0.00454615	0.00121538	0.00104615	0.0290692	0.00131538	0.00551538	0.00519231	0.00586154	0.0160769	
0.110738	0.119777	0.0651	0.0412769	0.201254	0.0412615	0.0433462	0.0510308	0.0329692	0.00989231	0.2679	0.0261308	0.00117692	0.000638462	0.334508	0.000569231	0.000784615	0.0043	0.000823077	0.330985	0	0	0	0	0.273069	0.0160154	0.0246769	0.0231308	0.0136308	0.00994615	0.301031	0.0122846	0.0534769	0.0518077	0.0590692	0.172538	
0.0113308	0.0122077	0.00676154	0.00428462	0.0221154	0.0038	0.00404615	0.00462308	0.0035	0.000938462	0.0279077	0.00223846	0.000146154	2.30769e-05	0.0343385	7.69231e-05	6.15385e-05	0.000361538	6.92308e-05	0.0340923	0	0	0	0	0.0213692	0.00316154	0.00516154	0.00489231	0.00144615	0.00106154	0.0308615	0.00121538	0.00599231	0.00543846	0.00608462	0.0170692	
0.224777	0.242046	0.130508	0.0875	0.389146	0.0893462	0.0946615	0.111677	0.0681615	0.0195615	0.544777	0.0523308	0.0023	0.00120769	0.679954	0.00136923	0.00136923	0.00867692	0.00160769	0.673177	0.370077	0.0203154	0.273069	0.0213692	0	0	0	0	0.0536231	0.0395846	0.543546	0.0480769	0.112838	0.109254	0.123946	0.338792	
0.0270615	0.0284846	0.0154077	0.00752308	0.0603231	0.00534615	0.00603077	0.00677692	0.00630769	0.00193077	0.0652	0.00503846	0.000292308	0.0001	0.0779615	0.000123077	0.000184615	0.000807692	0.0002	0.0772846	0.0561923	0.00310769	0.0160154	0.00316154	0	0	0	0	0.00703077	0.00572308	0.0589462	0.00677692	0.0145846	0.0136538	0.0156615	0.0345769	
0.0406385	0.0454923	0.0241538	0.0123385	0.0930462	0.00892308	0.0096	0.0110538	0.0102385	0.00310769	0.101646	0.00763077	0.000376923	0.000184615	0.121854	0.000207692	0.000276923	0.00143077	0.000238462	0.120677	0.0881077	0.00467692	0.0246769	0.00516154	0	0	0	0	0.0108615	0.00861538	0.0927538	0.0103923	0.0224615	0.0206231	0.0247077	0.0548308	
0.0380385	0.0422385	0.0223769	0.0114154	0.0867692	0.00821538	0.00888462	0.0102	0.00988462	0.00273077	0.0943231	0.00713077	0.000330769	0.000215385	0.113285	0.000238462	0.000307692	0.00156923	0.000215385	0.111977	0.0815	0.00454615	0.0231308	0.00489231	0	0	0	0	0.0101923	0.00810769	0.0864308	0.00933846	0.0206615	0.0194	0.0224538	0.0515538	
0.0269154	0.0291231	0.0160769	0.00959231	0.0544462	0.00807692	0.00865385	0.0105308	0.0063	0.00173077	0.0689154	0.00476154	0.000238462	0.000138462	0.0812154	0.000115385	0.000161538	0.00109231	0.000207692	0.0802462	0.0654154	0.00121538	0.0136308	0.00144615	0.0536231	0.00703077	0.0108615	0.0101923	0	0	0	0	0.0181154	0.0181231	0.0206462	0.0248231	
0.0212154	0.0221077	0.0119923	0.00671538	0.0413462	0.00609231	0.00690769	0.00768462	0.00460769	0.00140769	0.0523385	0.00367692	0.000223077	7.69231e-05	0.0616538	7.69231e-05	0.000130769	0.000861538	0.000169231	0.0608692	0.0499769	0.00104615	0.00994615	0.00106154	0.0395846	0.00572308	0.00861538	0.00810769	0	0	0	0	0.0143846	0.0128846	0.0155846	0.0191769	
0.257608	0.280454	0.149762	0.0938538	0.484038	0.0898154	0.0958308	0.111992	0.0776462	0.0223692	0.622231	0.0594308	0.00262308	0.00140769	0.776038	0.00160769	0.00170769	0.00959231	0.00166154	0.768715	0.420715	0.0290692	0.301031	0.0308615	0.543546	0.0589462	0.0927538	0.0864308	0	0	0	0	0.120838	0.1157	0.132585	0.412554	
0.0247769	0.0265769	0.0146154	0.00861538	0.0494538	0.00784615	0.00778462	0.0095	0.00603846	0.00182308	0.0624615	0.00426154	0.000215385	8.46154e-05	0.0741462	0.000138462	0.000138462	0.000938462	0.000223077	0.0732846	0.0597692	0.00131538	0.0122846	0.00121538	0.0480769	0.00677692	0.0103923	0.00933846	0	0	0	0	0.0172077	0.0162231	0.0179538	0.0232	
0.0570692	0.0611538	0.0336846	0.0186385	0.123177	0.0144769	0.0153692	0.0175231	0.00747692	0.00200769	0.1554	0.00566154	0.000492308	0.000315385	0.169423	0.000315385	0.000353846	0.00216923	0.000453846	0.167569	0.105562	0.00551538	0.0534769	0.00599231	0.112838	0.0145846	0.0224615	0.0206615	0.0181154	0.0143846	0.120838	0.0172077	0	0	0	0	
0.0540154	0.0590385	0.0320615	0.0178154	0.116623	0.0140538	0.0146231	0.0176308	0.00699231	0.00206154	0.1484	0.00547692	0.000653846	0.000215385	0.161762	0.0003	0.000307692	0.00197692	0.000330769	0.160315	0.100492	0.00519231	0.0518077	0.00543846	0.109254	0.0136538	0.0206231	0.0194	0.0181231	0.0128846	0.1157	0.0162231	0	0	0	0	
0.0624462	0.0680692	0.0361385	0.0201154	0.133562	0.0154462	0.0171077	0.0206538	0.00872308	0.00256154	0.169146	0.00633846	0.000638462	0.000323077	0.185554	0.000253846	0.000423077	0.0023	0.0005	0.183546	0.115754	0.00586154	0.0590692	0.00608462	0.123946	0.0156615	0.0247077	0.0224538	0.0206462	0.0155846	0.132585	0.0179538	0	0	0	0	
0.156985	0.17	0.0905615	0.0622077	0.255923	0.0678538	0.0720769	0.0839	0.0714	0.0207	0.333	0.0546538	0.00151538	0.000853846	0.476315	0.00106923	0.00105385	0.00603846	0.000976923	0.471685	0.274069	0.0160769	0.172538	0.0170692	0.338792	0.0345769	0.0548308	0.0515538	0.0248231	0.0191769	0.412554	0.0232	0	0	0	0	
