0	0	0	0	0.221885	0.0312231	0.0339769	0.0405154	0.0302231	0.00826154	0.266646	0.0224692	0.00111538	0.000553846	0.325308	0.000623077	0.000738462	0.0038	0.000853846	0.322208	0.196446	0.0109462	0.108715	0.0114923	0.221062	0.0265923	0.0400923	0.0398538	0.0274385	0.0205231	0.255815	0.0238231	0.0564923	0.0535077	0.0632462	0.154354	
0	0	0	0	0.244962	0.0334077	0.0371462	0.0441615	0.0326846	0.00935385	0.294008	0.0236308	0.00120769	0.000661538	0.356992	0.000815385	0.000792308	0.00460769	0.000823077	0.353454	0.213923	0.0120154	0.121646	0.0120923	0.243569	0.0286154	0.0456385	0.0418538	0.0292385	0.0221385	0.280792	0.0275077	0.0628769	0.0592077	0.0677923	0.1698	
0	0	0	0	0.129831	0.0177846	0.0197692	0.0233923	0.0180462	0.00503077	0.155277	0.0124231	0.000576923	0.000315385	0.189523	0.000361538	0.000392308	0.00236923	0.000461538	0.187554	0.113162	0.00630769	0.0649154	0.00639231	0.129838	0.0146308	0.0234154	0.0228923	0.0151615	0.012	0.148877	0.0147385	0.0332769	0.0317846	0.0355385	0.0901769	
0	0	0	0	0.0344154	0.0258769	0.0284385	0.0332154	0.0150385	0.00426154	0.0909	0.0117462	0.000392308	0.000238462	0.121092	0.000223077	0.000215385	0.00153077	0.000292308	0.119908	0.0702231	0.00386923	0.0437923	0.00406154	0.0922385	0.00732308	0.0114385	0.0109462	0.00949231	0.00742308	0.0967615	0.00826923	0.0176154	0.0166077	0.0199923	0.0677308	
0.221885	0.244962	0.129831	0.0344154	0	0	0	0	0.0398692	0.0112923	0.550692	0.0292385	0.00206154	0.00124615	0.626454	0.00133077	0.00133846	0.00764615	0.0014	0.620708	0.384908	0.0213154	0.203085	0.0217846	0.390077	0.0593615	0.0929538	0.0887	0.0545538	0.0415077	0.484415	0.0506154	0.123446	0.117308	0.1355	0.254838	
0.0312231	0.0334077	0.0177846	0.0258769	0	0	0	0	0.0165462	0.00438462	0.0756462	0.0117154	0.000361538	0.000184615	0.107531	0.000215385	0.000246154	0.00152308	0.000330769	0.106192	0.0613385	0.00342308	0.0400769	0.00345385	0.0874154	0.00526154	0.00807692	0.00753846	0.00785385	0.00602308	0.0877538	0.00666154	0.0135385	0.0125231	0.0153231	0.0669077	
0.0339769	0.0371462	0.0197692	0.0284385	0	0	0	0	0.0179308	0.00511538	0.0827615	0.0135231	0.0005	0.000146154	0.118508	0.000176923	0.000253846	0.00149231	0.000330769	0.117254	0.0679	0.00384615	0.0436308	0.00395385	0.0960538	0.00563846	0.00887692	0.00876154	0.00881538	0.00668462	0.0960077	0.00782308	0.0149846	0.0143154	0.0165385	0.0734923	
0.0405154	0.0441615	0.0233923	0.0332154	0	0	0	0	0.0216462	0.00611538	0.0977308	0.0157923	0.000369231	0.000192308	0.140423	0.0003	0.0003	0.00164615	0.000369231	0.138969	0.0796077	0.00455385	0.0522769	0.00484615	0.113162	0.0069	0.0106769	0.0105462	0.0101077	0.00786923	0.114069	0.00923846	0.0182923	0.0169615	0.0192077	0.0868231	
0.0302231	0.0326846	0.0180462	0.0150385	0.0398692	0.0165462	0.0179308	0.0216462	0	0	0	0	0.000376923	0.000146154	0.0953385	0.000130769	0.000253846	0.00123846	0.000215385	0.0942846	0.0557846	0.00326923	0.0335385	0.0034	0.0696077	0.00663077	0.0100308	0.00972308	0.0062	0.00450769	0.0792308	0.00605385	0.00785385	0.0073	0.00848462	0.0723538	
0.00826154	0.00935385	0.00503077	0.00426154	0.0112923	0.00438462	0.00511538	0.00611538	0	0	0	0	0.000130769	6.92308e-05	0.0266538	5.38462e-05	8.46154e-05	0.000276923	5.38462e-05	0.0264923	0.0157769	0.000846154	0.0095	0.000784615	0.0198769	0.00164615	0.0027	0.00268462	0.00199231	0.00138462	0.0221	0.00143077	0.00200769	0.00205385	0.00226154	0.0205846	
0.266646	0.294008	0.155277	0.0909	0.550692	0.0756462	0.0827615	0.0977308	0	0	0	0	0.00253846	0.00141538	0.801169	0.00170769	0.00166154	0.00970769	0.00197692	0.793485	0.481923	0.0264538	0.270985	0.0274692	0.546062	0.0642615	0.100669	0.0958385	0.0686231	0.0526077	0.622908	0.0626923	0.154438	0.146454	0.169746	0.336192	
0.0224692	0.0236308	0.0124231	0.0117462	0.0292385	0.0117154	0.0135231	0.0157923	0	0	0	0	0.000246154	0.000138462	0.0697538	0.000130769	0.000138462	0.00108462	0.000184615	0.0688615	0.0402692	0.00256923	0.0250462	0.00238462	0.0511615	0.00462308	0.00718462	0.0073	0.00451538	0.00358462	0.0580077	0.00416154	0.00596154	0.0053	0.00607692	0.0529308	
0.00111538	0.00120769	0.000576923	0.000392308	0.00206154	0.000361538	0.0005	0.000369231	0.000376923	0.000130769	0.00253846	0.000246154	0	0	0	0	0	4.61538e-05	2.30769e-05	0.00322308	0.00204615	0.000115385	0.001	0.000130769	0.00231538	0.000176923	0.000438462	0.000361538	0.000330769	0.000184615	0.00253077	0.000246154	0.0006	0.000423077	0.0006	0.00166923	
0.000553846	0.000661538	0.000315385	0.000238462	0.00124615	0.000184615	0.000146154	0.000192308	0.000146154	6.92308e-05	0.00141538	0.000138462	0	0	0	0	0	3.84615e-05	7.69231e-06	0.00172308	0.00108462	6.92308e-05	0.000523077	9.23077e-05	0.00117692	0.000176923	0.000176923	0.000238462	0.000161538	0.0001	0.00134615	0.000161538	0.000384615	0.0003	0.000307692	0.000776923	
0.325308	0.356992	0.189523	0.121092	0.626454	0.107531	0.118508	0.140423	0.0953385	0.0266538	0.801169	0.0697538	0	0	0	0	0.00213077	0.0122154	0.00239231	0.976177	0.589369	0.0328692	0.336946	0.0337308	0.681838	0.0766538	0.119738	0.114685	0.0806846	0.0616615	0.776762	0.0738077	0.168946	0.160038	0.185246	0.478685	
0.000623077	0.000815385	0.000361538	0.000223077	0.00133077	0.000215385	0.000176923	0.0003	0.000130769	5.38462e-05	0.00170769	0.000130769	0	0	0	0	7.69231e-06	7.69231e-06	7.69231e-06	0.002	0.00125385	8.46154e-05	0.0006	8.46154e-05	0.00137692	0.000153846	0.000230769	0.000261538	0.000153846	0.000138462	0.00160769	0.000123077	0.000330769	0.000346154	0.000415385	0.000930769	
0.000738462	0.000792308	0.000392308	0.000215385	0.00133846	0.000246154	0.000253846	0.0003	0.000253846	8.46154e-05	0.00166154	0.000138462	0	0	0.00213077	7.69231e-06	0	0	0	0	0.00126923	6.15385e-05	0.000730769	7.69231e-05	0.0015	0.000246154	0.000184615	0.000207692	0.000223077	0.000107692	0.00164615	0.000161538	0.000469231	0.000269231	0.000407692	0.000992308	
0.0038	0.00460769	0.00236923	0.00153077	0.00764615	0.00152308	0.00149231	0.00164615	0.00123846	0.000276923	0.00970769	0.00108462	4.61538e-05	3.84615e-05	0.0122154	7.69231e-06	0	0	0	0	0.00728462	0.000330769	0.00424615	0.000446154	0.0087	0.000876923	0.00136154	0.00136923	0.00103846	0.000715385	0.00970769	0.000846154	0.00206923	0.00194615	0.00231538	0.00597692	
0.000853846	0.000823077	0.000461538	0.000292308	0.0014	0.000330769	0.000330769	0.000369231	0.000215385	5.38462e-05	0.00197692	0.000184615	2.30769e-05	7.69231e-06	0.00239231	7.69231e-06	0	0	0	0	0.00150769	7.69231e-05	0.000730769	0.000115385	0.00172308	0.000207692	0.000269231	0.000230769	0.000184615	0.000192308	0.00188462	0.000169231	0.000446154	0.000361538	0.000461538	0.00116154	
0.322208	0.353454	0.187554	0.119908	0.620708	0.106192	0.117254	0.138969	0.0942846	0.0264923	0.793485	0.0688615	0.00322308	0.00172308	0.976177	0.002	0	0	0	0	0.583692	0.0326692	0.333362	0.0334	0.674785	0.0758308	0.118769	0.113738	0.0798846	0.0610692	0.769008	0.0731615	0.167277	0.158531	0.183385	0.473931	
0.196446	0.213923	0.113162	0.0702231	0.384908	0.0613385	0.0679	0.0796077	0.0557846	0.0157769	0.481923	0.0402692	0.00204615	0.00108462	0.589369	0.00125385	0.00126923	0.00728462	0.00150769	0.583692	0	0	0	0	0.367862	0.0555462	0.0872615	0.0830846	0.0657692	0.0500846	0.417769	0.0601308	0.105123	0.0992923	0.114115	0.275223	
0.0109462	0.0120154	0.00630769	0.00386923	0.0213154	0.00342308	0.00384615	0.00455385	0.00326923	0.000846154	0.0264538	0.00256923	0.000115385	6.92308e-05	0.0328692	8.46154e-05	6.15385e-05	0.000330769	7.69231e-05	0.0326692	0	0	0	0	0.0204692	0.00320769	0.00486923	0.00459231	0.00137692	0.00119231	0.0292846	0.00128462	0.00534615	0.0051	0.0059	0.0167923	
0.108715	0.121646	0.0649154	0.0437923	0.203085	0.0400769	0.0436308	0.0522769	0.0335385	0.0095	0.270985	0.0250462	0.001	0.000523077	0.336946	0.0006	0.000730769	0.00424615	0.000730769	0.333362	0	0	0	0	0.277392	0.0153538	0.0233231	0.023	0.0129154	0.00973846	0.304623	0.0117923	0.0541308	0.0518231	0.0602923	0.172823	
0.0114923	0.0120923	0.00639231	0.00406154	0.0217846	0.00345385	0.00395385	0.00484615	0.0034	0.000784615	0.0274692	0.00238462	0.000130769	9.23077e-05	0.0337308	8.46154e-05	7.69231e-05	0.000446154	0.000115385	0.0334	0	0	0	0	0.0209846	0.00305385	0.00513077	0.00486923	0.00126923	0.00106923	0.0305692	0.00113077	0.00566154	0.00489231	0.00626154	0.0172231	
0.221062	0.243569	0.129838	0.0922385	0.390077	0.0874154	0.0960538	0.113162	0.0696077	0.0198769	0.546062	0.0511615	0.00231538	0.00117692	0.681838	0.00137692	0.0015	0.0087	0.00172308	0.674785	0.367862	0.0204692	0.277392	0.0209846	0	0	0	0	0.0524077	0.0402615	0.546085	0.0479538	0.113677	0.106469	0.123931	0.342631	
0.0265923	0.0286154	0.0146308	0.00732308	0.0593615	0.00526154	0.00563846	0.0069	0.00663077	0.00164615	0.0642615	0.00462308	0.000176923	0.000176923	0.0766538	0.000153846	0.000246154	0.000876923	0.000207692	0.0758308	0.0555462	0.00320769	0.0153538	0.00305385	0	0	0	0	0.00708462	0.00547692	0.0581615	0.00643846	0.0137	0.0136538	0.0155385	0.0342692	
0.0400923	0.0456385	0.0234154	0.0114385	0.0929538	0.00807692	0.00887692	0.0106769	0.0100308	0.0027	0.100669	0.00718462	0.000438462	0.000176923	0.119738	0.000230769	0.000184615	0.00136154	0.000269231	0.118769	0.0872615	0.00486923	0.0233231	0.00513077	0	0	0	0	0.0109615	0.00823846	0.0913385	0.0100462	0.0218692	0.0212231	0.0239077	0.0535846	
0.0398538	0.0418538	0.0228923	0.0109462	0.0887	0.00753846	0.00876154	0.0105462	0.00972308	0.00268462	0.0958385	0.0073	0.000361538	0.000238462	0.114685	0.000261538	0.000207692	0.00136923	0.000230769	0.113738	0.0830846	0.00459231	0.023	0.00486923	0	0	0	0	0.0108769	0.00810769	0.0866615	0.0099	0.0210154	0.0197615	0.0231923	0.0515769	
0.0274385	0.0292385	0.0151615	0.00949231	0.0545538	0.00785385	0.00881538	0.0101077	0.0062	0.00199231	0.0686231	0.00451538	0.000330769	0.000161538	0.0806846	0.000153846	0.000223077	0.00103846	0.000184615	0.0798846	0.0657692	0.00137692	0.0129154	0.00126923	0.0524077	0.00708462	0.0109615	0.0108769	0	0	0	0	0.0188846	0.0169462	0.0197	0.0258	
0.0205231	0.0221385	0.012	0.00742308	0.0415077	0.00602308	0.00668462	0.00786923	0.00450769	0.00138462	0.0526077	0.00358462	0.000184615	0.0001	0.0616615	0.000138462	0.000107692	0.000715385	0.000192308	0.0610692	0.0500846	0.00119231	0.00973846	0.00106923	0.0402615	0.00547692	0.00823846	0.00810769	0	0	0	0	0.0140154	0.0132846	0.0152923	0.0194923	
0.255815	0.280792	0.148877	0.0967615	0.484415	0.0877538	0.0960077	0.114069	0.0792308	0.0221	0.622908	0.0580077	0.00253077	0.00134615	0.776762	0.00160769	0.00164615	0.00970769	0.00188462	0.769008	0.417769	0.0292846	0.304623	0.0305692	0.546085	0.0581615	0.0913385	0.0866615	0	0	0	0	0.120538	0.114792	0.133269	0.413646	
0.0238231	0.0275077	0.0147385	0.00826923	0.0506154	0.00666154	0.00782308	0.00923846	0.00605385	0.00143077	0.0626923	0.00416154	0.000246154	0.000161538	0.0738077	0.000123077	0.000161538	0.000846154	0.000169231	0.0731615	0.0601308	0.00128462	0.0117923	0.00113077	0.0479538	0.00643846	0.0100462	0.0099	0	0	0	0	0.0168231	0.0160846	0.0183077	0.0231231	
0.0564923	0.0628769	0.0332769	0.0176154	0.123446	0.0135385	0.0149846	0.0182923	0.00785385	0.00200769	0.154438	0.00596154	0.0006	0.000384615	0.168946	0.000330769	0.000469231	0.00206923	0.000446154	0.167277	0.105123	0.00534615	0.0541308	0.00566154	0.113677	0.0137	0.0218692	0.0210154	0.0188846	0.0140154	0.120538	0.0168231	0	0	0	0	
0.0535077	0.0592077	0.0317846	0.0166077	0.117308	0.0125231	0.0143154	0.0169615	0.0073	0.00205385	0.146454	0.0053	0.000423077	0.0003	0.160038	0.000346154	0.000269231	0.00194615	0.000361538	0.158531	0.0992923	0.0051	0.0518231	0.00489231	0.106469	0.0136538	0.0212231	0.0197615	0.0169462	0.0132846	0.114792	0.0160846	0	0	0	0	
0.0632462	0.0677923	0.0355385	0.0199923	0.1355	0.0153231	0.0165385	0.0192077	0.00848462	0.00226154	0.169746	0.00607692	0.0006	0.000307692	0.185246	0.000415385	0.000407692	0.00231538	0.000461538	0.183385	0.114115	0.0059	0.0602923	0.00626154	0.123931	0.0155385	0.0239077	0.0231923	0.0197	0.0152923	0.133269	0.0183077	0	0	0	0	
0.154354	0.1698	0.0901769	0.0677308	0.254838	0.0669077	0.0734923	0.0868231	0.0723538	0.0205846	0.336192	0.0529308	0.00166923	0.000776923	0.478685	0.000930769	0.000992308	0.00597692	0.00116154	0.473931	0.275223	0.0167923	0.172823	0.0172231	0.342631	0.0342692	0.0535846	0.0515769	0.0258	0.0194923	0.413646	0.0231231	0	0	0	0	
