0	0	0	0	0.225408	0.0313385	0.0327769	0.0392308	0.0301231	0.00829231	0.269169	0.0211692	0.00126923	0.000461538	0.326408	0.000615385	0.000684615	0.00403846	0.000892308	0.323138	0.195223	0.0109154	0.110523	0.0120923	0.222877	0.0256308	0.0416846	0.0385615	0.0271308	0.0196538	0.256977	0.0249923	0.0572154	0.0538923	0.0632538	0.154392	
0	0	0	0	0.244615	0.0343846	0.0372846	0.0424923	0.0331077	0.00930769	0.291169	0.0251923	0.001	0.000569231	0.356477	0.000730769	0.000684615	0.00450769	0.000923077	0.352662	0.214792	0.0117231	0.120046	0.0122154	0.241254	0.0294385	0.0451846	0.0429	0.0290923	0.0220769	0.280785	0.0268231	0.061	0.0595	0.0689385	0.169338	
0	0	0	0	0.129385	0.0185615	0.0190154	0.0234692	0.0171077	0.00516154	0.155377	0.0127846	0.000576923	0.000353846	0.1891	0.0004	0.000407692	0.00245385	0.000446154	0.187123	0.114062	0.00627692	0.0637769	0.00631538	0.128308	0.0159615	0.0237308	0.0224308	0.0158077	0.0119462	0.1482	0.0144769	0.0331692	0.0317077	0.0369615	0.0885923	
0	0	0	0	0.0349308	0.0262769	0.0285462	0.0322846	0.0155846	0.00449231	0.0902692	0.0116923	0.000353846	0.000307692	0.121208	0.000169231	0.000238462	0.00153077	0.000207692	0.120062	0.0699154	0.00383846	0.0440846	0.0042	0.0920077	0.00787692	0.0113	0.0108538	0.00976154	0.00677692	0.0967615	0.00873846	0.0175077	0.0173077	0.0195692	0.0676538	
0.225408	0.244615	0.129385	0.0349308	0	0	0	0	0.0408692	0.0113692	0.552031	0.0300692	0.00209231	0.000938462	0.630031	0.00127692	0.00131538	0.00776923	0.00162308	0.623631	0.386708	0.0210154	0.204115	0.0225	0.391169	0.0610308	0.0941615	0.0879769	0.0548462	0.0407154	0.487554	0.0512231	0.122754	0.118185	0.137054	0.256346	
0.0313385	0.0343846	0.0185615	0.0262769	0	0	0	0	0.0168692	0.00468462	0.0768615	0.0121462	0.000307692	0.000207692	0.109869	0.000176923	0.0002	0.00139231	0.000246154	0.108723	0.0626154	0.00340769	0.0405538	0.00398462	0.0885077	0.00556154	0.00806154	0.00843077	0.00806154	0.00634615	0.0889308	0.00722308	0.0142231	0.0137923	0.0151308	0.0674154	
0.0327769	0.0372846	0.0190154	0.0285462	0	0	0	0	0.0176154	0.00503846	0.0818077	0.0131615	0.0004	0.000223077	0.116831	0.000169231	0.000207692	0.0015	0.000276923	0.115638	0.0674308	0.00382308	0.0425077	0.00386154	0.0943308	0.00564615	0.00910769	0.00853846	0.00875385	0.00606154	0.0949769	0.00783077	0.0147692	0.0142308	0.0168	0.0718231	
0.0392308	0.0424923	0.0234692	0.0322846	0	0	0	0	0.0205692	0.00616154	0.0952846	0.0154615	0.0004	0.000323077	0.136462	0.000292308	0.000292308	0.00186923	0.000323077	0.134992	0.0772385	0.00450769	0.0512538	0.00447692	0.110438	0.00666923	0.0105692	0.0098	0.0101308	0.00733077	0.111262	0.00875385	0.0171462	0.0162	0.0197385	0.0843923	
0.0301231	0.0331077	0.0171077	0.0155846	0.0408692	0.0168692	0.0176154	0.0205692	0	0	0	0	0.000315385	0.0001	0.0953846	0.000123077	0.000184615	0.00120769	0.000230769	0.0943	0.0552462	0.00325385	0.0336846	0.00373846	0.0694385	0.00648462	0.0102615	0.00973846	0.00640769	0.00470769	0.0788692	0.00593846	0.00739231	0.00777692	0.00871538	0.0720385	
0.00829231	0.00930769	0.00516154	0.00449231	0.0113692	0.00468462	0.00503846	0.00616154	0	0	0	0	3.84615e-05	2.30769e-05	0.0271462	4.61538e-05	3.84615e-05	0.000407692	6.15385e-05	0.0267462	0.0153462	0.0009	0.00998462	0.00102308	0.0198923	0.00173846	0.00289231	0.00273077	0.0019	0.00152308	0.0220846	0.00174615	0.00214615	0.00230769	0.00229231	0.0205077	
0.269169	0.291169	0.155377	0.0902692	0.552031	0.0768615	0.0818077	0.0952846	0	0	0	0	0.00262308	0.00140769	0.800269	0.00168462	0.00163846	0.0101	0.00204615	0.7922	0.482385	0.0264385	0.269638	0.0275231	0.544154	0.0657462	0.100915	0.0951692	0.0686538	0.0505538	0.623862	0.0629154	0.1538	0.146677	0.171608	0.3339	
0.0211692	0.0251923	0.0127846	0.0116923	0.0300692	0.0121462	0.0131615	0.0154615	0	0	0	0	0.000223077	0.000161538	0.0703923	6.15385e-05	0.000153846	0.000815385	0.000130769	0.0697385	0.0410154	0.00216154	0.0251231	0.00253846	0.0509615	0.00493846	0.00783077	0.00710769	0.00483077	0.00366923	0.0579077	0.00443077	0.00555385	0.00564615	0.00610769	0.0535308	
0.00126923	0.001	0.000576923	0.000353846	0.00209231	0.000307692	0.0004	0.0004	0.000315385	3.84615e-05	0.00262308	0.000223077	0	0	0	0	0	4.61538e-05	0	0.00315385	0.00196154	0.000107692	0.00100769	0.000123077	0.0023	0.000246154	0.0003	0.000353846	0.000223077	0.000176923	0.00263077	0.000169231	0.0004	0.0006	0.000607692	0.00159231	
0.000461538	0.000569231	0.000353846	0.000307692	0.000938462	0.000207692	0.000223077	0.000323077	0.0001	2.30769e-05	0.00140769	0.000161538	0	0	0	0	0	3.84615e-05	0	0.00165385	0.000984615	4.61538e-05	0.000569231	9.23077e-05	0.00112308	0.000146154	0.000184615	0.000238462	0.000130769	0.0001	0.00133846	0.000123077	0.000276923	0.000261538	0.000292308	0.000861538	
0.326408	0.356477	0.1891	0.121208	0.630031	0.109869	0.116831	0.136462	0.0953846	0.0271462	0.800269	0.0703923	0	0	0	0	0.00201538	0.0124385	0.00246923	0.976269	0.589938	0.0324923	0.336215	0.0345462	0.679723	0.0783154	0.121231	0.113923	0.0813462	0.0600231	0.777231	0.0745923	0.167823	0.161192	0.187362	0.476815	
0.000615385	0.000730769	0.0004	0.000169231	0.00127692	0.000176923	0.000169231	0.000292308	0.000123077	4.61538e-05	0.00168462	6.15385e-05	0	0	0	0	0	7.69231e-06	0	0.00190769	0.00110769	0.000107692	0.000638462	6.15385e-05	0.0013	0.0002	0.000184615	0.000230769	9.23077e-05	0.000153846	0.00152308	0.000146154	0.000392308	0.000353846	0.000461538	0.000707692	
0.000684615	0.000684615	0.000407692	0.000238462	0.00131538	0.0002	0.000207692	0.000292308	0.000184615	3.84615e-05	0.00163846	0.000153846	0	0	0.00201538	0	0	0	0	0	0.00119231	0.0001	0.000661538	6.15385e-05	0.00140769	0.000184615	0.000230769	0.000192308	0.000153846	0.000123077	0.0016	0.000138462	0.000392308	0.000361538	0.000369231	0.000892308	
0.00403846	0.00450769	0.00245385	0.00153077	0.00776923	0.00139231	0.0015	0.00186923	0.00120769	0.000407692	0.0101	0.000815385	4.61538e-05	3.84615e-05	0.0124385	7.69231e-06	0	0	0	0	0.00759231	0.000430769	0.00397692	0.000530769	0.00846923	0.000953846	0.00163077	0.00147692	0.00102308	0.0007	0.00992308	0.000884615	0.0019	0.00220769	0.00245385	0.00596923	
0.000892308	0.000923077	0.000446154	0.000207692	0.00162308	0.000246154	0.000276923	0.000323077	0.000230769	6.15385e-05	0.00204615	0.000130769	0	0	0.00246923	0	0	0	0	0	0.00133077	6.92308e-05	0.000969231	0.0001	0.00171538	0.000207692	0.000261538	0.000284615	0.0002	0.000130769	0.00195385	0.000184615	0.000415385	0.000430769	0.000523077	0.0011	
0.323138	0.352662	0.187123	0.120062	0.623631	0.108723	0.115638	0.134992	0.0943	0.0267462	0.7922	0.0697385	0.00315385	0.00165385	0.976269	0.00190769	0	0	0	0	0.583877	0.0321538	0.332823	0.0341308	0.672854	0.0775615	0.119777	0.112792	0.0804154	0.0595	0.769246	0.0738231	0.166185	0.159408	0.185377	0.472015	
0.195223	0.214792	0.114062	0.0699154	0.386708	0.0626154	0.0674308	0.0772385	0.0552462	0.0153462	0.482385	0.0410154	0.00196154	0.000984615	0.589938	0.00110769	0.00119231	0.00759231	0.00133077	0.583877	0	0	0	0	0.366354	0.0568385	0.0881077	0.0826923	0.0664769	0.0493462	0.417315	0.0608538	0.104162	0.100046	0.115508	0.274277	
0.0109154	0.0117231	0.00627692	0.00383846	0.0210154	0.00340769	0.00382308	0.00450769	0.00325385	0.0009	0.0264385	0.00216154	0.000107692	4.61538e-05	0.0324923	0.000107692	0.0001	0.000430769	6.92308e-05	0.0321538	0	0	0	0	0.0204538	0.00306154	0.00496154	0.00427692	0.00126154	0.000938462	0.0295154	0.00103846	0.00495385	0.00542308	0.00604615	0.0163308	
0.110523	0.120046	0.0637769	0.0440846	0.204115	0.0405538	0.0425077	0.0512538	0.0336846	0.00998462	0.269638	0.0251231	0.00100769	0.000569231	0.336215	0.000638462	0.000661538	0.00397692	0.000969231	0.332823	0	0	0	0	0.275962	0.0157308	0.0238	0.0229385	0.0127538	0.00920769	0.304608	0.0118615	0.0538615	0.0518692	0.0605	0.1722	
0.0120923	0.0122154	0.00631538	0.0042	0.0225	0.00398462	0.00386154	0.00447692	0.00373846	0.00102308	0.0275231	0.00253846	0.000123077	9.23077e-05	0.0345462	6.15385e-05	6.15385e-05	0.000530769	0.0001	0.0341308	0	0	0	0	0.0216769	0.00327692	0.00503077	0.00483846	0.0013	0.000961538	0.0312846	0.00127692	0.00591538	0.00506923	0.00666923	0.0171692	
0.222877	0.241254	0.128308	0.0920077	0.391169	0.0885077	0.0943308	0.110438	0.0694385	0.0198923	0.544154	0.0509615	0.0023	0.00112308	0.679723	0.0013	0.00140769	0.00846923	0.00171538	0.672854	0.366354	0.0204538	0.275962	0.0216769	0	0	0	0	0.0524231	0.0386308	0.545146	0.0482462	0.111362	0.108362	0.125954	0.338769	
0.0256308	0.0294385	0.0159615	0.00787692	0.0610308	0.00556154	0.00564615	0.00666923	0.00648462	0.00173846	0.0657462	0.00493846	0.000246154	0.000146154	0.0783154	0.0002	0.000184615	0.000953846	0.000207692	0.0775615	0.0568385	0.00306154	0.0157308	0.00327692	0	0	0	0	0.00736154	0.00539231	0.0594769	0.00667692	0.0139154	0.0134846	0.0161846	0.0353231	
0.0416846	0.0451846	0.0237308	0.0113	0.0941615	0.00806154	0.00910769	0.0105692	0.0102615	0.00289231	0.100915	0.00783077	0.0003	0.000184615	0.121231	0.000184615	0.000230769	0.00163077	0.000261538	0.119777	0.0881077	0.00496154	0.0238	0.00503077	0	0	0	0	0.0112308	0.0086	0.0917462	0.0103231	0.0224538	0.0207923	0.0245	0.0541538	
0.0385615	0.0429	0.0224308	0.0108538	0.0879769	0.00843077	0.00853846	0.0098	0.00973846	0.00273077	0.0951692	0.00710769	0.000353846	0.000238462	0.113923	0.000230769	0.000192308	0.00147692	0.000284615	0.112792	0.0826923	0.00427692	0.0229385	0.00483846	0	0	0	0	0.0107769	0.00783077	0.0863538	0.00978462	0.0211615	0.0197692	0.0220846	0.0517308	
0.0271308	0.0290923	0.0158077	0.00976154	0.0548462	0.00806154	0.00875385	0.0101308	0.00640769	0.0019	0.0686538	0.00483077	0.000223077	0.000130769	0.0813462	9.23077e-05	0.000153846	0.00102308	0.0002	0.0804154	0.0664769	0.00126154	0.0127538	0.0013	0.0524231	0.00736154	0.0112308	0.0107769	0	0	0	0	0.0175	0.0172462	0.0209385	0.0261077	
0.0196538	0.0220769	0.0119462	0.00677692	0.0407154	0.00634615	0.00606154	0.00733077	0.00470769	0.00152308	0.0505538	0.00366923	0.000176923	0.0001	0.0600231	0.000153846	0.000123077	0.0007	0.000130769	0.0595	0.0493462	0.000938462	0.00920769	0.000961538	0.0386308	0.00539231	0.0086	0.00783077	0	0	0	0	0.0136308	0.0128154	0.0153	0.0187077	
0.256977	0.280785	0.1482	0.0967615	0.487554	0.0889308	0.0949769	0.111262	0.0788692	0.0220846	0.623862	0.0579077	0.00263077	0.00133846	0.777231	0.00152308	0.0016	0.00992308	0.00195385	0.769246	0.417315	0.0295154	0.304608	0.0312846	0.545146	0.0594769	0.0917462	0.0863538	0	0	0	0	0.120731	0.116254	0.1339	0.411838	
0.0249923	0.0268231	0.0144769	0.00873846	0.0512231	0.00722308	0.00783077	0.00875385	0.00593846	0.00174615	0.0629154	0.00443077	0.000169231	0.000123077	0.0745923	0.000146154	0.000138462	0.000884615	0.000184615	0.0738231	0.0608538	0.00103846	0.0118615	0.00127692	0.0482462	0.00667692	0.0103231	0.00978462	0	0	0	0	0.0170308	0.0160923	0.0185846	0.0233231	
0.0572154	0.061	0.0331692	0.0175077	0.122754	0.0142231	0.0147692	0.0171462	0.00739231	0.00214615	0.1538	0.00555385	0.0004	0.000276923	0.167823	0.000392308	0.000392308	0.0019	0.000415385	0.166185	0.104162	0.00495385	0.0538615	0.00591538	0.111362	0.0139154	0.0224538	0.0211615	0.0175	0.0136308	0.120731	0.0170308	0	0	0	0	
0.0538923	0.0595	0.0317077	0.0173077	0.118185	0.0137923	0.0142308	0.0162	0.00777692	0.00230769	0.146677	0.00564615	0.0006	0.000261538	0.161192	0.000353846	0.000361538	0.00220769	0.000430769	0.159408	0.100046	0.00542308	0.0518692	0.00506923	0.108362	0.0134846	0.0207923	0.0197692	0.0172462	0.0128154	0.116254	0.0160923	0	0	0	0	
0.0632538	0.0689385	0.0369615	0.0195692	0.137054	0.0151308	0.0168	0.0197385	0.00871538	0.00229231	0.171608	0.00610769	0.000607692	0.000292308	0.187362	0.000461538	0.000369231	0.00245385	0.000523077	0.185377	0.115508	0.00604615	0.0605	0.00666923	0.125954	0.0161846	0.0245	0.0220846	0.0209385	0.0153	0.1339	0.0185846	0	0	0	0	
0.154392	0.169338	0.0885923	0.0676538	0.256346	0.0674154	0.0718231	0.0843923	0.0720385	0.0205077	0.3339	0.0535308	0.00159231	0.000861538	0.476815	0.000707692	0.000892308	0.00596923	0.0011	0.472015	0.274277	0.0163308	0.1722	0.0171692	0.338769	0.0353231	0.0541538	0.0517308	0.0261077	0.0187077	0.411838	0.0233231	0	0	0	0	
