0	0	0	0	0.222815	0.0323462	0.0331615	0.0403615	0.0301385	0.00813077	0.268508	0.0219077	0.000907692	0.000407692	0.326746	0.000623077	0.000623077	0.00414615	0.000830769	0.323085	0.196192	0.0108846	0.110562	0.0110462	0.221554	0.0263846	0.0410692	0.0396769	0.0260923	0.0204846	0.257831	0.0242769	0.0566231	0.0537923	0.0628538	0.155415	
0	0	0	0	0.244577	0.0339385	0.0371538	0.0431615	0.0336615	0.00942308	0.292077	0.0236692	0.00123846	0.000692308	0.356246	0.000653846	0.000723077	0.00438462	0.001	0.352723	0.214815	0.0117077	0.120662	0.0116462	0.241869	0.0301308	0.0442692	0.0425615	0.0290923	0.0219154	0.281431	0.0263923	0.0620692	0.0595308	0.0681154	0.169115	
0	0	0	0	0.129969	0.0183077	0.0195462	0.0228769	0.0172615	0.00468462	0.156008	0.0127462	0.000661538	0.000253846	0.189415	0.000369231	0.000430769	0.00231538	0.000461538	0.187492	0.1139	0.0064	0.0636462	0.00675385	0.128577	0.0154385	0.0241077	0.0225769	0.0154462	0.0124	0.148769	0.0140846	0.0320769	0.0324538	0.0369615	0.0892077	
0	0	0	0	0.0348231	0.0264	0.0278692	0.0326923	0.0155692	0.0041	0.0908077	0.0113077	0.000492308	0.0002	0.120862	0.000230769	0.000323077	0.00158462	0.000261538	0.119615	0.0713231	0.00372308	0.0425923	0.00414615	0.0905615	0.00786154	0.0122615	0.0111	0.00977692	0.00692308	0.0967	0.00838462	0.0177923	0.0176308	0.0195154	0.0668462	
0.222815	0.244577	0.129969	0.0348231	0	0	0	0	0.0405154	0.0109077	0.551885	0.0288769	0.00193077	0.00103077	0.628062	0.00116154	0.00145385	0.00763846	0.00168462	0.621408	0.385577	0.0213846	0.203531	0.0216923	0.386931	0.0615385	0.0937154	0.09	0.0537615	0.0412538	0.487977	0.0491923	0.1222	0.117715	0.136385	0.255885	
0.0323462	0.0339385	0.0183077	0.0264	0	0	0	0	0.0173154	0.00486154	0.0764385	0.0123769	0.000369231	0.000123077	0.110338	0.000161538	0.000176923	0.00133846	0.000215385	0.109262	0.0631692	0.00339231	0.0407462	0.00368462	0.0891231	0.00568462	0.00853846	0.00764615	0.00831538	0.00593846	0.0896154	0.00712308	0.0136538	0.0140077	0.0155385	0.0677923	
0.0331615	0.0371538	0.0195462	0.0278692	0	0	0	0	0.0176692	0.00477692	0.0820538	0.0132308	0.000461538	0.000207692	0.116777	0.000284615	0.0002	0.0017	0.000323077	0.115508	0.0676077	0.00351538	0.0426769	0.00393077	0.0944231	0.00594615	0.00888462	0.00847692	0.00845385	0.00646154	0.0949769	0.00783846	0.0152154	0.0143692	0.0166538	0.0714923	
0.0403615	0.0431615	0.0228769	0.0326923	0	0	0	0	0.0211308	0.00579231	0.0970231	0.0151462	0.000538462	0.000192308	0.138092	0.000269231	0.000269231	0.00175385	0.000330769	0.136738	0.0798769	0.00442308	0.0505077	0.00428462	0.112085	0.00664615	0.0105692	0.00979231	0.00987692	0.00806923	0.112162	0.00898462	0.0174923	0.0173154	0.0188692	0.0854154	
0.0301385	0.0336615	0.0172615	0.0155692	0.0405154	0.0173154	0.0176692	0.0211308	0	0	0	0	0.0003	0.000184615	0.0959846	0.000161538	0.000161538	0.00125385	0.000261538	0.0949538	0.0562615	0.0034	0.0337154	0.00325385	0.0697154	0.00649231	0.0106308	0.00979231	0.00629231	0.00471538	0.0797615	0.00586154	0.00793846	0.00774615	0.00855385	0.0723923	
0.00813077	0.00942308	0.00468462	0.0041	0.0109077	0.00486154	0.00477692	0.00579231	0	0	0	0	9.23077e-05	1.53846e-05	0.0262077	2.30769e-05	6.15385e-05	0.000384615	2.30769e-05	0.0258692	0.0151462	0.000961538	0.00936154	0.000869231	0.0190538	0.00177692	0.0027	0.00280769	0.00185385	0.00147692	0.0214615	0.00154615	0.00213077	0.00211538	0.0022	0.0198923	
0.268508	0.292077	0.156008	0.0908077	0.551885	0.0764385	0.0820538	0.0970231	0	0	0	0	0.00261538	0.00127692	0.801954	0.00155385	0.00168462	0.00996154	0.00212308	0.793631	0.484546	0.0262462	0.269462	0.0271462	0.543231	0.0670538	0.101162	0.0959538	0.0676615	0.0522077	0.625985	0.0615462	0.152908	0.148069	0.170723	0.3357	
0.0219077	0.0236692	0.0127462	0.0113077	0.0288769	0.0123769	0.0132308	0.0151462	0	0	0	0	0.000292308	7.69231e-05	0.0691231	0.000138462	0.000192308	0.000830769	0.000146154	0.0684615	0.0402769	0.00210769	0.0249231	0.00232308	0.0505615	0.00449231	0.00721538	0.00736154	0.0046	0.00332308	0.0575231	0.00418462	0.00558462	0.00547692	0.00596923	0.0526	
0.000907692	0.00123846	0.000661538	0.000492308	0.00193077	0.000369231	0.000461538	0.000538462	0.0003	9.23077e-05	0.00261538	0.000292308	0	0	0	0	1.53846e-05	4.61538e-05	0	0.00323846	0.00186923	0.000115385	0.00120769	0.000107692	0.00224615	0.000307692	0.000415385	0.000330769	0.000269231	0.0001	0.00273846	0.000192308	0.000538462	0.000461538	0.0007	0.0016	
0.000407692	0.000692308	0.000253846	0.0002	0.00103077	0.000123077	0.000207692	0.000192308	0.000184615	1.53846e-05	0.00127692	7.69231e-05	0	0	0	0	0	2.30769e-05	0	0.00153077	0.00103846	3.07692e-05	0.000430769	5.38462e-05	0.00106923	7.69231e-05	0.000215385	0.000192308	8.46154e-05	0.000146154	0.00120769	0.000115385	0.000261538	0.000230769	0.000261538	0.0008	
0.326746	0.356246	0.189415	0.120862	0.628062	0.110338	0.116777	0.138092	0.0959846	0.0262077	0.801954	0.0691231	0	0	0	0	0.00206923	0.0123385	0.00254615	0.976315	0.592215	0.0325231	0.335146	0.0333846	0.6779	0.0792923	0.120846	0.115231	0.0799308	0.0613923	0.779323	0.0726231	0.167423	0.162415	0.186123	0.477308	
0.000623077	0.000653846	0.000369231	0.000230769	0.00116154	0.000161538	0.000284615	0.000269231	0.000161538	2.30769e-05	0.00155385	0.000138462	0	0	0	0	1.53846e-05	2.30769e-05	7.69231e-06	0.00183077	0.00110769	4.61538e-05	0.000676923	4.61538e-05	0.00134615	0.000138462	0.000230769	0.000161538	0.000123077	8.46154e-05	0.00146154	0.000207692	0.000338462	0.0003	0.000361538	0.000876923	
0.000623077	0.000723077	0.000430769	0.000323077	0.00145385	0.000176923	0.0002	0.000269231	0.000161538	6.15385e-05	0.00168462	0.000192308	1.53846e-05	0	0.00206923	1.53846e-05	0	0	0	0	0.00120769	8.46154e-05	0.0007	0.000107692	0.00133846	0.000161538	0.000315385	0.000284615	0.000207692	0.000130769	0.00160769	0.000153846	0.000384615	0.000384615	0.000338462	0.000992308	
0.00414615	0.00438462	0.00231538	0.00158462	0.00763846	0.00133846	0.0017	0.00175385	0.00125385	0.000384615	0.00996154	0.000830769	4.61538e-05	2.30769e-05	0.0123385	2.30769e-05	0	0	0	0	0.00745385	0.000438462	0.00419231	0.000346154	0.00842308	0.000938462	0.00155385	0.00151538	0.000961538	0.000707692	0.00973077	0.00103077	0.00191538	0.00200769	0.00234615	0.00616154	
0.000830769	0.001	0.000461538	0.000261538	0.00168462	0.000215385	0.000323077	0.000330769	0.000261538	2.30769e-05	0.00212308	0.000146154	0	0	0.00254615	7.69231e-06	0	0	0	0	0.00155385	0.0001	0.000823077	7.69231e-05	0.00173846	0.000192308	0.000307692	0.000315385	0.000146154	0.000130769	0.00210769	0.000169231	0.000492308	0.000346154	0.000515385	0.0012	
0.323085	0.352723	0.187492	0.119615	0.621408	0.109262	0.115508	0.136738	0.0949538	0.0258692	0.793631	0.0684615	0.00323846	0.00153077	0.976315	0.00183077	0	0	0	0	0.586015	0.0320923	0.331746	0.0330615	0.671062	0.0785231	0.119531	0.1138	0.0790923	0.0607538	0.771285	0.0717846	0.165769	0.160669	0.184246	0.472231	
0.196192	0.214815	0.1139	0.0713231	0.385577	0.0631692	0.0676077	0.0798769	0.0562615	0.0151462	0.484546	0.0402769	0.00186923	0.00103846	0.592215	0.00110769	0.00120769	0.00745385	0.00155385	0.586015	0	0	0	0	0.366877	0.0574769	0.0877	0.0841769	0.0651615	0.0499846	0.422162	0.0589231	0.104538	0.101615	0.115662	0.274415	
0.0108846	0.0117077	0.0064	0.00372308	0.0213846	0.00339231	0.00351538	0.00442308	0.0034	0.000961538	0.0262462	0.00210769	0.000115385	3.07692e-05	0.0325231	4.61538e-05	8.46154e-05	0.000438462	0.0001	0.0320923	0	0	0	0	0.0204769	0.00296923	0.0051	0.00416923	0.00123846	0.0009	0.0295769	0.001	0.00518462	0.00532308	0.00591538	0.0162923	
0.110562	0.120662	0.0636462	0.0425923	0.203531	0.0407462	0.0426769	0.0505077	0.0337154	0.00936154	0.269462	0.0249231	0.00120769	0.000430769	0.335146	0.000676923	0.0007	0.00419231	0.000823077	0.331746	0	0	0	0	0.274592	0.0161462	0.0239462	0.0227769	0.0127154	0.00993846	0.302831	0.0119769	0.0531538	0.0510846	0.0599385	0.173285	
0.0110462	0.0116462	0.00675385	0.00414615	0.0216923	0.00368462	0.00393077	0.00428462	0.00325385	0.000869231	0.0271462	0.00232308	0.000107692	5.38462e-05	0.0333846	4.61538e-05	0.000107692	0.000346154	7.69231e-05	0.0330615	0	0	0	0	0.0206154	0.00322308	0.00496154	0.00479231	0.00129231	0.0009	0.0301615	0.00123846	0.00568462	0.00538462	0.00593077	0.0165923	
0.221554	0.241869	0.128577	0.0905615	0.386931	0.0891231	0.0944231	0.112085	0.0697154	0.0190538	0.543231	0.0505615	0.00224615	0.00106923	0.6779	0.00134615	0.00133846	0.00842308	0.00173846	0.671062	0.366877	0.0204769	0.274592	0.0206154	0	0	0	0	0.0516692	0.0392923	0.544538	0.0470615	0.1116	0.107962	0.123454	0.339546	
0.0263846	0.0301308	0.0154385	0.00786154	0.0615385	0.00568462	0.00594615	0.00664615	0.00649231	0.00177692	0.0670538	0.00449231	0.000307692	7.69231e-05	0.0792923	0.000138462	0.000161538	0.000938462	0.000192308	0.0785231	0.0574769	0.00296923	0.0161462	0.00322308	0	0	0	0	0.00742308	0.0057	0.0604	0.00629231	0.0142154	0.0138462	0.0163154	0.0354385	
0.0410692	0.0442692	0.0241077	0.0122615	0.0937154	0.00853846	0.00888462	0.0105692	0.0106308	0.0027	0.101162	0.00721538	0.000415385	0.000215385	0.120846	0.000230769	0.000315385	0.00155385	0.000307692	0.119531	0.0877	0.0051	0.0239462	0.00496154	0	0	0	0	0.0108077	0.0086	0.0921154	0.0101846	0.0217462	0.0215692	0.0241923	0.0542	
0.0396769	0.0425615	0.0225769	0.0111	0.09	0.00764615	0.00847692	0.00979231	0.00979231	0.00280769	0.0959538	0.00736154	0.000330769	0.000192308	0.115231	0.000161538	0.000284615	0.00151538	0.000315385	0.1138	0.0841769	0.00416923	0.0227769	0.00479231	0	0	0	0	0.0105077	0.00813077	0.0876769	0.0096	0.021	0.0200308	0.0234846	0.0514	
0.0260923	0.0290923	0.0154462	0.00977692	0.0537615	0.00831538	0.00845385	0.00987692	0.00629231	0.00185385	0.0676615	0.0046	0.000269231	8.46154e-05	0.0799308	0.000123077	0.000207692	0.000961538	0.000146154	0.0790923	0.0651615	0.00123846	0.0127154	0.00129231	0.0516692	0.00742308	0.0108077	0.0105077	0	0	0	0	0.0179692	0.0176692	0.0197846	0.0249846	
0.0204846	0.0219154	0.0124	0.00692308	0.0412538	0.00593846	0.00646154	0.00806923	0.00471538	0.00147692	0.0522077	0.00332308	0.0001	0.000146154	0.0613923	8.46154e-05	0.000130769	0.000707692	0.000130769	0.0607538	0.0499846	0.0009	0.00993846	0.0009	0.0392923	0.0057	0.0086	0.00813077	0	0	0	0	0.0139846	0.0136077	0.0153923	0.0187385	
0.257831	0.281431	0.148769	0.0967	0.487977	0.0896154	0.0949769	0.112162	0.0797615	0.0214615	0.625985	0.0575231	0.00273846	0.00120769	0.779323	0.00146154	0.00160769	0.00973077	0.00210769	0.771285	0.422162	0.0295769	0.302831	0.0301615	0.544538	0.0604	0.0921154	0.0876769	0	0	0	0	0.1204	0.116477	0.133331	0.414523	
0.0242769	0.0263923	0.0140846	0.00838462	0.0491923	0.00712308	0.00783846	0.00898462	0.00586154	0.00154615	0.0615462	0.00418462	0.000192308	0.000115385	0.0726231	0.000207692	0.000153846	0.00103077	0.000169231	0.0717846	0.0589231	0.001	0.0119769	0.00123846	0.0470615	0.00629231	0.0101846	0.0096	0	0	0	0	0.0162077	0.0156538	0.0189385	0.0223385	
0.0566231	0.0620692	0.0320769	0.0177923	0.1222	0.0136538	0.0152154	0.0174923	0.00793846	0.00213077	0.152908	0.00558462	0.000538462	0.000261538	0.167423	0.000338462	0.000384615	0.00191538	0.000492308	0.165769	0.104538	0.00518462	0.0531538	0.00568462	0.1116	0.0142154	0.0217462	0.021	0.0179692	0.0139846	0.1204	0.0162077	0	0	0	0	
0.0537923	0.0595308	0.0324538	0.0176308	0.117715	0.0140077	0.0143692	0.0173154	0.00774615	0.00211538	0.148069	0.00547692	0.000461538	0.000230769	0.162415	0.0003	0.000384615	0.00200769	0.000346154	0.160669	0.101615	0.00532308	0.0510846	0.00538462	0.107962	0.0138462	0.0215692	0.0200308	0.0176692	0.0136077	0.116477	0.0156538	0	0	0	0	
0.0628538	0.0681154	0.0369615	0.0195154	0.136385	0.0155385	0.0166538	0.0188692	0.00855385	0.0022	0.170723	0.00596923	0.0007	0.000261538	0.186123	0.000361538	0.000338462	0.00234615	0.000515385	0.184246	0.115662	0.00591538	0.0599385	0.00593077	0.123454	0.0163154	0.0241923	0.0234846	0.0197846	0.0153923	0.133331	0.0189385	0	0	0	0	
0.155415	0.169115	0.0892077	0.0668462	0.255885	0.0677923	0.0714923	0.0854154	0.0723923	0.0198923	0.3357	0.0526	0.0016	0.0008	0.477308	0.000876923	0.000992308	0.00616154	0.0012	0.472231	0.274415	0.0162923	0.173285	0.0165923	0.339546	0.0354385	0.0542	0.0514	0.0249846	0.0187385	0.414523	0.0223385	0	0	0	0	
