0	0	0	0	0.220638	0.0323692	0.0351846	0.0413846	0.0307308	0.00898462	0.267292	0.0225692	0.00110769	0.000592308	0.327215	0.000661538	0.000661538	0.00418462	0.000776923	0.323954	0.197585	0.0107	0.110146	0.0111462	0.2226	0.0259538	0.0418538	0.0391692	0.0265846	0.0207231	0.257731	0.0245385	0.0566231	0.0547538	0.0633846	0.154815	
0	0	0	0	0.240277	0.0359538	0.0378231	0.0449538	0.0339846	0.00886154	0.291662	0.0245	0.00106154	0.000607692	0.356654	0.000684615	0.000769231	0.00461538	0.000815385	0.352808	0.215308	0.0120462	0.119208	0.0124462	0.241162	0.0290538	0.0454	0.0433923	0.0294615	0.0225769	0.280269	0.0267	0.0614385	0.0591615	0.0672308	0.171177	
0	0	0	0	0.128262	0.0198154	0.0200769	0.0232154	0.0171154	0.00497692	0.156538	0.0127385	0.000561538	0.000292308	0.190231	0.000284615	0.000361538	0.00233846	0.000507692	0.188162	0.115146	0.0058	0.0641231	0.0063	0.129746	0.0156923	0.0237923	0.0221385	0.0153231	0.0119769	0.149585	0.0144846	0.0335385	0.0316154	0.0367385	0.0894769	
0	0	0	0	0.0419923	0.0235462	0.0252615	0.0292462	0.0144846	0.00409231	0.0906538	0.0108154	0.000292308	0.000230769	0.119246	0.000276923	0.000269231	0.00138462	0.0003	0.118092	0.0705154	0.00374615	0.0415615	0.00422308	0.0873462	0.00819231	0.0129692	0.0115385	0.00895385	0.00693077	0.0953	0.00886154	0.0183538	0.0173154	0.0195308	0.0648462	
0.220638	0.240277	0.128262	0.0419923	0	0	0	0	0.0404846	0.0109385	0.550469	0.0292769	0.00196154	0.00107692	0.626931	0.0012	0.00122308	0.00767692	0.00146154	0.620808	0.387723	0.0205385	0.201146	0.0217615	0.387746	0.0596615	0.0948846	0.0888769	0.0535077	0.0425923	0.485138	0.0499308	0.122962	0.117454	0.134585	0.256169	
0.0323692	0.0359538	0.0198154	0.0235462	0	0	0	0	0.0171231	0.00476154	0.0771769	0.0126231	0.000284615	0.000246154	0.110923	0.000230769	0.000223077	0.00138462	0.000253846	0.109823	0.0644385	0.00333077	0.0400923	0.00382308	0.0886077	0.0059	0.0088	0.00837692	0.00816154	0.00618462	0.0900923	0.00724615	0.0143308	0.0137231	0.0162923	0.0673385	
0.0351846	0.0378231	0.0200769	0.0252615	0	0	0	0	0.0181077	0.00535385	0.0818846	0.013	0.000307692	0.0002	0.117546	0.000292308	0.000276923	0.00140769	0.000315385	0.116346	0.0670385	0.00400769	0.0432769	0.00402308	0.0944385	0.00609231	0.00920769	0.00860769	0.00871538	0.00613077	0.0954538	0.00804615	0.0148	0.0143846	0.0166769	0.0724846	
0.0413846	0.0449538	0.0232154	0.0292462	0	0	0	0	0.0206	0.00586154	0.0966154	0.0157231	0.000469231	0.0002	0.137946	0.000184615	0.000338462	0.00205385	0.000369231	0.136038	0.0793538	0.00441538	0.0505231	0.00450769	0.110062	0.00723846	0.0111231	0.0103769	0.00993846	0.0073	0.1122	0.00936154	0.0178615	0.0172846	0.0193308	0.0843231	
0.0307308	0.0339846	0.0171154	0.0144846	0.0404846	0.0171231	0.0181077	0.0206	0	0	0	0	0.000338462	0.000192308	0.0955692	0.000215385	0.000246154	0.00126154	0.000184615	0.0946231	0.0561923	0.00330769	0.0333	0.00351538	0.0689846	0.00656154	0.0108538	0.00991538	0.00632308	0.00488462	0.0794	0.00570769	0.00780769	0.00685385	0.00856154	0.0730923	
0.00898462	0.00886154	0.00497692	0.00409231	0.0109385	0.00476154	0.00535385	0.00586154	0	0	0	0	7.69231e-05	3.07692e-05	0.0267692	3.84615e-05	9.23077e-05	0.000338462	7.69231e-05	0.0264077	0.0159462	0.000907692	0.00911538	0.000946154	0.0191462	0.00197692	0.00299231	0.0028	0.00183077	0.00136923	0.0220923	0.00162308	0.00233846	0.00194615	0.00216923	0.0204615	
0.267292	0.291662	0.156538	0.0906538	0.550469	0.0771769	0.0818846	0.0966154	0	0	0	0	0.00238462	0.00138462	0.800869	0.00150769	0.0016	0.0100385	0.00193846	0.792569	0.485608	0.0257077	0.267608	0.0272231	0.541246	0.0656462	0.102508	0.0967462	0.0676923	0.0523923	0.623238	0.0628231	0.154277	0.148831	0.170054	0.332985	
0.0225692	0.0245	0.0127385	0.0108154	0.0292769	0.0126231	0.013	0.0157231	0	0	0	0	0.000223077	0.000115385	0.0701385	0.000146154	0.000123077	0.000884615	0.0002	0.0694154	0.0408077	0.00236923	0.0250154	0.00243077	0.0514769	0.00470769	0.00766154	0.00677692	0.00447692	0.00356154	0.0581538	0.00443077	0.00553077	0.00521538	0.0061	0.0537769	
0.00110769	0.00106154	0.000561538	0.000292308	0.00196154	0.000284615	0.000307692	0.000469231	0.000338462	7.69231e-05	0.00238462	0.000223077	0	0	0	0	7.69231e-06	6.15385e-05	0	0.00295385	0.00185385	6.92308e-05	0.000992308	0.000107692	0.00193077	0.000261538	0.000469231	0.000361538	0.000230769	0.0002	0.00235385	0.000238462	0.000546154	0.000407692	0.0006	0.00146923	
0.000592308	0.000607692	0.000292308	0.000230769	0.00107692	0.000246154	0.0002	0.0002	0.000192308	3.07692e-05	0.00138462	0.000115385	0	0	0	0	7.69231e-06	3.07692e-05	0	0.00168462	0.000953846	4.61538e-05	0.000653846	6.92308e-05	0.00127692	0.000130769	0.000153846	0.000161538	0.000215385	6.92308e-05	0.00133077	0.000107692	0.000246154	0.000261538	0.000323077	0.000892308	
0.327215	0.356654	0.190231	0.119246	0.626931	0.110923	0.117546	0.137946	0.0955692	0.0267692	0.800869	0.0701385	0	0	0	0	0.00203846	0.0124308	0.00238462	0.976492	0.5946	0.0321231	0.332738	0.0338846	0.676346	0.0783769	0.123169	0.115454	0.0796615	0.0618462	0.777738	0.0741	0.168715	0.161892	0.185669	0.477069	
0.000661538	0.000684615	0.000284615	0.000276923	0.0012	0.000230769	0.000292308	0.000184615	0.000215385	3.84615e-05	0.00150769	0.000146154	0	0	0	0	7.69231e-06	0	1.53846e-05	0.00188462	0.00114615	5.38462e-05	0.000653846	5.38462e-05	0.0013	0.000123077	0.000223077	0.000261538	0.000215385	9.23077e-05	0.00146154	0.000138462	0.000446154	0.000284615	0.000292308	0.000884615	
0.000661538	0.000769231	0.000361538	0.000269231	0.00122308	0.000223077	0.000276923	0.000338462	0.000246154	9.23077e-05	0.0016	0.000123077	7.69231e-06	7.69231e-06	0.00203846	7.69231e-06	0	0	0	0	0.00126154	0.0001	0.000638462	6.15385e-05	0.00135385	0.000215385	0.000292308	0.0002	0.000192308	0.000130769	0.00161538	0.000123077	0.000338462	0.000423077	0.000292308	0.00100769	
0.00418462	0.00461538	0.00233846	0.00138462	0.00767692	0.00138462	0.00140769	0.00205385	0.00126154	0.000338462	0.0100385	0.000884615	6.15385e-05	3.07692e-05	0.0124308	0	0	0	0	0	0.00777692	0.0004	0.00392308	0.000423077	0.00849231	0.00101538	0.00160769	0.00140769	0.000976923	0.000846154	0.0097	0.001	0.00223846	0.00206154	0.00226154	0.00596154	
0.000776923	0.000815385	0.000507692	0.0003	0.00146154	0.000253846	0.000315385	0.000369231	0.000184615	7.69231e-05	0.00193846	0.0002	0	0	0.00238462	1.53846e-05	0	0	0	0	0.00143846	6.92308e-05	0.000815385	7.69231e-05	0.00163077	0.0002	0.000315385	0.000253846	0.000169231	0.000130769	0.00190769	0.000192308	0.000492308	0.000476923	0.000446154	0.000984615	
0.323954	0.352808	0.188162	0.118092	0.620808	0.109823	0.116346	0.136038	0.0946231	0.0264077	0.792569	0.0694154	0.00295385	0.00168462	0.976492	0.00188462	0	0	0	0	0.588077	0.0317231	0.329662	0.0335538	0.669377	0.0774615	0.1218	0.114377	0.0789846	0.0611	0.769662	0.0732692	0.166885	0.159885	0.183885	0.472362	
0.197585	0.215308	0.115146	0.0705154	0.387723	0.0644385	0.0670385	0.0793538	0.0561923	0.0159462	0.485608	0.0408077	0.00185385	0.000953846	0.5946	0.00114615	0.00126154	0.00777692	0.00143846	0.588077	0	0	0	0	0.3674	0.0574923	0.0895923	0.0840692	0.0652385	0.0502308	0.422923	0.0601615	0.104946	0.101485	0.116123	0.276	
0.0107	0.0120462	0.0058	0.00374615	0.0205385	0.00333077	0.00400769	0.00441538	0.00330769	0.000907692	0.0257077	0.00236923	6.92308e-05	4.61538e-05	0.0321231	5.38462e-05	0.0001	0.0004	6.92308e-05	0.0317231	0	0	0	0	0.0196231	0.00301538	0.00484615	0.00480769	0.00142308	0.000846154	0.0288308	0.00119231	0.00530769	0.00516923	0.00548462	0.0163308	
0.110146	0.119208	0.0641231	0.0415615	0.201146	0.0400923	0.0432769	0.0505231	0.0333	0.00911538	0.267608	0.0250154	0.000992308	0.000653846	0.332738	0.000653846	0.000638462	0.00392308	0.000815385	0.329662	0	0	0	0	0.272669	0.0153462	0.0244154	0.0226077	0.0122846	0.0101538	0.300623	0.0119769	0.0542923	0.0507077	0.0591077	0.170931	
0.0111462	0.0124462	0.0063	0.00422308	0.0217615	0.00382308	0.00402308	0.00450769	0.00351538	0.000946154	0.0272231	0.00243077	0.000107692	6.92308e-05	0.0338846	5.38462e-05	6.15385e-05	0.000423077	7.69231e-05	0.0335538	0	0	0	0	0.0211615	0.00303846	0.00516154	0.00475385	0.00137692	0.000976923	0.0305077	0.00125385	0.00540769	0.00548462	0.00616923	0.0170538	
0.2226	0.241162	0.129746	0.0873462	0.387746	0.0886077	0.0944385	0.110062	0.0689846	0.0191462	0.541246	0.0514769	0.00193077	0.00127692	0.676346	0.0013	0.00135385	0.00849231	0.00163077	0.669377	0.3674	0.0196231	0.272669	0.0211615	0	0	0	0	0.0513077	0.0401077	0.541838	0.0476	0.112008	0.107531	0.123646	0.337669	
0.0259538	0.0290538	0.0156923	0.00819231	0.0596615	0.0059	0.00609231	0.00723846	0.00656154	0.00197692	0.0656462	0.00470769	0.000261538	0.000130769	0.0783769	0.000123077	0.000215385	0.00101538	0.0002	0.0774615	0.0574923	0.00301538	0.0153462	0.00303846	0	0	0	0	0.00724615	0.00540769	0.0594923	0.00674615	0.0142154	0.0140154	0.0156846	0.0349769	
0.0418538	0.0454	0.0237923	0.0129692	0.0948846	0.0088	0.00920769	0.0111231	0.0108538	0.00299231	0.102508	0.00766154	0.000469231	0.000153846	0.123169	0.000223077	0.000292308	0.00160769	0.000315385	0.1218	0.0895923	0.00484615	0.0244154	0.00516154	0	0	0	0	0.0109385	0.00840769	0.0938846	0.0107846	0.0226231	0.0213154	0.0242385	0.0558385	
0.0391692	0.0433923	0.0221385	0.0115385	0.0888769	0.00837692	0.00860769	0.0103769	0.00991538	0.0028	0.0967462	0.00677692	0.000361538	0.000161538	0.115454	0.000261538	0.0002	0.00140769	0.000253846	0.114377	0.0840692	0.00480769	0.0226077	0.00475385	0	0	0	0	0.0108308	0.00828462	0.0876692	0.00945385	0.0211077	0.0199846	0.0233154	0.0518308	
0.0265846	0.0294615	0.0153231	0.00895385	0.0535077	0.00816154	0.00871538	0.00993846	0.00632308	0.00183077	0.0676923	0.00447692	0.000230769	0.000215385	0.0796615	0.000215385	0.000192308	0.000976923	0.000169231	0.0789846	0.0652385	0.00142308	0.0122846	0.00137692	0.0513077	0.00724615	0.0109385	0.0108308	0	0	0	0	0.0181077	0.0171769	0.0195692	0.0254692	
0.0207231	0.0225769	0.0119769	0.00693077	0.0425923	0.00618462	0.00613077	0.0073	0.00488462	0.00136923	0.0523923	0.00356154	0.0002	6.92308e-05	0.0618462	9.23077e-05	0.000130769	0.000846154	0.000130769	0.0611	0.0502308	0.000846154	0.0101538	0.000976923	0.0401077	0.00540769	0.00840769	0.00828462	0	0	0	0	0.0139154	0.0133692	0.0156923	0.0192308	
0.257731	0.280269	0.149585	0.0953	0.485138	0.0900923	0.0954538	0.1122	0.0794	0.0220923	0.623238	0.0581538	0.00235385	0.00133077	0.777738	0.00146154	0.00161538	0.0097	0.00190769	0.769662	0.422923	0.0288308	0.300623	0.0305077	0.541838	0.0594923	0.0938846	0.0876692	0	0	0	0	0.120823	0.116323	0.133292	0.412446	
0.0245385	0.0267	0.0144846	0.00886154	0.0499308	0.00724615	0.00804615	0.00936154	0.00570769	0.00162308	0.0628231	0.00443077	0.000238462	0.000107692	0.0741	0.000138462	0.000123077	0.001	0.000192308	0.0732692	0.0601615	0.00119231	0.0119769	0.00125385	0.0476	0.00674615	0.0107846	0.00945385	0	0	0	0	0.0171077	0.0159769	0.0183308	0.0231692	
0.0566231	0.0614385	0.0335385	0.0183538	0.122962	0.0143308	0.0148	0.0178615	0.00780769	0.00233846	0.154277	0.00553077	0.000546154	0.000246154	0.168715	0.000446154	0.000338462	0.00223846	0.000492308	0.166885	0.104946	0.00530769	0.0542923	0.00540769	0.112008	0.0142154	0.0226231	0.0211077	0.0181077	0.0139154	0.120823	0.0171077	0	0	0	0	
0.0547538	0.0591615	0.0316154	0.0173154	0.117454	0.0137231	0.0143846	0.0172846	0.00685385	0.00194615	0.148831	0.00521538	0.000407692	0.000261538	0.161892	0.000284615	0.000423077	0.00206154	0.000476923	0.159885	0.101485	0.00516923	0.0507077	0.00548462	0.107531	0.0140154	0.0213154	0.0199846	0.0171769	0.0133692	0.116323	0.0159769	0	0	0	0	
0.0633846	0.0672308	0.0367385	0.0195308	0.134585	0.0162923	0.0166769	0.0193308	0.00856154	0.00216923	0.170054	0.0061	0.0006	0.000323077	0.185669	0.000292308	0.000292308	0.00226154	0.000446154	0.183885	0.116123	0.00548462	0.0591077	0.00616923	0.123646	0.0156846	0.0242385	0.0233154	0.0195692	0.0156923	0.133292	0.0183308	0	0	0	0	
0.154815	0.171177	0.0894769	0.0648462	0.256169	0.0673385	0.0724846	0.0843231	0.0730923	0.0204615	0.332985	0.0537769	0.00146923	0.000892308	0.477069	0.000884615	0.00100769	0.00596154	0.000984615	0.472362	0.276	0.0163308	0.170931	0.0170538	0.337669	0.0349769	0.0558385	0.0518308	0.0254692	0.0192308	0.412446	0.0231692	0	0	0	0	
