0	0	0	0	0.222985	0.0314769	0.0339769	0.0395231	0.0301692	0.00873846	0.267562	0.0214923	0.00116923	0.000676923	0.325385	0.000730769	0.000815385	0.00402308	0.000792308	0.322331	0.196631	0.0107	0.109369	0.0112615	0.221023	0.0272	0.0413154	0.0384231	0.0262462	0.0205923	0.256362	0.0247615	0.0560231	0.0554923	0.0621	0.154346	
0	0	0	0	0.245023	0.0347769	0.0362846	0.0436	0.0334	0.00922308	0.293254	0.0238077	0.00116154	0.000638462	0.357085	0.0008	0.000646154	0.00467692	0.000746154	0.353615	0.215262	0.0120385	0.119892	0.0124923	0.243069	0.0292846	0.0452615	0.0420692	0.0296308	0.0225692	0.280292	0.0271923	0.0621769	0.0595846	0.0694154	0.168508	
0	0	0	0	0.128138	0.0179385	0.0198	0.0230846	0.0176462	0.00536923	0.153331	0.0126154	0.000561538	0.000338462	0.187685	0.000376923	0.000453846	0.00240769	0.000476923	0.185623	0.112808	0.00597692	0.0636077	0.00656923	0.128669	0.0153769	0.0232615	0.0216538	0.0153769	0.0114154	0.147908	0.0142615	0.0335769	0.0311692	0.0352462	0.0889692	
0	0	0	0	0.0352308	0.0262385	0.0280231	0.0339	0.0160154	0.00416923	0.0922308	0.0109769	0.000523077	0.000223077	0.122346	0.0003	0.000284615	0.00161538	0.0003	0.121192	0.0712231	0.00403846	0.044	0.00413077	0.0928	0.00769231	0.0115538	0.0113462	0.00927692	0.00738462	0.0981462	0.00858462	0.0176769	0.0170462	0.0200308	0.0686385	
0.222985	0.245023	0.128138	0.0352308	0	0	0	0	0.0400154	0.0115846	0.550923	0.0288538	0.00211538	0.00122308	0.626623	0.00141538	0.00135385	0.00777692	0.0014	0.620846	0.387008	0.021	0.201369	0.022	0.389477	0.0614769	0.0938923	0.0865308	0.0549	0.0416692	0.484754	0.0500538	0.122823	0.118438	0.135446	0.254669	
0.0314769	0.0347769	0.0179385	0.0262385	0	0	0	0	0.0172154	0.00468462	0.0761231	0.0124077	0.000392308	0.000223077	0.109538	0.000276923	0.000292308	0.00143077	0.000292308	0.108415	0.0623846	0.00356923	0.0409769	0.0035	0.0885308	0.0056	0.00826154	0.00803846	0.00739231	0.00586923	0.0895077	0.00766154	0.0143385	0.0131692	0.0161538	0.0667692	
0.0339769	0.0362846	0.0198	0.0280231	0	0	0	0	0.0183846	0.00528462	0.0813	0.0131154	0.000415385	0.000192308	0.117192	0.000284615	0.000223077	0.00163846	0.000238462	0.115985	0.0665308	0.00371538	0.0436462	0.00419231	0.0951308	0.00576154	0.00883846	0.00835385	0.00857692	0.00681538	0.0948462	0.00784615	0.0147615	0.0146769	0.0160385	0.0726077	
0.0395231	0.0436	0.0230846	0.0339	0	0	0	0	0.0216154	0.00594615	0.0980308	0.0145154	0.000492308	0.000238462	0.139146	0.000230769	0.000330769	0.00187692	0.000384615	0.137515	0.08	0.00446923	0.0508769	0.00476154	0.112423	0.00671538	0.0104	0.0105692	0.00966154	0.00760769	0.1136	0.00923846	0.0175308	0.0170077	0.0191538	0.0864154	
0.0301692	0.0334	0.0176462	0.0160154	0.0400154	0.0172154	0.0183846	0.0216154	0	0	0	0	0.000353846	0.000184615	0.0964769	0.000215385	0.000284615	0.00126923	0.000223077	0.0954538	0.0558308	0.00333077	0.0345769	0.00349231	0.071	0.00663077	0.0098	0.0098	0.00640769	0.00506923	0.0797	0.00605385	0.00760769	0.00741538	0.00848462	0.0737231	
0.00873846	0.00922308	0.00536923	0.00416923	0.0115846	0.00468462	0.00528462	0.00594615	0	0	0	0	6.15385e-05	2.30769e-05	0.0273615	5.38462e-05	8.46154e-05	0.000423077	3.07692e-05	0.0269615	0.0163231	0.000915385	0.00931538	0.000946154	0.0198846	0.00187692	0.00292308	0.00281538	0.00171538	0.00134615	0.0226308	0.00180769	0.00206923	0.00226154	0.00238462	0.0207846	
0.267562	0.293254	0.153331	0.0922308	0.550923	0.0761231	0.0813	0.0980308	0	0	0	0	0.0028	0.00157692	0.800246	0.00175385	0.00166923	0.0102077	0.00191538	0.792585	0.483946	0.0262846	0.268615	0.0275308	0.5447	0.0662154	0.101446	0.0940154	0.0679	0.0523462	0.623469	0.0626615	0.154423	0.1485	0.169354	0.3341	
0.0214923	0.0238077	0.0126154	0.0109769	0.0288538	0.0124077	0.0131154	0.0145154	0	0	0	0	0.0002	9.23077e-05	0.0684154	0.000184615	0.000161538	0.000823077	0.000146154	0.0677615	0.0398231	0.00222308	0.0243615	0.00248462	0.0499769	0.00483077	0.00722308	0.00686154	0.00450769	0.0032	0.0569077	0.00427692	0.00535385	0.00511538	0.00656923	0.0518538	
0.00116923	0.00116154	0.000561538	0.000523077	0.00211538	0.000392308	0.000415385	0.000492308	0.000353846	6.15385e-05	0.0028	0.0002	0	0	0	0	0	5.38462e-05	7.69231e-06	0.00335385	0.00205385	8.46154e-05	0.00115385	0.000123077	0.00244615	0.000207692	0.000392308	0.000369231	0.000261538	0.000192308	0.00269231	0.000269231	0.000638462	0.000623077	0.000692308	0.00146154	
0.000676923	0.000638462	0.000338462	0.000223077	0.00122308	0.000223077	0.000192308	0.000238462	0.000184615	2.30769e-05	0.00157692	9.23077e-05	0	0	0	0	7.69231e-06	7.69231e-06	0	0.00186154	0.00113846	7.69231e-05	0.000623077	3.84615e-05	0.00134615	0.0002	0.000169231	0.000161538	0.000146154	0.0001	0.00148462	0.000146154	0.000315385	0.000353846	0.000353846	0.000853846	
0.325385	0.357085	0.187685	0.122346	0.626623	0.109538	0.117192	0.139146	0.0964769	0.0273615	0.800246	0.0684154	0	0	0	0	0.00219231	0.0126538	0.00230769	0.975346	0.591477	0.0325077	0.334277	0.0342385	0.6803	0.0789846	0.120531	0.112685	0.0799308	0.0615462	0.776854	0.0741692	0.168092	0.161985	0.185292	0.477131	
0.000730769	0.0008	0.000376923	0.0003	0.00141538	0.000276923	0.000284615	0.000230769	0.000215385	5.38462e-05	0.00175385	0.000184615	0	0	0	0	0	7.69231e-06	0	0.0022	0.00125385	8.46154e-05	0.000815385	5.38462e-05	0.00146923	0.000161538	0.0003	0.000276923	0.000192308	0.000123077	0.00167692	0.000215385	0.000407692	0.000330769	0.000453846	0.00101538	
0.000815385	0.000646154	0.000453846	0.000284615	0.00135385	0.000292308	0.000223077	0.000330769	0.000284615	8.46154e-05	0.00166923	0.000161538	0	7.69231e-06	0.00219231	0	0	0	0	0	0.00131538	6.92308e-05	0.000730769	8.46154e-05	0.00155385	0.000161538	0.000230769	0.000253846	0.000215385	0.000146154	0.00167692	0.000161538	0.0003	0.0003	0.000423077	0.00117692	
0.00402308	0.00467692	0.00240769	0.00161538	0.00777692	0.00143077	0.00163846	0.00187692	0.00126923	0.000423077	0.0102077	0.000823077	5.38462e-05	7.69231e-06	0.0126538	7.69231e-06	0	0	0	0	0.00795385	0.000353846	0.00413846	0.000276923	0.00892308	0.000969231	0.00139231	0.00143846	0.00111538	0.000846154	0.00981538	0.000946154	0.00204615	0.00200769	0.00262308	0.00604615	
0.000792308	0.000746154	0.000476923	0.0003	0.0014	0.000292308	0.000238462	0.000384615	0.000223077	3.07692e-05	0.00191538	0.000146154	7.69231e-06	0	0.00230769	0	0	0	0	0	0.00138462	6.15385e-05	0.000753846	0.000115385	0.0016	0.000192308	0.000192308	0.000330769	0.000230769	0.000146154	0.00180769	0.000130769	0.0004	0.000338462	0.000469231	0.00110769	
0.322331	0.353615	0.185623	0.121192	0.620846	0.108415	0.115985	0.137515	0.0954538	0.0269615	0.792585	0.0677615	0.00335385	0.00186154	0.975346	0.0022	0	0	0	0	0.585269	0.0322692	0.331246	0.0339769	0.673485	0.0782308	0.119577	0.111469	0.0789692	0.0608231	0.769408	0.0735615	0.166708	0.160646	0.183277	0.472131	
0.196631	0.215262	0.112808	0.0712231	0.387008	0.0623846	0.0665308	0.08	0.0558308	0.0163231	0.483946	0.0398231	0.00205385	0.00113846	0.591477	0.00125385	0.00131538	0.00795385	0.00138462	0.585269	0	0	0	0	0.368323	0.0576077	0.0878692	0.0821231	0.0655385	0.0501	0.420115	0.0601692	0.104815	0.101285	0.115323	0.2745	
0.0107	0.0120385	0.00597692	0.00403846	0.021	0.00356923	0.00371538	0.00446923	0.00333077	0.000915385	0.0262846	0.00222308	8.46154e-05	7.69231e-05	0.0325077	8.46154e-05	6.92308e-05	0.000353846	6.15385e-05	0.0322692	0	0	0	0	0.0203923	0.00301538	0.00488462	0.00446154	0.00116154	0.000953846	0.0294462	0.00119231	0.00528462	0.00506154	0.00578462	0.0166231	
0.109369	0.119892	0.0636077	0.044	0.201369	0.0409769	0.0436462	0.0508769	0.0345769	0.00931538	0.268615	0.0243615	0.00115385	0.000623077	0.334277	0.000815385	0.000730769	0.00413846	0.000753846	0.331246	0	0	0	0	0.275508	0.0156462	0.0234231	0.0222923	0.0126923	0.0100231	0.301877	0.0122769	0.0536692	0.0521231	0.0593462	0.171731	
0.0112615	0.0124923	0.00656923	0.00413077	0.022	0.0035	0.00419231	0.00476154	0.00349231	0.000946154	0.0275308	0.00248462	0.000123077	3.84615e-05	0.0342385	5.38462e-05	8.46154e-05	0.000276923	0.000115385	0.0339769	0	0	0	0	0.0213385	0.00328462	0.00521538	0.00461538	0.00113846	0.000884615	0.0312692	0.00116154	0.00568462	0.00482308	0.00633846	0.0176077	
0.221023	0.243069	0.128669	0.0928	0.389477	0.0885308	0.0951308	0.112423	0.071	0.0198846	0.5447	0.0499769	0.00244615	0.00134615	0.6803	0.00146923	0.00155385	0.00892308	0.0016	0.673485	0.368323	0.0203923	0.275508	0.0213385	0	0	0	0	0.0518846	0.0396154	0.546162	0.0479	0.113154	0.108292	0.124569	0.339546	
0.0272	0.0292846	0.0153769	0.00769231	0.0614769	0.0056	0.00576154	0.00671538	0.00663077	0.00187692	0.0662154	0.00483077	0.000207692	0.0002	0.0789846	0.000161538	0.000161538	0.000969231	0.000192308	0.0782308	0.0576077	0.00301538	0.0156462	0.00328462	0	0	0	0	0.00741538	0.00539231	0.0600538	0.00669231	0.0146846	0.014	0.0157692	0.0351	
0.0413154	0.0452615	0.0232615	0.0115538	0.0938923	0.00826154	0.00883846	0.0104	0.0098	0.00292308	0.101446	0.00722308	0.000392308	0.000169231	0.120531	0.0003	0.000230769	0.00139231	0.000192308	0.119577	0.0878692	0.00488462	0.0234231	0.00521538	0	0	0	0	0.0109308	0.00863077	0.0914769	0.0103538	0.0213923	0.0215308	0.0238231	0.0546462	
0.0384231	0.0420692	0.0216538	0.0113462	0.0865308	0.00803846	0.00835385	0.0105692	0.0098	0.00281538	0.0940154	0.00686154	0.000369231	0.000161538	0.112685	0.000276923	0.000253846	0.00143846	0.000330769	0.111469	0.0821231	0.00446154	0.0222923	0.00461538	0	0	0	0	0.0103	0.00832308	0.0850154	0.00985385	0.0202231	0.0194692	0.0226308	0.0511692	
0.0262462	0.0296308	0.0153769	0.00927692	0.0549	0.00739231	0.00857692	0.00966154	0.00640769	0.00171538	0.0679	0.00450769	0.000261538	0.000146154	0.0799308	0.000192308	0.000215385	0.00111538	0.000230769	0.0789692	0.0655385	0.00116154	0.0126923	0.00113846	0.0518846	0.00741538	0.0109308	0.0103	0	0	0	0	0.0180231	0.0174692	0.0205385	0.0245	
0.0205923	0.0225692	0.0114154	0.00738462	0.0416692	0.00586923	0.00681538	0.00760769	0.00506923	0.00134615	0.0523462	0.0032	0.000192308	0.0001	0.0615462	0.000123077	0.000146154	0.000846154	0.000146154	0.0608231	0.0501	0.000953846	0.0100231	0.000884615	0.0396154	0.00539231	0.00863077	0.00832308	0	0	0	0	0.0142077	0.0135923	0.0153077	0.0188538	
0.256362	0.280292	0.147908	0.0981462	0.484754	0.0895077	0.0948462	0.1136	0.0797	0.0226308	0.623469	0.0569077	0.00269231	0.00148462	0.776854	0.00167692	0.00167692	0.00981538	0.00180769	0.769408	0.420115	0.0294462	0.301877	0.0312692	0.546162	0.0600538	0.0914769	0.0850154	0	0	0	0	0.120877	0.115777	0.132546	0.413508	
0.0247615	0.0271923	0.0142615	0.00858462	0.0500538	0.00766154	0.00784615	0.00923846	0.00605385	0.00180769	0.0626615	0.00427692	0.000269231	0.000146154	0.0741692	0.000215385	0.000161538	0.000946154	0.000130769	0.0735615	0.0601692	0.00119231	0.0122769	0.00116154	0.0479	0.00669231	0.0103538	0.00985385	0	0	0	0	0.0163462	0.0164538	0.0184	0.0236	
0.0560231	0.0621769	0.0335769	0.0176769	0.122823	0.0143385	0.0147615	0.0175308	0.00760769	0.00206923	0.154423	0.00535385	0.000638462	0.000315385	0.168092	0.000407692	0.0003	0.00204615	0.0004	0.166708	0.104815	0.00528462	0.0536692	0.00568462	0.113154	0.0146846	0.0213923	0.0202231	0.0180231	0.0142077	0.120877	0.0163462	0	0	0	0	
0.0554923	0.0595846	0.0311692	0.0170462	0.118438	0.0131692	0.0146769	0.0170077	0.00741538	0.00226154	0.1485	0.00511538	0.000623077	0.000353846	0.161985	0.000330769	0.0003	0.00200769	0.000338462	0.160646	0.101285	0.00506154	0.0521231	0.00482308	0.108292	0.014	0.0215308	0.0194692	0.0174692	0.0135923	0.115777	0.0164538	0	0	0	0	
0.0621	0.0694154	0.0352462	0.0200308	0.135446	0.0161538	0.0160385	0.0191538	0.00848462	0.00238462	0.169354	0.00656923	0.000692308	0.000353846	0.185292	0.000453846	0.000423077	0.00262308	0.000469231	0.183277	0.115323	0.00578462	0.0593462	0.00633846	0.124569	0.0157692	0.0238231	0.0226308	0.0205385	0.0153077	0.132546	0.0184	0	0	0	0	
0.154346	0.168508	0.0889692	0.0686385	0.254669	0.0667692	0.0726077	0.0864154	0.0737231	0.0207846	0.3341	0.0518538	0.00146154	0.000853846	0.477131	0.00101538	0.00117692	0.00604615	0.00110769	0.472131	0.2745	0.0166231	0.171731	0.0176077	0.339546	0.0351	0.0546462	0.0511692	0.0245	0.0188538	0.413508	0.0236	0	0	0	0	
