0	0	0	0	0.211638	0.0356154	0.0386615	0.046	0.0305077	0.00793077	0.2708	0.0226769	0.00116923	0.000584615	0.329523	0.000638462	0.000823077	0.00412308	0.000823077	0.326146	0.199238	0.0101846	0.111823	0.0106692	0.2275	0.0264846	0.0393231	0.0386077	0.0267308	0.0204	0.259492	0.0252923	0.0557308	0.0546538	0.0631154	0.158415	
0	0	0	0	0.232138	0.0400846	0.0415462	0.0487385	0.0334462	0.00968462	0.293715	0.0256615	0.00122308	0.0006	0.359892	0.000792308	0.000846154	0.00430769	0.000869231	0.356485	0.215938	0.0115615	0.122692	0.0123154	0.249085	0.0279462	0.0439385	0.0415385	0.0286077	0.0233615	0.284408	0.0261308	0.0614385	0.0587462	0.0685538	0.173769	
0	0	0	0	0.120877	0.0209308	0.0231615	0.0270231	0.0185308	0.00496154	0.154854	0.0136462	0.000715385	0.000292308	0.190631	0.000353846	0.000392308	0.00227692	0.000546154	0.188777	0.114231	0.00643077	0.0650385	0.00629231	0.132031	0.0151462	0.0238308	0.0209846	0.0154385	0.0117692	0.150631	0.0141538	0.0325923	0.0310231	0.0360923	0.0922846	
0	0	0	0	0.0670615	0.0138692	0.0151385	0.0175154	0.0113231	0.00340769	0.0909154	0.00793846	0.000261538	0.000246154	0.112885	0.000192308	0.000261538	0.00127692	0.000238462	0.111808	0.0663692	0.0035	0.0397154	0.004	0.0780308	0.00900769	0.0141538	0.0123923	0.00953846	0.00691538	0.0885462	0.00858462	0.0184846	0.0190692	0.0204462	0.0555846	
0.211638	0.232138	0.120877	0.0670615	0	0	0	0	0.0400615	0.0112923	0.550662	0.0297	0.00214615	0.00105385	0.627285	0.00123077	0.00145385	0.00747692	0.00158462	0.6212	0.384192	0.0202846	0.205992	0.0212462	0.394715	0.0596308	0.0910154	0.0863538	0.0537077	0.0420462	0.486392	0.0495692	0.121354	0.117777	0.136485	0.2561	
0.0356154	0.0400846	0.0209308	0.0138692	0	0	0	0	0.0161077	0.00471538	0.0776385	0.0120385	0.000392308	0.000169231	0.109662	0.000276923	0.000230769	0.0015	0.000338462	0.108431	0.0631385	0.00360769	0.0400615	0.00369231	0.0870077	0.00595385	0.00937692	0.00816154	0.00787692	0.00631538	0.0889538	0.00735385	0.0143231	0.0137308	0.0149308	0.0675154	
0.0386615	0.0415462	0.0231615	0.0151385	0	0	0	0	0.0173462	0.00470769	0.0835692	0.0128846	0.000376923	0.000223077	0.117708	0.0002	0.000338462	0.00133846	0.000253846	0.116577	0.0686615	0.00371538	0.0423231	0.00380769	0.0940692	0.00606154	0.0097	0.00867692	0.00886923	0.00643846	0.0951692	0.00803077	0.0149923	0.0146769	0.0167385	0.0721	
0.046	0.0487385	0.0270231	0.0175154	0	0	0	0	0.0202923	0.00526923	0.0984154	0.0153	0.000453846	0.000276923	0.138277	0.000269231	0.0003	0.00166923	0.0003	0.137008	0.0797846	0.00406923	0.0508923	0.00453077	0.110854	0.00693846	0.0111538	0.0103308	0.00986154	0.00764615	0.112562	0.00920769	0.0175769	0.0173077	0.0200538	0.0843385	
0.0305077	0.0334462	0.0185308	0.0113231	0.0400615	0.0161077	0.0173462	0.0202923	0	0	0	0	0.000276923	0.000215385	0.0931615	0.000153846	0.000246154	0.0011	0.0002	0.0922615	0.0536538	0.00326154	0.0338462	0.00304615	0.0680769	0.00631538	0.00993846	0.00947692	0.00598462	0.00483077	0.0775615	0.00543077	0.00714615	0.0071	0.00814615	0.0714154	
0.00793077	0.00968462	0.00496154	0.00340769	0.0112923	0.00471538	0.00470769	0.00526923	0	0	0	0	8.46154e-05	4.61538e-05	0.0257846	6.92308e-05	6.15385e-05	0.000307692	6.92308e-05	0.0255462	0.0145385	0.000884615	0.00961538	0.000946154	0.0188615	0.00166923	0.00278462	0.00266923	0.00168462	0.00137692	0.0215462	0.00137692	0.00203077	0.00213846	0.00228462	0.0195308	
0.2708	0.293715	0.154854	0.0909154	0.550662	0.0776385	0.0835692	0.0984154	0	0	0	0	0.00276154	0.0014	0.804515	0.00160769	0.00186154	0.00973846	0.00208462	0.7966	0.487492	0.0253769	0.270738	0.0266769	0.548677	0.0658077	0.100954	0.0948462	0.0682231	0.0527385	0.626185	0.0631385	0.153754	0.149115	0.172	0.335415	
0.0226769	0.0256615	0.0136462	0.00793846	0.0297	0.0120385	0.0128846	0.0153	0	0	0	0	0.000246154	6.15385e-05	0.0694692	0.000146154	0.000153846	0.000838462	0.000123077	0.0688077	0.0400923	0.00215385	0.0250692	0.00260769	0.0510308	0.00479231	0.00756923	0.00653077	0.00442308	0.0035	0.0577846	0.00421538	0.00531538	0.00513846	0.00577692	0.0536923	
0.00116923	0.00122308	0.000715385	0.000261538	0.00214615	0.000392308	0.000376923	0.000453846	0.000276923	8.46154e-05	0.00276154	0.000246154	0	0	0	0	0	5.38462e-05	0	0.00331538	0.00215385	9.23077e-05	0.00104615	7.69231e-05	0.00210769	0.000338462	0.000446154	0.000476923	0.000361538	0.000253846	0.0025	0.000253846	0.000576923	0.000561538	0.000661538	0.00156923	
0.000584615	0.0006	0.000292308	0.000246154	0.00105385	0.000169231	0.000223077	0.000276923	0.000215385	4.61538e-05	0.0014	6.15385e-05	0	0	0	0	0	7.69231e-06	0	0.00171538	0.000969231	3.84615e-05	0.000638462	7.69231e-05	0.00117692	0.000130769	0.000276923	0.000138462	0.000138462	0.000115385	0.00132308	0.000146154	0.000261538	0.000230769	0.000353846	0.000876923	
0.329523	0.359892	0.190631	0.112885	0.627285	0.109662	0.117708	0.138277	0.0931615	0.0257846	0.804515	0.0694692	0	0	0	0	0.00232308	0.0119154	0.00247692	0.976215	0.591469	0.0314846	0.336938	0.0330385	0.681992	0.0779538	0.120315	0.112669	0.0796769	0.0619385	0.777738	0.0735769	0.167054	0.162377	0.186846	0.476654	
0.000638462	0.000792308	0.000353846	0.000192308	0.00123077	0.000276923	0.0002	0.000269231	0.000153846	6.92308e-05	0.00160769	0.000146154	0	0	0	0	0	7.69231e-06	0	0.00196923	0.00118462	6.15385e-05	0.000646154	8.46154e-05	0.00136923	0.000161538	0.000207692	0.000238462	0.000138462	0.000138462	0.00151538	0.000184615	0.000353846	0.000323077	0.000346154	0.000953846	
0.000823077	0.000846154	0.000392308	0.000261538	0.00145385	0.000230769	0.000338462	0.0003	0.000246154	6.15385e-05	0.00186154	0.000153846	0	0	0.00232308	0	0	0	0	0	0.0014	5.38462e-05	0.000807692	6.15385e-05	0.00157692	0.000169231	0.000269231	0.000307692	0.000176923	0.000115385	0.00176923	0.000261538	0.000461538	0.000361538	0.000376923	0.00112308	
0.00412308	0.00430769	0.00227692	0.00127692	0.00747692	0.0015	0.00133846	0.00166923	0.0011	0.000307692	0.00973846	0.000838462	5.38462e-05	7.69231e-06	0.0119154	7.69231e-06	0	0	0	0	0.00748462	0.000384615	0.00384615	0.000269231	0.00825385	0.000892308	0.00154615	0.00129231	0.000938462	0.000769231	0.00946154	0.000815385	0.00202308	0.00213077	0.0023	0.00553077	
0.000823077	0.000869231	0.000546154	0.000238462	0.00158462	0.000338462	0.000253846	0.0003	0.0002	6.92308e-05	0.00208462	0.000123077	0	0	0.00247692	0	0	0	0	0	0.00146923	0.000115385	0.000807692	8.46154e-05	0.0017	0.000215385	0.000346154	0.000215385	0.000184615	0.000161538	0.00194615	0.000184615	0.000392308	0.000407692	0.000423077	0.00125385	
0.326146	0.356485	0.188777	0.111808	0.6212	0.108431	0.116577	0.137008	0.0922615	0.0255462	0.7966	0.0688077	0.00331538	0.00171538	0.976215	0.00196923	0	0	0	0	0.585423	0.0311231	0.333808	0.0328615	0.675115	0.0773077	0.119085	0.111708	0.0790154	0.0614	0.7699	0.0729	0.165369	0.160592	0.185108	0.472146	
0.199238	0.215938	0.114231	0.0663692	0.384192	0.0631385	0.0686615	0.0797846	0.0536538	0.0145385	0.487492	0.0400923	0.00215385	0.000969231	0.591469	0.00118462	0.0014	0.00748462	0.00146923	0.585423	0	0	0	0	0.373177	0.0560538	0.0866154	0.0799308	0.0644	0.0504923	0.421746	0.0591385	0.103838	0.100954	0.116346	0.274638	
0.0101846	0.0115615	0.00643077	0.0035	0.0202846	0.00360769	0.00371538	0.00406923	0.00326154	0.000884615	0.0253769	0.00215385	9.23077e-05	3.84615e-05	0.0314846	6.15385e-05	5.38462e-05	0.000384615	0.000115385	0.0311231	0	0	0	0	0.0199769	0.00301538	0.00448462	0.0042	0.00133846	0.00101538	0.0280692	0.00125385	0.00523846	0.00488462	0.00596923	0.0155846	
0.111823	0.122692	0.0650385	0.0397154	0.205992	0.0400615	0.0423231	0.0508923	0.0338462	0.00961538	0.270738	0.0250692	0.00104615	0.000638462	0.336938	0.000646154	0.000807692	0.00384615	0.000807692	0.333808	0	0	0	0	0.272462	0.0163154	0.0257	0.0247923	0.0131231	0.00988462	0.303715	0.0125462	0.0536615	0.0523846	0.0599308	0.173292	
0.0106692	0.0123154	0.00629231	0.004	0.0212462	0.00369231	0.00380769	0.00453077	0.00304615	0.000946154	0.0266769	0.00260769	7.69231e-05	7.69231e-05	0.0330385	8.46154e-05	6.15385e-05	0.000269231	8.46154e-05	0.0328615	0	0	0	0	0.0210308	0.0032	0.00444615	0.0046	0.00145385	0.00105385	0.0295462	0.00122308	0.00550769	0.00526923	0.00596154	0.0165385	
0.2275	0.249085	0.132031	0.0780308	0.394715	0.0870077	0.0940692	0.110854	0.0680769	0.0188615	0.548677	0.0510308	0.00210769	0.00117692	0.681992	0.00136923	0.00157692	0.00825385	0.0017	0.675115	0.373177	0.0199769	0.272462	0.0210308	0	0	0	0	0.0519538	0.0405769	0.546192	0.0479231	0.112308	0.109638	0.125177	0.339523	
0.0264846	0.0279462	0.0151462	0.00900769	0.0596308	0.00595385	0.00606154	0.00693846	0.00631538	0.00166923	0.0658077	0.00479231	0.000338462	0.000130769	0.0779538	0.000161538	0.000169231	0.000892308	0.000215385	0.0773077	0.0560538	0.00301538	0.0163154	0.0032	0	0	0	0	0.00718462	0.00551538	0.0594385	0.00644615	0.0145308	0.0133308	0.0156769	0.0350462	
0.0393231	0.0439385	0.0238308	0.0141538	0.0910154	0.00937692	0.0097	0.0111538	0.00993846	0.00278462	0.100954	0.00756923	0.000446154	0.000276923	0.120315	0.000207692	0.000269231	0.00154615	0.000346154	0.119085	0.0866154	0.00448462	0.0257	0.00444615	0	0	0	0	0.0109	0.00846154	0.0916769	0.0102077	0.0210385	0.0204692	0.0244846	0.0552538	
0.0386077	0.0415385	0.0209846	0.0123923	0.0863538	0.00816154	0.00867692	0.0103308	0.00947692	0.00266923	0.0948462	0.00653077	0.000476923	0.000138462	0.112669	0.000238462	0.000307692	0.00129231	0.000215385	0.111708	0.0799308	0.0042	0.0247923	0.0046	0	0	0	0	0.0102769	0.00789231	0.0857692	0.00958462	0.0203692	0.0200538	0.0228692	0.0502308	
0.0267308	0.0286077	0.0154385	0.00953846	0.0537077	0.00787692	0.00886923	0.00986154	0.00598462	0.00168462	0.0682231	0.00442308	0.000361538	0.000138462	0.0796769	0.000138462	0.000176923	0.000938462	0.000184615	0.0790154	0.0644	0.00133846	0.0131231	0.00145385	0.0519538	0.00718462	0.0109	0.0102769	0	0	0	0	0.0185231	0.0174	0.0203846	0.0240077	
0.0204	0.0233615	0.0117692	0.00691538	0.0420462	0.00631538	0.00643846	0.00764615	0.00483077	0.00137692	0.0527385	0.0035	0.000253846	0.000115385	0.0619385	0.000138462	0.000115385	0.000769231	0.000161538	0.0614	0.0504923	0.00101538	0.00988462	0.00105385	0.0405769	0.00551538	0.00846154	0.00789231	0	0	0	0	0.0140538	0.0132769	0.0161308	0.0189846	
0.259492	0.284408	0.150631	0.0885462	0.486392	0.0889538	0.0951692	0.112562	0.0775615	0.0215462	0.626185	0.0577846	0.0025	0.00132308	0.777738	0.00151538	0.00176923	0.00946154	0.00194615	0.7699	0.421746	0.0280692	0.303715	0.0295462	0.546192	0.0594385	0.0916769	0.0857692	0	0	0	0	0.119069	0.116623	0.133062	0.414323	
0.0252923	0.0261308	0.0141538	0.00858462	0.0495692	0.00735385	0.00803077	0.00920769	0.00543077	0.00137692	0.0631385	0.00421538	0.000253846	0.000146154	0.0735769	0.000184615	0.000261538	0.000815385	0.000184615	0.0729	0.0591385	0.00125385	0.0125462	0.00122308	0.0479231	0.00644615	0.0102077	0.00958462	0	0	0	0	0.0166	0.0161923	0.0186308	0.0227385	
0.0557308	0.0614385	0.0325923	0.0184846	0.121354	0.0143231	0.0149923	0.0175769	0.00714615	0.00203077	0.153754	0.00531538	0.000576923	0.000261538	0.167054	0.000353846	0.000461538	0.00202308	0.000392308	0.165369	0.103838	0.00523846	0.0536615	0.00550769	0.112308	0.0145308	0.0210385	0.0203692	0.0185231	0.0140538	0.119069	0.0166	0	0	0	0	
0.0546538	0.0587462	0.0310231	0.0190692	0.117777	0.0137308	0.0146769	0.0173077	0.0071	0.00213846	0.149115	0.00513846	0.000561538	0.000230769	0.162377	0.000323077	0.000361538	0.00213077	0.000407692	0.160592	0.100954	0.00488462	0.0523846	0.00526923	0.109638	0.0133308	0.0204692	0.0200538	0.0174	0.0132769	0.116623	0.0161923	0	0	0	0	
0.0631154	0.0685538	0.0360923	0.0204462	0.136485	0.0149308	0.0167385	0.0200538	0.00814615	0.00228462	0.172	0.00577692	0.000661538	0.000353846	0.186846	0.000346154	0.000376923	0.0023	0.000423077	0.185108	0.116346	0.00596923	0.0599308	0.00596154	0.125177	0.0156769	0.0244846	0.0228692	0.0203846	0.0161308	0.133062	0.0186308	0	0	0	0	
0.158415	0.173769	0.0922846	0.0555846	0.2561	0.0675154	0.0721	0.0843385	0.0714154	0.0195308	0.335415	0.0536923	0.00156923	0.000876923	0.476654	0.000953846	0.00112308	0.00553077	0.00125385	0.472146	0.274638	0.0155846	0.173292	0.0165385	0.339523	0.0350462	0.0552538	0.0502308	0.0240077	0.0189846	0.414323	0.0227385	0	0	0	0	
