0	0	0	0	0.225392	0.0315846	0.0353462	0.0397692	0.0306923	0.00893077	0.270269	0.0222	0.000969231	0.000523077	0.329962	0.000638462	0.000630769	0.00434615	0.000830769	0.326285	0.198577	0.0111385	0.110854	0.0115231	0.223477	0.0268308	0.0427077	0.0390769	0.0268769	0.0204846	0.260369	0.0243615	0.0563615	0.0547154	0.0635692	0.157446	
0	0	0	0	0.2431	0.0343538	0.0366615	0.0428692	0.0329231	0.00932308	0.289715	0.0250231	0.00121538	0.000576923	0.354485	0.000707692	0.000638462	0.00445385	0.000853846	0.351038	0.214654	0.0116308	0.118354	0.0123462	0.240869	0.0299615	0.0443923	0.0417615	0.0293538	0.0220231	0.2785	0.0271077	0.0614923	0.0594462	0.0669385	0.169108	
0	0	0	0	0.127015	0.0177692	0.0192154	0.0227846	0.0168615	0.00499231	0.152623	0.0123077	0.000546154	0.0003	0.185462	0.000476923	0.000430769	0.00230769	0.000461538	0.183585	0.1133	0.00582308	0.0611385	0.00652308	0.125523	0.0152769	0.0236308	0.0223538	0.0157077	0.0117692	0.145354	0.0139538	0.0331769	0.0319077	0.0353308	0.0863692	
0	0	0	0	0.0350615	0.0271308	0.0289077	0.0330385	0.0154769	0.00456923	0.0921923	0.0119	0.000507692	0.000238462	0.123169	0.000223077	0.000307692	0.00170769	0.000261538	0.121862	0.0716769	0.00388462	0.0444692	0.00410769	0.0930615	0.00761538	0.0120769	0.0113846	0.0100308	0.00682308	0.0984846	0.0088	0.0180615	0.0179385	0.0197385	0.0684	
0.225392	0.2431	0.127015	0.0350615	0	0	0	0	0.0405154	0.0111615	0.548962	0.0299308	0.00182308	0.00105385	0.626346	0.00134615	0.00126923	0.0082	0.00152308	0.619577	0.387754	0.0210462	0.1993	0.0224692	0.386138	0.0610538	0.0948231	0.0885538	0.0547615	0.0413308	0.484662	0.0498154	0.122646	0.118631	0.134223	0.255069	
0.0315846	0.0343538	0.0177692	0.0271308	0	0	0	0	0.0167923	0.00494615	0.0764923	0.0126077	0.000461538	0.000184615	0.109969	0.000223077	0.000246154	0.00132308	0.000315385	0.108954	0.0633692	0.0034	0.0406923	0.00337692	0.0887462	0.00553846	0.00841538	0.00813846	0.00796154	0.00589231	0.0893615	0.00762308	0.0138615	0.0134923	0.0153615	0.0681231	
0.0353462	0.0366615	0.0192154	0.0289077	0	0	0	0	0.0180538	0.00536154	0.0832077	0.0135077	0.000446154	0.000192308	0.119262	0.000230769	0.000238462	0.0015	0.000253846	0.118138	0.0684615	0.00369231	0.0440538	0.00392308	0.0968692	0.00592308	0.00913846	0.0082	0.00893077	0.00618462	0.0971231	0.00789231	0.0150692	0.0149231	0.0169923	0.0731462	
0.0397692	0.0428692	0.0227846	0.0330385	0	0	0	0	0.0205923	0.00634615	0.0961385	0.0153846	0.000507692	0.000207692	0.1375	0.000246154	0.000253846	0.00179231	0.000315385	0.1361	0.0786231	0.00433846	0.0507692	0.00473077	0.111177	0.00716923	0.0104308	0.00968462	0.0103154	0.00769231	0.111562	0.00889231	0.0175154	0.0169615	0.019	0.0849846	
0.0306923	0.0329231	0.0168615	0.0154769	0.0405154	0.0167923	0.0180538	0.0205923	0	0	0	0	0.000346154	0.000138462	0.0952692	0.0002	0.000215385	0.00142308	0.000230769	0.0940846	0.0560231	0.0029	0.0334462	0.00358462	0.0697385	0.00670769	0.0100462	0.00946154	0.0062	0.00445385	0.0793462	0.00595385	0.00767692	0.00777692	0.00821538	0.0722846	
0.00893077	0.00932308	0.00499231	0.00456923	0.0111615	0.00494615	0.00536154	0.00634615	0	0	0	0	0.000115385	5.38462e-05	0.0276	4.61538e-05	0.000130769	0.000361538	7.69231e-05	0.0272462	0.0162538	0.000961538	0.00969231	0.000907692	0.0200538	0.002	0.00286154	0.0029	0.00183077	0.00136154	0.0230231	0.0016	0.00212308	0.00218462	0.00230769	0.0212	
0.270269	0.289715	0.152623	0.0921923	0.548962	0.0764923	0.0832077	0.0961385	0	0	0	0	0.00259231	0.00135385	0.799208	0.00164615	0.00151538	0.0101923	0.00191538	0.791177	0.484292	0.0260385	0.266846	0.0276231	0.541077	0.0660923	0.102369	0.0952615	0.0688385	0.0518769	0.622008	0.0620769	0.153546	0.148485	0.168777	0.333992	
0.0222	0.0250231	0.0123077	0.0119	0.0299308	0.0126077	0.0135077	0.0153846	0	0	0	0	0.000184615	9.23077e-05	0.071	0.000153846	0.000146154	0.000838462	0.000184615	0.0702615	0.0416385	0.00257692	0.0248308	0.00238462	0.0520615	0.00488462	0.00753077	0.00695385	0.0051	0.00340769	0.0583308	0.00459231	0.00574615	0.00556154	0.00627692	0.0538462	
0.000969231	0.00121538	0.000546154	0.000507692	0.00182308	0.000461538	0.000446154	0.000507692	0.000346154	0.000115385	0.00259231	0.000184615	0	0	0	0	0	3.07692e-05	7.69231e-06	0.0032	0.00192308	0.000161538	0.00101538	0.000138462	0.00223077	0.000238462	0.000392308	0.000376923	0.000192308	0.000184615	0.00262308	0.000238462	0.000515385	0.000438462	0.000553846	0.00173077	
0.000523077	0.000576923	0.0003	0.000238462	0.00105385	0.000184615	0.000192308	0.000207692	0.000138462	5.38462e-05	0.00135385	9.23077e-05	0	0	0	0	0	2.30769e-05	0	0.00161538	0.000961538	3.84615e-05	0.000561538	7.69231e-05	0.00113846	0.000184615	0.000192308	0.000123077	0.0001	0.0001	0.00131538	0.000123077	0.000315385	0.000284615	0.0003	0.000738462	
0.329962	0.354485	0.185462	0.123169	0.626346	0.109969	0.119262	0.1375	0.0952692	0.0276	0.799208	0.071	0	0	0	0	0.00200769	0.0127385	0.0024	0.975931	0.594038	0.0322462	0.332608	0.0341846	0.6782	0.0790308	0.121969	0.113877	0.0815231	0.0606769	0.777177	0.0737	0.168	0.162831	0.184415	0.477831	
0.000638462	0.000707692	0.000476923	0.000223077	0.00134615	0.000223077	0.000230769	0.000246154	0.0002	4.61538e-05	0.00164615	0.000153846	0	0	0	0	0	2.30769e-05	0	0.00202308	0.00128462	3.07692e-05	0.000630769	0.0001	0.00136154	0.000230769	0.000253846	0.0002	0.000153846	0.000138462	0.00159231	0.000161538	0.000261538	0.000453846	0.000307692	0.00102308	
0.000630769	0.000638462	0.000430769	0.000307692	0.00126923	0.000246154	0.000238462	0.000253846	0.000215385	0.000130769	0.00151538	0.000146154	0	0	0.00200769	0	0	0	0	0	0.00120769	0.000107692	0.000661538	3.07692e-05	0.00134615	0.000169231	0.000253846	0.000238462	0.000261538	0.000123077	0.0015	0.000123077	0.000369231	0.000346154	0.000330769	0.000961538	
0.00434615	0.00445385	0.00230769	0.00170769	0.0082	0.00132308	0.0015	0.00179231	0.00142308	0.000361538	0.0101923	0.000838462	3.07692e-05	2.30769e-05	0.0127385	2.30769e-05	0	0	0	0	0.00733846	0.000446154	0.00447692	0.000553846	0.00876923	0.00116154	0.00143077	0.00145385	0.00116923	0.000676923	0.0100538	0.000915385	0.00196923	0.00212308	0.00239231	0.00633077	
0.000830769	0.000853846	0.000461538	0.000261538	0.00152308	0.000315385	0.000253846	0.000315385	0.000230769	7.69231e-05	0.00191538	0.000184615	7.69231e-06	0	0.0024	0	0	0	0	0	0.00151538	5.38462e-05	0.000738462	0.0001	0.00160769	0.000184615	0.000353846	0.000261538	0.000230769	0.000146154	0.00181538	0.000215385	0.000438462	0.000330769	0.000538462	0.0011	
0.326285	0.351038	0.183585	0.121862	0.619577	0.108954	0.118138	0.1361	0.0940846	0.0272462	0.791177	0.0702615	0.0032	0.00161538	0.975931	0.00202308	0	0	0	0	0.588146	0.0318692	0.328938	0.0338154	0.671208	0.0781692	0.120769	0.112623	0.0803077	0.0601538	0.769338	0.0729692	0.166315	0.161208	0.182315	0.472931	
0.198577	0.214654	0.1133	0.0716769	0.387754	0.0633692	0.0684615	0.0786231	0.0560231	0.0162538	0.484292	0.0416385	0.00192308	0.000961538	0.594038	0.00128462	0.00120769	0.00733846	0.00151538	0.588146	0	0	0	0	0.368862	0.0575385	0.0885154	0.0832923	0.0661615	0.0495846	0.422446	0.0600154	0.105008	0.101792	0.115708	0.2757	
0.0111385	0.0116308	0.00582308	0.00388462	0.0210462	0.0034	0.00369231	0.00433846	0.0029	0.000961538	0.0260385	0.00257692	0.000161538	3.84615e-05	0.0322462	3.07692e-05	0.000107692	0.000446154	5.38462e-05	0.0318692	0	0	0	0	0.0200846	0.0032	0.00487692	0.00431538	0.00133846	0.00106923	0.0289769	0.00109231	0.00525385	0.00517692	0.00560769	0.0164385	
0.110854	0.118354	0.0611385	0.0444692	0.1993	0.0406923	0.0440538	0.0507692	0.0334462	0.00969231	0.266846	0.0248308	0.00101538	0.000561538	0.332608	0.000630769	0.000661538	0.00447692	0.000738462	0.328938	0	0	0	0	0.272762	0.0156538	0.0243154	0.0220846	0.0130923	0.00937692	0.3004	0.0119462	0.0530692	0.0512538	0.0583308	0.172162	
0.0115231	0.0123462	0.00652308	0.00410769	0.0224692	0.00337692	0.00392308	0.00473077	0.00358462	0.000907692	0.0276231	0.00238462	0.000138462	7.69231e-05	0.0341846	0.0001	3.07692e-05	0.000553846	0.0001	0.0338154	0	0	0	0	0.0212231	0.00329231	0.0051	0.00488462	0.00137692	0.00106923	0.0308846	0.00116923	0.00576154	0.00578462	0.00593077	0.0170231	
0.223477	0.240869	0.125523	0.0930615	0.386138	0.0887462	0.0968692	0.111177	0.0697385	0.0200538	0.541077	0.0520615	0.00223077	0.00113846	0.6782	0.00136154	0.00134615	0.00876923	0.00160769	0.671208	0.368862	0.0200846	0.272762	0.0212231	0	0	0	0	0.0523077	0.0392692	0.543562	0.0477923	0.111962	0.108708	0.122246	0.340015	
0.0268308	0.0299615	0.0152769	0.00761538	0.0610538	0.00553846	0.00592308	0.00716923	0.00670769	0.002	0.0660923	0.00488462	0.000238462	0.000184615	0.0790308	0.000230769	0.000169231	0.00116154	0.000184615	0.0781692	0.0575385	0.0032	0.0156538	0.00329231	0	0	0	0	0.00727692	0.0055	0.0602462	0.00666154	0.0143	0.0138692	0.0158846	0.0356308	
0.0427077	0.0443923	0.0236308	0.0120769	0.0948231	0.00841538	0.00913846	0.0104308	0.0100462	0.00286154	0.102369	0.00753077	0.000392308	0.000192308	0.121969	0.000253846	0.000253846	0.00143077	0.000353846	0.120769	0.0885154	0.00487692	0.0243154	0.0051	0	0	0	0	0.0112923	0.00866154	0.0924615	0.0103923	0.0223692	0.0212538	0.0241154	0.0550692	
0.0390769	0.0417615	0.0223538	0.0113846	0.0885538	0.00813846	0.0082	0.00968462	0.00946154	0.0029	0.0952615	0.00695385	0.000376923	0.000123077	0.113877	0.0002	0.000238462	0.00145385	0.000261538	0.112623	0.0832923	0.00431538	0.0220846	0.00488462	0	0	0	0	0.0110923	0.00766923	0.0864385	0.00937692	0.0204615	0.0201769	0.0233308	0.0506077	
0.0268769	0.0293538	0.0157077	0.0100308	0.0547615	0.00796154	0.00893077	0.0103154	0.0062	0.00183077	0.0688385	0.0051	0.000192308	0.0001	0.0815231	0.000153846	0.000261538	0.00116923	0.000230769	0.0803077	0.0661615	0.00133846	0.0130923	0.00137692	0.0523077	0.00727692	0.0112923	0.0110923	0	0	0	0	0.0186	0.0179615	0.0197769	0.0256308	
0.0204846	0.0220231	0.0117692	0.00682308	0.0413308	0.00589231	0.00618462	0.00769231	0.00445385	0.00136154	0.0518769	0.00340769	0.000184615	0.0001	0.0606769	0.000138462	0.000123077	0.000676923	0.000146154	0.0601538	0.0495846	0.00106923	0.00937692	0.00106923	0.0392692	0.0055	0.00866154	0.00766923	0	0	0	0	0.0135231	0.0138538	0.0149308	0.0187923	
0.260369	0.2785	0.145354	0.0984846	0.484662	0.0893615	0.0971231	0.111562	0.0793462	0.0230231	0.622008	0.0583308	0.00262308	0.00131538	0.777177	0.00159231	0.0015	0.0100538	0.00181538	0.769338	0.422446	0.0289769	0.3004	0.0308846	0.543562	0.0602462	0.0924615	0.0864385	0	0	0	0	0.120223	0.116515	0.132592	0.413377	
0.0243615	0.0271077	0.0139538	0.0088	0.0498154	0.00762308	0.00789231	0.00889231	0.00595385	0.0016	0.0620769	0.00459231	0.000238462	0.000123077	0.0737	0.000161538	0.000123077	0.000915385	0.000215385	0.0729692	0.0600154	0.00109231	0.0119462	0.00116923	0.0477923	0.00666154	0.0103923	0.00937692	0	0	0	0	0.0167462	0.0156769	0.0182769	0.0235231	
0.0563615	0.0614923	0.0331769	0.0180615	0.122646	0.0138615	0.0150692	0.0175154	0.00767692	0.00212308	0.153546	0.00574615	0.000515385	0.000315385	0.168	0.000261538	0.000369231	0.00196923	0.000438462	0.166315	0.105008	0.00525385	0.0530692	0.00576154	0.111962	0.0143	0.0223692	0.0204615	0.0186	0.0135231	0.120223	0.0167462	0	0	0	0	
0.0547154	0.0594462	0.0319077	0.0179385	0.118631	0.0134923	0.0149231	0.0169615	0.00777692	0.00218462	0.148485	0.00556154	0.000438462	0.000284615	0.162831	0.000453846	0.000346154	0.00212308	0.000330769	0.161208	0.101792	0.00517692	0.0512538	0.00578462	0.108708	0.0138692	0.0212538	0.0201769	0.0179615	0.0138538	0.116515	0.0156769	0	0	0	0	
0.0635692	0.0669385	0.0353308	0.0197385	0.134223	0.0153615	0.0169923	0.019	0.00821538	0.00230769	0.168777	0.00627692	0.000553846	0.0003	0.184415	0.000307692	0.000330769	0.00239231	0.000538462	0.182315	0.115708	0.00560769	0.0583308	0.00593077	0.122246	0.0158846	0.0241154	0.0233308	0.0197769	0.0149308	0.132592	0.0182769	0	0	0	0	
0.157446	0.169108	0.0863692	0.0684	0.255069	0.0681231	0.0731462	0.0849846	0.0722846	0.0212	0.333992	0.0538462	0.00173077	0.000738462	0.477831	0.00102308	0.000961538	0.00633077	0.0011	0.472931	0.2757	0.0164385	0.172162	0.0170231	0.340015	0.0356308	0.0550692	0.0506077	0.0256308	0.0187923	0.413377	0.0235231	0	0	0	0	
