0	0	0	0	0.222977	0.0315154	0.0325769	0.0392462	0.0301846	0.00853846	0.265962	0.0216308	0.00112308	0.000561538	0.323946	0.000684615	0.000769231	0.00383077	0.000823077	0.320892	0.195469	0.0108385	0.108885	0.0111231	0.219146	0.0266923	0.0415154	0.0389615	0.0262923	0.0203769	0.255869	0.0237769	0.0562	0.0537308	0.0625154	0.153869	
0	0	0	0	0.244777	0.0346769	0.0369923	0.0435615	0.0323462	0.00943846	0.2936	0.0246231	0.00106923	0.000538462	0.357762	0.000638462	0.000761538	0.00422308	0.0009	0.354123	0.215054	0.0119615	0.120862	0.0121308	0.243915	0.0293538	0.0450308	0.0417077	0.0290692	0.0221154	0.282177	0.0266462	0.0621154	0.0600538	0.0693385	0.1685	
0	0	0	0	0.130231	0.0183462	0.0201692	0.0227923	0.0175846	0.00512308	0.156131	0.0127	0.000653846	0.000415385	0.190015	0.000453846	0.000476923	0.00259231	0.0005	0.187969	0.113969	0.00616923	0.0645692	0.00683077	0.129615	0.0156923	0.0239462	0.0222846	0.0155538	0.0118923	0.149777	0.0143154	0.0328231	0.0318308	0.0365231	0.0903615	
0	0	0	0	0.0343923	0.0260308	0.0285	0.0332154	0.0158692	0.00419231	0.0906538	0.0114231	0.000376923	0.000246154	0.121254	0.000261538	0.000184615	0.00163077	0.000330769	0.119992	0.0716	0.00395385	0.0424385	0.00414615	0.0915385	0.00765385	0.0120692	0.0108769	0.00906923	0.00675385	0.0974538	0.00886154	0.0180385	0.0168154	0.0192692	0.0680154	
0.222977	0.244777	0.130231	0.0343923	0	0	0	0	0.0398231	0.0114462	0.550985	0.0301231	0.00205385	0.00103077	0.627962	0.00133077	0.00136923	0.00785385	0.00159231	0.621562	0.3868	0.0207077	0.203046	0.0218231	0.389423	0.0610538	0.0945385	0.0873615	0.0527308	0.0410846	0.489846	0.0487154	0.122354	0.118008	0.136523	0.255492	
0.0315154	0.0346769	0.0183462	0.0260308	0	0	0	0	0.0170692	0.00458462	0.0768846	0.0120308	0.000461538	0.000176923	0.109738	0.000192308	0.000230769	0.00113077	0.000223077	0.108985	0.0633154	0.00356154	0.0399154	0.00377692	0.0882846	0.00560769	0.00863846	0.00803846	0.00808462	0.00595385	0.0893154	0.00721538	0.0142077	0.0131692	0.0154	0.0677923	
0.0325769	0.0369923	0.0201692	0.0285	0	0	0	0	0.0175154	0.00529231	0.0823615	0.0130692	0.000284615	0.000253846	0.117485	0.000215385	0.000276923	0.00159231	0.000392308	0.115977	0.0675385	0.00414615	0.0424615	0.00409231	0.0944769	0.0059	0.00930769	0.00855385	0.00926154	0.00633846	0.0941846	0.00845385	0.0151538	0.0145077	0.0164231	0.0721538	
0.0392462	0.0435615	0.0227923	0.0332154	0	0	0	0	0.0215769	0.00596923	0.0961154	0.0151538	0.000423077	0.0003	0.137792	0.0003	0.000315385	0.0017	0.000346154	0.136454	0.0784385	0.00450769	0.0513308	0.00453846	0.112031	0.00683077	0.0100769	0.00987692	0.00990769	0.00776154	0.111931	0.00921538	0.0174615	0.0167462	0.0193	0.0853077	
0.0301846	0.0323462	0.0175846	0.0158692	0.0398231	0.0170692	0.0175154	0.0215769	0	0	0	0	0.000215385	0.000153846	0.0954231	0.000192308	0.0001	0.00117692	0.000253846	0.0944538	0.0555077	0.00324615	0.0338615	0.00336923	0.0698077	0.00677692	0.0102923	0.00910769	0.00625385	0.00468462	0.0794692	0.00557692	0.00756154	0.00751538	0.00877692	0.0721308	
0.00853846	0.00943846	0.00512308	0.00419231	0.0114462	0.00458462	0.00529231	0.00596923	0	0	0	0	5.38462e-05	3.07692e-05	0.0271538	5.38462e-05	6.92308e-05	0.000246154	5.38462e-05	0.0269231	0.0157769	0.0008	0.00963077	0.00108462	0.0198538	0.00188462	0.00285385	0.0027	0.00174615	0.00129231	0.0223846	0.00186923	0.00213846	0.00205385	0.00229231	0.0208077	
0.265962	0.2936	0.156131	0.0906538	0.550985	0.0768846	0.0823615	0.0961154	0	0	0	0	0.00269231	0.00144615	0.800554	0.00165385	0.00188462	0.00993077	0.00207692	0.792454	0.484385	0.0265615	0.268062	0.0273385	0.543515	0.0657462	0.1018	0.0952846	0.0674077	0.0516077	0.625254	0.0620769	0.153754	0.147046	0.170431	0.335115	
0.0216308	0.0246231	0.0127	0.0114231	0.0301231	0.0120308	0.0130692	0.0151538	0	0	0	0	0.000261538	0.000130769	0.0698462	0.000138462	0.000138462	0.000923077	0.000169231	0.0691462	0.0404231	0.00231538	0.0252	0.00243846	0.0510385	0.00498462	0.00761538	0.00673846	0.00457692	0.00355385	0.0581692	0.00407692	0.00572308	0.00581538	0.00614615	0.0526923	
0.00112308	0.00106923	0.000653846	0.000376923	0.00205385	0.000461538	0.000284615	0.000423077	0.000215385	5.38462e-05	0.00269231	0.000261538	0	0	0	0	1.53846e-05	1.53846e-05	0	0.00319231	0.00188462	0.000115385	0.00111538	0.000107692	0.00218462	0.000276923	0.000353846	0.000407692	0.000253846	0.000276923	0.00248462	0.000207692	0.000615385	0.000538462	0.000561538	0.00150769	
0.000561538	0.000538462	0.000415385	0.000246154	0.00103077	0.000176923	0.000253846	0.0003	0.000153846	3.07692e-05	0.00144615	0.000130769	0	0	0	0	7.69231e-06	5.38462e-05	7.69231e-06	0.00169231	0.00103846	4.61538e-05	0.000615385	6.15385e-05	0.00120769	0.000138462	0.000230769	0.000184615	0.000184615	0.000123077	0.00137692	7.69231e-05	0.000292308	0.000284615	0.000338462	0.000846154	
0.323946	0.357762	0.190015	0.121254	0.627962	0.109738	0.117485	0.137792	0.0954231	0.0271538	0.800554	0.0698462	0	0	0	0	0.00216154	0.0121615	0.00253846	0.976115	0.591892	0.0326769	0.334423	0.0339846	0.679477	0.0788231	0.121692	0.112985	0.0794231	0.0605846	0.779831	0.0731385	0.167892	0.161315	0.186354	0.477415	
0.000684615	0.000638462	0.000453846	0.000261538	0.00133077	0.000192308	0.000215385	0.0003	0.000192308	5.38462e-05	0.00165385	0.000138462	0	0	0	0	7.69231e-06	4.61538e-05	7.69231e-06	0.00197692	0.00127692	8.46154e-05	0.0006	7.69231e-05	0.00134615	0.000153846	0.000284615	0.000253846	0.000123077	0.000153846	0.00158462	0.000176923	0.000376923	0.000292308	0.000392308	0.000976923	
0.000769231	0.000761538	0.000476923	0.000184615	0.00136923	0.000230769	0.000276923	0.000315385	0.0001	6.92308e-05	0.00188462	0.000138462	1.53846e-05	7.69231e-06	0.00216154	7.69231e-06	0	0	0	0	0.00131538	5.38462e-05	0.000753846	6.92308e-05	0.00156923	0.000169231	0.000238462	0.000215385	0.000261538	0.000130769	0.00166154	0.000138462	0.000407692	0.000392308	0.000392308	0.001	
0.00383077	0.00422308	0.00259231	0.00163077	0.00785385	0.00113077	0.00159231	0.0017	0.00117692	0.000246154	0.00993077	0.000923077	1.53846e-05	5.38462e-05	0.0121615	4.61538e-05	0	0	0	0	0.00710769	0.000446154	0.00428462	0.000438462	0.00827692	0.000930769	0.00154615	0.00152308	0.000946154	0.000884615	0.0096	0.000846154	0.00202308	0.00214615	0.00218462	0.00592308	
0.000823077	0.0009	0.0005	0.000330769	0.00159231	0.000223077	0.000392308	0.000346154	0.000253846	5.38462e-05	0.00207692	0.000169231	0	7.69231e-06	0.00253846	7.69231e-06	0	0	0	0	0.00149231	8.46154e-05	0.000915385	6.15385e-05	0.0018	0.000169231	0.000315385	0.000269231	0.000123077	0.000138462	0.00212308	0.000169231	0.000476923	0.000284615	0.000469231	0.00132308	
0.320892	0.354123	0.187969	0.119992	0.621562	0.108985	0.115977	0.136454	0.0944538	0.0269231	0.792454	0.0691462	0.00319231	0.00169231	0.976115	0.00197692	0	0	0	0	0.586177	0.0323385	0.3308	0.0336615	0.672569	0.0781231	0.120462	0.111823	0.0786538	0.0599846	0.771892	0.0724462	0.166269	0.159608	0.1846	0.4725	
0.195469	0.215054	0.113969	0.0716	0.3868	0.0633154	0.0675385	0.0784385	0.0555077	0.0157769	0.484385	0.0404231	0.00188462	0.00103846	0.591892	0.00127692	0.00131538	0.00710769	0.00149231	0.586177	0	0	0	0	0.368277	0.0577538	0.0882846	0.0817769	0.0649385	0.0494923	0.422077	0.0595846	0.104238	0.0997462	0.116038	0.276069	
0.0108385	0.0119615	0.00616923	0.00395385	0.0207077	0.00356154	0.00414615	0.00450769	0.00324615	0.0008	0.0265615	0.00231538	0.000115385	4.61538e-05	0.0326769	8.46154e-05	5.38462e-05	0.000446154	8.46154e-05	0.0323385	0	0	0	0	0.0203692	0.00300769	0.00484615	0.0047	0.00130769	0.000946154	0.0296615	0.00100769	0.00538462	0.00498462	0.00597692	0.0165769	
0.108885	0.120862	0.0645692	0.0424385	0.203046	0.0399154	0.0424615	0.0513308	0.0338615	0.00963077	0.268062	0.0252	0.00111538	0.000615385	0.334423	0.0006	0.000753846	0.00428462	0.000915385	0.3308	0	0	0	0	0.2746	0.0154846	0.0241	0.0225692	0.0122923	0.00976923	0.302862	0.0118308	0.0537769	0.0522769	0.0594385	0.171262	
0.0111231	0.0121308	0.00683077	0.00414615	0.0218231	0.00377692	0.00409231	0.00453846	0.00336923	0.00108462	0.0273385	0.00243846	0.000107692	6.15385e-05	0.0339846	7.69231e-05	6.92308e-05	0.000438462	6.15385e-05	0.0336615	0	0	0	0	0.0209692	0.00314615	0.00533077	0.00478462	0.00144615	0.000930769	0.0306769	0.00117692	0.00577692	0.00542308	0.00619231	0.0168385	
0.219146	0.243915	0.129615	0.0915385	0.389423	0.0882846	0.0944769	0.112031	0.0698077	0.0198538	0.543515	0.0510385	0.00218462	0.00120769	0.679477	0.00134615	0.00156923	0.00827692	0.0018	0.672569	0.368277	0.0203692	0.2746	0.0209692	0	0	0	0	0.0506846	0.0394077	0.546638	0.0474846	0.112408	0.108185	0.124838	0.338785	
0.0266923	0.0293538	0.0156923	0.00765385	0.0610538	0.00560769	0.0059	0.00683077	0.00677692	0.00188462	0.0657462	0.00498462	0.000276923	0.000138462	0.0788231	0.000153846	0.000169231	0.000930769	0.000169231	0.0781231	0.0577538	0.00300769	0.0154846	0.00314615	0	0	0	0	0.00726154	0.00536923	0.0604308	0.00633077	0.0145769	0.0133846	0.0160923	0.0353385	
0.0415154	0.0450308	0.0239462	0.0120692	0.0945385	0.00863846	0.00930769	0.0100769	0.0102923	0.00285385	0.1018	0.00761538	0.000353846	0.000230769	0.121692	0.000284615	0.000238462	0.00154615	0.000315385	0.120462	0.0882846	0.00484615	0.0241	0.00533077	0	0	0	0	0.0115231	0.00853077	0.0922538	0.0102538	0.0214692	0.0212846	0.0244462	0.0553615	
0.0389615	0.0417077	0.0222846	0.0108769	0.0873615	0.00803846	0.00855385	0.00987692	0.00910769	0.0027	0.0952846	0.00673846	0.000407692	0.000184615	0.112985	0.000253846	0.000215385	0.00152308	0.000269231	0.111823	0.0817769	0.0047	0.0225692	0.00478462	0	0	0	0	0.0105154	0.00783077	0.0859538	0.00953077	0.0207231	0.0195769	0.0222692	0.0512615	
0.0262923	0.0290692	0.0155538	0.00906923	0.0527308	0.00808462	0.00926154	0.00990769	0.00625385	0.00174615	0.0674077	0.00457692	0.000253846	0.000184615	0.0794231	0.000123077	0.000261538	0.000946154	0.000123077	0.0786538	0.0649385	0.00130769	0.0122923	0.00144615	0.0506846	0.00726154	0.0115231	0.0105154	0	0	0	0	0.0179462	0.0172308	0.0198692	0.0249385	
0.0203769	0.0221154	0.0118923	0.00675385	0.0410846	0.00595385	0.00633846	0.00776154	0.00468462	0.00129231	0.0516077	0.00355385	0.000276923	0.000123077	0.0605846	0.000153846	0.000130769	0.000884615	0.000138462	0.0599846	0.0494923	0.000946154	0.00976923	0.000930769	0.0394077	0.00536923	0.00853077	0.00783077	0	0	0	0	0.0135923	0.0134692	0.0154231	0.0186538	
0.255869	0.282177	0.149777	0.0974538	0.489846	0.0893154	0.0941846	0.111931	0.0794692	0.0223846	0.625254	0.0581692	0.00248462	0.00137692	0.779831	0.00158462	0.00166154	0.0096	0.00212308	0.771892	0.422077	0.0296615	0.302862	0.0306769	0.546638	0.0604308	0.0922538	0.0859538	0	0	0	0	0.120762	0.115869	0.134454	0.414192	
0.0237769	0.0266462	0.0143154	0.00886154	0.0487154	0.00721538	0.00845385	0.00921538	0.00557692	0.00186923	0.0620769	0.00407692	0.000207692	7.69231e-05	0.0731385	0.000176923	0.000138462	0.000846154	0.000169231	0.0724462	0.0595846	0.00100769	0.0118308	0.00117692	0.0474846	0.00633077	0.0102538	0.00953077	0	0	0	0	0.0168769	0.0158615	0.0179	0.0229615	
0.0562	0.0621154	0.0328231	0.0180385	0.122354	0.0142077	0.0151538	0.0174615	0.00756154	0.00213846	0.153754	0.00572308	0.000615385	0.000292308	0.167892	0.000376923	0.000407692	0.00202308	0.000476923	0.166269	0.104238	0.00538462	0.0537769	0.00577692	0.112408	0.0145769	0.0214692	0.0207231	0.0179462	0.0135923	0.120762	0.0168769	0	0	0	0	
0.0537308	0.0600538	0.0318308	0.0168154	0.118008	0.0131692	0.0145077	0.0167462	0.00751538	0.00205385	0.147046	0.00581538	0.000538462	0.000284615	0.161315	0.000292308	0.000392308	0.00214615	0.000284615	0.159608	0.0997462	0.00498462	0.0522769	0.00542308	0.108185	0.0133846	0.0212846	0.0195769	0.0172308	0.0134692	0.115869	0.0158615	0	0	0	0	
0.0625154	0.0693385	0.0365231	0.0192692	0.136523	0.0154	0.0164231	0.0193	0.00877692	0.00229231	0.170431	0.00614615	0.000561538	0.000338462	0.186354	0.000392308	0.000392308	0.00218462	0.000469231	0.1846	0.116038	0.00597692	0.0594385	0.00619231	0.124838	0.0160923	0.0244462	0.0222692	0.0198692	0.0154231	0.134454	0.0179	0	0	0	0	
0.153869	0.1685	0.0903615	0.0680154	0.255492	0.0677923	0.0721538	0.0853077	0.0721308	0.0208077	0.335115	0.0526923	0.00150769	0.000846154	0.477415	0.000976923	0.001	0.00592308	0.00132308	0.4725	0.276069	0.0165769	0.171262	0.0168385	0.338785	0.0353385	0.0553615	0.0512615	0.0249385	0.0186538	0.414192	0.0229615	0	0	0	0	
