0	0	0	0	0.2254	0.0312231	0.0330538	0.0404308	0.0303	0.00845385	0.269115	0.0222385	0.00114615	0.000646154	0.327577	0.000738462	0.000846154	0.00383077	0.000830769	0.3246	0.1983	0.0107385	0.109515	0.0115538	0.222569	0.0263077	0.0414615	0.0397692	0.0274308	0.0206385	0.256915	0.0251231	0.0577615	0.0558231	0.0640615	0.152462	
0	0	0	0	0.243538	0.0344615	0.0365692	0.0426231	0.0327154	0.00915385	0.291315	0.0240077	0.00111538	0.000646154	0.354746	0.000684615	0.000753846	0.00413846	0.000861538	0.351438	0.213438	0.0114846	0.119962	0.0123077	0.240477	0.0290462	0.0452231	0.0424462	0.0288077	0.0220154	0.278608	0.0277615	0.0612538	0.0593769	0.0681308	0.168431	
0	0	0	0	0.128877	0.0188077	0.0189923	0.0221538	0.0177231	0.00466154	0.153946	0.0125	0.000661538	0.000361538	0.187515	0.000292308	0.000415385	0.00237692	0.0004	0.185638	0.114246	0.00615385	0.0620154	0.00641538	0.126438	0.0156538	0.0246615	0.0220769	0.0151385	0.0116154	0.147308	0.0147692	0.0315077	0.0310462	0.0360231	0.0902538	
0	0	0	0	0.0352538	0.0273077	0.0287	0.0326077	0.0156538	0.00484615	0.0919462	0.0114231	0.000376923	0.000230769	0.123054	0.000207692	0.000292308	0.0015	0.000307692	0.121769	0.0728462	0.00401538	0.0427846	0.00422308	0.0927231	0.00756154	0.0123462	0.0112385	0.00950769	0.00736923	0.0982231	0.00876923	0.0175769	0.0175769	0.0197615	0.0689538	
0.2254	0.243538	0.128877	0.0352538	0	0	0	0	0.0405462	0.0109923	0.552362	0.0291692	0.00212308	0.00121538	0.628531	0.0012	0.00145385	0.00744615	0.0014	0.622769	0.388977	0.0208538	0.201392	0.0218462	0.387423	0.0612769	0.0954615	0.0889077	0.0542538	0.0415538	0.485585	0.0516769	0.122138	0.1183	0.137169	0.255462	
0.0312231	0.0344615	0.0188077	0.0273077	0	0	0	0	0.0162846	0.00499231	0.0781	0.0124231	0.000330769	0.000215385	0.111008	0.000246154	0.000284615	0.00156923	0.000330769	0.109615	0.0635538	0.00366923	0.0406385	0.00393846	0.0896077	0.00549231	0.00866923	0.00803077	0.00802308	0.00576923	0.0905077	0.0075	0.0139231	0.0140692	0.0155231	0.0682846	
0.0330538	0.0365692	0.0189923	0.0287	0	0	0	0	0.0180923	0.00501538	0.0809	0.0133077	0.000361538	0.000276923	0.116438	0.000238462	0.000215385	0.00125385	0.000330769	0.115515	0.0675846	0.0035	0.0422077	0.00402308	0.0945615	0.00514615	0.00897692	0.00863077	0.00839231	0.00666923	0.0942077	0.00804615	0.0149154	0.0145154	0.0162846	0.0716	
0.0404308	0.0426231	0.0221538	0.0326077	0	0	0	0	0.0214692	0.00611538	0.0949615	0.0152692	0.000484615	0.000176923	0.136915	0.000238462	0.000353846	0.00157692	0.000338462	0.135546	0.0787154	0.00436923	0.0500385	0.00469231	0.110615	0.00665385	0.0105846	0.00996154	0.0102154	0.00764615	0.110754	0.0092	0.0171231	0.0169385	0.019	0.0847538	
0.0303	0.0327154	0.0177231	0.0156538	0.0405462	0.0162846	0.0180923	0.0214692	0	0	0	0	0.000261538	0.000215385	0.0957231	0.000192308	0.000276923	0.00111538	0.000223077	0.0947769	0.0554923	0.00319231	0.0341769	0.00353077	0.0696769	0.0068	0.0104769	0.00943846	0.00623846	0.00492308	0.0794	0.00583077	0.00753846	0.00737692	0.00821538	0.0732615	
0.00845385	0.00915385	0.00466154	0.00484615	0.0109923	0.00499231	0.00501538	0.00611538	0	0	0	0	0.000138462	4.61538e-05	0.0268615	6.92308e-05	6.15385e-05	0.000407692	0.0001	0.0265462	0.0161846	0.0009	0.00900769	0.00102308	0.0200154	0.00172308	0.00287692	0.0025	0.00183846	0.00156923	0.0219	0.00180769	0.00212308	0.00211538	0.00262308	0.0202538	
0.269115	0.291315	0.153946	0.0919462	0.552362	0.0781	0.0809	0.0949615	0	0	0	0	0.00273077	0.0015	0.800531	0.00156154	0.00180769	0.00953846	0.00185385	0.793123	0.486069	0.0261308	0.266669	0.0274538	0.541285	0.0656308	0.102669	0.0967385	0.0682615	0.0515385	0.621985	0.0645385	0.152946	0.148815	0.170746	0.333815	
0.0222385	0.0240077	0.0125	0.0114231	0.0291692	0.0124231	0.0133077	0.0152692	0	0	0	0	0.000169231	0.000123077	0.0697769	0.0001	0.000161538	0.000784615	0.000223077	0.069	0.0410846	0.00216923	0.0244231	0.00249231	0.0512308	0.00441538	0.00766923	0.00685385	0.00454615	0.00360769	0.0577692	0.00424615	0.00549231	0.00551538	0.00639231	0.0527692	
0.00114615	0.00111538	0.000661538	0.000376923	0.00212308	0.000330769	0.000361538	0.000484615	0.000261538	0.000138462	0.00273077	0.000169231	0	0	0	0	2.30769e-05	5.38462e-05	0	0.00322308	0.00193077	0.000138462	0.00114615	8.46154e-05	0.0021	0.000192308	0.000538462	0.000469231	0.000276923	0.000207692	0.00253077	0.000284615	0.000569231	0.000469231	0.000638462	0.00162308	
0.000646154	0.000646154	0.000361538	0.000230769	0.00121538	0.000215385	0.000276923	0.000176923	0.000215385	4.61538e-05	0.0015	0.000123077	0	0	0	0	0	3.07692e-05	0	0.00185385	0.00113077	5.38462e-05	0.000623077	7.69231e-05	0.00134615	0.000146154	0.000192308	0.0002	0.000153846	7.69231e-05	0.00153077	0.000123077	0.000330769	0.000292308	0.000369231	0.000892308	
0.327577	0.354746	0.187515	0.123054	0.628531	0.111008	0.116438	0.136915	0.0957231	0.0268615	0.800531	0.0697769	0	0	0	0	0.00228462	0.0117385	0.00238462	0.976485	0.594562	0.0321692	0.331877	0.0342846	0.677462	0.0780615	0.122715	0.114654	0.0802615	0.0612462	0.775546	0.0758385	0.166915	0.162715	0.186623	0.476638	
0.000738462	0.000684615	0.000292308	0.000207692	0.0012	0.000246154	0.000238462	0.000238462	0.000192308	6.92308e-05	0.00156154	0.0001	0	0	0	0	0	2.30769e-05	1.53846e-05	0.00188462	0.00120769	3.07692e-05	0.000630769	5.38462e-05	0.0013	0.000169231	0.000246154	0.000207692	0.000192308	0.000107692	0.00144615	0.000176923	0.000284615	0.000346154	0.000346154	0.000946154	
0.000846154	0.000753846	0.000415385	0.000292308	0.00145385	0.000284615	0.000215385	0.000353846	0.000276923	6.15385e-05	0.00180769	0.000161538	2.30769e-05	0	0.00228462	0	0	0	0	0	0.00132308	4.61538e-05	0.000876923	6.15385e-05	0.00164615	0.0001	0.000261538	0.0003	0.000146154	0.000138462	0.00180769	0.000215385	0.000469231	0.000307692	0.000469231	0.00106154	
0.00383077	0.00413846	0.00237692	0.0015	0.00744615	0.00156923	0.00125385	0.00157692	0.00111538	0.000407692	0.00953846	0.000784615	5.38462e-05	3.07692e-05	0.0117385	2.30769e-05	0	0	0	0	0.00696154	0.000361538	0.00415385	0.000369231	0.00804615	0.000884615	0.0015	0.00141538	0.000961538	0.000830769	0.00922308	0.000830769	0.00195385	0.00205385	0.00226923	0.00556923	
0.000830769	0.000861538	0.0004	0.000307692	0.0014	0.000330769	0.000330769	0.000338462	0.000223077	0.0001	0.00185385	0.000223077	0	0	0.00238462	1.53846e-05	0	0	0	0	0.00144615	6.92308e-05	0.000792308	9.23077e-05	0.00166154	0.000161538	0.000330769	0.000246154	0.000184615	0.000138462	0.00190769	0.000169231	0.000384615	0.000338462	0.000415385	0.00126154	
0.3246	0.351438	0.185638	0.121769	0.622769	0.109615	0.115515	0.135546	0.0947769	0.0265462	0.793123	0.069	0.00322308	0.00185385	0.976485	0.00188462	0	0	0	0	0.5891	0.0319154	0.328454	0.0339769	0.670854	0.0774231	0.1216	0.113569	0.0795923	0.0605308	0.768115	0.0752077	0.165292	0.161123	0.184823	0.472208	
0.1983	0.213438	0.114246	0.0728462	0.388977	0.0635538	0.0675846	0.0787154	0.0554923	0.0161846	0.486069	0.0410846	0.00193077	0.00113077	0.594562	0.00120769	0.00132308	0.00696154	0.00144615	0.5891	0	0	0	0	0.368292	0.0568308	0.0898	0.0839077	0.0656846	0.0500615	0.4214	0.0616846	0.104146	0.101377	0.116915	0.276392	
0.0107385	0.0114846	0.00615385	0.00401538	0.0208538	0.00366923	0.0035	0.00436923	0.00319231	0.0009	0.0261308	0.00216923	0.000138462	5.38462e-05	0.0321692	3.07692e-05	4.61538e-05	0.000361538	6.92308e-05	0.0319154	0	0	0	0	0.0201462	0.00309231	0.00463077	0.00452308	0.00124615	0.000861538	0.0289692	0.00131538	0.00553077	0.00522308	0.00590769	0.0157308	
0.109515	0.119962	0.0620154	0.0427846	0.201392	0.0406385	0.0422077	0.0500385	0.0341769	0.00900769	0.266669	0.0244231	0.00114615	0.000623077	0.331877	0.000630769	0.000876923	0.00415385	0.000792308	0.328454	0	0	0	0	0.272554	0.0154769	0.0238308	0.0224154	0.0124692	0.00979231	0.2999	0.0121154	0.0528846	0.0518308	0.0589385	0.170623	
0.0115538	0.0123077	0.00641538	0.00422308	0.0218462	0.00393846	0.00402308	0.00469231	0.00353077	0.00102308	0.0274538	0.00249231	8.46154e-05	7.69231e-05	0.0342846	5.38462e-05	6.15385e-05	0.000369231	9.23077e-05	0.0339769	0	0	0	0	0.0212154	0.00316923	0.00543077	0.00468462	0.00148462	0.000923077	0.0307846	0.00130769	0.00553846	0.00539231	0.00621538	0.0173538	
0.222569	0.240477	0.126438	0.0927231	0.387423	0.0896077	0.0945615	0.110615	0.0696769	0.0200154	0.541285	0.0512308	0.0021	0.00134615	0.677462	0.0013	0.00164615	0.00804615	0.00166154	0.670854	0.368292	0.0201462	0.272554	0.0212154	0	0	0	0	0.0518	0.0397077	0.541408	0.0492923	0.110969	0.1089	0.124646	0.337692	
0.0263077	0.0290462	0.0156538	0.00756154	0.0612769	0.00549231	0.00514615	0.00665385	0.0068	0.00172308	0.0656308	0.00441538	0.000192308	0.000146154	0.0780615	0.000169231	0.0001	0.000884615	0.000161538	0.0774231	0.0568308	0.00309231	0.0154769	0.00316923	0	0	0	0	0.00696923	0.0053	0.0593462	0.00695385	0.0146231	0.0134077	0.0158154	0.0347231	
0.0414615	0.0452231	0.0246615	0.0123462	0.0954615	0.00866923	0.00897692	0.0105846	0.0104769	0.00287692	0.102669	0.00766923	0.000538462	0.000192308	0.122715	0.000246154	0.000261538	0.0015	0.000330769	0.1216	0.0898	0.00463077	0.0238308	0.00543077	0	0	0	0	0.0114462	0.00858462	0.0931308	0.0105308	0.0215923	0.021	0.0251	0.056	
0.0397692	0.0424462	0.0220769	0.0112385	0.0889077	0.00803077	0.00863077	0.00996154	0.00943846	0.0025	0.0967385	0.00685385	0.000469231	0.0002	0.114654	0.000207692	0.0003	0.00141538	0.000246154	0.113569	0.0839077	0.00452308	0.0224154	0.00468462	0	0	0	0	0.0106692	0.00804615	0.0871692	0.00964615	0.0209154	0.0205154	0.0224154	0.0516846	
0.0274308	0.0288077	0.0151385	0.00950769	0.0542538	0.00802308	0.00839231	0.0102154	0.00623846	0.00183846	0.0682615	0.00454615	0.000276923	0.000153846	0.0802615	0.000192308	0.000146154	0.000961538	0.000184615	0.0795923	0.0656846	0.00124615	0.0124692	0.00148462	0.0518	0.00696923	0.0114462	0.0106692	0	0	0	0	0.0176769	0.0170692	0.0206538	0.0254846	
0.0206385	0.0220154	0.0116154	0.00736923	0.0415538	0.00576923	0.00666923	0.00764615	0.00492308	0.00156923	0.0515385	0.00360769	0.000207692	7.69231e-05	0.0612462	0.000107692	0.000138462	0.000830769	0.000138462	0.0605308	0.0500615	0.000861538	0.00979231	0.000923077	0.0397077	0.0053	0.00858462	0.00804615	0	0	0	0	0.0136846	0.0139769	0.0150692	0.0189077	
0.256915	0.278608	0.147308	0.0982231	0.485585	0.0905077	0.0942077	0.110754	0.0794	0.0219	0.621985	0.0577692	0.00253077	0.00153077	0.775546	0.00144615	0.00180769	0.00922308	0.00190769	0.768115	0.4214	0.0289692	0.2999	0.0307846	0.541408	0.0593462	0.0931308	0.0871692	0	0	0	0	0.119538	0.116708	0.132862	0.411946	
0.0251231	0.0277615	0.0147692	0.00876923	0.0516769	0.0075	0.00804615	0.0092	0.00583077	0.00180769	0.0645385	0.00424615	0.000284615	0.000123077	0.0758385	0.000176923	0.000215385	0.000830769	0.000169231	0.0752077	0.0616846	0.00131538	0.0121154	0.00130769	0.0492923	0.00695385	0.0105308	0.00964615	0	0	0	0	0.0172	0.0160692	0.0193923	0.0237615	
0.0577615	0.0612538	0.0315077	0.0175769	0.122138	0.0139231	0.0149154	0.0171231	0.00753846	0.00212308	0.152946	0.00549231	0.000569231	0.000330769	0.166915	0.000284615	0.000469231	0.00195385	0.000384615	0.165292	0.104146	0.00553077	0.0528846	0.00553846	0.110969	0.0146231	0.0215923	0.0209154	0.0176769	0.0136846	0.119538	0.0172	0	0	0	0	
0.0558231	0.0593769	0.0310462	0.0175769	0.1183	0.0140692	0.0145154	0.0169385	0.00737692	0.00211538	0.148815	0.00551538	0.000469231	0.000292308	0.162715	0.000346154	0.000307692	0.00205385	0.000338462	0.161123	0.101377	0.00522308	0.0518308	0.00539231	0.1089	0.0134077	0.021	0.0205154	0.0170692	0.0139769	0.116708	0.0160692	0	0	0	0	
0.0640615	0.0681308	0.0360231	0.0197615	0.137169	0.0155231	0.0162846	0.019	0.00821538	0.00262308	0.170746	0.00639231	0.000638462	0.000369231	0.186623	0.000346154	0.000469231	0.00226923	0.000415385	0.184823	0.116915	0.00590769	0.0589385	0.00621538	0.124646	0.0158154	0.0251	0.0224154	0.0206538	0.0150692	0.132862	0.0193923	0	0	0	0	
0.152462	0.168431	0.0902538	0.0689538	0.255462	0.0682846	0.0716	0.0847538	0.0732615	0.0202538	0.333815	0.0527692	0.00162308	0.000892308	0.476638	0.000946154	0.00106154	0.00556923	0.00126154	0.472208	0.276392	0.0157308	0.170623	0.0173538	0.337692	0.0347231	0.056	0.0516846	0.0254846	0.0189077	0.411946	0.0237615	0	0	0	0	
