0	0	0	0	0.223292	0.0317615	0.0333385	0.0397	0.0307308	0.0082	0.267285	0.0218769	0.00106923	0.000623077	0.325762	0.000638462	0.000676923	0.004	0.000776923	0.322638	0.197269	0.0101	0.109585	0.0111385	0.220838	0.0273462	0.0414385	0.0384692	0.0279077	0.0202231	0.255438	0.0245231	0.0560154	0.0553846	0.0632462	0.153446	
0	0	0	0	0.244592	0.0340923	0.0366231	0.0443077	0.0333769	0.00922308	0.293269	0.0237462	0.00106923	0.000661538	0.357162	0.000723077	0.000838462	0.00466154	0.0008	0.353315	0.216492	0.0115462	0.1196	0.0119769	0.243269	0.0290154	0.0453923	0.0419385	0.0294538	0.0224615	0.280377	0.0273231	0.0616615	0.0588385	0.0693385	0.169777	
0	0	0	0	0.128531	0.0181462	0.0193231	0.0233231	0.0175385	0.00521538	0.153938	0.0126308	0.000576923	0.000246154	0.188092	0.000407692	0.000369231	0.00217692	0.000423077	0.186354	0.113723	0.00644615	0.0625462	0.00660769	0.127823	0.0158615	0.0235077	0.0221308	0.0147615	0.0117	0.148623	0.0142385	0.0323231	0.0315077	0.0362308	0.0892615	
0	0	0	0	0.0357231	0.0257462	0.0290385	0.0324615	0.0158923	0.00454615	0.091	0.0115308	0.000476923	0.0003	0.122	0.000192308	0.000253846	0.00163077	0.000261538	0.120823	0.0709615	0.00398462	0.0436231	0.0044	0.0916462	0.00824615	0.0117769	0.0113	0.00932308	0.00709231	0.0985	0.00805385	0.0178	0.0171308	0.0201231	0.0679154	
0.223292	0.244592	0.128531	0.0357231	0	0	0	0	0.0412462	0.0115923	0.550154	0.0291462	0.00195385	0.0011	0.627738	0.00134615	0.00134615	0.00768462	0.00146923	0.621638	0.388085	0.0206692	0.201538	0.0218462	0.388208	0.0616692	0.0950769	0.0871846	0.0547154	0.0416692	0.485315	0.0504385	0.121146	0.117392	0.136969	0.256631	
0.0317615	0.0340923	0.0181462	0.0257462	0	0	0	0	0.0170462	0.00460769	0.0761385	0.0119538	0.000453846	0.000238462	0.108938	0.000115385	0.000238462	0.00153077	0.000207692	0.107769	0.0633923	0.00323077	0.0396615	0.00346154	0.0880615	0.00566154	0.00806923	0.00795385	0.00803077	0.00583077	0.0891077	0.00677692	0.0137077	0.0131385	0.0155923	0.0673077	
0.0333385	0.0366231	0.0193231	0.0290385	0	0	0	0	0.0181615	0.00528462	0.0818154	0.0130615	0.000323077	0.000223077	0.117562	0.000215385	0.000246154	0.00143846	0.000315385	0.116323	0.0676615	0.00365385	0.0430769	0.00393077	0.0955	0.00580769	0.00853846	0.00847692	0.00900769	0.00625385	0.0953462	0.00771538	0.0151462	0.0148154	0.0168923	0.0714692	
0.0397	0.0443077	0.0233231	0.0324615	0	0	0	0	0.0210846	0.0057	0.0973846	0.0156231	0.000461538	0.000269231	0.138777	0.000284615	0.000307692	0.00181538	0.000269231	0.1374	0.0793077	0.00452308	0.0510769	0.00488462	0.111808	0.00733077	0.0104308	0.0102231	0.00969231	0.00772308	0.113169	0.00920769	0.0178	0.0175154	0.0194846	0.0849923	
0.0307308	0.0333769	0.0175385	0.0158923	0.0412462	0.0170462	0.0181615	0.0210846	0	0	0	0	0.000223077	0.000169231	0.0968615	0.000284615	0.000230769	0.00113846	0.000207692	0.0959615	0.0566308	0.00292308	0.0345769	0.00340769	0.0710692	0.00686154	0.0100615	0.00954615	0.0064	0.00480769	0.0807077	0.00562308	0.00759231	0.00749231	0.0087	0.0737538	
0.0082	0.00922308	0.00521538	0.00454615	0.0115923	0.00460769	0.00528462	0.0057	0	0	0	0	0.000130769	4.61538e-05	0.0269615	4.61538e-05	3.84615e-05	0.000407692	5.38462e-05	0.0266846	0.0158308	0.000984615	0.00925385	0.00111538	0.0196692	0.00196923	0.00270769	0.00283846	0.00170769	0.0013	0.0224615	0.00171538	0.00187692	0.00212308	0.0025	0.0206846	
0.267285	0.293269	0.153938	0.091	0.550154	0.0761385	0.0818154	0.0973846	0	0	0	0	0.00262308	0.00146923	0.799908	0.00149231	0.00174615	0.0100231	0.00186923	0.791854	0.485615	0.0260154	0.267046	0.0268154	0.542346	0.0668462	0.101915	0.0943846	0.0686462	0.0519385	0.622	0.0629077	0.153023	0.147862	0.171846	0.332762	
0.0218769	0.0237462	0.0126308	0.0115308	0.0291462	0.0119538	0.0130615	0.0156231	0	0	0	0	0.000215385	0.000146154	0.0692846	0.000138462	0.000123077	0.0009	0.000130769	0.0686308	0.0403692	0.00215385	0.0244769	0.00278462	0.0504923	0.00479231	0.00743077	0.00706923	0.00469231	0.00343077	0.0577692	0.00389231	0.00530769	0.00538462	0.00589231	0.0532	
0.00106923	0.00106923	0.000576923	0.000476923	0.00195385	0.000453846	0.000323077	0.000461538	0.000223077	0.000130769	0.00262308	0.000215385	0	0	0	0	7.69231e-06	5.38462e-05	7.69231e-06	0.00312308	0.00197692	7.69231e-05	0.000992308	0.000146154	0.00216154	0.000315385	0.000353846	0.000361538	0.000284615	0.000184615	0.00246154	0.000261538	0.000546154	0.000523077	0.000523077	0.0016	
0.000623077	0.000661538	0.000246154	0.0003	0.0011	0.000238462	0.000223077	0.000269231	0.000169231	4.61538e-05	0.00146923	0.000146154	0	0	0	0	1.53846e-05	3.84615e-05	0	0.00177692	0.00108462	1.53846e-05	0.000676923	5.38462e-05	0.00126154	0.000138462	0.000230769	0.0002	0.000223077	0.000107692	0.00133077	0.000169231	0.000353846	0.000276923	0.000284615	0.000915385	
0.325762	0.357162	0.188092	0.122	0.627738	0.108938	0.117562	0.138777	0.0968615	0.0269615	0.799908	0.0692846	0	0	0	0	0.00211538	0.0123538	0.00224615	0.9763	0.594169	0.0319538	0.332992	0.0339	0.678862	0.0798846	0.121254	0.113015	0.0807769	0.0610077	0.777592	0.0736385	0.166562	0.161769	0.187754	0.476931	
0.000638462	0.000723077	0.000407692	0.000192308	0.00134615	0.000115385	0.000215385	0.000284615	0.000284615	4.61538e-05	0.00149231	0.000138462	0	0	0	0	0	2.30769e-05	7.69231e-06	0.00193077	0.00121538	3.07692e-05	0.000692308	2.30769e-05	0.00129231	0.000130769	0.000276923	0.000261538	0.000161538	0.000176923	0.00155385	6.92308e-05	0.000338462	0.000292308	0.000376923	0.000953846	
0.000676923	0.000838462	0.000369231	0.000253846	0.00134615	0.000238462	0.000246154	0.000307692	0.000230769	3.84615e-05	0.00174615	0.000123077	7.69231e-06	1.53846e-05	0.00211538	0	0	0	0	0	0.00123846	0.000107692	0.0007	9.23077e-05	0.00150769	0.000161538	0.000238462	0.000230769	0.0002	8.46154e-05	0.00173077	0.000123077	0.000392308	0.000353846	0.000407692	0.000984615	
0.004	0.00466154	0.00217692	0.00163077	0.00768462	0.00153077	0.00143846	0.00181538	0.00113846	0.000407692	0.0100231	0.0009	5.38462e-05	3.84615e-05	0.0123538	2.30769e-05	0	0	0	0	0.00746923	0.000392308	0.00409231	0.000515385	0.00834615	0.0011	0.0016	0.00142308	0.00106923	0.000815385	0.00966154	0.000923077	0.002	0.00209231	0.00237692	0.006	
0.000776923	0.0008	0.000423077	0.000261538	0.00146923	0.000207692	0.000315385	0.000269231	0.000207692	5.38462e-05	0.00186923	0.000130769	7.69231e-06	0	0.00224615	7.69231e-06	0	0	0	0	0.00136923	9.23077e-05	0.000730769	6.92308e-05	0.0016	0.000169231	0.000238462	0.000253846	0.000153846	0.000115385	0.00176154	0.000230769	0.000353846	0.000392308	0.000469231	0.00104615	
0.322638	0.353315	0.186354	0.120823	0.621638	0.107769	0.116323	0.1374	0.0959615	0.0266846	0.791854	0.0686308	0.00312308	0.00177692	0.9763	0.00193077	0	0	0	0	0.588369	0.0314846	0.329831	0.0334462	0.672123	0.0790385	0.120038	0.111931	0.0800231	0.0604615	0.769785	0.0728615	0.165054	0.160023	0.185685	0.472369	
0.197269	0.216492	0.113723	0.0709615	0.388085	0.0633923	0.0676615	0.0793077	0.0566308	0.0158308	0.485615	0.0403692	0.00197692	0.00108462	0.594169	0.00121538	0.00123846	0.00746923	0.00136923	0.588369	0	0	0	0	0.368992	0.0585077	0.0884077	0.0825385	0.0655154	0.0497923	0.422954	0.0601846	0.104046	0.101569	0.118054	0.274777	
0.0101	0.0115462	0.00644615	0.00398462	0.0206692	0.00323077	0.00365385	0.00452308	0.00292308	0.000984615	0.0260154	0.00215385	7.69231e-05	1.53846e-05	0.0319538	3.07692e-05	0.000107692	0.000392308	9.23077e-05	0.0314846	0	0	0	0	0.0194231	0.00313077	0.00488462	0.00463846	0.00117692	0.000915385	0.0287538	0.00123077	0.00501538	0.00485385	0.00570769	0.0165	
0.109585	0.1196	0.0625462	0.0436231	0.201538	0.0396615	0.0430769	0.0510769	0.0345769	0.00925385	0.267046	0.0244769	0.000992308	0.000676923	0.332992	0.000692308	0.0007	0.00409231	0.000730769	0.329831	0	0	0	0	0.273869	0.0158231	0.0240385	0.0216231	0.0133462	0.00986923	0.300769	0.0113692	0.0529462	0.0510923	0.0594308	0.171885	
0.0111385	0.0119769	0.00660769	0.0044	0.0218462	0.00346154	0.00393077	0.00488462	0.00340769	0.00111538	0.0268154	0.00278462	0.000146154	5.38462e-05	0.0339	2.30769e-05	9.23077e-05	0.000515385	6.92308e-05	0.0334462	0	0	0	0	0.0212923	0.00300769	0.00478462	0.00503846	0.00140769	0.0009	0.0304615	0.00135385	0.00579231	0.00534615	0.00574615	0.0172385	
0.220838	0.243269	0.127823	0.0916462	0.388208	0.0880615	0.0955	0.111808	0.0710692	0.0196692	0.542346	0.0504923	0.00216154	0.00126154	0.678862	0.00129231	0.00150769	0.00834615	0.0016	0.672123	0.368992	0.0194231	0.273869	0.0212923	0	0	0	0	0.0522923	0.0398385	0.544269	0.0471769	0.111285	0.108308	0.125269	0.338715	
0.0273462	0.0290154	0.0158615	0.00824615	0.0616692	0.00566154	0.00580769	0.00733077	0.00686154	0.00196923	0.0668462	0.00479231	0.000315385	0.000138462	0.0798846	0.000130769	0.000161538	0.0011	0.000169231	0.0790385	0.0585077	0.00313077	0.0158231	0.00300769	0	0	0	0	0.00770769	0.00555385	0.0604154	0.00679231	0.0143692	0.0142846	0.0165231	0.0352923	
0.0414385	0.0453923	0.0235077	0.0117769	0.0950769	0.00806923	0.00853846	0.0104308	0.0100615	0.00270769	0.101915	0.00743077	0.000353846	0.000230769	0.121254	0.000276923	0.000238462	0.0016	0.000238462	0.120038	0.0884077	0.00488462	0.0240385	0.00478462	0	0	0	0	0.0110692	0.0084	0.0922154	0.0104308	0.0217615	0.0213538	0.0244769	0.0545231	
0.0384692	0.0419385	0.0221308	0.0113	0.0871846	0.00795385	0.00847692	0.0102231	0.00954615	0.00283846	0.0943846	0.00706923	0.000361538	0.0002	0.113015	0.000261538	0.000230769	0.00142308	0.000253846	0.111931	0.0825385	0.00463846	0.0216231	0.00503846	0	0	0	0	0.0103769	0.00768462	0.0860385	0.00973846	0.0203846	0.0189154	0.0226692	0.0518692	
0.0279077	0.0294538	0.0147615	0.00932308	0.0547154	0.00803077	0.00900769	0.00969231	0.0064	0.00170769	0.0686462	0.00469231	0.000284615	0.000223077	0.0807769	0.000161538	0.0002	0.00106923	0.000153846	0.0800231	0.0655154	0.00117692	0.0133462	0.00140769	0.0522923	0.00770769	0.0110692	0.0103769	0	0	0	0	0.0186308	0.0175538	0.0206231	0.0246385	
0.0202231	0.0224615	0.0117	0.00709231	0.0416692	0.00583077	0.00625385	0.00772308	0.00480769	0.0013	0.0519385	0.00343077	0.000184615	0.000107692	0.0610077	0.000176923	8.46154e-05	0.000815385	0.000115385	0.0604615	0.0497923	0.000915385	0.00986923	0.0009	0.0398385	0.00555385	0.0084	0.00768462	0	0	0	0	0.0134692	0.0136846	0.0152615	0.0190615	
0.255438	0.280377	0.148623	0.0985	0.485315	0.0891077	0.0953462	0.113169	0.0807077	0.0224615	0.622	0.0577692	0.00246154	0.00133077	0.777592	0.00155385	0.00173077	0.00966154	0.00176154	0.769785	0.422954	0.0287538	0.300769	0.0304615	0.544269	0.0604154	0.0922154	0.0860385	0	0	0	0	0.118738	0.115331	0.134554	0.414315	
0.0245231	0.0273231	0.0142385	0.00805385	0.0504385	0.00677692	0.00771538	0.00920769	0.00562308	0.00171538	0.0629077	0.00389231	0.000261538	0.000169231	0.0736385	6.92308e-05	0.000123077	0.000923077	0.000230769	0.0728615	0.0601846	0.00123077	0.0113692	0.00135385	0.0471769	0.00679231	0.0104308	0.00973846	0	0	0	0	0.0169615	0.0162923	0.0185	0.0223846	
0.0560154	0.0616615	0.0323231	0.0178	0.121146	0.0137077	0.0151462	0.0178	0.00759231	0.00187692	0.153023	0.00530769	0.000546154	0.000353846	0.166562	0.000338462	0.000392308	0.002	0.000353846	0.165054	0.104046	0.00501538	0.0529462	0.00579231	0.111285	0.0143692	0.0217615	0.0203846	0.0186308	0.0134692	0.118738	0.0169615	0	0	0	0	
0.0553846	0.0588385	0.0315077	0.0171308	0.117392	0.0131385	0.0148154	0.0175154	0.00749231	0.00212308	0.147862	0.00538462	0.000523077	0.000276923	0.161769	0.000292308	0.000353846	0.00209231	0.000392308	0.160023	0.101569	0.00485385	0.0510923	0.00534615	0.108308	0.0142846	0.0213538	0.0189154	0.0175538	0.0136846	0.115331	0.0162923	0	0	0	0	
0.0632462	0.0693385	0.0362308	0.0201231	0.136969	0.0155923	0.0168923	0.0194846	0.0087	0.0025	0.171846	0.00589231	0.000523077	0.000284615	0.187754	0.000376923	0.000407692	0.00237692	0.000469231	0.185685	0.118054	0.00570769	0.0594308	0.00574615	0.125269	0.0165231	0.0244769	0.0226692	0.0206231	0.0152615	0.134554	0.0185	0	0	0	0	
0.153446	0.169777	0.0892615	0.0679154	0.256631	0.0673077	0.0714692	0.0849923	0.0737538	0.0206846	0.332762	0.0532	0.0016	0.000915385	0.476931	0.000953846	0.000984615	0.006	0.00104615	0.472369	0.274777	0.0165	0.171885	0.0172385	0.338715	0.0352923	0.0545231	0.0518692	0.0246385	0.0190615	0.414315	0.0223846	0	0	0	0	
