0	0	0	0	0.224446	0.0313385	0.0332615	0.0393385	0.0295231	0.00891538	0.267515	0.0224308	0.000946154	0.000546154	0.326192	0.0007	0.000684615	0.0039	0.000923077	0.322877	0.196362	0.0103154	0.109854	0.0118538	0.222231	0.0259923	0.0415154	0.0386462	0.0263846	0.0210923	0.256054	0.0248538	0.0556077	0.0545308	0.0630615	0.155185	
0	0	0	0	0.244392	0.0349077	0.0377154	0.0430923	0.0333538	0.00916923	0.292823	0.0247615	0.00129231	0.000630769	0.357408	0.000776923	0.000761538	0.00461538	0.000884615	0.353846	0.214015	0.0119462	0.1223	0.0118462	0.243562	0.0294385	0.0458615	0.0412462	0.0291462	0.0218692	0.282308	0.0267846	0.0623538	0.0591538	0.0685692	0.170031	
0	0	0	0	0.1287	0.0187615	0.0201462	0.0224846	0.0170462	0.00500769	0.154838	0.0132	0.000707692	0.000284615	0.188585	0.000515385	0.000284615	0.00246154	0.000423077	0.186923	0.114577	0.00644615	0.0623154	0.00675385	0.128546	0.0153231	0.0239	0.0223231	0.0155846	0.0122769	0.148023	0.0142077	0.0326846	0.0310615	0.0364538	0.0898923	
0	0	0	0	0.0344154	0.0260769	0.0281385	0.0327846	0.0152615	0.00432308	0.0904154	0.0114154	0.000415385	0.000261538	0.120477	0.000261538	0.000246154	0.00165385	0.0003	0.119215	0.0704846	0.00396923	0.0429385	0.00402308	0.0906846	0.00752308	0.0120077	0.0112	0.00943846	0.007	0.0964385	0.00853846	0.0179846	0.0171385	0.0200154	0.0662769	
0.224446	0.244392	0.1287	0.0344154	0	0	0	0	0.0399769	0.0113154	0.5504	0.0302615	0.00193846	0.0011	0.627446	0.00146923	0.00130769	0.00808462	0.00150769	0.621054	0.3862	0.0205231	0.203223	0.0220077	0.389992	0.0607	0.0947462	0.0865154	0.0538538	0.0416462	0.487015	0.0494385	0.1221	0.1169	0.135492	0.257462	
0.0313385	0.0349077	0.0187615	0.0260769	0	0	0	0	0.0171154	0.0048	0.0768692	0.0123	0.0004	0.000146154	0.110323	0.000215385	0.000223077	0.00136923	0.000346154	0.109146	0.0627846	0.0037	0.0409692	0.00363077	0.0893462	0.00521538	0.00837692	0.00814615	0.00821538	0.00631538	0.0893692	0.00718462	0.0138769	0.0133385	0.0158615	0.0680077	
0.0332615	0.0377154	0.0201462	0.0281385	0	0	0	0	0.0174077	0.00508462	0.0826385	0.0141308	0.000461538	0.000215385	0.118269	0.000315385	0.000223077	0.00144615	0.000323077	0.117269	0.0681231	0.00392308	0.0431	0.00411538	0.0953	0.00579231	0.00943846	0.00873077	0.00857692	0.00664615	0.096	0.00803846	0.0152462	0.0149231	0.0174	0.0716923	
0.0393385	0.0430923	0.0224846	0.0327846	0	0	0	0	0.0206846	0.00621538	0.0956846	0.0151154	0.000561538	0.000261538	0.136623	0.000253846	0.000223077	0.00173077	0.000353846	0.135392	0.0783308	0.00453077	0.0501154	0.00472308	0.110385	0.00656923	0.0107231	0.0100231	0.00990769	0.00763077	0.110438	0.00972308	0.0174077	0.0167231	0.0193462	0.0842231	
0.0295231	0.0333538	0.0170462	0.0152615	0.0399769	0.0171154	0.0174077	0.0206846	0	0	0	0	0.000376923	0.000153846	0.0945385	0.000115385	0.000130769	0.00113077	0.000238462	0.0936846	0.0548154	0.00317692	0.0337538	0.00343846	0.0686538	0.00679231	0.0102769	0.00946154	0.00643846	0.00489231	0.0780077	0.00584615	0.00726154	0.00761538	0.0081	0.0722077	
0.00891538	0.00916923	0.00500769	0.00432308	0.0113154	0.0048	0.00508462	0.00621538	0	0	0	0	0.000130769	4.61538e-05	0.0271308	0.000107692	5.38462e-05	0.0004	3.84615e-05	0.0269231	0.0156462	0.000907692	0.0100462	0.000815385	0.0197077	0.00192308	0.00311538	0.00266923	0.00181538	0.00154615	0.0224538	0.0016	0.00209231	0.00216154	0.00244615	0.0207154	
0.267515	0.292823	0.154838	0.0904154	0.5504	0.0768692	0.0826385	0.0956846	0	0	0	0	0.00259231	0.00141538	0.799731	0.00185385	0.00160769	0.0103846	0.00203846	0.791562	0.483131	0.0260769	0.268708	0.0276769	0.544462	0.0649385	0.102077	0.0941154	0.0674846	0.0521462	0.623354	0.0626077	0.153523	0.146254	0.171169	0.334646	
0.0224308	0.0247615	0.0132	0.0114154	0.0302615	0.0123	0.0141308	0.0151154	0	0	0	0	0.000261538	0.000107692	0.0712615	0.000176923	0.000184615	0.000715385	0.000215385	0.0706923	0.0418462	0.00251538	0.0249	0.00254615	0.0522	0.00462308	0.00781538	0.00716923	0.00481538	0.00365385	0.0590077	0.00433077	0.00575385	0.00585385	0.00638462	0.0538154	
0.000946154	0.00129231	0.000707692	0.000415385	0.00193846	0.0004	0.000461538	0.000561538	0.000376923	0.000130769	0.00259231	0.000261538	0	0	0	0	7.69231e-06	3.84615e-05	0	0.00331538	0.00208462	0.000115385	0.00104615	0.000115385	0.00239231	0.000246154	0.000330769	0.000392308	0.0003	0.0002	0.00262308	0.000238462	0.000553846	0.000507692	0.000646154	0.00165385	
0.000546154	0.000630769	0.000284615	0.000261538	0.0011	0.000146154	0.000215385	0.000261538	0.000153846	4.61538e-05	0.00141538	0.000107692	0	0	0	0	7.69231e-06	1.53846e-05	0	0.0017	0.001	5.38462e-05	0.000607692	6.15385e-05	0.00118462	0.0001	0.000215385	0.000223077	0.000146154	9.23077e-05	0.00138462	0.0001	0.000261538	0.000330769	0.000376923	0.000753846	
0.326192	0.357408	0.188585	0.120477	0.627446	0.110323	0.118269	0.136623	0.0945385	0.0271308	0.799731	0.0712615	0	0	0	0	0.00196154	0.0125615	0.00253077	0.975608	0.591146	0.0324385	0.3349	0.0341769	0.679869	0.0777615	0.1225	0.112531	0.0799462	0.0618231	0.777038	0.0738538	0.167492	0.160738	0.186631	0.4778	
0.0007	0.000776923	0.000515385	0.000261538	0.00146923	0.000215385	0.000315385	0.000253846	0.000115385	0.000107692	0.00185385	0.000176923	0	0	0	0	0	1.53846e-05	0	0.00223846	0.00120769	6.92308e-05	0.000853846	0.000123077	0.00157692	0.000169231	0.000238462	0.000269231	0.000161538	0.000123077	0.00177692	0.000192308	0.000323077	0.000307692	0.000446154	0.00117692	
0.000684615	0.000761538	0.000284615	0.000246154	0.00130769	0.000223077	0.000223077	0.000223077	0.000130769	5.38462e-05	0.00160769	0.000184615	7.69231e-06	7.69231e-06	0.00196154	0	0	0	0	0	0.00120769	5.38462e-05	0.000638462	7.69231e-05	0.00132308	0.000176923	0.000253846	0.000223077	0.000207692	0.000107692	0.00146923	0.000192308	0.000369231	0.000238462	0.000407692	0.000961538	
0.0039	0.00461538	0.00246154	0.00165385	0.00808462	0.00136923	0.00144615	0.00173077	0.00113077	0.0004	0.0103846	0.000715385	3.84615e-05	1.53846e-05	0.0125615	1.53846e-05	0	0	0	0	0.0076	0.0004	0.00426923	0.000361538	0.00840769	0.00101538	0.00157692	0.00163077	0.000961538	0.0009	0.00986923	0.0009	0.00222308	0.00213846	0.00227692	0.00599231	
0.000923077	0.000884615	0.000423077	0.0003	0.00150769	0.000346154	0.000323077	0.000353846	0.000238462	3.84615e-05	0.00203846	0.000215385	0	0	0.00253077	0	0	0	0	0	0.00153077	5.38462e-05	0.000846154	0.0001	0.00189231	0.000146154	0.000192308	0.0003	0.000130769	0.000130769	0.00205385	0.000215385	0.000392308	0.000346154	0.000492308	0.0013	
0.322877	0.353846	0.186923	0.119215	0.621054	0.109146	0.117269	0.135392	0.0936846	0.0269231	0.791562	0.0706923	0.00331538	0.0017	0.975608	0.00223846	0	0	0	0	0.5851	0.0321692	0.331654	0.0339385	0.6734	0.0769385	0.121262	0.111262	0.0792538	0.0611	0.769431	0.0730769	0.165646	0.159162	0.184923	0.473131	
0.196362	0.214015	0.114577	0.0704846	0.3862	0.0627846	0.0681231	0.0783308	0.0548154	0.0156462	0.483131	0.0418462	0.00208462	0.001	0.591146	0.00120769	0.00120769	0.0076	0.00153077	0.5851	0	0	0	0	0.368015	0.0565923	0.0892538	0.0815769	0.0649846	0.0502462	0.419285	0.0609231	0.103254	0.0999692	0.116362	0.275854	
0.0103154	0.0119462	0.00644615	0.00396923	0.0205231	0.0037	0.00392308	0.00453077	0.00317692	0.000907692	0.0260769	0.00251538	0.000115385	5.38462e-05	0.0324385	6.92308e-05	5.38462e-05	0.0004	5.38462e-05	0.0321692	0	0	0	0	0.0203	0.00319231	0.00471538	0.00446923	0.00112308	0.00116923	0.0294077	0.000976923	0.00544615	0.00517692	0.00600769	0.0160462	
0.109854	0.1223	0.0623154	0.0429385	0.203223	0.0409692	0.0431	0.0501154	0.0337538	0.0100462	0.268708	0.0249	0.00104615	0.000607692	0.3349	0.000853846	0.000638462	0.00426923	0.000846154	0.331654	0	0	0	0	0.275508	0.0151231	0.0242615	0.0225154	0.0129462	0.00980769	0.303346	0.0113077	0.0545	0.0512769	0.0596308	0.172	
0.0118538	0.0118462	0.00675385	0.00402308	0.0220077	0.00363077	0.00411538	0.00472308	0.00343846	0.000815385	0.0276769	0.00254615	0.000115385	6.15385e-05	0.0341769	0.000123077	7.69231e-05	0.000361538	0.0001	0.0339385	0	0	0	0	0.0212	0.00336923	0.00505385	0.00485385	0.0015	0.00101538	0.0307846	0.00117692	0.00543077	0.00546154	0.0061	0.0174846	
0.222231	0.243562	0.128546	0.0906846	0.389992	0.0893462	0.0953	0.110385	0.0686538	0.0197077	0.544462	0.0522	0.00239231	0.00118462	0.679869	0.00157692	0.00132308	0.00840769	0.00189231	0.6734	0.368015	0.0203	0.275508	0.0212	0	0	0	0	0.0518462	0.0397846	0.545477	0.0479154	0.112146	0.107715	0.125592	0.339569	
0.0259923	0.0294385	0.0153231	0.00752308	0.0607	0.00521538	0.00579231	0.00656923	0.00679231	0.00192308	0.0649385	0.00462308	0.000246154	0.0001	0.0777615	0.000169231	0.000176923	0.00101538	0.000146154	0.0769385	0.0565923	0.00319231	0.0151231	0.00336923	0	0	0	0	0.00716154	0.00568462	0.0591	0.00633077	0.0138769	0.0134538	0.0158846	0.0350615	
0.0415154	0.0458615	0.0239	0.0120077	0.0947462	0.00837692	0.00943846	0.0107231	0.0102769	0.00311538	0.102077	0.00781538	0.000330769	0.000215385	0.1225	0.000238462	0.000253846	0.00157692	0.000192308	0.121262	0.0892538	0.00471538	0.0242615	0.00505385	0	0	0	0	0.0110077	0.00850769	0.0933154	0.0104538	0.0224231	0.0211462	0.0245154	0.0552	
0.0386462	0.0412462	0.0223231	0.0112	0.0865154	0.00814615	0.00873077	0.0100231	0.00946154	0.00266923	0.0941154	0.00716923	0.000392308	0.000223077	0.112531	0.000269231	0.000223077	0.00163077	0.0003	0.111262	0.0815769	0.00446923	0.0225154	0.00485385	0	0	0	0	0.0105385	0.00826154	0.0849308	0.00968462	0.0201846	0.0195692	0.0221077	0.0515538	
0.0263846	0.0291462	0.0155846	0.00943846	0.0538538	0.00821538	0.00857692	0.00990769	0.00643846	0.00181538	0.0674846	0.00481538	0.0003	0.000146154	0.0799462	0.000161538	0.000207692	0.000961538	0.000130769	0.0792538	0.0649846	0.00112308	0.0129462	0.0015	0.0518462	0.00716154	0.0110077	0.0105385	0	0	0	0	0.0180308	0.0170615	0.0200462	0.0254154	
0.0210923	0.0218692	0.0122769	0.007	0.0416462	0.00631538	0.00664615	0.00763077	0.00489231	0.00154615	0.0521462	0.00365385	0.0002	9.23077e-05	0.0618231	0.000123077	0.000107692	0.0009	0.000130769	0.0611	0.0502462	0.00116923	0.00980769	0.00101538	0.0397846	0.00568462	0.00850769	0.00826154	0	0	0	0	0.0134	0.0136846	0.0158308	0.0193231	
0.256054	0.282308	0.148023	0.0964385	0.487015	0.0893692	0.096	0.110438	0.0780077	0.0224538	0.623354	0.0590077	0.00262308	0.00138462	0.777038	0.00177692	0.00146923	0.00986923	0.00205385	0.769431	0.419285	0.0294077	0.303346	0.0307846	0.545477	0.0591	0.0933154	0.0849308	0	0	0	0	0.121469	0.114485	0.133754	0.413115	
0.0248538	0.0267846	0.0142077	0.00853846	0.0494385	0.00718462	0.00803846	0.00972308	0.00584615	0.0016	0.0626077	0.00433077	0.000238462	0.0001	0.0738538	0.000192308	0.000192308	0.0009	0.000215385	0.0730769	0.0609231	0.000976923	0.0113077	0.00117692	0.0479154	0.00633077	0.0104538	0.00968462	0	0	0	0	0.0157308	0.0166538	0.0184692	0.0235308	
0.0556077	0.0623538	0.0326846	0.0179846	0.1221	0.0138769	0.0152462	0.0174077	0.00726154	0.00209231	0.153523	0.00575385	0.000553846	0.000261538	0.167492	0.000323077	0.000369231	0.00222308	0.000392308	0.165646	0.103254	0.00544615	0.0545	0.00543077	0.112146	0.0138769	0.0224231	0.0201846	0.0180308	0.0134	0.121469	0.0157308	0	0	0	0	
0.0545308	0.0591538	0.0310615	0.0171385	0.1169	0.0133385	0.0149231	0.0167231	0.00761538	0.00216154	0.146254	0.00585385	0.000507692	0.000330769	0.160738	0.000307692	0.000238462	0.00213846	0.000346154	0.159162	0.0999692	0.00517692	0.0512769	0.00546154	0.107715	0.0134538	0.0211462	0.0195692	0.0170615	0.0136846	0.114485	0.0166538	0	0	0	0	
0.0630615	0.0685692	0.0364538	0.0200154	0.135492	0.0158615	0.0174	0.0193462	0.0081	0.00244615	0.171169	0.00638462	0.000646154	0.000376923	0.186631	0.000446154	0.000407692	0.00227692	0.000492308	0.184923	0.116362	0.00600769	0.0596308	0.0061	0.125592	0.0158846	0.0245154	0.0221077	0.0200462	0.0158308	0.133754	0.0184692	0	0	0	0	
0.155185	0.170031	0.0898923	0.0662769	0.257462	0.0680077	0.0716923	0.0842231	0.0722077	0.0207154	0.334646	0.0538154	0.00165385	0.000753846	0.4778	0.00117692	0.000961538	0.00599231	0.0013	0.473131	0.275854	0.0160462	0.172	0.0174846	0.339569	0.0350615	0.0552	0.0515538	0.0254154	0.0193231	0.413115	0.0235308	0	0	0	0	
