0	0	0	0	0.221854	0.0319154	0.0331769	0.0411846	0.0305923	0.00825385	0.268015	0.0212692	0.00103846	0.000530769	0.325892	0.000669231	0.000661538	0.00418462	0.000776923	0.322508	0.195754	0.0109308	0.1104	0.0110462	0.2223	0.0264923	0.0402615	0.0390769	0.0268923	0.0206846	0.256438	0.0241154	0.0559385	0.0548846	0.0628385	0.154469	
0	0	0	0	0.243246	0.0348692	0.0379462	0.0437154	0.0323	0.0093	0.293208	0.0249692	0.00110769	0.000592308	0.357338	0.000738462	0.0007	0.00454615	0.000938462	0.353592	0.214677	0.0119	0.120862	0.0123385	0.242946	0.0292462	0.0445846	0.043	0.0289538	0.0226154	0.281492	0.0267154	0.0606154	0.0592769	0.0693846	0.1705	
0	0	0	0	0.129554	0.0182846	0.0191077	0.0232077	0.0173846	0.00489231	0.154885	0.0129923	0.0005	0.000369231	0.188946	0.000338462	0.000307692	0.00241538	0.000430769	0.187	0.113308	0.00635385	0.0634538	0.00703846	0.129338	0.0151462	0.0234769	0.0221923	0.0162538	0.0119385	0.148254	0.0137077	0.0327692	0.0319308	0.0363538	0.0891	
0	0	0	0	0.0375769	0.0259	0.0265923	0.0318692	0.0154846	0.00468462	0.0910462	0.0107231	0.000330769	0.000230769	0.121208	0.000169231	0.000261538	0.00153846	0.000253846	0.119885	0.0710308	0.00392308	0.0425692	0.00441538	0.0904308	0.0078	0.0122308	0.0114769	0.00934615	0.00714615	0.0967	0.00874615	0.0175846	0.0177615	0.0201923	0.0664	
0.221854	0.243246	0.129554	0.0375769	0	0	0	0	0.0393538	0.0110385	0.552608	0.0292308	0.00187692	0.000984615	0.628092	0.00127692	0.00116923	0.00809231	0.00145385	0.621515	0.384977	0.0210692	0.2037	0.0224846	0.390123	0.0603154	0.0919	0.0898923	0.0542923	0.0426154	0.486154	0.0491692	0.121792	0.118846	0.136546	0.255046	
0.0319154	0.0348692	0.0182846	0.0259	0	0	0	0	0.0169308	0.00484615	0.0769231	0.0122692	0.000315385	0.000207692	0.110323	0.000123077	0.000207692	0.00132308	0.000292308	0.109146	0.0637692	0.00388462	0.0396462	0.00366923	0.0885385	0.00585385	0.00887692	0.0077	0.00805385	0.00614615	0.0893846	0.00738462	0.0138308	0.0134769	0.0156769	0.0679846	
0.0331769	0.0379462	0.0191077	0.0265923	0	0	0	0	0.0178615	0.00499231	0.0807077	0.0132615	0.000415385	0.000269231	0.115908	0.000230769	0.000307692	0.0015	0.000307692	0.114708	0.0668923	0.00367692	0.0422308	0.00402308	0.0937769	0.00588462	0.00912308	0.00803846	0.00874615	0.00641538	0.0937154	0.00794615	0.0142692	0.0142538	0.0165538	0.0717462	
0.0411846	0.0437154	0.0232077	0.0318692	0	0	0	0	0.0216154	0.00625385	0.0969154	0.0151923	0.000369231	0.000261538	0.139062	0.000284615	0.000246154	0.00176923	0.000346154	0.137615	0.0791308	0.00447692	0.0517077	0.00466154	0.112577	0.00663077	0.0106538	0.0101154	0.0103538	0.00720769	0.113631	0.00878462	0.0170154	0.0172769	0.0199923	0.0856923	
0.0305923	0.0323	0.0173846	0.0154846	0.0393538	0.0169308	0.0178615	0.0216154	0	0	0	0	0.000284615	0.000184615	0.0951154	0.000176923	0.000207692	0.00110769	0.000253846	0.0941923	0.0556	0.00326923	0.0334923	0.0034	0.0692923	0.00648462	0.0103615	0.00962308	0.00677692	0.00452308	0.0790231	0.00543846	0.0076	0.00723846	0.00854615	0.0723769	
0.00825385	0.0093	0.00489231	0.00468462	0.0110385	0.00484615	0.00499231	0.00625385	0	0	0	0	5.38462e-05	3.07692e-05	0.027	4.61538e-05	8.46154e-05	0.000346154	5.38462e-05	0.0266462	0.0159	0.000984615	0.00934615	0.0009	0.0200462	0.00175385	0.00279231	0.00253846	0.00172308	0.00116923	0.0225385	0.0017	0.00217692	0.00196923	0.00236154	0.0206231	
0.268015	0.293208	0.154885	0.0910462	0.552608	0.0769231	0.0807077	0.0969154	0	0	0	0	0.00241538	0.00134615	0.801831	0.00156154	0.00150769	0.0103308	0.00193846	0.793377	0.482885	0.0265846	0.269538	0.0281462	0.544546	0.0659308	0.100108	0.0965692	0.0683462	0.0530769	0.623785	0.0619462	0.151577	0.149546	0.171492	0.334538	
0.0212692	0.0249692	0.0129923	0.0107231	0.0292308	0.0122692	0.0132615	0.0151923	0	0	0	0	0.000223077	0.000161538	0.0694385	0.000130769	0.000130769	0.0009	0.000153846	0.0687692	0.0403846	0.00226923	0.0249077	0.00239231	0.0511308	0.00451538	0.00729231	0.00701538	0.0046	0.00361538	0.0575385	0.0042	0.00555385	0.0051	0.00636923	0.0529308	
0.00103846	0.00110769	0.0005	0.000330769	0.00187692	0.000315385	0.000415385	0.000369231	0.000284615	5.38462e-05	0.00241538	0.000223077	0	0	0	0	0	7.69231e-06	0	0.00296923	0.00169231	0.000161538	0.00103846	8.46154e-05	0.00215385	0.000169231	0.000353846	0.0003	0.000246154	0.000146154	0.00235385	0.000230769	0.000415385	0.000484615	0.000538462	0.00153846	
0.000530769	0.000592308	0.000369231	0.000230769	0.000984615	0.000207692	0.000269231	0.000261538	0.000184615	3.07692e-05	0.00134615	0.000161538	0	0	0	0	0	3.07692e-05	7.69231e-06	0.00168462	0.001	2.30769e-05	0.000676923	2.30769e-05	0.00122308	0.000115385	0.000192308	0.000192308	7.69231e-05	8.46154e-05	0.00139231	0.000169231	0.0003	0.000192308	0.000353846	0.000876923	
0.325892	0.357338	0.188946	0.121208	0.628092	0.110323	0.115908	0.139062	0.0951154	0.027	0.801831	0.0694385	0	0	0	0	0.00192308	0.0125923	0.00238462	0.976485	0.590946	0.0328077	0.334992	0.0346385	0.680362	0.0782462	0.1198	0.114977	0.0809692	0.0619923	0.777692	0.0727308	0.165823	0.162862	0.187577	0.477123	
0.000669231	0.000738462	0.000338462	0.000169231	0.00127692	0.000123077	0.000230769	0.000284615	0.000176923	4.61538e-05	0.00156154	0.000130769	0	0	0	0	7.69231e-06	5.38462e-05	7.69231e-06	0.00184615	0.00113077	0.000115385	0.000576923	9.23077e-05	0.00127692	0.000153846	0.000207692	0.000276923	0.000153846	0.000161538	0.00144615	0.000153846	0.000369231	0.000315385	0.0003	0.000930769	
0.000661538	0.0007	0.000307692	0.000261538	0.00116923	0.000207692	0.000307692	0.000246154	0.000207692	8.46154e-05	0.00150769	0.000130769	0	0	0.00192308	7.69231e-06	0	0	0	0	0.00114615	5.38462e-05	0.000669231	6.15385e-05	0.00140769	0.0002	0.000153846	0.000169231	0.000138462	0.000138462	0.00156923	8.46154e-05	0.0003	0.000307692	0.000392308	0.000930769	
0.00418462	0.00454615	0.00241538	0.00153846	0.00809231	0.00132308	0.0015	0.00176923	0.00110769	0.000346154	0.0103308	0.0009	7.69231e-06	3.07692e-05	0.0125923	5.38462e-05	0	0	0	0	0.00753846	0.000361538	0.00439231	0.000392308	0.00875385	0.000953846	0.00152308	0.00145385	0.00106923	0.000715385	0.00994615	0.000953846	0.00203846	0.00200769	0.00235385	0.00628462	
0.000776923	0.000938462	0.000430769	0.000253846	0.00145385	0.000292308	0.000307692	0.000346154	0.000253846	5.38462e-05	0.00193846	0.000153846	0	7.69231e-06	0.00238462	7.69231e-06	0	0	0	0	0.00138462	5.38462e-05	0.000884615	7.69231e-05	0.00158462	0.000176923	0.000269231	0.000369231	0.000130769	0.000169231	0.00189231	0.000207692	0.000361538	0.000361538	0.000561538	0.00111538	
0.322508	0.353592	0.187	0.119885	0.621515	0.109146	0.114708	0.137615	0.0941923	0.0266462	0.793377	0.0687692	0.00296923	0.00168462	0.976485	0.00184615	0	0	0	0	0.5847	0.0326385	0.331338	0.0343077	0.673269	0.0773538	0.118608	0.113754	0.0801077	0.0613615	0.769477	0.0720385	0.164208	0.161177	0.185462	0.472138	
0.195754	0.214677	0.113308	0.0710308	0.384977	0.0637692	0.0668923	0.0791308	0.0556	0.0159	0.482885	0.0403846	0.00169231	0.001	0.590946	0.00113077	0.00114615	0.00753846	0.00138462	0.5847	0	0	0	0	0.367931	0.0564769	0.0868846	0.0834769	0.0660385	0.0504846	0.418485	0.0597615	0.103054	0.101269	0.116246	0.2742	
0.0109308	0.0119	0.00635385	0.00392308	0.0210692	0.00388462	0.00367692	0.00447692	0.00326923	0.000984615	0.0265846	0.00226923	0.000161538	2.30769e-05	0.0328077	0.000115385	5.38462e-05	0.000361538	5.38462e-05	0.0326385	0	0	0	0	0.0208308	0.00308462	0.00455385	0.00463846	0.00146154	0.000923077	0.0295923	0.00113077	0.00527692	0.00514615	0.00574615	0.0169385	
0.1104	0.120862	0.0634538	0.0425692	0.2037	0.0396462	0.0422308	0.0517077	0.0334923	0.00934615	0.269538	0.0249077	0.00103846	0.000676923	0.334992	0.000576923	0.000669231	0.00439231	0.000884615	0.331338	0	0	0	0	0.2745	0.0157769	0.0239308	0.0230769	0.0127231	0.00990769	0.303362	0.0112923	0.0531923	0.0517308	0.0605692	0.171792	
0.0110462	0.0123385	0.00703846	0.00441538	0.0224846	0.00366923	0.00402308	0.00466154	0.0034	0.0009	0.0281462	0.00239231	8.46154e-05	2.30769e-05	0.0346385	9.23077e-05	6.15385e-05	0.000392308	7.69231e-05	0.0343077	0	0	0	0	0.0217538	0.00334615	0.00518462	0.00455385	0.00122308	0.00106923	0.0314462	0.0011	0.00538462	0.00570769	0.00620769	0.0175385	
0.2223	0.242946	0.129338	0.0904308	0.390123	0.0885385	0.0937769	0.112577	0.0692923	0.0200462	0.544546	0.0511308	0.00215385	0.00122308	0.680362	0.00127692	0.00140769	0.00875385	0.00158462	0.673269	0.367931	0.0208308	0.2745	0.0217538	0	0	0	0	0.0530769	0.0395	0.545446	0.0469923	0.110854	0.108362	0.125323	0.340477	
0.0264923	0.0292462	0.0151462	0.0078	0.0603154	0.00585385	0.00588462	0.00663077	0.00648462	0.00175385	0.0659308	0.00451538	0.000169231	0.000115385	0.0782462	0.000153846	0.0002	0.000953846	0.000176923	0.0773538	0.0564769	0.00308462	0.0157769	0.00334615	0	0	0	0	0.00693077	0.00576154	0.0595462	0.00644615	0.0137308	0.0144	0.0158462	0.0347077	
0.0402615	0.0445846	0.0234769	0.0122308	0.0919	0.00887692	0.00912308	0.0106538	0.0103615	0.00279231	0.100108	0.00729231	0.000353846	0.000192308	0.1198	0.000207692	0.000153846	0.00152308	0.000269231	0.118608	0.0868846	0.00455385	0.0239308	0.00518462	0	0	0	0	0.0111385	0.00882308	0.0906154	0.00997692	0.0214385	0.0207846	0.0242231	0.0541077	
0.0390769	0.043	0.0221923	0.0114769	0.0898923	0.0077	0.00803846	0.0101154	0.00962308	0.00253846	0.0965692	0.00701538	0.0003	0.000192308	0.114977	0.000276923	0.000169231	0.00145385	0.000369231	0.113754	0.0834769	0.00463846	0.0230769	0.00455385	0	0	0	0	0.0103	0.0083	0.0872769	0.00986923	0.0208846	0.0203077	0.0233769	0.0511769	
0.0268923	0.0289538	0.0162538	0.00934615	0.0542923	0.00805385	0.00874615	0.0103538	0.00677692	0.00172308	0.0683462	0.0046	0.000246154	7.69231e-05	0.0809692	0.000153846	0.000138462	0.00106923	0.000130769	0.0801077	0.0660385	0.00146154	0.0127231	0.00122308	0.0530769	0.00693077	0.0111385	0.0103	0	0	0	0	0.0185538	0.0173769	0.0200846	0.0254308	
0.0206846	0.0226154	0.0119385	0.00714615	0.0426154	0.00614615	0.00641538	0.00720769	0.00452308	0.00116923	0.0530769	0.00361538	0.000146154	8.46154e-05	0.0619923	0.000161538	0.000138462	0.000715385	0.000169231	0.0613615	0.0504846	0.000923077	0.00990769	0.00106923	0.0395	0.00576154	0.00882308	0.0083	0	0	0	0	0.0138154	0.0138692	0.0159154	0.0187846	
0.256438	0.281492	0.148254	0.0967	0.486154	0.0893846	0.0937154	0.113631	0.0790231	0.0225385	0.623785	0.0575385	0.00235385	0.00139231	0.777692	0.00144615	0.00156923	0.00994615	0.00189231	0.769477	0.418485	0.0295923	0.303362	0.0314462	0.545446	0.0595462	0.0906154	0.0872769	0	0	0	0	0.118562	0.116862	0.134308	0.413154	
0.0241154	0.0267154	0.0137077	0.00874615	0.0491692	0.00738462	0.00794615	0.00878462	0.00543846	0.0017	0.0619462	0.0042	0.000230769	0.000169231	0.0727308	0.000153846	8.46154e-05	0.000953846	0.000207692	0.0720385	0.0597615	0.00113077	0.0112923	0.0011	0.0469923	0.00644615	0.00997692	0.00986923	0	0	0	0	0.0159769	0.0157462	0.0184615	0.0231	
0.0559385	0.0606154	0.0327692	0.0175846	0.121792	0.0138308	0.0142692	0.0170154	0.0076	0.00217692	0.151577	0.00555385	0.000415385	0.0003	0.165823	0.000369231	0.0003	0.00203846	0.000361538	0.164208	0.103054	0.00527692	0.0531923	0.00538462	0.110854	0.0137308	0.0214385	0.0208846	0.0185538	0.0138154	0.118562	0.0159769	0	0	0	0	
0.0548846	0.0592769	0.0319308	0.0177615	0.118846	0.0134769	0.0142538	0.0172769	0.00723846	0.00196923	0.149546	0.0051	0.000484615	0.000192308	0.162862	0.000315385	0.000307692	0.00200769	0.000361538	0.161177	0.101269	0.00514615	0.0517308	0.00570769	0.108362	0.0144	0.0207846	0.0203077	0.0173769	0.0138692	0.116862	0.0157462	0	0	0	0	
0.0628385	0.0693846	0.0363538	0.0201923	0.136546	0.0156769	0.0165538	0.0199923	0.00854615	0.00236154	0.171492	0.00636923	0.000538462	0.000353846	0.187577	0.0003	0.000392308	0.00235385	0.000561538	0.185462	0.116246	0.00574615	0.0605692	0.00620769	0.125323	0.0158462	0.0242231	0.0233769	0.0200846	0.0159154	0.134308	0.0184615	0	0	0	0	
0.154469	0.1705	0.0891	0.0664	0.255046	0.0679846	0.0717462	0.0856923	0.0723769	0.0206231	0.334538	0.0529308	0.00153846	0.000876923	0.477123	0.000930769	0.000930769	0.00628462	0.00111538	0.472138	0.2742	0.0169385	0.171792	0.0175385	0.340477	0.0347077	0.0541077	0.0511769	0.0254308	0.0187846	0.413154	0.0231	0	0	0	0	
