0	0	0	0	0.2224	0.0309692	0.0336462	0.0398462	0.0299462	0.00884615	0.265685	0.0223846	0.001	0.000630769	0.324385	0.000846154	0.000738462	0.00418462	0.0008	0.321138	0.196154	0.0104692	0.109154	0.0110846	0.219969	0.0266462	0.0412692	0.0389769	0.0271846	0.0197538	0.2553	0.0246231	0.0562769	0.0544692	0.0622769	0.153838	
0	0	0	0	0.245023	0.0336385	0.0372385	0.0434308	0.0333077	0.00943846	0.291777	0.0248077	0.00117692	0.000661538	0.356715	0.000776923	0.000769231	0.00420769	0.000915385	0.353438	0.214931	0.0111846	0.121215	0.012	0.241785	0.0292308	0.0453923	0.0429231	0.0290692	0.0231846	0.280262	0.0268154	0.0623154	0.0588	0.0682846	0.169931	
0	0	0	0	0.129977	0.0181154	0.0195308	0.0232308	0.0171923	0.00513077	0.155977	0.0125538	0.0006	0.000384615	0.189554	0.000315385	0.000369231	0.00233846	0.000553846	0.187592	0.114377	0.00563846	0.0638385	0.007	0.129823	0.0155154	0.0237846	0.0217308	0.0151692	0.0117077	0.149385	0.0145923	0.0330077	0.0314769	0.0376385	0.0887308	
0	0	0	0	0.0349154	0.0269231	0.0277231	0.0333923	0.0152308	0.00466923	0.0915231	0.0115308	0.000323077	0.000230769	0.1222	0.0002	0.000230769	0.00168462	0.000261538	0.120777	0.0713615	0.00400769	0.0434615	0.00412308	0.0927154	0.00728462	0.0121769	0.0107769	0.00902308	0.00724615	0.0981538	0.00853077	0.0176692	0.0179077	0.0196692	0.0677077	
0.2224	0.245023	0.129977	0.0349154	0	0	0	0	0.0399385	0.0117462	0.550723	0.0299077	0.00200769	0.00111538	0.627777	0.00141538	0.00126923	0.00770769	0.00158462	0.621754	0.387508	0.0201308	0.203246	0.0214308	0.389254	0.0605308	0.0947615	0.0877692	0.0545923	0.0406692	0.487	0.0500538	0.122354	0.117777	0.136677	0.255508	
0.0309692	0.0336385	0.0181154	0.0269231	0	0	0	0	0.0173846	0.00489231	0.0750692	0.0123	0.000384615	0.000238462	0.108738	0.000284615	0.000276923	0.00146154	0.000253846	0.107654	0.0619077	0.00318462	0.0405231	0.00403077	0.0880846	0.00528462	0.00834615	0.00793077	0.00744615	0.00663846	0.0881846	0.00737692	0.0138615	0.0132077	0.0152308	0.0673462	
0.0336462	0.0372385	0.0195308	0.0277231	0	0	0	0	0.0176923	0.00506154	0.0820538	0.0133308	0.000346154	0.000292308	0.117346	0.000153846	0.000284615	0.00129231	0.000346154	0.116215	0.0671462	0.00372308	0.0431846	0.00408462	0.0948769	0.0058	0.00898462	0.00847692	0.00861538	0.00661538	0.0951923	0.00771538	0.0151	0.0144308	0.0160615	0.0725462	
0.0398462	0.0434308	0.0232308	0.0333923	0	0	0	0	0.0206615	0.00638462	0.0971154	0.0157385	0.000361538	0.000261538	0.138992	0.000284615	0.000276923	0.00195385	0.000346154	0.137323	0.0802615	0.00426154	0.0507154	0.00466154	0.112077	0.00706154	0.0105308	0.0102308	0.00979231	0.00796923	0.112723	0.00941538	0.0179538	0.0172385	0.0199	0.0848077	
0.0299462	0.0333077	0.0171923	0.0152308	0.0399385	0.0173846	0.0176923	0.0206615	0	0	0	0	0.000276923	0.000215385	0.0949231	0.000261538	0.000207692	0.00116923	0.000276923	0.0940231	0.0553154	0.00284615	0.0341385	0.00337692	0.0693385	0.00613077	0.0101385	0.0100692	0.00607692	0.00492308	0.0787077	0.00596923	0.00723077	0.00763077	0.0082	0.0726154	
0.00884615	0.00943846	0.00513077	0.00466923	0.0117462	0.00489231	0.00506154	0.00638462	0	0	0	0	0.000107692	6.92308e-05	0.0278462	6.15385e-05	6.92308e-05	0.000415385	6.92308e-05	0.0275308	0.0160846	0.000884615	0.0100769	0.00103846	0.0205538	0.00197692	0.00303846	0.00251538	0.00180769	0.00146154	0.0230231	0.00179231	0.00235385	0.00226154	0.00242308	0.0210462	
0.265685	0.291777	0.155977	0.0915231	0.550723	0.0750692	0.0820538	0.0971154	0	0	0	0	0.0025	0.0015	0.799254	0.00170769	0.00168462	0.0099	0.00200769	0.791369	0.484031	0.0254	0.268308	0.0272231	0.542123	0.0658538	0.102123	0.0948615	0.0676923	0.0517	0.623223	0.0623462	0.153569	0.147138	0.170838	0.333415	
0.0223846	0.0248077	0.0125538	0.0115308	0.0299077	0.0123	0.0133308	0.0157385	0	0	0	0	0.000215385	0.000123077	0.0708308	0.000107692	0.000146154	0.000930769	0.000176923	0.0700231	0.0413923	0.00216923	0.0251462	0.00256923	0.0522769	0.00471538	0.00732308	0.00696154	0.00486923	0.00380769	0.0581462	0.00445385	0.00611538	0.00562308	0.00640769	0.0531308	
0.001	0.00117692	0.0006	0.000323077	0.00200769	0.000384615	0.000346154	0.000361538	0.000276923	0.000107692	0.0025	0.000215385	0	0	0	0	0	4.61538e-05	7.69231e-06	0.00304615	0.00191538	7.69231e-05	0.00101538	9.23077e-05	0.00201538	0.0003	0.0004	0.000384615	0.000338462	0.000192308	0.00237692	0.000192308	0.000430769	0.000561538	0.0006	0.00150769	
0.000630769	0.000661538	0.000384615	0.000230769	0.00111538	0.000238462	0.000292308	0.000261538	0.000215385	6.92308e-05	0.0015	0.000123077	0	0	0	0	7.69231e-06	7.69231e-06	7.69231e-06	0.00188462	0.00111538	3.07692e-05	0.000676923	8.46154e-05	0.00129231	0.000115385	0.000238462	0.000261538	0.000107692	0.000146154	0.00157692	7.69231e-05	0.000223077	0.000269231	0.000346154	0.00106923	
0.324385	0.356715	0.189554	0.1222	0.627777	0.108738	0.117346	0.138992	0.0949231	0.0278462	0.799254	0.0708308	0	0	0	0	0.00209231	0.0123077	0.00250769	0.975946	0.592523	0.0311385	0.335231	0.0339615	0.679477	0.0781538	0.121723	0.1135	0.0798462	0.0614077	0.7775	0.0741	0.168346	0.161554	0.186492	0.476462	
0.000846154	0.000776923	0.000315385	0.0002	0.00141538	0.000284615	0.000153846	0.000284615	0.000261538	6.15385e-05	0.00170769	0.000107692	0	0	0	0	7.69231e-06	5.38462e-05	7.69231e-06	0.00206923	0.00126923	5.38462e-05	0.000746154	6.92308e-05	0.00150769	0.000107692	0.000261538	0.000261538	0.000153846	0.000146154	0.00164615	0.000192308	0.000269231	0.000269231	0.000430769	0.00116923	
0.000738462	0.000769231	0.000369231	0.000230769	0.00126923	0.000276923	0.000284615	0.000276923	0.000207692	6.92308e-05	0.00168462	0.000146154	0	7.69231e-06	0.00209231	7.69231e-06	0	0	0	0	0.00120769	5.38462e-05	0.000761538	8.46154e-05	0.00141538	0.000161538	0.000207692	0.000323077	0.000169231	0.000138462	0.00162308	0.000176923	0.000307692	0.000338462	0.000446154	0.00101538	
0.00418462	0.00420769	0.00233846	0.00168462	0.00770769	0.00146154	0.00129231	0.00195385	0.00116923	0.000415385	0.0099	0.000930769	4.61538e-05	7.69231e-06	0.0123077	5.38462e-05	0	0	0	0	0.00729231	0.000307692	0.0043	0.000515385	0.00856923	0.000838462	0.00158462	0.00142308	0.00108462	0.000823077	0.00964615	0.000861538	0.00200769	0.00193077	0.00233077	0.00614615	
0.0008	0.000915385	0.000553846	0.000261538	0.00158462	0.000253846	0.000346154	0.000346154	0.000276923	6.92308e-05	0.00200769	0.000176923	7.69231e-06	7.69231e-06	0.00250769	7.69231e-06	0	0	0	0	0.00153846	9.23077e-05	0.000823077	7.69231e-05	0.00182308	0.0002	0.0003	0.000207692	0.000192308	0.000192308	0.00197692	0.000169231	0.000415385	0.000407692	0.000469231	0.00123846	
0.321138	0.353438	0.187592	0.120777	0.621754	0.107654	0.116215	0.137323	0.0940231	0.0275308	0.791369	0.0700231	0.00304615	0.00188462	0.975946	0.00206923	0	0	0	0	0.586785	0.0308462	0.331785	0.0335308	0.672485	0.0774769	0.120531	0.112454	0.079	0.0607385	0.769854	0.0733538	0.166538	0.159977	0.184623	0.471808	
0.196154	0.214931	0.114377	0.0713615	0.387508	0.0619077	0.0671462	0.0802615	0.0553154	0.0160846	0.484031	0.0413923	0.00191538	0.00111538	0.592523	0.00126923	0.00120769	0.00729231	0.00153846	0.586785	0	0	0	0	0.368085	0.0565769	0.0888231	0.0833385	0.0654615	0.0502308	0.420062	0.0610692	0.104215	0.101208	0.117423	0.273977	
0.0104692	0.0111846	0.00563846	0.00400769	0.0201308	0.00318462	0.00372308	0.00426154	0.00284615	0.000884615	0.0254	0.00216923	7.69231e-05	3.07692e-05	0.0311385	5.38462e-05	5.38462e-05	0.000307692	9.23077e-05	0.0308462	0	0	0	0	0.0192077	0.00318462	0.0048	0.00410769	0.00125385	0.000869231	0.0281385	0.00103846	0.00520769	0.00494615	0.00573077	0.0154154	
0.109154	0.121215	0.0638385	0.0434615	0.203246	0.0405231	0.0431846	0.0507154	0.0341385	0.0100769	0.268308	0.0251462	0.00101538	0.000676923	0.335231	0.000746154	0.000761538	0.0043	0.000823077	0.331785	0	0	0	0	0.275746	0.0155538	0.0240846	0.0222846	0.0124846	0.00981538	0.304046	0.0113231	0.0542538	0.0514615	0.0585615	0.173392	
0.0110846	0.012	0.007	0.00412308	0.0214308	0.00403077	0.00408462	0.00466154	0.00337692	0.00103846	0.0272231	0.00256923	9.23077e-05	8.46154e-05	0.0339615	6.92308e-05	8.46154e-05	0.000515385	7.69231e-05	0.0335308	0	0	0	0	0.0212538	0.00336154	0.00491538	0.00467692	0.00124615	0.000976923	0.0308538	0.00113077	0.00559231	0.00503846	0.00615385	0.0174231	
0.219969	0.241785	0.129823	0.0927154	0.389254	0.0880846	0.0948769	0.112077	0.0693385	0.0205538	0.542123	0.0522769	0.00201538	0.00129231	0.679477	0.00150769	0.00141538	0.00856923	0.00182308	0.672485	0.368085	0.0192077	0.275746	0.0212538	0	0	0	0	0.0518923	0.0394077	0.544646	0.0483462	0.112885	0.1088	0.123208	0.3394	
0.0266462	0.0292308	0.0155154	0.00728462	0.0605308	0.00528462	0.0058	0.00706154	0.00613077	0.00197692	0.0658538	0.00471538	0.0003	0.000115385	0.0781538	0.000107692	0.000161538	0.000838462	0.0002	0.0774769	0.0565769	0.00318462	0.0155538	0.00336154	0	0	0	0	0.00693077	0.00574615	0.0599154	0.00608462	0.0144154	0.0134692	0.0160615	0.0347308	
0.0412692	0.0453923	0.0237846	0.0121769	0.0947615	0.00834615	0.00898462	0.0105308	0.0101385	0.00303846	0.102123	0.00732308	0.0004	0.000238462	0.121723	0.000261538	0.000207692	0.00158462	0.0003	0.120531	0.0888231	0.0048	0.0240846	0.00491538	0	0	0	0	0.0111154	0.0088	0.0923154	0.0103923	0.0216692	0.0211692	0.0249692	0.0548154	
0.0389769	0.0429231	0.0217308	0.0107769	0.0877692	0.00793077	0.00847692	0.0102308	0.0100692	0.00251538	0.0948615	0.00696154	0.000384615	0.000261538	0.1135	0.000261538	0.000323077	0.00142308	0.000207692	0.112454	0.0833385	0.00410769	0.0222846	0.00467692	0	0	0	0	0.0105077	0.00793846	0.0862231	0.00973846	0.0203	0.0192154	0.0236308	0.0512615	
0.0271846	0.0290692	0.0151692	0.00902308	0.0545923	0.00744615	0.00861538	0.00979231	0.00607692	0.00180769	0.0676923	0.00486923	0.000338462	0.000107692	0.0798462	0.000153846	0.000169231	0.00108462	0.000192308	0.079	0.0654615	0.00125385	0.0124846	0.00124615	0.0518923	0.00693077	0.0111154	0.0105077	0	0	0	0	0.0184077	0.0174308	0.0201615	0.0244462	
0.0197538	0.0231846	0.0117077	0.00724615	0.0406692	0.00663846	0.00661538	0.00796923	0.00492308	0.00146154	0.0517	0.00380769	0.000192308	0.000146154	0.0614077	0.000146154	0.000138462	0.000823077	0.000192308	0.0607385	0.0502308	0.000869231	0.00981538	0.000976923	0.0394077	0.00574615	0.0088	0.00793846	0	0	0	0	0.0137846	0.0132231	0.0156	0.0192846	
0.2553	0.280262	0.149385	0.0981538	0.487	0.0881846	0.0951923	0.112723	0.0787077	0.0230231	0.623223	0.0581462	0.00237692	0.00157692	0.7775	0.00164615	0.00162308	0.00964615	0.00197692	0.769854	0.420062	0.0281385	0.304046	0.0308538	0.544646	0.0599154	0.0923154	0.0862231	0	0	0	0	0.120769	0.114954	0.133869	0.413508	
0.0246231	0.0268154	0.0145923	0.00853077	0.0500538	0.00737692	0.00771538	0.00941538	0.00596923	0.00179231	0.0623462	0.00445385	0.000192308	7.69231e-05	0.0741	0.000192308	0.000176923	0.000861538	0.000169231	0.0733538	0.0610692	0.00103846	0.0113231	0.00113077	0.0483462	0.00608462	0.0103923	0.00973846	0	0	0	0	0.0163077	0.0170462	0.0182385	0.0229692	
0.0562769	0.0623154	0.0330077	0.0176692	0.122354	0.0138615	0.0151	0.0179538	0.00723077	0.00235385	0.153569	0.00611538	0.000430769	0.000223077	0.168346	0.000269231	0.000307692	0.00200769	0.000415385	0.166538	0.104215	0.00520769	0.0542538	0.00559231	0.112885	0.0144154	0.0216692	0.0203	0.0184077	0.0137846	0.120769	0.0163077	0	0	0	0	
0.0544692	0.0588	0.0314769	0.0179077	0.117777	0.0132077	0.0144308	0.0172385	0.00763077	0.00226154	0.147138	0.00562308	0.000561538	0.000269231	0.161554	0.000269231	0.000338462	0.00193077	0.000407692	0.159977	0.101208	0.00494615	0.0514615	0.00503846	0.1088	0.0134692	0.0211692	0.0192154	0.0174308	0.0132231	0.114954	0.0170462	0	0	0	0	
0.0622769	0.0682846	0.0376385	0.0196692	0.136677	0.0152308	0.0160615	0.0199	0.0082	0.00242308	0.170838	0.00640769	0.0006	0.000346154	0.186492	0.000430769	0.000446154	0.00233077	0.000469231	0.184623	0.117423	0.00573077	0.0585615	0.00615385	0.123208	0.0160615	0.0249692	0.0236308	0.0201615	0.0156	0.133869	0.0182385	0	0	0	0	
0.153838	0.169931	0.0887308	0.0677077	0.255508	0.0673462	0.0725462	0.0848077	0.0726154	0.0210462	0.333415	0.0531308	0.00150769	0.00106923	0.476462	0.00116923	0.00101538	0.00614615	0.00123846	0.471808	0.273977	0.0154154	0.173392	0.0174231	0.3394	0.0347308	0.0548154	0.0512615	0.0244462	0.0192846	0.413508	0.0229692	0	0	0	0	
