0	0	0	0	0.224146	0.0308462	0.0333154	0.0399923	0.0299615	0.00824615	0.267977	0.0221154	0.00117692	0.000607692	0.325915	0.0006	0.000638462	0.00407692	0.000676923	0.322908	0.196715	0.0114615	0.108454	0.0116692	0.221138	0.0265077	0.0419	0.0387538	0.0270154	0.0204077	0.256062	0.0248154	0.0572231	0.0536154	0.0630154	0.154446	
0	0	0	0	0.2464	0.0339846	0.0359077	0.0436846	0.0324615	0.00930769	0.293538	0.0246692	0.00126154	0.000638462	0.357331	0.000746154	0.000830769	0.00443077	0.000746154	0.353969	0.216223	0.0110154	0.120108	0.0126308	0.243862	0.0292846	0.0443692	0.0424615	0.0295615	0.0225231	0.281392	0.0265	0.0629769	0.0591692	0.0693769	0.168454	
0	0	0	0	0.129338	0.0178615	0.0192077	0.0225846	0.0169769	0.00476154	0.154262	0.0129923	0.000638462	0.000361538	0.187585	0.000407692	0.0004	0.00226923	0.000415385	0.185908	0.113269	0.00602308	0.0633385	0.00636154	0.127677	0.0149692	0.0238462	0.0225	0.0154769	0.0116692	0.147831	0.0140154	0.0329231	0.0309538	0.0364538	0.0886615	
0	0	0	0	0.0350923	0.0262308	0.0281231	0.0332846	0.0162308	0.00438462	0.0909538	0.0111615	0.000361538	0.000269231	0.121785	0.000315385	0.000238462	0.0014	0.000346154	0.120746	0.0706231	0.00452308	0.0433	0.00428462	0.0918846	0.00772308	0.0118846	0.0112385	0.00938462	0.00699231	0.0977615	0.00859231	0.0176769	0.0170538	0.0202462	0.0677538	
0.224146	0.2464	0.129338	0.0350923	0	0	0	0	0.0399769	0.0117077	0.552723	0.0305692	0.00216923	0.00115385	0.630369	0.00128462	0.00143846	0.00761538	0.00134615	0.624577	0.389608	0.0210308	0.201762	0.0225769	0.392008	0.0602154	0.0941077	0.0886462	0.0552846	0.0408308	0.489185	0.0496769	0.1249	0.116669	0.137485	0.255923	
0.0308462	0.0339846	0.0178615	0.0262308	0	0	0	0	0.0167769	0.00441538	0.0753538	0.0123769	0.000330769	0.000176923	0.108162	0.000253846	0.000253846	0.00111538	0.000269231	0.107285	0.0613308	0.0036	0.0404154	0.00357692	0.0868077	0.00572308	0.00832308	0.00806923	0.00793846	0.00611538	0.0876692	0.0072	0.0136231	0.0131231	0.0155538	0.0666231	
0.0333154	0.0359077	0.0192077	0.0281231	0	0	0	0	0.0180846	0.00483846	0.0810077	0.0126231	0.000476923	0.000261538	0.115577	0.000238462	0.000161538	0.00168462	0.000192308	0.114515	0.0662769	0.00378462	0.0424385	0.00405385	0.0936231	0.00557692	0.00910769	0.00824615	0.00848462	0.00690769	0.0933769	0.00778462	0.0145538	0.0141231	0.0164154	0.0714615	
0.0399923	0.0436846	0.0225846	0.0332846	0	0	0	0	0.0207923	0.00573846	0.0976462	0.0153692	0.000461538	0.000284615	0.138508	0.000292308	0.000253846	0.00176154	0.000376923	0.137154	0.0796154	0.00460769	0.0505846	0.00473846	0.112123	0.00696923	0.0104615	0.00999231	0.00973077	0.00773846	0.112815	0.00926154	0.0177231	0.0168769	0.0196385	0.0853077	
0.0299615	0.0324615	0.0169769	0.0162308	0.0399769	0.0167769	0.0180846	0.0207923	0	0	0	0	0.000353846	0.000184615	0.0948154	0.000276923	0.0002	0.00101538	0.000176923	0.0942385	0.0556923	0.00315385	0.0335385	0.00324615	0.0693846	0.00632308	0.0103	0.00962308	0.0064	0.00493077	0.0783538	0.00594615	0.00771538	0.00755385	0.00870769	0.0716538	
0.00824615	0.00930769	0.00476154	0.00438462	0.0117077	0.00441538	0.00483846	0.00573846	0	0	0	0	0.000123077	3.84615e-05	0.0264923	4.61538e-05	5.38462e-05	0.000346154	4.61538e-05	0.0262538	0.0154385	0.000976923	0.00927692	0.00100769	0.0192769	0.00183846	0.00277692	0.00280769	0.00166154	0.00127692	0.0223692	0.00139231	0.0022	0.00190769	0.00232308	0.0202692	
0.267977	0.293538	0.154262	0.0909538	0.552723	0.0753538	0.0810077	0.0976462	0	0	0	0	0.00273077	0.0015	0.800915	0.00158462	0.00169231	0.00976154	0.00174615	0.793531	0.484831	0.0263846	0.267223	0.0282923	0.544792	0.0651385	0.101508	0.0952923	0.0685308	0.0518308	0.624069	0.0623	0.155108	0.1459	0.171662	0.334062	
0.0221154	0.0246692	0.0129923	0.0111615	0.0305692	0.0123769	0.0126231	0.0153692	0	0	0	0	0.000230769	0.000153846	0.0703923	0.000161538	0.000161538	0.00105385	0.000215385	0.0695077	0.0408692	0.00250769	0.0251615	0.0024	0.0511077	0.00518462	0.00741538	0.00723077	0.00484615	0.00355385	0.0582538	0.00428462	0.00577692	0.00543077	0.0064	0.0533308	
0.00117692	0.00126154	0.000638462	0.000361538	0.00216923	0.000330769	0.000476923	0.000461538	0.000353846	0.000123077	0.00273077	0.000230769	0	0	0	0	1.53846e-05	5.38462e-05	7.69231e-06	0.00336154	0.0021	7.69231e-05	0.0011	0.000161538	0.00236923	0.000261538	0.000430769	0.000376923	0.000369231	0.000184615	0.00266154	0.000223077	0.0006	0.000438462	0.000738462	0.00166154	
0.000607692	0.000638462	0.000361538	0.000269231	0.00115385	0.000176923	0.000261538	0.000284615	0.000184615	3.84615e-05	0.0015	0.000153846	0	0	0	0	2.30769e-05	3.07692e-05	0	0.00182308	0.00115385	3.84615e-05	0.000630769	5.38462e-05	0.00138462	0.000130769	0.000184615	0.000176923	0.000146154	0.000130769	0.00148462	0.000115385	0.000315385	0.000246154	0.000361538	0.000953846	
0.325915	0.357331	0.187585	0.121785	0.630369	0.108162	0.115577	0.138508	0.0948154	0.0264923	0.800915	0.0703923	0	0	0	0	0.00206154	0.0120462	0.00217692	0.976331	0.592331	0.0328538	0.332777	0.0346538	0.679446	0.0778769	0.121108	0.114185	0.0807462	0.0611154	0.777315	0.0734385	0.169577	0.159777	0.187577	0.475685	
0.0006	0.000746154	0.000407692	0.000315385	0.00128462	0.000253846	0.000238462	0.000292308	0.000276923	4.61538e-05	0.00158462	0.000161538	0	0	0	0	7.69231e-06	4.61538e-05	0	0.00201538	0.00124615	5.38462e-05	0.000692308	7.69231e-05	0.00136154	0.000215385	0.000276923	0.000215385	0.000176923	0.000161538	0.00158462	0.000146154	0.000307692	0.000330769	0.000415385	0.00101538	
0.000638462	0.000830769	0.0004	0.000238462	0.00143846	0.000253846	0.000161538	0.000253846	0.0002	5.38462e-05	0.00169231	0.000161538	1.53846e-05	2.30769e-05	0.00206154	7.69231e-06	0	0	0	0	0.00127692	6.92308e-05	0.000638462	0.000123077	0.00130769	0.0002	0.000353846	0.000246154	0.000192308	0.000138462	0.00162308	0.000153846	0.000315385	0.000315385	0.000415385	0.00106154	
0.00407692	0.00443077	0.00226923	0.0014	0.00761538	0.00111538	0.00168462	0.00176154	0.00101538	0.000346154	0.00976154	0.00105385	5.38462e-05	3.07692e-05	0.0120462	4.61538e-05	0	0	0	0	0.00726154	0.000323077	0.00416154	0.000430769	0.00848462	0.000884615	0.00138462	0.00142308	0.00103846	0.000769231	0.00940769	0.000961538	0.00223077	0.00196154	0.00235385	0.00563077	
0.000676923	0.000746154	0.000415385	0.000346154	0.00134615	0.000269231	0.000192308	0.000376923	0.000176923	4.61538e-05	0.00174615	0.000215385	7.69231e-06	0	0.00217692	0	0	0	0	0	0.00112308	6.15385e-05	0.000876923	0.000123077	0.00153077	0.000161538	0.000253846	0.000238462	0.000146154	0.000184615	0.00170769	0.000146154	0.000361538	0.000353846	0.000369231	0.0011	
0.322908	0.353969	0.185908	0.120746	0.624577	0.107285	0.114515	0.137154	0.0942385	0.0262538	0.793531	0.0695077	0.00336154	0.00182308	0.976331	0.00201538	0	0	0	0	0.587169	0.0325692	0.329523	0.0342692	0.673238	0.0772385	0.120008	0.113046	0.0800615	0.0605	0.770308	0.0726615	0.167892	0.158162	0.185954	0.471523	
0.196715	0.216223	0.113269	0.0706231	0.389608	0.0613308	0.0662769	0.0796154	0.0556923	0.0154385	0.484831	0.0408692	0.0021	0.00115385	0.592331	0.00124615	0.00127692	0.00726154	0.00112308	0.587169	0	0	0	0	0.368023	0.0566692	0.0884462	0.0836923	0.0659462	0.0497462	0.421577	0.0595615	0.1054	0.0993769	0.1174	0.274654	
0.0114615	0.0110154	0.00602308	0.00452308	0.0210308	0.0036	0.00378462	0.00460769	0.00315385	0.000976923	0.0263846	0.00250769	7.69231e-05	3.84615e-05	0.0328538	5.38462e-05	6.92308e-05	0.000323077	6.15385e-05	0.0325692	0	0	0	0	0.0204769	0.00337692	0.00456923	0.0046	0.00128462	0.00108462	0.0295769	0.00107692	0.00541538	0.00529231	0.00601538	0.0163	
0.108454	0.120108	0.0633385	0.0433	0.201762	0.0404154	0.0424385	0.0505846	0.0335385	0.00927692	0.267223	0.0251615	0.0011	0.000630769	0.332777	0.000692308	0.000638462	0.00416154	0.000876923	0.329523	0	0	0	0	0.274723	0.0149462	0.0235923	0.0219385	0.0128462	0.00976923	0.300654	0.0119308	0.0542077	0.0507	0.0592923	0.171	
0.0116692	0.0126308	0.00636154	0.00428462	0.0225769	0.00357692	0.00405385	0.00473846	0.00324615	0.00100769	0.0282923	0.0024	0.000161538	5.38462e-05	0.0346538	7.69231e-05	0.000123077	0.000430769	0.000123077	0.0342692	0	0	0	0	0.0213385	0.00349231	0.00539231	0.00472308	0.00136154	0.000992308	0.0312385	0.00135385	0.00577692	0.00542308	0.00638462	0.0173615	
0.221138	0.243862	0.127677	0.0918846	0.392008	0.0868077	0.0936231	0.112123	0.0693846	0.0192769	0.544792	0.0511077	0.00236923	0.00138462	0.679446	0.00136154	0.00130769	0.00848462	0.00153077	0.673238	0.368023	0.0204769	0.274723	0.0213385	0	0	0	0	0.0521077	0.0404308	0.544492	0.0475308	0.113962	0.106554	0.125254	0.338792	
0.0265077	0.0292846	0.0149692	0.00772308	0.0602154	0.00572308	0.00557692	0.00696923	0.00632308	0.00183846	0.0651385	0.00518462	0.000261538	0.000130769	0.0778769	0.000215385	0.0002	0.000884615	0.000161538	0.0772385	0.0566692	0.00337692	0.0149462	0.00349231	0	0	0	0	0.00715385	0.00507692	0.0596308	0.00662308	0.0140462	0.0130462	0.0157308	0.0356615	
0.0419	0.0443692	0.0238462	0.0118846	0.0941077	0.00832308	0.00910769	0.0104615	0.0103	0.00277692	0.101508	0.00741538	0.000430769	0.000184615	0.121108	0.000276923	0.000353846	0.00138462	0.000253846	0.120008	0.0884462	0.00456923	0.0235923	0.00539231	0	0	0	0	0.0116462	0.00836923	0.0918308	0.0101538	0.0216538	0.0215308	0.0242769	0.0545385	
0.0387538	0.0424615	0.0225	0.0112385	0.0886462	0.00806923	0.00824615	0.00999231	0.00962308	0.00280769	0.0952923	0.00723077	0.000376923	0.000176923	0.114185	0.000215385	0.000246154	0.00142308	0.000238462	0.113046	0.0836923	0.0046	0.0219385	0.00472308	0	0	0	0	0.0105308	0.00771538	0.0870923	0.00961538	0.0211385	0.0196615	0.0238308	0.0503231	
0.0270154	0.0295615	0.0154769	0.00938462	0.0552846	0.00793846	0.00848462	0.00973077	0.0064	0.00166154	0.0685308	0.00484615	0.000369231	0.000146154	0.0807462	0.000176923	0.000192308	0.00103846	0.000146154	0.0800615	0.0659462	0.00128462	0.0128462	0.00136154	0.0521077	0.00715385	0.0116462	0.0105308	0	0	0	0	0.0183538	0.0177769	0.0203769	0.0249308	
0.0204077	0.0225231	0.0116692	0.00699231	0.0408308	0.00611538	0.00690769	0.00773846	0.00493077	0.00127692	0.0518308	0.00355385	0.000184615	0.000130769	0.0611154	0.000161538	0.000138462	0.000769231	0.000184615	0.0605	0.0497462	0.00108462	0.00976923	0.000992308	0.0404308	0.00507692	0.00836923	0.00771538	0	0	0	0	0.0140615	0.0135	0.0149615	0.0190692	
0.256062	0.281392	0.147831	0.0977615	0.489185	0.0876692	0.0933769	0.112815	0.0783538	0.0223692	0.624069	0.0582538	0.00266154	0.00148462	0.777315	0.00158462	0.00162308	0.00940769	0.00170769	0.770308	0.421577	0.0295769	0.300654	0.0312385	0.544492	0.0596308	0.0918308	0.0870923	0	0	0	0	0.121377	0.113931	0.135323	0.412415	
0.0248154	0.0265	0.0140154	0.00859231	0.0496769	0.0072	0.00778462	0.00926154	0.00594615	0.00139231	0.0623	0.00428462	0.000223077	0.000115385	0.0734385	0.000146154	0.000153846	0.000961538	0.000146154	0.0726615	0.0595615	0.00107692	0.0119308	0.00135385	0.0475308	0.00662308	0.0101538	0.00961538	0	0	0	0	0.0170077	0.0155846	0.0184308	0.0229	
0.0572231	0.0629769	0.0329231	0.0176769	0.1249	0.0136231	0.0145538	0.0177231	0.00771538	0.0022	0.155108	0.00577692	0.0006	0.000315385	0.169577	0.000307692	0.000315385	0.00223077	0.000361538	0.167892	0.1054	0.00541538	0.0542077	0.00577692	0.113962	0.0140462	0.0216538	0.0211385	0.0183538	0.0140615	0.121377	0.0170077	0	0	0	0	
0.0536154	0.0591692	0.0309538	0.0170538	0.116669	0.0131231	0.0141231	0.0168769	0.00755385	0.00190769	0.1459	0.00543077	0.000438462	0.000246154	0.159777	0.000330769	0.000315385	0.00196154	0.000353846	0.158162	0.0993769	0.00529231	0.0507	0.00542308	0.106554	0.0130462	0.0215308	0.0196615	0.0177769	0.0135	0.113931	0.0155846	0	0	0	0	
0.0630154	0.0693769	0.0364538	0.0202462	0.137485	0.0155538	0.0164154	0.0196385	0.00870769	0.00232308	0.171662	0.0064	0.000738462	0.000361538	0.187577	0.000415385	0.000415385	0.00235385	0.000369231	0.185954	0.1174	0.00601538	0.0592923	0.00638462	0.125254	0.0157308	0.0242769	0.0238308	0.0203769	0.0149615	0.135323	0.0184308	0	0	0	0	
0.154446	0.168454	0.0886615	0.0677538	0.255923	0.0666231	0.0714615	0.0853077	0.0716538	0.0202692	0.334062	0.0533308	0.00166154	0.000953846	0.475685	0.00101538	0.00106154	0.00563077	0.0011	0.471523	0.274654	0.0163	0.171	0.0173615	0.338792	0.0356615	0.0545385	0.0503231	0.0249308	0.0190692	0.412415	0.0229	0	0	0	0	
