0	0	0	0	0.224677	0.0316615	0.0337385	0.0398308	0.0305769	0.00875385	0.267954	0.0226231	0.00116923	0.000661538	0.3274	0.000676923	0.0007	0.00437692	0.000776923	0.324054	0.198023	0.0104538	0.110354	0.0110769	0.224208	0.0263231	0.0405231	0.0388538	0.0268692	0.0198538	0.257962	0.0252231	0.0572231	0.0549462	0.0620769	0.155662	
0	0	0	0	0.242369	0.0344077	0.0365615	0.0439769	0.0320231	0.00923077	0.292038	0.0240231	0.00111538	0.000676923	0.354785	0.000738462	0.000715385	0.00460769	0.000915385	0.351077	0.214638	0.0118231	0.118362	0.0124923	0.242885	0.0282385	0.0442615	0.0419308	0.0287462	0.0220923	0.278892	0.0275846	0.0625846	0.0614308	0.0665077	0.166792	
0	0	0	0	0.129777	0.0180462	0.0195154	0.0224846	0.0171	0.00492308	0.154708	0.0130923	0.000569231	0.000307692	0.188569	0.000376923	0.000376923	0.00214615	0.000392308	0.186908	0.114677	0.0062	0.0624769	0.00646923	0.128808	0.0152308	0.0236846	0.0221	0.0159462	0.0115154	0.148	0.0143615	0.0332	0.0317769	0.0364385	0.0884077	
0	0	0	0	0.0343077	0.0271308	0.0284	0.0331154	0.0160692	0.00418462	0.0910538	0.0116462	0.000407692	0.000269231	0.122008	0.000269231	0.000223077	0.00156154	0.000361538	0.120808	0.0709231	0.00416154	0.0436231	0.00424615	0.0925462	0.00753077	0.0117923	0.0110846	0.00975385	0.00688462	0.0978769	0.00843846	0.0176231	0.0177846	0.0196385	0.0679077	
0.224677	0.242369	0.129777	0.0343077	0	0	0	0	0.0400846	0.0115385	0.549915	0.0295923	0.00206923	0.00126154	0.626485	0.00131538	0.00133846	0.00779231	0.00139231	0.620608	0.387908	0.0203077	0.201131	0.0217846	0.391469	0.0594385	0.0928077	0.0874154	0.0539615	0.0408077	0.485154	0.0512077	0.123769	0.119977	0.1337	0.253685	
0.0316615	0.0344077	0.0180462	0.0271308	0	0	0	0	0.0168615	0.00473846	0.0767462	0.0129	0.000407692	0.000215385	0.1104	0.000223077	0.000246154	0.00157692	0.000307692	0.109115	0.0636154	0.00368462	0.0401538	0.00379231	0.0898231	0.00539231	0.00795385	0.00807692	0.00816923	0.00590769	0.0899308	0.00723846	0.0140308	0.0139846	0.0151231	0.0681077	
0.0337385	0.0365615	0.0195154	0.0284	0	0	0	0	0.0175615	0.00483846	0.0824308	0.0133846	0.000353846	0.000246154	0.117385	0.000230769	0.000230769	0.00152308	0.000323077	0.116138	0.0671769	0.00415385	0.0430769	0.00380769	0.0946077	0.00584615	0.00907692	0.00868462	0.00845385	0.00639231	0.0955231	0.00784615	0.0150923	0.0145308	0.0167385	0.0718538	
0.0398308	0.0439769	0.0224846	0.0331154	0	0	0	0	0.0212615	0.00597692	0.0966615	0.0155077	0.000430769	0.000192308	0.138492	0.000292308	0.0002	0.0018	0.000423077	0.136985	0.0795615	0.00449231	0.0504538	0.0049	0.112546	0.00664615	0.0104231	0.00979231	0.0107308	0.00723846	0.112123	0.00931538	0.0177385	0.0174462	0.0191	0.0851231	
0.0305769	0.0320231	0.0171	0.0160692	0.0400846	0.0168615	0.0175615	0.0212615	0	0	0	0	0.000330769	0.000192308	0.0950308	0.000215385	0.000269231	0.00133846	0.000230769	0.0939308	0.0553231	0.00316154	0.0341923	0.00309231	0.0703154	0.00630769	0.00999231	0.00915385	0.00635385	0.00482308	0.0789846	0.00560769	0.00761538	0.00724615	0.00848462	0.0724231	
0.00875385	0.00923077	0.00492308	0.00418462	0.0115385	0.00473846	0.00483846	0.00597692	0	0	0	0	6.15385e-05	3.84615e-05	0.0269231	6.92308e-05	4.61538e-05	0.000369231	9.23077e-05	0.0265846	0.0154923	0.000976923	0.00968462	0.000938462	0.0196462	0.00191538	0.00292308	0.00260769	0.0017	0.00128462	0.0225846	0.00152308	0.00226923	0.00223077	0.00233077	0.0202615	
0.267954	0.292038	0.154708	0.0910538	0.549915	0.0767462	0.0824308	0.0966615	0	0	0	0	0.0027	0.00156923	0.799854	0.00163077	0.00159231	0.0100769	0.00192308	0.792162	0.485862	0.0262	0.2661	0.0275923	0.546769	0.0644154	0.0996154	0.0949538	0.0689538	0.0508077	0.621954	0.0640385	0.155023	0.150631	0.167308	0.332792	
0.0226231	0.0240231	0.0130923	0.0116462	0.0295923	0.0129	0.0133846	0.0155077	0	0	0	0	0.000169231	0.000115385	0.0709538	0.000146154	0.000107692	0.000907692	0.0002	0.0701692	0.0415846	0.0023	0.0248385	0.00266154	0.0517154	0.00468462	0.00773077	0.00725385	0.00430769	0.00343077	0.0592077	0.00443846	0.00572308	0.00583077	0.00653846	0.0532923	
0.00116923	0.00111538	0.000569231	0.000407692	0.00206923	0.000407692	0.000353846	0.000430769	0.000330769	6.15385e-05	0.0027	0.000169231	0	0	0	0	7.69231e-06	6.15385e-05	7.69231e-06	0.00318462	0.00196923	7.69231e-05	0.00115385	6.15385e-05	0.00218462	0.000253846	0.000338462	0.000484615	0.000230769	0.000269231	0.00252308	0.000238462	0.000615385	0.000546154	0.000653846	0.00144615	
0.000661538	0.000676923	0.000307692	0.000269231	0.00126154	0.000215385	0.000246154	0.000192308	0.000192308	3.84615e-05	0.00156923	0.000115385	0	0	0	0	0	1.53846e-05	0	0.0019	0.00114615	3.84615e-05	0.000661538	6.92308e-05	0.00131538	0.0002	0.000192308	0.000207692	0.000176923	0.000107692	0.00146923	0.000161538	0.000284615	0.000384615	0.000407692	0.000838462	
0.3274	0.354785	0.188569	0.122008	0.626485	0.1104	0.117385	0.138492	0.0950308	0.0269231	0.799854	0.0709538	0	0	0	0	0.00200769	0.0125846	0.00243846	0.975731	0.5939	0.0324615	0.332315	0.0340846	0.683515	0.0766923	0.119485	0.113069	0.0807769	0.0598769	0.777038	0.0750692	0.169354	0.164738	0.183238	0.475431	
0.000676923	0.000738462	0.000376923	0.000269231	0.00131538	0.000223077	0.000230769	0.000292308	0.000215385	6.92308e-05	0.00163077	0.000146154	0	0	0	0	0	3.07692e-05	0	0.00203077	0.00124615	6.15385e-05	0.000684615	6.92308e-05	0.00143077	0.000176923	0.000246154	0.000207692	0.000130769	9.23077e-05	0.0017	0.000138462	0.000376923	0.000269231	0.000361538	0.00105385	
0.0007	0.000715385	0.000376923	0.000223077	0.00133846	0.000246154	0.000230769	0.0002	0.000269231	4.61538e-05	0.00159231	0.000107692	7.69231e-06	0	0.00200769	0	0	0	0	0	0.00113846	6.92308e-05	0.000792308	1.53846e-05	0.00136154	0.000138462	0.000292308	0.000223077	0.000107692	8.46154e-05	0.00168462	0.000138462	0.000315385	0.000307692	0.000453846	0.000938462	
0.00437692	0.00460769	0.00214615	0.00156154	0.00779231	0.00157692	0.00152308	0.0018	0.00133846	0.000369231	0.0100769	0.000907692	6.15385e-05	1.53846e-05	0.0125846	3.07692e-05	0	0	0	0	0.00762308	0.000415385	0.00423077	0.000423077	0.00895385	0.00100769	0.00147692	0.00125385	0.00104615	0.000707692	0.0100077	0.000930769	0.00185385	0.00199231	0.00227692	0.00656923	
0.000776923	0.000915385	0.000392308	0.000361538	0.00139231	0.000307692	0.000323077	0.000423077	0.000230769	9.23077e-05	0.00192308	0.0002	7.69231e-06	0	0.00243846	0	0	0	0	0	0.00140769	8.46154e-05	0.000869231	8.46154e-05	0.00177692	0.000153846	0.000269231	0.000246154	0.000223077	0.000184615	0.00185385	0.000184615	0.000376923	0.000430769	0.000446154	0.00119231	
0.324054	0.351077	0.186908	0.120808	0.620608	0.109115	0.116138	0.136985	0.0939308	0.0265846	0.792162	0.0701692	0.00318462	0.0019	0.975731	0.00203077	0	0	0	0	0.588092	0.0320692	0.328923	0.0337615	0.676354	0.0760231	0.118223	0.112246	0.0799385	0.0593692	0.769185	0.0743538	0.168085	0.163208	0.181485	0.470069	
0.198023	0.214638	0.114677	0.0709231	0.387908	0.0636154	0.0671769	0.0795615	0.0553231	0.0154923	0.485862	0.0415846	0.00196923	0.00114615	0.5939	0.00124615	0.00113846	0.00762308	0.00140769	0.588092	0	0	0	0	0.372315	0.0562385	0.0870077	0.0827	0.0661692	0.0488538	0.421469	0.0617692	0.105415	0.103969	0.114769	0.274108	
0.0104538	0.0118231	0.0062	0.00416154	0.0203077	0.00368462	0.00415385	0.00449231	0.00316154	0.000976923	0.0262	0.0023	7.69231e-05	3.84615e-05	0.0324615	6.15385e-05	6.92308e-05	0.000415385	8.46154e-05	0.0320692	0	0	0	0	0.0208462	0.00273846	0.00478462	0.00426923	0.000976923	0.0009	0.0296385	0.00112308	0.00531538	0.00517692	0.00587692	0.0162692	
0.110354	0.118362	0.0624769	0.0436231	0.201131	0.0401538	0.0430769	0.0504538	0.0341923	0.00968462	0.2661	0.0248385	0.00115385	0.000661538	0.332315	0.000684615	0.000792308	0.00423077	0.000869231	0.328923	0	0	0	0	0.273877	0.0147846	0.0237769	0.0223769	0.0130538	0.00964615	0.300623	0.0114923	0.0543	0.0517	0.0580231	0.170792	
0.0110769	0.0124923	0.00646923	0.00424615	0.0217846	0.00379231	0.00380769	0.0049	0.00309231	0.000938462	0.0275923	0.00266154	6.15385e-05	6.92308e-05	0.0340846	6.92308e-05	1.53846e-05	0.000423077	8.46154e-05	0.0337615	0	0	0	0	0.0214077	0.00356154	0.00469231	0.00462308	0.00111538	0.000946154	0.031	0.00122308	0.0056	0.00509231	0.00599231	0.0176	
0.224208	0.242885	0.128808	0.0925462	0.391469	0.0898231	0.0946077	0.112546	0.0703154	0.0196462	0.546769	0.0517154	0.00218462	0.00131538	0.683515	0.00143077	0.00136154	0.00895385	0.00177692	0.676354	0.372315	0.0208462	0.273877	0.0214077	0	0	0	0	0.0530846	0.0386692	0.547531	0.0491615	0.113454	0.110931	0.122985	0.341077	
0.0263231	0.0282385	0.0152308	0.00753077	0.0594385	0.00539231	0.00584615	0.00664615	0.00630769	0.00191538	0.0644154	0.00468462	0.000253846	0.0002	0.0766923	0.000176923	0.000138462	0.00100769	0.000153846	0.0760231	0.0562385	0.00273846	0.0147846	0.00356154	0	0	0	0	0.00703077	0.00541538	0.0583154	0.00656154	0.0142385	0.0135385	0.0154385	0.0341077	
0.0405231	0.0442615	0.0236846	0.0117923	0.0928077	0.00795385	0.00907692	0.0104231	0.00999231	0.00292308	0.0996154	0.00773077	0.000338462	0.000192308	0.119485	0.000246154	0.000292308	0.00147692	0.000269231	0.118223	0.0870077	0.00478462	0.0237769	0.00469231	0	0	0	0	0.0109615	0.00813077	0.0909538	0.0102154	0.0217154	0.0213231	0.0240231	0.0532	
0.0388538	0.0419308	0.0221	0.0110846	0.0874154	0.00807692	0.00868462	0.00979231	0.00915385	0.00260769	0.0949538	0.00725385	0.000484615	0.000207692	0.113069	0.000207692	0.000223077	0.00125385	0.000246154	0.112246	0.0827	0.00426923	0.0223769	0.00462308	0	0	0	0	0.0102385	0.00813077	0.0859308	0.00966923	0.0212231	0.0201462	0.0222154	0.0503846	
0.0268692	0.0287462	0.0159462	0.00975385	0.0539615	0.00816923	0.00845385	0.0107308	0.00635385	0.0017	0.0689538	0.00430769	0.000230769	0.000176923	0.0807769	0.000130769	0.000107692	0.00104615	0.000223077	0.0799385	0.0661692	0.000976923	0.0130538	0.00111538	0.0530846	0.00703077	0.0109615	0.0102385	0	0	0	0	0.0182692	0.0179077	0.0201923	0.0249462	
0.0198538	0.0220923	0.0115154	0.00688462	0.0408077	0.00590769	0.00639231	0.00723846	0.00482308	0.00128462	0.0508077	0.00343077	0.000269231	0.000107692	0.0598769	9.23077e-05	8.46154e-05	0.000707692	0.000184615	0.0593692	0.0488538	0.0009	0.00964615	0.000946154	0.0386692	0.00541538	0.00813077	0.00813077	0	0	0	0	0.0138308	0.0131923	0.0145692	0.0187538	
0.257962	0.278892	0.148	0.0978769	0.485154	0.0899308	0.0955231	0.112123	0.0789846	0.0225846	0.621954	0.0592077	0.00252308	0.00146923	0.777038	0.0017	0.00168462	0.0100077	0.00185385	0.769185	0.421469	0.0296385	0.300623	0.031	0.547531	0.0583154	0.0909538	0.0859308	0	0	0	0	0.121462	0.118015	0.131631	0.411623	
0.0252231	0.0275846	0.0143615	0.00843846	0.0512077	0.00723846	0.00784615	0.00931538	0.00560769	0.00152308	0.0640385	0.00443846	0.000238462	0.000161538	0.0750692	0.000138462	0.000138462	0.000930769	0.000184615	0.0743538	0.0617692	0.00112308	0.0114923	0.00122308	0.0491615	0.00656154	0.0102154	0.00966923	0	0	0	0	0.0170692	0.0168231	0.0182692	0.0234462	
0.0572231	0.0625846	0.0332	0.0176231	0.123769	0.0140308	0.0150923	0.0177385	0.00761538	0.00226923	0.155023	0.00572308	0.000615385	0.000284615	0.169354	0.000376923	0.000315385	0.00185385	0.000376923	0.168085	0.105415	0.00531538	0.0543	0.0056	0.113454	0.0142385	0.0217154	0.0212231	0.0182692	0.0138308	0.121462	0.0170692	0	0	0	0	
0.0549462	0.0614308	0.0317769	0.0177846	0.119977	0.0139846	0.0145308	0.0174462	0.00724615	0.00223077	0.150631	0.00583077	0.000546154	0.000384615	0.164738	0.000269231	0.000307692	0.00199231	0.000430769	0.163208	0.103969	0.00517692	0.0517	0.00509231	0.110931	0.0135385	0.0213231	0.0201462	0.0179077	0.0131923	0.118015	0.0168231	0	0	0	0	
0.0620769	0.0665077	0.0364385	0.0196385	0.1337	0.0151231	0.0167385	0.0191	0.00848462	0.00233077	0.167308	0.00653846	0.000653846	0.000407692	0.183238	0.000361538	0.000453846	0.00227692	0.000446154	0.181485	0.114769	0.00587692	0.0580231	0.00599231	0.122985	0.0154385	0.0240231	0.0222154	0.0201923	0.0145692	0.131631	0.0182692	0	0	0	0	
0.155662	0.166792	0.0884077	0.0679077	0.253685	0.0681077	0.0718538	0.0851231	0.0724231	0.0202615	0.332792	0.0532923	0.00144615	0.000838462	0.475431	0.00105385	0.000938462	0.00656923	0.00119231	0.470069	0.274108	0.0162692	0.170792	0.0176	0.341077	0.0341077	0.0532	0.0503846	0.0249462	0.0187538	0.411623	0.0234462	0	0	0	0	
