0	0	0	0	0.224008	0.0325692	0.0341846	0.0399308	0.0303	0.00883846	0.269008	0.0225462	0.000984615	0.000623077	0.328469	0.000615385	0.000615385	0.00418462	0.000730769	0.325162	0.197708	0.0108385	0.110815	0.0113308	0.222654	0.0277077	0.0408769	0.0394538	0.0268154	0.0208769	0.258108	0.0248923	0.0566385	0.0548769	0.0625077	0.156669	
0	0	0	0	0.242392	0.0334538	0.0357846	0.0439154	0.0326538	0.00947692	0.289962	0.0234538	0.00109231	0.000676923	0.353038	0.000738462	0.000769231	0.00436154	0.000861538	0.349554	0.213485	0.0117769	0.118223	0.0120615	0.2401	0.0286692	0.0451538	0.0416231	0.0283154	0.0225538	0.278454	0.0262231	0.0616231	0.0599923	0.0674615	0.166469	
0	0	0	0	0.129723	0.0189615	0.0196538	0.0229846	0.0179692	0.00479231	0.155738	0.0128231	0.000523077	0.000392308	0.190077	0.000330769	0.000453846	0.00237692	0.000392308	0.1881	0.114654	0.00635385	0.0640154	0.0063	0.129077	0.0149462	0.0243769	0.0229231	0.0148923	0.0116077	0.149838	0.0149846	0.0337308	0.0317615	0.0360385	0.0897923	
0	0	0	0	0.0344692	0.0267462	0.0278615	0.0333615	0.0158846	0.00447692	0.0908923	0.0111846	0.000461538	0.000238462	0.121438	0.0003	0.000230769	0.00155385	0.000292308	0.120362	0.0705769	0.00406923	0.0437077	0.00408462	0.0918692	0.00745385	0.0119462	0.0111692	0.00913077	0.00687692	0.0977385	0.00869231	0.018	0.0173769	0.0198846	0.0671769	
0.224008	0.242392	0.129723	0.0344692	0	0	0	0	0.0394154	0.0118385	0.550092	0.0292462	0.00193846	0.00116154	0.626346	0.00114615	0.00133077	0.00802308	0.00153077	0.619708	0.386592	0.0213231	0.201246	0.0214308	0.387069	0.0606615	0.0944308	0.0884308	0.0527769	0.0414	0.486338	0.0500769	0.1238	0.118808	0.133992	0.253992	
0.0325692	0.0334538	0.0189615	0.0267462	0	0	0	0	0.0174154	0.00475385	0.0771692	0.0123923	0.000384615	0.000161538	0.110885	0.0003	0.000284615	0.00149231	0.000238462	0.109715	0.0636538	0.00336154	0.0411077	0.00360769	0.0893077	0.00595385	0.00851538	0.00795385	0.00786923	0.00600769	0.0903538	0.0075	0.0135769	0.0136692	0.0155846	0.0689	
0.0341846	0.0357846	0.0196538	0.0278615	0	0	0	0	0.0184846	0.00486923	0.0811538	0.0129769	0.000423077	0.000276923	0.116562	0.000223077	0.0002	0.00133846	0.000246154	0.1157	0.0672231	0.00368462	0.0425538	0.00402308	0.0943385	0.00559231	0.00877692	0.00877692	0.00838462	0.00692308	0.0944231	0.00775385	0.0151462	0.0143154	0.0168077	0.0712154	
0.0399308	0.0439154	0.0229846	0.0333615	0	0	0	0	0.0214923	0.00612308	0.0971846	0.0153923	0.000315385	0.000330769	0.139231	0.000315385	0.000253846	0.00162308	0.000261538	0.138054	0.0789538	0.00466923	0.0518538	0.00471538	0.112985	0.00656923	0.0106308	0.0100077	0.0101231	0.00758462	0.113023	0.00946154	0.0174692	0.0172154	0.0195077	0.086	
0.0303	0.0326538	0.0179692	0.0158846	0.0394154	0.0174154	0.0184846	0.0214923	0	0	0	0	0.000307692	0.000153846	0.0961538	0.000192308	0.000269231	0.00116923	0.000246154	0.0951231	0.0562462	0.00321538	0.0338769	0.00346923	0.0697462	0.00656923	0.0107154	0.00977692	0.00636923	0.00509231	0.0794538	0.00589231	0.00787692	0.00751538	0.00834615	0.0730692	
0.00883846	0.00947692	0.00479231	0.00447692	0.0118385	0.00475385	0.00486923	0.00612308	0	0	0	0	0.0001	5.38462e-05	0.0273692	6.15385e-05	8.46154e-05	0.000230769	6.92308e-05	0.0272	0.0162308	0.00103846	0.00942308	0.000892308	0.0200538	0.00176154	0.00286923	0.0029	0.00194615	0.0014	0.0223615	0.00187692	0.00235385	0.00205385	0.00230769	0.0208692	
0.269008	0.289962	0.155738	0.0908923	0.550092	0.0771692	0.0811538	0.0971846	0	0	0	0	0.00236154	0.00156154	0.800054	0.00162308	0.00156923	0.0102692	0.00183077	0.791931	0.483469	0.0265462	0.268762	0.0268231	0.5427	0.0659	0.101462	0.0955385	0.0661077	0.0518231	0.624869	0.0628	0.153631	0.148962	0.1692	0.333808	
0.0225462	0.0234538	0.0128231	0.0111846	0.0292462	0.0123923	0.0129769	0.0153923	0	0	0	0	0.000292308	0.000161538	0.0694462	0.000107692	0.000146154	0.000807692	0.000130769	0.0689231	0.0404769	0.00223846	0.0247	0.00259231	0.0512	0.00454615	0.00730769	0.00695385	0.00473077	0.0036	0.0574538	0.00422308	0.00613077	0.00547692	0.00603846	0.0523615	
0.000984615	0.00109231	0.000523077	0.000461538	0.00193846	0.000384615	0.000423077	0.000315385	0.000307692	0.0001	0.00236154	0.000292308	0	0	0	0	1.53846e-05	2.30769e-05	0	0.00302308	0.00172308	0.000115385	0.00112308	0.0001	0.0022	0.000269231	0.000361538	0.000230769	0.000238462	0.0002	0.00240769	0.000215385	0.0005	0.000515385	0.000584615	0.00146154	
0.000623077	0.000676923	0.000392308	0.000238462	0.00116154	0.000161538	0.000276923	0.000330769	0.000153846	5.38462e-05	0.00156154	0.000161538	0	0	0	0	0	7.69231e-06	0	0.00192308	0.00112308	6.15385e-05	0.000661538	8.46154e-05	0.00133077	0.000138462	0.000230769	0.000230769	0.000138462	7.69231e-05	0.00152308	0.000192308	0.000346154	0.000323077	0.000361538	0.0009	
0.328469	0.353038	0.190077	0.121438	0.626346	0.110885	0.116562	0.139231	0.0961538	0.0273692	0.800054	0.0694462	0	0	0	0	0.00205385	0.0124385	0.00227692	0.976254	0.592415	0.0328077	0.334254	0.0335462	0.678823	0.0782385	0.121485	0.114477	0.0785846	0.0615462	0.778662	0.0742308	0.168885	0.162869	0.184538	0.476731	
0.000615385	0.000738462	0.000330769	0.0003	0.00114615	0.0003	0.000223077	0.000315385	0.000192308	6.15385e-05	0.00162308	0.000107692	0	0	0	0	0	7.69231e-06	0	0.00197692	0.00116154	5.38462e-05	0.000723077	4.61538e-05	0.00134615	0.000130769	0.000276923	0.000230769	0.000192308	9.23077e-05	0.00154615	0.000153846	0.000261538	0.0003	0.000407692	0.00101538	
0.000615385	0.000769231	0.000453846	0.000230769	0.00133077	0.000284615	0.0002	0.000253846	0.000269231	8.46154e-05	0.00156923	0.000146154	1.53846e-05	0	0.00205385	0	0	0	0	0	0.00110769	0.000115385	0.000792308	5.38462e-05	0.00144615	0.0001	0.000276923	0.000246154	0.000176923	0.000107692	0.00167692	0.000107692	0.000307692	0.000353846	0.000376923	0.00103077	
0.00418462	0.00436154	0.00237692	0.00155385	0.00802308	0.00149231	0.00133846	0.00162308	0.00116923	0.000230769	0.0102692	0.000807692	2.30769e-05	7.69231e-06	0.0124385	7.69231e-06	0	0	0	0	0.00732308	0.000353846	0.00437692	0.000423077	0.00819231	0.000976923	0.0016	0.00170769	0.000961538	0.000823077	0.00971538	0.000976923	0.00223077	0.00208462	0.00245385	0.00570769	
0.000730769	0.000861538	0.000392308	0.000292308	0.00153077	0.000238462	0.000246154	0.000261538	0.000246154	6.92308e-05	0.00183077	0.000130769	0	0	0.00227692	0	0	0	0	0	0.00131538	0.0001	0.000807692	5.38462e-05	0.00163846	0.000161538	0.000246154	0.000230769	0.000138462	0.000161538	0.00183846	0.000138462	0.000361538	0.000438462	0.000384615	0.00109231	
0.325162	0.349554	0.1881	0.120362	0.619708	0.109715	0.1157	0.138054	0.0951231	0.0272	0.791931	0.0689231	0.00302308	0.00192308	0.976254	0.00197692	0	0	0	0	0.586677	0.0324692	0.330785	0.0332462	0.672423	0.0775385	0.120231	0.112985	0.0778769	0.0608231	0.770908	0.0735692	0.167092	0.161131	0.182677	0.472277	
0.197708	0.213485	0.114654	0.0705769	0.386592	0.0636538	0.0672231	0.0789538	0.0562462	0.0162308	0.483469	0.0404769	0.00172308	0.00112308	0.592415	0.00116154	0.00110769	0.00732308	0.00131538	0.586677	0	0	0	0	0.368738	0.0566692	0.0881231	0.0828923	0.0645308	0.0501769	0.421254	0.0604615	0.104123	0.101254	0.115662	0.275385	
0.0108385	0.0117769	0.00635385	0.00406923	0.0213231	0.00336154	0.00368462	0.00466923	0.00321538	0.00103846	0.0265462	0.00223846	0.000115385	6.15385e-05	0.0328077	5.38462e-05	0.000115385	0.000353846	0.0001	0.0324692	0	0	0	0	0.0200462	0.00323077	0.00505385	0.00470769	0.0012	0.000961538	0.0297231	0.00115385	0.00544615	0.00543077	0.00584615	0.0163154	
0.110815	0.118223	0.0640154	0.0437077	0.201246	0.0411077	0.0425538	0.0518538	0.0338769	0.00942308	0.268762	0.0247	0.00112308	0.000661538	0.334254	0.000723077	0.000792308	0.00437692	0.000807692	0.330785	0	0	0	0	0.274085	0.0155769	0.0240769	0.0230231	0.0121923	0.00982308	0.302746	0.012	0.0547538	0.0522308	0.0586308	0.171146	
0.0113308	0.0120615	0.0063	0.00408462	0.0214308	0.00360769	0.00402308	0.00471538	0.00346923	0.000892308	0.0268231	0.00259231	0.0001	8.46154e-05	0.0335462	4.61538e-05	5.38462e-05	0.000423077	5.38462e-05	0.0332462	0	0	0	0	0.0208308	0.0033	0.0051	0.00454615	0.00123077	0.000953846	0.0304154	0.00117692	0.00566923	0.00509231	0.00575385	0.0172615	
0.222654	0.2401	0.129077	0.0918692	0.387069	0.0893077	0.0943385	0.112985	0.0697462	0.0200538	0.5427	0.0512	0.0022	0.00133077	0.678823	0.00134615	0.00144615	0.00819231	0.00163846	0.672423	0.368738	0.0200462	0.274085	0.0208308	0	0	0	0	0.0510231	0.0401538	0.544892	0.0476308	0.112662	0.109269	0.1234	0.338369	
0.0277077	0.0286692	0.0149462	0.00745385	0.0606615	0.00595385	0.00559231	0.00656923	0.00656923	0.00176154	0.0659	0.00454615	0.000269231	0.000138462	0.0782385	0.000130769	0.0001	0.000976923	0.000161538	0.0775385	0.0566692	0.00323077	0.0155769	0.0033	0	0	0	0	0.00697692	0.00563077	0.0590077	0.00716154	0.0143923	0.0137846	0.0160154	0.0345846	
0.0408769	0.0451538	0.0243769	0.0119462	0.0944308	0.00851538	0.00877692	0.0106308	0.0107154	0.00286923	0.101462	0.00730769	0.000361538	0.000230769	0.121485	0.000276923	0.000276923	0.0016	0.000246154	0.120231	0.0881231	0.00505385	0.0240769	0.0051	0	0	0	0	0.0108615	0.00835385	0.0927923	0.0103462	0.0223615	0.0212	0.0239077	0.0548846	
0.0394538	0.0416231	0.0229231	0.0111692	0.0884308	0.00795385	0.00877692	0.0100077	0.00977692	0.0029	0.0955385	0.00695385	0.000230769	0.000230769	0.114477	0.000230769	0.000246154	0.00170769	0.000230769	0.112985	0.0828923	0.00470769	0.0230231	0.00454615	0	0	0	0	0.0102923	0.00777692	0.0874462	0.00965385	0.0205769	0.0197538	0.0225692	0.0522692	
0.0268154	0.0283154	0.0148923	0.00913077	0.0527769	0.00786923	0.00838462	0.0101231	0.00636923	0.00194615	0.0661077	0.00473077	0.000238462	0.000138462	0.0785846	0.000192308	0.000176923	0.000961538	0.000138462	0.0778769	0.0645308	0.0012	0.0121923	0.00123077	0.0510231	0.00697692	0.0108615	0.0102923	0	0	0	0	0.0173231	0.0173	0.0199538	0.0245769	
0.0208769	0.0225538	0.0116077	0.00687692	0.0414	0.00600769	0.00692308	0.00758462	0.00509231	0.0014	0.0518231	0.0036	0.0002	7.69231e-05	0.0615462	9.23077e-05	0.000107692	0.000823077	0.000161538	0.0608231	0.0501769	0.000961538	0.00982308	0.000953846	0.0401538	0.00563077	0.00835385	0.00777692	0	0	0	0	0.0139923	0.0134615	0.0155231	0.0189385	
0.258108	0.278454	0.149838	0.0977385	0.486338	0.0903538	0.0944231	0.113023	0.0794538	0.0223615	0.624869	0.0574538	0.00240769	0.00152308	0.778662	0.00154615	0.00167692	0.00971538	0.00183846	0.770908	0.421254	0.0297231	0.302746	0.0304154	0.544892	0.0590077	0.0927923	0.0874462	0	0	0	0	0.121469	0.117354	0.131485	0.413831	
0.0248923	0.0262231	0.0149846	0.00869231	0.0500769	0.0075	0.00775385	0.00946154	0.00589231	0.00187692	0.0628	0.00422308	0.000215385	0.000192308	0.0742308	0.000153846	0.000107692	0.000976923	0.000138462	0.0735692	0.0604615	0.00115385	0.012	0.00117692	0.0476308	0.00716154	0.0103462	0.00965385	0	0	0	0	0.0172077	0.0158923	0.0189308	0.0227615	
0.0566385	0.0616231	0.0337308	0.018	0.1238	0.0135769	0.0151462	0.0174692	0.00787692	0.00235385	0.153631	0.00613077	0.0005	0.000346154	0.168885	0.000261538	0.000307692	0.00223077	0.000361538	0.167092	0.104123	0.00544615	0.0547538	0.00566923	0.112662	0.0143923	0.0223615	0.0205769	0.0173231	0.0139923	0.121469	0.0172077	0	0	0	0	
0.0548769	0.0599923	0.0317615	0.0173769	0.118808	0.0136692	0.0143154	0.0172154	0.00751538	0.00205385	0.148962	0.00547692	0.000515385	0.000323077	0.162869	0.0003	0.000353846	0.00208462	0.000438462	0.161131	0.101254	0.00543077	0.0522308	0.00509231	0.109269	0.0137846	0.0212	0.0197538	0.0173	0.0134615	0.117354	0.0158923	0	0	0	0	
0.0625077	0.0674615	0.0360385	0.0198846	0.133992	0.0155846	0.0168077	0.0195077	0.00834615	0.00230769	0.1692	0.00603846	0.000584615	0.000361538	0.184538	0.000407692	0.000376923	0.00245385	0.000384615	0.182677	0.115662	0.00584615	0.0586308	0.00575385	0.1234	0.0160154	0.0239077	0.0225692	0.0199538	0.0155231	0.131485	0.0189308	0	0	0	0	
0.156669	0.166469	0.0897923	0.0671769	0.253992	0.0689	0.0712154	0.086	0.0730692	0.0208692	0.333808	0.0523615	0.00146154	0.0009	0.476731	0.00101538	0.00103077	0.00570769	0.00109231	0.472277	0.275385	0.0163154	0.171146	0.0172615	0.338369	0.0345846	0.0548846	0.0522692	0.0245769	0.0189385	0.413831	0.0227615	0	0	0	0	
