0	0	0	0	0.222223	0.0315077	0.0337769	0.0395615	0.0301154	0.00885385	0.2662	0.0219	0.00103077	0.000538462	0.324669	0.000830769	0.000807692	0.00391538	0.000746154	0.3216	0.1955	0.0108385	0.109108	0.0116231	0.222046	0.0263	0.0406077	0.0381154	0.0263462	0.0209154	0.255215	0.0245923	0.0565923	0.0542154	0.0619462	0.154315	
0	0	0	0	0.244777	0.0352846	0.0368308	0.0436	0.0331846	0.00930769	0.293777	0.0242231	0.00108462	0.000715385	0.358115	0.000576923	0.000746154	0.00445385	0.00103846	0.354254	0.216869	0.0117308	0.119292	0.0126	0.2439	0.0283538	0.0454538	0.0427846	0.0293538	0.0217077	0.282185	0.0272462	0.0619769	0.0600077	0.0686769	0.169831	
0	0	0	0	0.129977	0.0181615	0.0193077	0.0223846	0.0167769	0.00483846	0.155408	0.0128077	0.000653846	0.000430769	0.188454	0.000292308	0.000407692	0.00239231	0.000423077	0.186608	0.114238	0.00565385	0.0637692	0.00616923	0.128515	0.0151923	0.0239077	0.0222154	0.0155308	0.0117769	0.147946	0.0145769	0.0326308	0.0316615	0.0363385	0.0892	
0	0	0	0	0.0347308	0.0261769	0.0283462	0.0333538	0.0159462	0.00398462	0.0909	0.0117769	0.000330769	0.000176923	0.121846	0.000253846	0.000330769	0.00145385	0.000246154	0.120577	0.0716769	0.00396154	0.0426923	0.00427692	0.0921692	0.00723077	0.0116077	0.0116	0.00952308	0.00690769	0.0975769	0.0086	0.0168	0.0173	0.0194923	0.0690154	
0.222223	0.244777	0.129977	0.0347308	0	0	0	0	0.0401308	0.0115308	0.550154	0.0298923	0.00213077	0.00131538	0.626969	0.00129231	0.00149231	0.00766923	0.00153077	0.621015	0.388177	0.0205846	0.200915	0.0220308	0.390985	0.0592538	0.0935	0.0879692	0.0541538	0.0415462	0.485246	0.0507615	0.121962	0.118977	0.134677	0.256092	
0.0315077	0.0352846	0.0181615	0.0261769	0	0	0	0	0.0163077	0.00474615	0.0778692	0.0122077	0.000369231	0.000153846	0.110392	0.000215385	0.000207692	0.00133846	0.000261538	0.109323	0.0632385	0.00363846	0.0402769	0.00397692	0.0892538	0.00536154	0.0085	0.00801538	0.00832308	0.00592308	0.0895846	0.0073	0.0140538	0.0135769	0.0161692	0.0673308	
0.0337769	0.0368308	0.0193077	0.0283462	0	0	0	0	0.0184846	0.00511538	0.0816538	0.0130077	0.000284615	0.000215385	0.117523	0.000238462	0.000292308	0.00145385	0.000323077	0.116192	0.0679	0.00353846	0.0428923	0.00393077	0.0949615	0.00566154	0.00918462	0.00845385	0.00833077	0.00631538	0.0956692	0.00794615	0.0148	0.0141846	0.0161692	0.0731077	
0.0395615	0.0436	0.0223846	0.0333538	0	0	0	0	0.0211	0.00559231	0.0966077	0.0156	0.000315385	0.000176923	0.1382	0.000207692	0.0003	0.00175385	0.000338462	0.136508	0.0789692	0.00442308	0.0507769	0.00473077	0.111431	0.0068	0.0103923	0.0102769	0.00994615	0.00752308	0.112423	0.00900769	0.0171846	0.0164462	0.0194385	0.0858308	
0.0301154	0.0331846	0.0167769	0.0159462	0.0401308	0.0163077	0.0184846	0.0211	0	0	0	0	0.000307692	0.000130769	0.0954615	0.000123077	0.000153846	0.00129231	0.0002	0.0943769	0.0559231	0.00305385	0.0336308	0.00341538	0.0692846	0.00623077	0.0104154	0.0100923	0.00645385	0.00466923	0.0793077	0.00559231	0.00749231	0.00718462	0.00850769	0.0728385	
0.00885385	0.00930769	0.00483846	0.00398462	0.0115308	0.00474615	0.00511538	0.00559231	0	0	0	0	8.46154e-05	3.07692e-05	0.0268308	3.84615e-05	7.69231e-05	0.000307692	8.46154e-05	0.0265154	0.0158615	0.000861538	0.0093	0.000961538	0.0195538	0.00189231	0.00281538	0.00272308	0.00185385	0.00146923	0.0220231	0.00163846	0.00226154	0.00196923	0.00222308	0.0205308	
0.2662	0.293777	0.155408	0.0909	0.550154	0.0778692	0.0816538	0.0966077	0	0	0	0	0.00256923	0.00154615	0.800485	0.00168462	0.00186923	0.00985385	0.00197692	0.792585	0.485538	0.0259154	0.267146	0.0276846	0.546554	0.0639538	0.100754	0.0950231	0.0676	0.0517615	0.623569	0.0633538	0.152885	0.148554	0.169431	0.335415	
0.0219	0.0242231	0.0128077	0.0117769	0.0298923	0.0122077	0.0130077	0.0156	0	0	0	0	0.000138462	0.000153846	0.0703077	0.000107692	0.000192308	0.000761538	0.000192308	0.0695615	0.0409615	0.00235385	0.0247846	0.00260769	0.0512385	0.005	0.00759231	0.00687692	0.00484615	0.00340769	0.0580231	0.00443077	0.00536154	0.00547692	0.00629231	0.0535769	
0.00103077	0.00108462	0.000653846	0.000330769	0.00213077	0.000369231	0.000284615	0.000315385	0.000307692	8.46154e-05	0.00256923	0.000138462	0	0	0	0	1.53846e-05	3.84615e-05	0	0.00304615	0.00184615	7.69231e-05	0.00107692	0.0001	0.00212308	0.000276923	0.000346154	0.000353846	0.0002	0.000153846	0.00245385	0.000292308	0.000453846	0.000684615	0.0006	0.00136154	
0.000538462	0.000715385	0.000430769	0.000176923	0.00131538	0.000153846	0.000215385	0.000176923	0.000130769	3.07692e-05	0.00154615	0.000153846	0	0	0	0	7.69231e-06	3.07692e-05	0	0.00182308	0.00106923	7.69231e-05	0.000669231	4.61538e-05	0.00128462	0.000169231	0.000215385	0.000192308	0.000146154	0.0001	0.00146923	0.000146154	0.0003	0.000307692	0.000392308	0.000861538	
0.324669	0.358115	0.188454	0.121846	0.626969	0.110392	0.117523	0.1382	0.0954615	0.0268308	0.800485	0.0703077	0	0	0	0	0.00226923	0.0121308	0.00245385	0.976231	0.594277	0.0319846	0.332369	0.0344538	0.681815	0.0764385	0.120846	0.113985	0.0802538	0.0609231	0.777508	0.0744	0.166885	0.161838	0.185062	0.4793	
0.000830769	0.000576923	0.000292308	0.000253846	0.00129231	0.000215385	0.000238462	0.000207692	0.000123077	3.84615e-05	0.00168462	0.000107692	0	0	0	0	0	1.53846e-05	0	0.00193846	0.00109231	4.61538e-05	0.000746154	6.92308e-05	0.00140769	0.000192308	0.000169231	0.000184615	0.000153846	0.000130769	0.00149231	0.000176923	0.000361538	0.000353846	0.0004	0.000838462	
0.000807692	0.000746154	0.000407692	0.000330769	0.00149231	0.000207692	0.000292308	0.0003	0.000153846	7.69231e-05	0.00186923	0.000192308	1.53846e-05	7.69231e-06	0.00226923	0	0	0	0	0	0.00137692	6.15385e-05	0.000776923	7.69231e-05	0.00154615	0.000138462	0.000276923	0.000330769	0.000246154	9.23077e-05	0.00176923	0.000184615	0.000346154	0.000376923	0.000453846	0.00111538	
0.00391538	0.00445385	0.00239231	0.00145385	0.00766923	0.00133846	0.00145385	0.00175385	0.00129231	0.000307692	0.00985385	0.000761538	3.84615e-05	3.07692e-05	0.0121308	1.53846e-05	0	0	0	0	0.00707692	0.000430769	0.00421538	0.000492308	0.00828462	0.000892308	0.00169231	0.00134615	0.000915385	0.0008	0.00960769	0.000892308	0.00219231	0.00202308	0.00235385	0.00564615	
0.000746154	0.00103846	0.000423077	0.000246154	0.00153077	0.000261538	0.000323077	0.000338462	0.0002	8.46154e-05	0.00197692	0.000192308	0	0	0.00245385	0	0	0	0	0	0.00150769	4.61538e-05	0.0008	0.0001	0.00164615	0.000223077	0.000323077	0.000261538	0.000146154	0.000161538	0.00192308	0.000223077	0.000361538	0.000323077	0.000561538	0.00120769	
0.3216	0.354254	0.186608	0.120577	0.621015	0.109323	0.116192	0.136508	0.0943769	0.0265154	0.792585	0.0695615	0.00304615	0.00182308	0.976231	0.00193846	0	0	0	0	0.588323	0.0316462	0.329069	0.034	0.675154	0.0758231	0.119285	0.112777	0.0794462	0.0602538	0.769623	0.0737154	0.1651	0.160462	0.183085	0.474392	
0.1955	0.216869	0.114238	0.0716769	0.388177	0.0632385	0.0679	0.0789692	0.0559231	0.0158615	0.485538	0.0409615	0.00184615	0.00106923	0.594277	0.00109231	0.00137692	0.00707692	0.00150769	0.588323	0	0	0	0	0.371669	0.0555154	0.0883385	0.0827615	0.0656	0.0492	0.422954	0.0605308	0.104062	0.101231	0.115569	0.277423	
0.0108385	0.0117308	0.00565385	0.00396154	0.0205846	0.00363846	0.00353846	0.00442308	0.00305385	0.000861538	0.0259154	0.00235385	7.69231e-05	7.69231e-05	0.0319846	4.61538e-05	6.15385e-05	0.000430769	4.61538e-05	0.0316462	0	0	0	0	0.0200692	0.00290769	0.00453846	0.00466923	0.00116923	0.000861538	0.0289385	0.00121538	0.00516154	0.00503077	0.00586923	0.0161231	
0.109108	0.119292	0.0637692	0.0426923	0.200915	0.0402769	0.0428923	0.0507769	0.0336308	0.0093	0.267146	0.0247846	0.00107692	0.000669231	0.332369	0.000746154	0.000776923	0.00421538	0.0008	0.329069	0	0	0	0	0.273246	0.0154846	0.0235385	0.0225923	0.0125154	0.01	0.300192	0.0121538	0.0531	0.0516462	0.0588538	0.171262	
0.0116231	0.0126	0.00616923	0.00427692	0.0220308	0.00397692	0.00393077	0.00473077	0.00341538	0.000961538	0.0276846	0.00260769	0.0001	4.61538e-05	0.0344538	6.92308e-05	7.69231e-05	0.000492308	0.0001	0.034	0	0	0	0	0.0216462	0.00316923	0.00516154	0.00469231	0.00146923	0.00124615	0.0308385	0.00111538	0.00567692	0.00527692	0.00616154	0.0175538	
0.222046	0.2439	0.128515	0.0921692	0.390985	0.0892538	0.0949615	0.111431	0.0692846	0.0195538	0.546554	0.0512385	0.00212308	0.00128462	0.681815	0.00140769	0.00154615	0.00828462	0.00164615	0.675154	0.371669	0.0200692	0.273246	0.0216462	0	0	0	0	0.0521462	0.0400538	0.545431	0.049	0.112046	0.109208	0.124246	0.341131	
0.0263	0.0283538	0.0151923	0.00723077	0.0592538	0.00536154	0.00566154	0.0068	0.00623077	0.00189231	0.0639538	0.005	0.000276923	0.000169231	0.0764385	0.000192308	0.000138462	0.000892308	0.000223077	0.0758231	0.0555154	0.00290769	0.0154846	0.00316923	0	0	0	0	0.00683077	0.00522308	0.0588	0.00622308	0.0137385	0.0130769	0.0154538	0.0348077	
0.0406077	0.0454538	0.0239077	0.0116077	0.0935	0.0085	0.00918462	0.0103923	0.0104154	0.00281538	0.100754	0.00759231	0.000346154	0.000215385	0.120846	0.000169231	0.000276923	0.00169231	0.000323077	0.119285	0.0883385	0.00453846	0.0235385	0.00516154	0	0	0	0	0.0109769	0.00820769	0.0918385	0.0105538	0.0218769	0.0213231	0.0240308	0.0543462	
0.0381154	0.0427846	0.0222154	0.0116	0.0879692	0.00801538	0.00845385	0.0102769	0.0100923	0.00272308	0.0950231	0.00687692	0.000353846	0.000192308	0.113985	0.000184615	0.000330769	0.00134615	0.000261538	0.112777	0.0827615	0.00466923	0.0225923	0.00469231	0	0	0	0	0.0108	0.00782308	0.0868538	0.00923846	0.0203385	0.0195769	0.0227231	0.0520769	
0.0263462	0.0293538	0.0155308	0.00952308	0.0541538	0.00832308	0.00833077	0.00994615	0.00645385	0.00185385	0.0676	0.00484615	0.0002	0.000146154	0.0802538	0.000153846	0.000246154	0.000915385	0.000146154	0.0794462	0.0656	0.00116923	0.0125154	0.00146923	0.0521462	0.00683077	0.0109769	0.0108	0	0	0	0	0.0174	0.0175	0.0202308	0.0256231	
0.0209154	0.0217077	0.0117769	0.00690769	0.0415462	0.00592308	0.00631538	0.00752308	0.00466923	0.00146923	0.0517615	0.00340769	0.000153846	0.0001	0.0609231	0.000130769	9.23077e-05	0.0008	0.000161538	0.0602538	0.0492	0.000861538	0.01	0.00124615	0.0400538	0.00522308	0.00820769	0.00782308	0	0	0	0	0.0135615	0.0133923	0.0152385	0.0191154	
0.255215	0.282185	0.147946	0.0975769	0.485246	0.0895846	0.0956692	0.112423	0.0793077	0.0220231	0.623569	0.0580231	0.00245385	0.00146923	0.777508	0.00149231	0.00176923	0.00960769	0.00192308	0.769623	0.422954	0.0289385	0.300192	0.0308385	0.545431	0.0588	0.0918385	0.0868538	0	0	0	0	0.120369	0.115654	0.132962	0.413938	
0.0245923	0.0272462	0.0145769	0.0086	0.0507615	0.0073	0.00794615	0.00900769	0.00559231	0.00163846	0.0633538	0.00443077	0.000292308	0.000146154	0.0744	0.000176923	0.000184615	0.000892308	0.000223077	0.0737154	0.0605308	0.00121538	0.0121538	0.00111538	0.049	0.00622308	0.0105538	0.00923846	0	0	0	0	0.0166692	0.0166385	0.0180231	0.0236846	
0.0565923	0.0619769	0.0326308	0.0168	0.121962	0.0140538	0.0148	0.0171846	0.00749231	0.00226154	0.152885	0.00536154	0.000453846	0.0003	0.166885	0.000361538	0.000346154	0.00219231	0.000361538	0.1651	0.104062	0.00516154	0.0531	0.00567692	0.112046	0.0137385	0.0218769	0.0203385	0.0174	0.0135615	0.120369	0.0166692	0	0	0	0	
0.0542154	0.0600077	0.0316615	0.0173	0.118977	0.0135769	0.0141846	0.0164462	0.00718462	0.00196923	0.148554	0.00547692	0.000684615	0.000307692	0.161838	0.000353846	0.000376923	0.00202308	0.000323077	0.160462	0.101231	0.00503077	0.0516462	0.00527692	0.109208	0.0130769	0.0213231	0.0195769	0.0175	0.0133923	0.115654	0.0166385	0	0	0	0	
0.0619462	0.0686769	0.0363385	0.0194923	0.134677	0.0161692	0.0161692	0.0194385	0.00850769	0.00222308	0.169431	0.00629231	0.0006	0.000392308	0.185062	0.0004	0.000453846	0.00235385	0.000561538	0.183085	0.115569	0.00586923	0.0588538	0.00616154	0.124246	0.0154538	0.0240308	0.0227231	0.0202308	0.0152385	0.132962	0.0180231	0	0	0	0	
0.154315	0.169831	0.0892	0.0690154	0.256092	0.0673308	0.0731077	0.0858308	0.0728385	0.0205308	0.335415	0.0535769	0.00136154	0.000861538	0.4793	0.000838462	0.00111538	0.00564615	0.00120769	0.474392	0.277423	0.0161231	0.171262	0.0175538	0.341131	0.0348077	0.0543462	0.0520769	0.0256231	0.0191154	0.413938	0.0236846	0	0	0	0	
