0	0	0	0	0.223554	0.0312846	0.0342	0.0397538	0.03	0.00823846	0.268931	0.0216231	0.00123077	0.000623077	0.326262	0.000676923	0.000661538	0.00396923	0.000884615	0.323277	0.195869	0.0106538	0.111085	0.0111846	0.222938	0.0266308	0.0410846	0.0381385	0.0265154	0.0202692	0.257615	0.0243923	0.0564923	0.0545615	0.0628154	0.154923	
0	0	0	0	0.245746	0.0338077	0.0366231	0.0427615	0.0328308	0.0096	0.291908	0.0246	0.00111538	0.0006	0.356508	0.000715385	0.000753846	0.00476923	0.000715385	0.3527	0.2135	0.0121923	0.120808	0.0124385	0.241592	0.0288308	0.0453769	0.0431385	0.0283231	0.0222077	0.281438	0.0269692	0.0621308	0.0595846	0.0693769	0.167846	
0	0	0	0	0.130285	0.0177	0.0190615	0.0229923	0.0173385	0.00497692	0.154715	0.0130077	0.000538462	0.000376923	0.188762	0.000361538	0.000376923	0.00224615	0.000392308	0.187023	0.113254	0.0062	0.0637923	0.00679231	0.128515	0.0157462	0.0230385	0.0227385	0.0157385	0.0116769	0.148454	0.0141692	0.0330923	0.0309231	0.0370077	0.0890154	
0	0	0	0	0.0359769	0.0260231	0.0274923	0.0327385	0.0152077	0.00450769	0.0913692	0.0111462	0.0004	0.000138462	0.1214	0.000292308	0.000323077	0.00156923	0.000438462	0.1199	0.0716923	0.00346923	0.0429923	0.00407692	0.0919231	0.00751538	0.0118154	0.0109769	0.00923077	0.00714615	0.0970154	0.00883846	0.0179538	0.0173385	0.0203308	0.0666077	
0.223554	0.245746	0.130285	0.0359769	0	0	0	0	0.0398077	0.0118769	0.553685	0.0301923	0.00218462	0.00121538	0.630777	0.00138462	0.00138462	0.00783077	0.00144615	0.6249	0.387185	0.0214154	0.205292	0.0216692	0.391331	0.0614	0.0941308	0.0887	0.0538154	0.0409769	0.490854	0.0499154	0.123177	0.117731	0.138654	0.256	
0.0312846	0.0338077	0.0177	0.0260231	0	0	0	0	0.0164385	0.0046	0.0756538	0.0121231	0.000330769	0.000169231	0.108146	0.000169231	0.000238462	0.00139231	0.0004	0.106785	0.0619231	0.00330769	0.0395769	0.00400769	0.0878231	0.005	0.00793846	0.00805385	0.00770769	0.00653077	0.0872154	0.00736154	0.0137154	0.0137154	0.0154	0.0659846	
0.0342	0.0366231	0.0190615	0.0274923	0	0	0	0	0.0178077	0.00491538	0.0812	0.0134538	0.000376923	0.000192308	0.116585	0.000223077	0.000246154	0.0017	0.000292308	0.115138	0.0667231	0.00364615	0.0429538	0.00405385	0.0944231	0.00549231	0.00896923	0.00849231	0.00833846	0.00636154	0.0946769	0.008	0.0149385	0.0137923	0.0165	0.0721462	
0.0397538	0.0427615	0.0229923	0.0327385	0	0	0	0	0.0213231	0.00593077	0.0963846	0.0146077	0.000392308	0.000161538	0.137423	0.000269231	0.000246154	0.00163077	0.000292308	0.136077	0.0784846	0.00414615	0.0508538	0.00476154	0.111392	0.00683077	0.0102769	0.00974615	0.00994615	0.00743077	0.111777	0.00909231	0.0178385	0.0171692	0.0189769	0.0842615	
0.03	0.0328308	0.0173385	0.0152077	0.0398077	0.0164385	0.0178077	0.0213231	0	0	0	0	0.000315385	0.000161538	0.0947923	0.000107692	0.000207692	0.0012	0.000253846	0.0937154	0.0553077	0.00300769	0.0335385	0.00352308	0.0695077	0.00664615	0.00983846	0.00938462	0.00623077	0.00466154	0.0786308	0.00585385	0.00806154	0.00735385	0.0088	0.0711615	
0.00823846	0.0096	0.00497692	0.00450769	0.0118769	0.0046	0.00491538	0.00593077	0	0	0	0	8.46154e-05	6.15385e-05	0.0271308	4.61538e-05	6.92308e-05	0.000353846	6.15385e-05	0.0268385	0.0159615	0.000892308	0.00946923	0.001	0.0199769	0.00184615	0.00279231	0.00270769	0.00209231	0.00130769	0.0224462	0.00147692	0.00216154	0.00201538	0.00253077	0.0206154	
0.268931	0.291908	0.154715	0.0913692	0.553685	0.0756538	0.0812	0.0963846	0	0	0	0	0.00269231	0.00141538	0.801062	0.00175385	0.00166154	0.0100846	0.0019	0.793277	0.482508	0.0264308	0.270462	0.0275231	0.544362	0.0654308	0.101223	0.0959077	0.0670692	0.0519615	0.625054	0.0628385	0.153723	0.147523	0.172031	0.333646	
0.0216231	0.0246	0.0130077	0.0111462	0.0301923	0.0121231	0.0134538	0.0146077	0	0	0	0	0.000192308	0.0001	0.0699462	0.000138462	0.000176923	0.000915385	0.000215385	0.0690692	0.0405385	0.00218462	0.0252077	0.00244615	0.0511231	0.0048	0.00746154	0.00699231	0.00441538	0.00336923	0.0583923	0.0042	0.00572308	0.00551538	0.00616923	0.0529692	
0.00123077	0.00111538	0.000538462	0.0004	0.00218462	0.000330769	0.000376923	0.000392308	0.000315385	8.46154e-05	0.00269231	0.000192308	0	0	0	0	7.69231e-06	3.84615e-05	2.30769e-05	0.00321538	0.00191538	0.000130769	0.00113846	0.0001	0.0023	0.000223077	0.000353846	0.000407692	0.000330769	0.000269231	0.00246154	0.000223077	0.000561538	0.000538462	0.000669231	0.00151538	
0.000623077	0.0006	0.000376923	0.000138462	0.00121538	0.000169231	0.000192308	0.000161538	0.000161538	6.15385e-05	0.00141538	0.0001	0	0	0	0	0	3.07692e-05	0	0.00170769	0.00100769	7.69231e-05	0.000607692	4.61538e-05	0.00116923	0.000146154	0.000230769	0.000192308	0.000138462	9.23077e-05	0.00133846	0.000169231	0.000261538	0.000323077	0.000346154	0.000807692	
0.326262	0.356508	0.188762	0.1214	0.630777	0.108146	0.116585	0.137423	0.0947923	0.0271308	0.801062	0.0699462	0	0	0	0	0.0021	0.0124538	0.00240769	0.975969	0.590162	0.0322462	0.336215	0.0343077	0.6801	0.0782231	0.120454	0.114154	0.0791846	0.0608462	0.779077	0.0738231	0.168531	0.161154	0.188169	0.475077	
0.000676923	0.000715385	0.000361538	0.000292308	0.00138462	0.000169231	0.000223077	0.000269231	0.000107692	4.61538e-05	0.00175385	0.000138462	0	0	0	0	7.69231e-06	3.07692e-05	0	0.00200769	0.00123077	6.15385e-05	0.000715385	3.84615e-05	0.0014	0.000130769	0.000276923	0.000238462	0.000153846	9.23077e-05	0.00164615	0.000153846	0.000315385	0.000392308	0.000346154	0.000992308	
0.000661538	0.000753846	0.000376923	0.000323077	0.00138462	0.000238462	0.000246154	0.000246154	0.000207692	6.92308e-05	0.00166154	0.000176923	7.69231e-06	0	0.0021	7.69231e-06	0	0	0	0	0.00128462	5.38462e-05	0.000707692	6.92308e-05	0.00146923	0.000146154	0.000238462	0.000261538	0.0002	0.000138462	0.0016	0.000176923	0.000346154	0.000338462	0.000353846	0.00107692	
0.00396923	0.00476923	0.00224615	0.00156923	0.00783077	0.00139231	0.0017	0.00163077	0.0012	0.000353846	0.0100846	0.000915385	3.84615e-05	3.07692e-05	0.0124538	3.07692e-05	0	0	0	0	0.00736923	0.000415385	0.00426923	0.0005	0.00866923	0.000884615	0.00166154	0.00133846	0.00101538	0.000861538	0.00986923	0.000807692	0.00229231	0.00183846	0.00237692	0.00604615	
0.000884615	0.000715385	0.000392308	0.000438462	0.00144615	0.0004	0.000292308	0.000292308	0.000253846	6.15385e-05	0.0019	0.000215385	2.30769e-05	0	0.00240769	0	0	0	0	0	0.00150769	8.46154e-05	0.000776923	6.15385e-05	0.00170769	0.000169231	0.000261538	0.000292308	0.000223077	0.000161538	0.0019	0.000146154	0.000415385	0.000423077	0.000469231	0.00112308	
0.323277	0.3527	0.187023	0.1199	0.6249	0.106785	0.115138	0.136077	0.0937154	0.0268385	0.793277	0.0690692	0.00321538	0.00170769	0.975969	0.00200769	0	0	0	0	0.584154	0.0319615	0.332923	0.0338615	0.673123	0.0775231	0.119154	0.1131	0.0783692	0.0601385	0.771154	0.0732385	0.166615	0.159808	0.186331	0.470146	
0.195869	0.2135	0.113254	0.0716923	0.387185	0.0619231	0.0667231	0.0784846	0.0553077	0.0159615	0.482508	0.0405385	0.00191538	0.00100769	0.590162	0.00123077	0.00128462	0.00736923	0.00150769	0.584154	0	0	0	0	0.367308	0.0564846	0.0878692	0.0826538	0.0644615	0.0492615	0.420492	0.0601	0.104308	0.0999385	0.116969	0.2731	
0.0106538	0.0121923	0.0062	0.00346923	0.0214154	0.00330769	0.00364615	0.00414615	0.00300769	0.000892308	0.0264308	0.00218462	0.000130769	7.69231e-05	0.0322462	6.15385e-05	5.38462e-05	0.000415385	8.46154e-05	0.0319615	0	0	0	0	0.0196	0.0032	0.00489231	0.00482308	0.00123846	0.000846154	0.0295077	0.000923077	0.00522308	0.00516923	0.00592308	0.0162	
0.111085	0.120808	0.0637923	0.0429923	0.205292	0.0395769	0.0429538	0.0508538	0.0335385	0.00946923	0.270462	0.0252077	0.00113846	0.000607692	0.336215	0.000715385	0.000707692	0.00426923	0.000776923	0.332923	0	0	0	0	0.276246	0.0157769	0.0238923	0.0227615	0.0127923	0.0100923	0.303762	0.0120308	0.0546	0.0517154	0.0602	0.172162	
0.0111846	0.0124385	0.00679231	0.00407692	0.0216692	0.00400769	0.00405385	0.00476154	0.00352308	0.001	0.0275231	0.00244615	0.0001	4.61538e-05	0.0343077	3.84615e-05	6.92308e-05	0.0005	6.15385e-05	0.0338615	0	0	0	0	0.0218154	0.00326154	0.00466154	0.00475385	0.00131538	0.0011	0.0307615	0.00131538	0.00553846	0.00558462	0.00643846	0.0169308	
0.222938	0.241592	0.128515	0.0919231	0.391331	0.0878231	0.0944231	0.111392	0.0695077	0.0199769	0.544362	0.0511231	0.0023	0.00116923	0.6801	0.0014	0.00146923	0.00866923	0.00170769	0.673123	0.367308	0.0196	0.276246	0.0218154	0	0	0	0	0.0510615	0.0397846	0.546331	0.0477923	0.113154	0.108085	0.126	0.337731	
0.0266308	0.0288308	0.0157462	0.00751538	0.0614	0.005	0.00549231	0.00683077	0.00664615	0.00184615	0.0654308	0.0048	0.000223077	0.000146154	0.0782231	0.000130769	0.000146154	0.000884615	0.000169231	0.0775231	0.0564846	0.0032	0.0157769	0.00326154	0	0	0	0	0.00716154	0.00540769	0.0593538	0.0068	0.0138462	0.0135231	0.0161154	0.0352385	
0.0410846	0.0453769	0.0230385	0.0118154	0.0941308	0.00793846	0.00896923	0.0102769	0.00983846	0.00279231	0.101223	0.00746154	0.000353846	0.000230769	0.120454	0.000276923	0.000238462	0.00166154	0.000261538	0.119154	0.0878692	0.00489231	0.0238923	0.00466154	0	0	0	0	0.0110231	0.00822308	0.0919462	0.0101231	0.0221692	0.0209538	0.0245231	0.0536692	
0.0381385	0.0431385	0.0227385	0.0109769	0.0887	0.00805385	0.00849231	0.00974615	0.00938462	0.00270769	0.0959077	0.00699231	0.000407692	0.000192308	0.114154	0.000238462	0.000261538	0.00133846	0.000292308	0.1131	0.0826538	0.00482308	0.0227615	0.00475385	0	0	0	0	0.0105615	0.00788462	0.0868923	0.00965385	0.0205	0.0198462	0.0228923	0.0517538	
0.0265154	0.0283231	0.0157385	0.00923077	0.0538154	0.00770769	0.00833846	0.00994615	0.00623077	0.00209231	0.0670692	0.00441538	0.000330769	0.000138462	0.0791846	0.000153846	0.0002	0.00101538	0.000223077	0.0783692	0.0644615	0.00123846	0.0127923	0.00131538	0.0510615	0.00716154	0.0110231	0.0105615	0	0	0	0	0.0181846	0.0172	0.0197077	0.0247154	
0.0202692	0.0222077	0.0116769	0.00714615	0.0409769	0.00653077	0.00636154	0.00743077	0.00466154	0.00130769	0.0519615	0.00336923	0.000269231	9.23077e-05	0.0608462	9.23077e-05	0.000138462	0.000861538	0.000161538	0.0601385	0.0492615	0.000846154	0.0100923	0.0011	0.0397846	0.00540769	0.00822308	0.00788462	0	0	0	0	0.0136538	0.0132462	0.0156538	0.0187462	
0.257615	0.281438	0.148454	0.0970154	0.490854	0.0872154	0.0946769	0.111777	0.0786308	0.0224462	0.625054	0.0583923	0.00246154	0.00133846	0.779077	0.00164615	0.0016	0.00986923	0.0019	0.771154	0.420492	0.0295077	0.303762	0.0307615	0.546331	0.0593538	0.0919462	0.0868923	0	0	0	0	0.121085	0.115415	0.135954	0.412069	
0.0243923	0.0269692	0.0141692	0.00883846	0.0499154	0.00736154	0.008	0.00909231	0.00585385	0.00147692	0.0628385	0.0042	0.000223077	0.000169231	0.0738231	0.000153846	0.000176923	0.000807692	0.000146154	0.0732385	0.0601	0.000923077	0.0120308	0.00131538	0.0477923	0.0068	0.0101231	0.00965385	0	0	0	0	0.0167462	0.0165462	0.0182154	0.0228615	
0.0564923	0.0621308	0.0330923	0.0179538	0.123177	0.0137154	0.0149385	0.0178385	0.00806154	0.00216154	0.153723	0.00572308	0.000561538	0.000261538	0.168531	0.000315385	0.000346154	0.00229231	0.000415385	0.166615	0.104308	0.00522308	0.0546	0.00553846	0.113154	0.0138462	0.0221692	0.0205	0.0181846	0.0136538	0.121085	0.0167462	0	0	0	0	
0.0545615	0.0595846	0.0309231	0.0173385	0.117731	0.0137154	0.0137923	0.0171692	0.00735385	0.00201538	0.147523	0.00551538	0.000538462	0.000323077	0.161154	0.000392308	0.000338462	0.00183846	0.000423077	0.159808	0.0999385	0.00516923	0.0517154	0.00558462	0.108085	0.0135231	0.0209538	0.0198462	0.0172	0.0132462	0.115415	0.0165462	0	0	0	0	
0.0628154	0.0693769	0.0370077	0.0203308	0.138654	0.0154	0.0165	0.0189769	0.0088	0.00253077	0.172031	0.00616923	0.000669231	0.000346154	0.188169	0.000346154	0.000353846	0.00237692	0.000469231	0.186331	0.116969	0.00592308	0.0602	0.00643846	0.126	0.0161154	0.0245231	0.0228923	0.0197077	0.0156538	0.135954	0.0182154	0	0	0	0	
0.154923	0.167846	0.0890154	0.0666077	0.256	0.0659846	0.0721462	0.0842615	0.0711615	0.0206154	0.333646	0.0529692	0.00151538	0.000807692	0.475077	0.000992308	0.00107692	0.00604615	0.00112308	0.470146	0.2731	0.0162	0.172162	0.0169308	0.337731	0.0352385	0.0536692	0.0517538	0.0247154	0.0187462	0.412069	0.0228615	0	0	0	0	
