0	0	0	0	0.225023	0.0310846	0.0335308	0.0390538	0.0304	0.0087	0.267215	0.0223769	0.00113077	0.000623077	0.326269	0.000669231	0.000653846	0.004	0.000753846	0.323285	0.197792	0.0107	0.108854	0.0113462	0.220192	0.0262231	0.0421769	0.0401	0.0262	0.0203923	0.2569	0.0252	0.0559846	0.0541462	0.0634538	0.155108	
0	0	0	0	0.246492	0.0346692	0.0358077	0.0423077	0.0322154	0.00946923	0.293554	0.0240385	0.00106923	0.0006	0.356808	0.0008	0.000769231	0.0042	0.000930769	0.353377	0.214192	0.0113692	0.121054	0.0126615	0.243762	0.0283538	0.0447769	0.0423846	0.0295462	0.0218846	0.281238	0.0266077	0.0621923	0.0602769	0.0687308	0.168077	
0	0	0	0	0.127992	0.0180846	0.0190538	0.0224615	0.0176462	0.00509231	0.152054	0.0128	0.000661538	0.000384615	0.186162	0.000384615	0.000461538	0.0025	0.000469231	0.184162	0.111785	0.00587692	0.0634077	0.00652308	0.127315	0.0152769	0.0233308	0.0216692	0.0151846	0.0116462	0.1467	0.0140615	0.0318692	0.0306308	0.0360692	0.0890231	
0	0	0	0	0.0359538	0.0261308	0.0291231	0.0332308	0.0156385	0.00468462	0.0927846	0.0113308	0.000369231	0.000261538	0.123392	0.000415385	0.0003	0.00143846	0.000223077	0.122477	0.0721385	0.00382308	0.0441769	0.0043	0.0930077	0.0076	0.0126231	0.0112077	0.00956154	0.00741538	0.0984538	0.00900769	0.0179846	0.0173385	0.0198923	0.0692231	
0.225023	0.246492	0.127992	0.0359538	0	0	0	0	0.0407615	0.0118154	0.552992	0.0298923	0.00210769	0.00120769	0.630831	0.00131538	0.00146154	0.00779231	0.00159231	0.624615	0.388446	0.0204231	0.204208	0.0223846	0.390738	0.0601462	0.0951	0.0894769	0.0539923	0.0409385	0.4896	0.0509308	0.122046	0.1185	0.137015	0.2579	
0.0310846	0.0346692	0.0180846	0.0261308	0	0	0	0	0.0168	0.005	0.0759308	0.0122385	0.000384615	0.000169231	0.109123	0.000292308	0.000238462	0.00127692	0.000246154	0.108208	0.0625231	0.00359231	0.0400615	0.00379231	0.0887077	0.00533846	0.00813846	0.00778462	0.00799231	0.00617692	0.0884154	0.00738462	0.0146385	0.0127077	0.0149538	0.0676692	
0.0335308	0.0358077	0.0190538	0.0291231	0	0	0	0	0.0175231	0.00518462	0.0817308	0.0130769	0.000346154	0.000192308	0.116669	0.000307692	0.000184615	0.00134615	0.000215385	0.115769	0.0672077	0.00352308	0.0429385	0.00384615	0.0949615	0.00556154	0.00886923	0.00812308	0.00831538	0.00649231	0.0951077	0.0076	0.0143769	0.0147154	0.0164	0.0720231	
0.0390538	0.0423077	0.0224615	0.0332308	0	0	0	0	0.0208154	0.00594615	0.0949538	0.0153385	0.000392308	0.0003	0.136008	0.000353846	0.0003	0.00172308	0.000323077	0.134708	0.0777308	0.00423077	0.0502846	0.00480769	0.109869	0.00640769	0.0108	0.00997692	0.0101923	0.00773077	0.110169	0.00896154	0.0169692	0.0164692	0.0197769	0.0838385	
0.0304	0.0322154	0.0176462	0.0156385	0.0407615	0.0168	0.0175231	0.0208154	0	0	0	0	0.000284615	0.000207692	0.0951615	0.000246154	0.000130769	0.00115385	0.0002	0.0944154	0.0560692	0.00303077	0.0336	0.0032	0.0690462	0.00661538	0.0103077	0.00993077	0.00609231	0.00513846	0.0789308	0.00573846	0.00711538	0.00761538	0.00831538	0.0728538	
0.0087	0.00946923	0.00509231	0.00468462	0.0118154	0.005	0.00518462	0.00594615	0	0	0	0	8.46154e-05	3.84615e-05	0.0277231	0.0001	6.92308e-05	0.000407692	6.92308e-05	0.0274	0.0159769	0.000769231	0.0103308	0.000869231	0.0205231	0.0018	0.00308462	0.00253846	0.00183077	0.00127692	0.0230538	0.00178462	0.00232308	0.00200769	0.00266923	0.0209462	
0.267215	0.293554	0.152054	0.0927846	0.552992	0.0759308	0.0817308	0.0949538	0	0	0	0	0.00266923	0.00148462	0.799685	0.00176923	0.00181538	0.00971538	0.00199231	0.792085	0.483338	0.0255077	0.268454	0.0283077	0.543354	0.0645154	0.101792	0.0959462	0.0681923	0.0516769	0.622608	0.0631308	0.153092	0.147454	0.170823	0.334238	
0.0223769	0.0240385	0.0128	0.0113308	0.0298923	0.0122385	0.0130769	0.0153385	0	0	0	0	0.000192308	0.000138462	0.0700615	0.000153846	0.000169231	0.000861538	0.000115385	0.0694	0.0405231	0.00246154	0.0251077	0.00245385	0.0513538	0.00452308	0.00772308	0.00694615	0.00437692	0.00324615	0.0587	0.00422308	0.0055	0.00531538	0.00633846	0.0533923	
0.00113077	0.00106923	0.000661538	0.000369231	0.00210769	0.000384615	0.000346154	0.000392308	0.000284615	8.46154e-05	0.00266923	0.000192308	0	0	0	0	7.69231e-06	4.61538e-05	1.53846e-05	0.00316154	0.00193077	8.46154e-05	0.00111538	0.0001	0.00227692	0.000261538	0.000323077	0.000369231	0.000223077	0.000230769	0.0026	0.000176923	0.000569231	0.000523077	0.0007	0.00143846	
0.000623077	0.0006	0.000384615	0.000261538	0.00120769	0.000169231	0.000192308	0.0003	0.000207692	3.84615e-05	0.00148462	0.000138462	0	0	0	0	0	2.30769e-05	0	0.00184615	0.00119231	6.92308e-05	0.000569231	3.84615e-05	0.00131538	0.0002	0.000138462	0.000215385	0.000153846	0.000123077	0.00139231	0.0002	0.000346154	0.000369231	0.000307692	0.000846154	
0.326269	0.356808	0.186162	0.123392	0.630831	0.109123	0.116669	0.136008	0.0951615	0.0277231	0.799685	0.0700615	0	0	0	0	0.00217692	0.0120538	0.00234615	0.976054	0.591485	0.0315615	0.334954	0.0346308	0.679085	0.0767538	0.122208	0.114585	0.0799385	0.0608923	0.777508	0.0742923	0.166846	0.161154	0.186615	0.478015	
0.000669231	0.0008	0.000384615	0.000415385	0.00131538	0.000292308	0.000307692	0.000353846	0.000246154	0.0001	0.00176923	0.000153846	0	0	0	0	0	1.53846e-05	1.53846e-05	0.00223846	0.0013	5.38462e-05	0.000853846	6.15385e-05	0.0016	0.000238462	0.000238462	0.000192308	0.000176923	9.23077e-05	0.00179231	0.000207692	0.000269231	0.000346154	0.000523077	0.00113077	
0.000653846	0.000769231	0.000461538	0.0003	0.00146154	0.000238462	0.000184615	0.0003	0.000130769	6.92308e-05	0.00181538	0.000169231	7.69231e-06	0	0.00217692	0	0	0	0	0	0.00124615	6.15385e-05	0.000738462	0.000138462	0.00147692	0.0002	0.000261538	0.000246154	0.000176923	0.000115385	0.00170769	0.000184615	0.000346154	0.000246154	0.000469231	0.00112308	
0.004	0.0042	0.0025	0.00143846	0.00779231	0.00127692	0.00134615	0.00172308	0.00115385	0.000407692	0.00971538	0.000861538	4.61538e-05	2.30769e-05	0.0120538	1.53846e-05	0	0	0	0	0.00736923	0.000323077	0.00406154	0.000384615	0.00842308	0.000884615	0.00137692	0.00145385	0.000915385	0.000846154	0.00940769	0.000969231	0.00207692	0.00183846	0.00233077	0.00589231	
0.000753846	0.000930769	0.000469231	0.000223077	0.00159231	0.000246154	0.000215385	0.000323077	0.0002	6.92308e-05	0.00199231	0.000115385	1.53846e-05	0	0.00234615	1.53846e-05	0	0	0	0	0.00147692	9.23077e-05	0.000761538	4.61538e-05	0.00153077	0.000230769	0.000307692	0.000307692	0.000223077	0.000107692	0.00190769	0.000138462	0.0005	0.000346154	0.000392308	0.00113846	
0.323285	0.353377	0.184162	0.122477	0.624615	0.108208	0.115769	0.134708	0.0944154	0.0274	0.792085	0.0694	0.00316154	0.00184615	0.976054	0.00223846	0	0	0	0	0.585815	0.0312923	0.331931	0.0342615	0.672846	0.0761385	0.120962	0.113354	0.0791769	0.0602692	0.770269	0.0735846	0.165108	0.159962	0.184954	0.473277	
0.197792	0.214192	0.111785	0.0721385	0.388446	0.0625231	0.0672077	0.0777308	0.0560692	0.0159769	0.483338	0.0405231	0.00193077	0.00119231	0.591485	0.0013	0.00124615	0.00736923	0.00147692	0.585815	0	0	0	0	0.367954	0.0559538	0.0892	0.0828	0.0656231	0.0499154	0.419585	0.0607846	0.103638	0.100908	0.116669	0.274692	
0.0107	0.0113692	0.00587692	0.00382308	0.0204231	0.00359231	0.00352308	0.00423077	0.00303077	0.000769231	0.0255077	0.00246154	8.46154e-05	6.92308e-05	0.0315615	5.38462e-05	6.15385e-05	0.000323077	9.23077e-05	0.0312923	0	0	0	0	0.0199308	0.00301538	0.00436923	0.00445385	0.00104615	0.000823077	0.0286308	0.00126923	0.00501538	0.00487692	0.00571538	0.0161615	
0.108854	0.121054	0.0634077	0.0441769	0.204208	0.0400615	0.0429385	0.0502846	0.0336	0.0103308	0.268454	0.0251077	0.00111538	0.000569231	0.334954	0.000853846	0.000738462	0.00406154	0.000761538	0.331931	0	0	0	0	0.274438	0.0154231	0.0243231	0.0233077	0.0125769	0.00956154	0.303585	0.0117692	0.0539923	0.0509615	0.0593154	0.173223	
0.0113462	0.0126615	0.00652308	0.0043	0.0223846	0.00379231	0.00384615	0.00480769	0.0032	0.000869231	0.0283077	0.00245385	0.0001	3.84615e-05	0.0346308	6.15385e-05	0.000138462	0.000384615	4.61538e-05	0.0342615	0	0	0	0	0.0219538	0.00306154	0.00501538	0.0048	0.00124615	0.00103846	0.0314923	0.00105385	0.00538462	0.00564615	0.00644615	0.0173538	
0.220192	0.243762	0.127315	0.0930077	0.390738	0.0887077	0.0949615	0.109869	0.0690462	0.0205231	0.543354	0.0513538	0.00227692	0.00131538	0.679085	0.0016	0.00147692	0.00842308	0.00153077	0.672846	0.367954	0.0199308	0.274438	0.0219538	0	0	0	0	0.0518154	0.0393077	0.545431	0.0477231	0.112415	0.107369	0.124	0.340492	
0.0262231	0.0283538	0.0152769	0.0076	0.0601462	0.00533846	0.00556154	0.00640769	0.00661538	0.0018	0.0645154	0.00452308	0.000261538	0.0002	0.0767538	0.000238462	0.0002	0.000884615	0.000230769	0.0761385	0.0559538	0.00301538	0.0154231	0.00306154	0	0	0	0	0.00753077	0.00549231	0.0575923	0.00683846	0.0134308	0.0136	0.0157538	0.0346692	
0.0421769	0.0447769	0.0233308	0.0126231	0.0951	0.00813846	0.00886923	0.0108	0.0103077	0.00308462	0.101792	0.00772308	0.000323077	0.000138462	0.122208	0.000238462	0.000261538	0.00137692	0.000307692	0.120962	0.0892	0.00436923	0.0243231	0.00501538	0	0	0	0	0.0111462	0.00878462	0.0925154	0.0104615	0.0215385	0.0219	0.0248231	0.0546462	
0.0401	0.0423846	0.0216692	0.0112077	0.0894769	0.00778462	0.00812308	0.00997692	0.00993077	0.00253846	0.0959462	0.00694615	0.000369231	0.000215385	0.114585	0.000192308	0.000246154	0.00145385	0.000307692	0.113354	0.0828	0.00445385	0.0233077	0.0048	0	0	0	0	0.01	0.00775385	0.0877538	0.00985385	0.0206462	0.0195231	0.0235692	0.0516231	
0.0262	0.0295462	0.0151846	0.00956154	0.0539923	0.00799231	0.00831538	0.0101923	0.00609231	0.00183077	0.0681923	0.00437692	0.000223077	0.000153846	0.0799385	0.000176923	0.000176923	0.000915385	0.000223077	0.0791769	0.0656231	0.00104615	0.0125769	0.00124615	0.0518154	0.00753077	0.0111462	0.01	0	0	0	0	0.0177846	0.0169308	0.0206462	0.0251308	
0.0203923	0.0218846	0.0116462	0.00741538	0.0409385	0.00617692	0.00649231	0.00773077	0.00513846	0.00127692	0.0516769	0.00324615	0.000230769	0.000123077	0.0608923	9.23077e-05	0.000115385	0.000846154	0.000107692	0.0602692	0.0499154	0.000823077	0.00956154	0.00103846	0.0393077	0.00549231	0.00878462	0.00775385	0	0	0	0	0.0133538	0.0132462	0.0159538	0.0187846	
0.2569	0.281238	0.1467	0.0984538	0.4896	0.0884154	0.0951077	0.110169	0.0789308	0.0230538	0.622608	0.0587	0.0026	0.00139231	0.777508	0.00179231	0.00170769	0.00940769	0.00190769	0.770269	0.419585	0.0286308	0.303585	0.0314923	0.545431	0.0575923	0.0925154	0.0877538	0	0	0	0	0.120785	0.116246	0.132215	0.414046	
0.0252	0.0266077	0.0140615	0.00900769	0.0509308	0.00738462	0.0076	0.00896154	0.00573846	0.00178462	0.0631308	0.00422308	0.000176923	0.0002	0.0742923	0.000207692	0.000184615	0.000969231	0.000138462	0.0735846	0.0607846	0.00126923	0.0117692	0.00105385	0.0477231	0.00683846	0.0104615	0.00985385	0	0	0	0	0.0161077	0.0159692	0.0193308	0.0234692	
0.0559846	0.0621923	0.0318692	0.0179846	0.122046	0.0146385	0.0143769	0.0169692	0.00711538	0.00232308	0.153092	0.0055	0.000569231	0.000346154	0.166846	0.000269231	0.000346154	0.00207692	0.0005	0.165108	0.103638	0.00501538	0.0539923	0.00538462	0.112415	0.0134308	0.0215385	0.0206462	0.0177846	0.0133538	0.120785	0.0161077	0	0	0	0	
0.0541462	0.0602769	0.0306308	0.0173385	0.1185	0.0127077	0.0147154	0.0164692	0.00761538	0.00200769	0.147454	0.00531538	0.000523077	0.000369231	0.161154	0.000346154	0.000246154	0.00183846	0.000346154	0.159962	0.100908	0.00487692	0.0509615	0.00564615	0.107369	0.0136	0.0219	0.0195231	0.0169308	0.0132462	0.116246	0.0159692	0	0	0	0	
0.0634538	0.0687308	0.0360692	0.0198923	0.137015	0.0149538	0.0164	0.0197769	0.00831538	0.00266923	0.170823	0.00633846	0.0007	0.000307692	0.186615	0.000523077	0.000469231	0.00233077	0.000392308	0.184954	0.116669	0.00571538	0.0593154	0.00644615	0.124	0.0157538	0.0248231	0.0235692	0.0206462	0.0159538	0.132215	0.0193308	0	0	0	0	
0.155108	0.168077	0.0890231	0.0692231	0.2579	0.0676692	0.0720231	0.0838385	0.0728538	0.0209462	0.334238	0.0533923	0.00143846	0.000846154	0.478015	0.00113077	0.00112308	0.00589231	0.00113846	0.473277	0.274692	0.0161615	0.173223	0.0173538	0.340492	0.0346692	0.0546462	0.0516231	0.0251308	0.0187846	0.414046	0.0234692	0	0	0	0	
