0	0	0	0	0.224723	0.0311692	0.0343308	0.0398077	0.0300385	0.00835385	0.269038	0.0226	0.000961538	0.000523077	0.327915	0.000630769	0.000738462	0.004	0.000815385	0.324477	0.198331	0.0109846	0.109477	0.0112385	0.222631	0.0264923	0.0419385	0.0389692	0.0273692	0.0207615	0.256738	0.0251615	0.0566538	0.0557385	0.0648692	0.152769	
0	0	0	0	0.243138	0.0354077	0.0361692	0.0425538	0.0321615	0.00946923	0.292223	0.0234154	0.00134615	0.000553846	0.354754	0.000615385	0.000730769	0.00418462	0.000738462	0.351615	0.215615	0.0113692	0.118477	0.0118077	0.240923	0.0287846	0.0448538	0.0427077	0.0298615	0.0226	0.278085	0.0267231	0.0617077	0.0601538	0.0684769	0.166931	
0	0	0	0	0.129154	0.0183	0.0190692	0.0233154	0.0173	0.00483846	0.154569	0.0131308	0.000561538	0.000338462	0.188538	0.0004	0.000453846	0.0023	0.000446154	0.186638	0.114362	0.00622308	0.0629615	0.00629231	0.128762	0.0149846	0.0233462	0.0227462	0.0153615	0.0118154	0.148592	0.0140692	0.0318692	0.0314923	0.0360846	0.0903923	
0	0	0	0	0.0352769	0.0262385	0.0285231	0.0328231	0.0159615	0.00479231	0.0908077	0.0113	0.000415385	0.000192308	0.121923	0.000330769	0.000330769	0.00146923	0.000261538	0.1208	0.0717462	0.00393846	0.0432615	0.00391538	0.0925154	0.00740769	0.0119462	0.0109923	0.00940769	0.00665385	0.0981385	0.00866154	0.0177538	0.0179	0.0194308	0.0677769	
0.224723	0.243138	0.129154	0.0352769	0	0	0	0	0.0400154	0.0115615	0.551323	0.0293923	0.00210769	0.00102308	0.627946	0.00121538	0.00150769	0.00746154	0.00138462	0.621938	0.390531	0.0207077	0.199762	0.0212923	0.391008	0.0596538	0.0934385	0.0881923	0.0549769	0.0418923	0.485254	0.0501692	0.121623	0.118954	0.1373	0.254415	
0.0311692	0.0354077	0.0183	0.0262385	0	0	0	0	0.0163154	0.00498462	0.0775308	0.0122846	0.000453846	0.000169231	0.110262	0.000230769	0.000176923	0.00134615	0.000269231	0.109323	0.0631538	0.00355385	0.0407692	0.00363846	0.0889	0.00560769	0.00856154	0.00804615	0.00803077	0.00600769	0.0895846	0.00749231	0.0142	0.0137077	0.0159692	0.0672385	
0.0343308	0.0361692	0.0190692	0.0285231	0	0	0	0	0.0181538	0.00487692	0.0818615	0.0132	0.000284615	0.000153846	0.117308	0.000346154	0.000230769	0.00140769	0.000276923	0.116177	0.0669692	0.00402308	0.0431923	0.00390769	0.0942923	0.00563846	0.00935385	0.00880769	0.0088	0.00645385	0.0953077	0.00753077	0.0146846	0.0146231	0.0165154	0.0722692	
0.0398077	0.0425538	0.0233154	0.0328231	0	0	0	0	0.0209769	0.00603077	0.0959231	0.0155692	0.000438462	0.000261538	0.137615	0.000184615	0.000338462	0.00173846	0.000330769	0.136092	0.0794	0.00423077	0.0504538	0.00441538	0.110631	0.00676923	0.0107308	0.0103692	0.0101923	0.00747692	0.111408	0.00942308	0.0174769	0.018	0.0190769	0.0839462	
0.0300385	0.0321615	0.0173	0.0159615	0.0400154	0.0163154	0.0181538	0.0209769	0	0	0	0	0.0003	0.000123077	0.0948462	0.000192308	0.000153846	0.00117692	0.000269231	0.0938615	0.0554692	0.00338462	0.0332692	0.00333846	0.0695538	0.00604615	0.0104846	0.00937692	0.0061	0.00513077	0.0787077	0.00552308	0.00740769	0.00784615	0.00806154	0.0721462	
0.00835385	0.00946923	0.00483846	0.00479231	0.0115615	0.00498462	0.00487692	0.00603077	0	0	0	0	4.61538e-05	4.61538e-05	0.0273154	4.61538e-05	4.61538e-05	0.000246154	8.46154e-05	0.0270769	0.0159231	0.000992308	0.00945385	0.00108462	0.0196154	0.00206154	0.00279231	0.00298462	0.002	0.00150769	0.0222692	0.00167692	0.00220769	0.0022	0.00239231	0.0206538	
0.269038	0.292223	0.154569	0.0908077	0.551323	0.0775308	0.0818615	0.0959231	0	0	0	0	0.00270769	0.00131538	0.801008	0.00160769	0.00190769	0.00969231	0.00174615	0.793292	0.4879	0.0258923	0.266292	0.0265538	0.544431	0.0649	0.1011	0.0962077	0.0690154	0.0518077	0.622538	0.0632769	0.152892	0.1496	0.171715	0.332431	
0.0226	0.0234154	0.0131308	0.0113	0.0293923	0.0122846	0.0132	0.0155692	0	0	0	0	0.000230769	0.000123077	0.0699615	0.000130769	0.000146154	0.000838462	0.000161538	0.0693	0.0407615	0.00224615	0.0251615	0.00227692	0.0512308	0.00466154	0.00770769	0.00684615	0.00488462	0.00338462	0.0580385	0.00413846	0.00547692	0.00563846	0.00669231	0.0526385	
0.000961538	0.00134615	0.000561538	0.000415385	0.00210769	0.000453846	0.000284615	0.000438462	0.0003	4.61538e-05	0.00270769	0.000230769	0	0	0	0	0	4.61538e-05	0	0.00323846	0.00196154	0.0001	0.00111538	0.000107692	0.00225385	0.000169231	0.000415385	0.000446154	0.000269231	0.000223077	0.00249231	0.0003	0.000561538	0.000538462	0.000746154	0.00143846	
0.000523077	0.000553846	0.000338462	0.000192308	0.00102308	0.000169231	0.000153846	0.000261538	0.000123077	4.61538e-05	0.00131538	0.000123077	0	0	0	0	0	1.53846e-05	2.30769e-05	0.00156923	0.000992308	8.46154e-05	0.000476923	5.38462e-05	0.00112308	0.0002	0.000192308	9.23077e-05	0.000123077	9.23077e-05	0.00126923	0.000123077	0.000246154	0.000207692	0.000276923	0.000876923	
0.327915	0.354754	0.188538	0.121923	0.627946	0.110262	0.117308	0.137615	0.0948462	0.0273154	0.801008	0.0699615	0	0	0	0	0.00224615	0.0118538	0.00223846	0.976792	0.595946	0.0322615	0.331892	0.0330308	0.680162	0.0771385	0.121238	0.114592	0.0814846	0.0613769	0.776262	0.0740077	0.166892	0.1642	0.1875	0.474538	
0.000630769	0.000615385	0.0004	0.000330769	0.00121538	0.000230769	0.000346154	0.000184615	0.000192308	4.61538e-05	0.00160769	0.000130769	0	0	0	0	7.69231e-06	3.84615e-05	0	0.00193077	0.00115385	6.92308e-05	0.000692308	6.15385e-05	0.00129231	0.000161538	0.000238462	0.000284615	0.000123077	0.000138462	0.00153077	0.000184615	0.000284615	0.000338462	0.000338462	0.00101538	
0.000738462	0.000730769	0.000453846	0.000330769	0.00150769	0.000176923	0.000230769	0.000338462	0.000153846	4.61538e-05	0.00190769	0.000146154	0	0	0.00224615	7.69231e-06	0	0	0	0	0.00137692	7.69231e-05	0.000753846	4.61538e-05	0.00148462	0.000230769	0.000330769	0.000207692	0.000184615	0.000123077	0.00176154	0.000184615	0.000392308	0.000323077	0.000461538	0.00107692	
0.004	0.00418462	0.0023	0.00146923	0.00746154	0.00134615	0.00140769	0.00173846	0.00117692	0.000246154	0.00969231	0.000838462	4.61538e-05	1.53846e-05	0.0118538	3.84615e-05	0	0	0	0	0.00718462	0.000376923	0.004	0.000392308	0.00806154	0.00101538	0.00147692	0.0014	0.000976923	0.000776923	0.00933077	0.000869231	0.00186923	0.00192308	0.00231538	0.00584615	
0.000815385	0.000738462	0.000446154	0.000261538	0.00138462	0.000269231	0.000276923	0.000330769	0.000269231	8.46154e-05	0.00174615	0.000161538	0	2.30769e-05	0.00223846	0	0	0	0	0	0.00143077	6.92308e-05	0.000707692	5.38462e-05	0.00157692	0.000146154	0.000246154	0.000292308	0.000184615	0.000138462	0.00175385	0.000184615	0.000346154	0.000369231	0.000376923	0.00116923	
0.324477	0.351615	0.186638	0.1208	0.621938	0.109323	0.116177	0.136092	0.0938615	0.0270769	0.793292	0.0693	0.00323846	0.00156923	0.976792	0.00193077	0	0	0	0	0.590062	0.0319923	0.328715	0.0327615	0.673708	0.0762769	0.120031	0.113515	0.0806538	0.0607923	0.768708	0.0733769	0.165377	0.162669	0.185708	0.469777	
0.198331	0.215615	0.114362	0.0717462	0.390531	0.0631538	0.0669692	0.0794	0.0554692	0.0159231	0.4879	0.0407615	0.00196154	0.000992308	0.595946	0.00115385	0.00137692	0.00718462	0.00143077	0.590062	0	0	0	0	0.370692	0.0565846	0.0886385	0.0841385	0.0666154	0.0501385	0.423062	0.0602385	0.105177	0.103092	0.117662	0.274123	
0.0109846	0.0113692	0.00622308	0.00393846	0.0207077	0.00355385	0.00402308	0.00423077	0.00338462	0.000992308	0.0258923	0.00224615	0.0001	8.46154e-05	0.0322615	6.92308e-05	7.69231e-05	0.000376923	6.92308e-05	0.0319923	0	0	0	0	0.0204154	0.00296154	0.00484615	0.00429231	0.00123846	0.00100769	0.0291692	0.0011	0.0049	0.00524615	0.0061	0.0162692	
0.109477	0.118477	0.0629615	0.0432615	0.199762	0.0407692	0.0431923	0.0504538	0.0332692	0.00945385	0.266292	0.0251615	0.00111538	0.000476923	0.331892	0.000692308	0.000753846	0.004	0.000707692	0.328715	0	0	0	0	0.272862	0.0150231	0.0239308	0.0223615	0.0129	0.00983846	0.299538	0.0119	0.0522615	0.0518385	0.0593769	0.1707	
0.0112385	0.0118077	0.00629231	0.00391538	0.0212923	0.00363846	0.00390769	0.00441538	0.00333846	0.00108462	0.0265538	0.00227692	0.000107692	5.38462e-05	0.0330308	6.15385e-05	4.61538e-05	0.000392308	5.38462e-05	0.0327615	0	0	0	0	0.0208615	0.0031	0.00466923	0.00462308	0.00124615	0.000846154	0.0297846	0.00137692	0.00564615	0.00510769	0.00572308	0.0167769	
0.222631	0.240923	0.128762	0.0925154	0.391008	0.0889	0.0942923	0.110631	0.0695538	0.0196154	0.544431	0.0512308	0.00225385	0.00112308	0.680162	0.00129231	0.00148462	0.00806154	0.00157692	0.673708	0.370692	0.0204154	0.272862	0.0208615	0	0	0	0	0.0525462	0.0392462	0.544385	0.0486538	0.111762	0.110338	0.124962	0.337769	
0.0264923	0.0287846	0.0149846	0.00740769	0.0596538	0.00560769	0.00563846	0.00676923	0.00604615	0.00206154	0.0649	0.00466154	0.000169231	0.0002	0.0771385	0.000161538	0.000230769	0.00101538	0.000146154	0.0762769	0.0565846	0.00296154	0.0150231	0.0031	0	0	0	0	0.00697692	0.00544615	0.0587692	0.00647692	0.0141154	0.0134846	0.0154923	0.0345769	
0.0419385	0.0448538	0.0233462	0.0119462	0.0934385	0.00856154	0.00935385	0.0107308	0.0104846	0.00279231	0.1011	0.00770769	0.000415385	0.000192308	0.121238	0.000238462	0.000330769	0.00147692	0.000246154	0.120031	0.0886385	0.00484615	0.0239308	0.00466923	0	0	0	0	0.0116538	0.00905385	0.0915538	0.00982308	0.0216308	0.0215308	0.0248231	0.0541	
0.0389692	0.0427077	0.0227462	0.0109923	0.0881923	0.00804615	0.00880769	0.0103692	0.00937692	0.00298462	0.0962077	0.00684615	0.000446154	9.23077e-05	0.114592	0.000284615	0.000207692	0.0014	0.000292308	0.113515	0.0841385	0.00429231	0.0223615	0.00462308	0	0	0	0	0.0108231	0.00808462	0.0868462	0.00966154	0.0204769	0.0199308	0.0235846	0.0514231	
0.0273692	0.0298615	0.0153615	0.00940769	0.0549769	0.00803077	0.0088	0.0101923	0.0061	0.002	0.0690154	0.00488462	0.000269231	0.000123077	0.0814846	0.000123077	0.000184615	0.000976923	0.000184615	0.0806538	0.0666154	0.00123846	0.0129	0.00124615	0.0525462	0.00697692	0.0116538	0.0108231	0	0	0	0	0.0181385	0.0176769	0.0203	0.0258846	
0.0207615	0.0226	0.0118154	0.00665385	0.0418923	0.00600769	0.00645385	0.00747692	0.00513077	0.00150769	0.0518077	0.00338462	0.000223077	9.23077e-05	0.0613769	0.000138462	0.000123077	0.000776923	0.000138462	0.0607923	0.0501385	0.00100769	0.00983846	0.000846154	0.0392462	0.00544615	0.00905385	0.00808462	0	0	0	0	0.0137923	0.0138154	0.0157308	0.0184923	
0.256738	0.278085	0.148592	0.0981385	0.485254	0.0895846	0.0953077	0.111408	0.0787077	0.0222692	0.622538	0.0580385	0.00249231	0.00126923	0.776262	0.00153077	0.00176154	0.00933077	0.00175385	0.768708	0.423062	0.0291692	0.299538	0.0297846	0.544385	0.0587692	0.0915538	0.0868462	0	0	0	0	0.119123	0.117208	0.134592	0.410631	
0.0251615	0.0267231	0.0140692	0.00866154	0.0501692	0.00749231	0.00753077	0.00942308	0.00552308	0.00167692	0.0632769	0.00413846	0.0003	0.000123077	0.0740077	0.000184615	0.000184615	0.000869231	0.000184615	0.0733769	0.0602385	0.0011	0.0119	0.00137692	0.0486538	0.00647692	0.00982308	0.00966154	0	0	0	0	0.0169308	0.0165846	0.0182385	0.0228615	
0.0566538	0.0617077	0.0318692	0.0177538	0.121623	0.0142	0.0146846	0.0174769	0.00740769	0.00220769	0.152892	0.00547692	0.000561538	0.000246154	0.166892	0.000284615	0.000392308	0.00186923	0.000346154	0.165377	0.105177	0.0049	0.0522615	0.00564615	0.111762	0.0141154	0.0216308	0.0204769	0.0181385	0.0137923	0.119123	0.0169308	0	0	0	0	
0.0557385	0.0601538	0.0314923	0.0179	0.118954	0.0137077	0.0146231	0.018	0.00784615	0.0022	0.1496	0.00563846	0.000538462	0.000207692	0.1642	0.000338462	0.000323077	0.00192308	0.000369231	0.162669	0.103092	0.00524615	0.0518385	0.00510769	0.110338	0.0134846	0.0215308	0.0199308	0.0176769	0.0138154	0.117208	0.0165846	0	0	0	0	
0.0648692	0.0684769	0.0360846	0.0194308	0.1373	0.0159692	0.0165154	0.0190769	0.00806154	0.00239231	0.171715	0.00669231	0.000746154	0.000276923	0.1875	0.000338462	0.000461538	0.00231538	0.000376923	0.185708	0.117662	0.0061	0.0593769	0.00572308	0.124962	0.0154923	0.0248231	0.0235846	0.0203	0.0157308	0.134592	0.0182385	0	0	0	0	
0.152769	0.166931	0.0903923	0.0677769	0.254415	0.0672385	0.0722692	0.0839462	0.0721462	0.0206538	0.332431	0.0526385	0.00143846	0.000876923	0.474538	0.00101538	0.00107692	0.00584615	0.00116923	0.469777	0.274123	0.0162692	0.1707	0.0167769	0.337769	0.0345769	0.0541	0.0514231	0.0258846	0.0184923	0.410631	0.0228615	0	0	0	0	
