0	0	0	0	0.223254	0.0324769	0.0334846	0.0394385	0.0293385	0.00861538	0.2677	0.023	0.00118462	0.000584615	0.326192	0.000692308	0.000676923	0.00427692	0.000753846	0.322946	0.195685	0.0110538	0.110462	0.0114538	0.221277	0.0269692	0.0412538	0.0391538	0.0265615	0.0199538	0.257623	0.0245154	0.0567154	0.0545385	0.0624154	0.154985	
0	0	0	0	0.244423	0.0335231	0.0366538	0.0431	0.0329769	0.00915385	0.292046	0.0235231	0.00104615	0.000507692	0.3554	0.000746154	0.000676923	0.00446154	0.000876923	0.351685	0.213038	0.0117538	0.120762	0.0121462	0.241369	0.0295385	0.0447077	0.0420846	0.0289615	0.0220846	0.280315	0.0263385	0.0614	0.0599231	0.0679615	0.168415	
0	0	0	0	0.130423	0.0180615	0.0194462	0.0233462	0.0173231	0.00492308	0.1559	0.0131308	0.000607692	0.000330769	0.190008	0.000330769	0.000392308	0.00240769	0.000523077	0.187954	0.113962	0.00633077	0.0642077	0.00677692	0.129023	0.0159385	0.0238462	0.0224692	0.0154308	0.0121615	0.149185	0.0145	0.0332769	0.0316615	0.0362692	0.0900692	
0	0	0	0	0.0349231	0.0262231	0.0284385	0.0327846	0.0151154	0.00436923	0.0907692	0.0121154	0.000507692	0.000253846	0.121408	0.0002	0.000276923	0.00136923	0.000284615	0.120438	0.0718769	0.0038	0.0426231	0.00406923	0.0917615	0.00764615	0.0119308	0.0110308	0.0094	0.00705385	0.0971615	0.00875385	0.0176615	0.0177538	0.0195692	0.0673846	
0.223254	0.244423	0.130423	0.0349231	0	0	0	0	0.0390154	0.0109615	0.552662	0.0303846	0.00214615	0.00102308	0.628508	0.00134615	0.00139231	0.00765385	0.00165385	0.622323	0.385162	0.0212538	0.204377	0.0222308	0.388338	0.0621769	0.0939385	0.0885692	0.0540615	0.0403692	0.488415	0.0501769	0.122746	0.118154	0.135131	0.256992	
0.0324769	0.0335231	0.0180615	0.0262231	0	0	0	0	0.0164	0.0048	0.0766462	0.0124385	0.000338462	0.000192308	0.109546	0.000207692	0.000130769	0.00131538	0.000253846	0.108585	0.0630462	0.00335385	0.0400769	0.00380769	0.0888923	0.00541538	0.00814615	0.00783077	0.00776923	0.00617692	0.0890077	0.00733077	0.0134692	0.0139692	0.0155615	0.0672846	
0.0334846	0.0366538	0.0194462	0.0284385	0	0	0	0	0.0182462	0.00526154	0.0811462	0.0133692	0.000369231	0.000215385	0.117292	0.000146154	0.000238462	0.00158462	0.000230769	0.115969	0.0673231	0.00391538	0.0430769	0.00370769	0.0946385	0.00582308	0.00913846	0.00842308	0.00823077	0.00683077	0.0951615	0.0078	0.0149462	0.0143923	0.0166462	0.0720385	
0.0394385	0.0431	0.0233462	0.0327846	0	0	0	0	0.0210923	0.00603846	0.0959615	0.0155769	0.000492308	0.000246154	0.137662	0.000269231	0.000261538	0.00196154	0.0003	0.136146	0.0790308	0.00441538	0.0505231	0.0047	0.111562	0.00667692	0.0105154	0.00991538	0.0102923	0.00787692	0.1117	0.0088	0.0178923	0.0173615	0.0188769	0.0845385	
0.0293385	0.0329769	0.0173231	0.0151154	0.0390154	0.0164	0.0182462	0.0210923	0	0	0	0	0.000338462	0.000161538	0.0940846	0.000169231	0.000230769	0.00115385	0.000192308	0.0931769	0.0548462	0.00308462	0.0335923	0.00323077	0.0686385	0.00670769	0.0100692	0.00933846	0.00651538	0.00462308	0.0778769	0.00573846	0.00741538	0.00774615	0.00853077	0.0710615	
0.00861538	0.00915385	0.00492308	0.00436923	0.0109615	0.0048	0.00526154	0.00603846	0	0	0	0	0.000146154	4.61538e-05	0.0268231	4.61538e-05	6.15385e-05	0.000369231	3.84615e-05	0.0265923	0.0153769	0.000846154	0.00990769	0.000930769	0.0194923	0.00184615	0.00277692	0.00294615	0.00162308	0.00148462	0.0224077	0.00154615	0.00233846	0.0019	0.00236154	0.0204615	
0.2677	0.292046	0.1559	0.0907692	0.552662	0.0766462	0.0811462	0.0959615	0	0	0	0	0.0026	0.00139231	0.8008	0.00162308	0.00161538	0.0100385	0.00206923	0.792692	0.482746	0.0265154	0.269492	0.0276615	0.543246	0.0665692	0.101154	0.0954462	0.0674077	0.0514769	0.624823	0.0627077	0.153892	0.148331	0.168654	0.335538	
0.023	0.0235231	0.0131308	0.0121154	0.0303846	0.0124385	0.0133692	0.0155769	0	0	0	0	0.000261538	7.69231e-05	0.0713	0.000130769	0.000115385	0.000953846	0.000138462	0.0705615	0.0415923	0.00249231	0.0250615	0.00262308	0.0520538	0.00496923	0.00773846	0.00700769	0.00480769	0.00366923	0.0591769	0.00411538	0.00540769	0.0059	0.00666923	0.0537923	
0.00118462	0.00104615	0.000607692	0.000507692	0.00214615	0.000338462	0.000369231	0.000492308	0.000338462	0.000146154	0.0026	0.000261538	0	0	0	0	7.69231e-06	3.07692e-05	2.30769e-05	0.00328462	0.0021	0.000115385	0.00102308	0.000107692	0.00232308	0.0002	0.000415385	0.000407692	0.000253846	0.000238462	0.00261538	0.000238462	0.000569231	0.0006	0.000692308	0.00148462	
0.000584615	0.000507692	0.000330769	0.000253846	0.00102308	0.000192308	0.000215385	0.000246154	0.000161538	4.61538e-05	0.00139231	7.69231e-05	0	0	0	0	0	2.30769e-05	7.69231e-06	0.00164615	0.000961538	3.84615e-05	0.0006	7.69231e-05	0.00107692	0.000184615	0.000246154	0.000169231	0.0001	0.0001	0.00133077	0.000146154	0.000353846	0.000276923	0.000307692	0.000738462	
0.326192	0.3554	0.190008	0.121408	0.628508	0.109546	0.117292	0.137662	0.0940846	0.0268231	0.8008	0.0713	0	0	0	0	0.00201538	0.0124231	0.00240769	0.976162	0.590285	0.0327231	0.335808	0.0341923	0.678731	0.0795154	0.120785	0.113977	0.0798231	0.0607923	0.778769	0.0736231	0.167715	0.162615	0.184892	0.477785	
0.000692308	0.000746154	0.000330769	0.0002	0.00134615	0.000207692	0.000146154	0.000269231	0.000169231	4.61538e-05	0.00162308	0.000130769	0	0	0	0	0	3.84615e-05	0	0.00193077	0.00121538	6.15385e-05	0.000623077	6.92308e-05	0.0013	0.000192308	0.000292308	0.000184615	0.000176923	0.000123077	0.00156923	0.0001	0.000415385	0.000384615	0.000323077	0.000846154	
0.000676923	0.000676923	0.000392308	0.000276923	0.00139231	0.000130769	0.000238462	0.000261538	0.000230769	6.15385e-05	0.00161538	0.000115385	7.69231e-06	0	0.00201538	0	0	0	0	0	0.00128462	3.84615e-05	0.000623077	7.69231e-05	0.00134615	0.000184615	0.000246154	0.000246154	0.000207692	0.000123077	0.00160769	8.46154e-05	0.000353846	0.000323077	0.000338462	0.00100769	
0.00427692	0.00446154	0.00240769	0.00136923	0.00765385	0.00131538	0.00158462	0.00196154	0.00115385	0.000369231	0.0100385	0.000953846	3.07692e-05	2.30769e-05	0.0124231	3.84615e-05	0	0	0	0	0.00762308	0.000369231	0.00404615	0.000476923	0.00859231	0.00102308	0.0016	0.0013	0.000930769	0.000753846	0.00985385	0.000976923	0.00208462	0.00200769	0.0023	0.00612308	
0.000753846	0.000876923	0.000523077	0.000284615	0.00165385	0.000253846	0.000230769	0.0003	0.000192308	3.84615e-05	0.00206923	0.000138462	2.30769e-05	7.69231e-06	0.00240769	0	0	0	0	0	0.00152308	0.000115385	0.000730769	6.92308e-05	0.00155385	0.0002	0.000376923	0.000307692	0.000184615	0.000153846	0.00189231	0.000207692	0.000423077	0.000407692	0.000453846	0.00115385	
0.322946	0.351685	0.187954	0.120438	0.622323	0.108585	0.115969	0.136146	0.0931769	0.0265923	0.792692	0.0705615	0.00328462	0.00164615	0.976162	0.00193077	0	0	0	0	0.584131	0.0324154	0.332654	0.0338231	0.671938	0.0786846	0.119515	0.112885	0.0790308	0.0602231	0.770931	0.0728385	0.166192	0.161138	0.183123	0.472569	
0.195685	0.213038	0.113962	0.0718769	0.385162	0.0630462	0.0673231	0.0790308	0.0548462	0.0153769	0.482746	0.0415923	0.0021	0.000961538	0.590285	0.00121538	0.00128462	0.00762308	0.00152308	0.584131	0	0	0	0	0.366631	0.0576846	0.0878615	0.0823846	0.0649923	0.0498846	0.419654	0.0600308	0.104892	0.101062	0.114146	0.274462	
0.0110538	0.0117538	0.00633077	0.0038	0.0212538	0.00335385	0.00391538	0.00441538	0.00308462	0.000846154	0.0265154	0.00249231	0.000115385	3.84615e-05	0.0327231	6.15385e-05	3.84615e-05	0.000369231	0.000115385	0.0324154	0	0	0	0	0.0205692	0.00305385	0.00471538	0.0046	0.0011	0.000892308	0.0298308	0.00111538	0.00521538	0.00526923	0.00583077	0.0166231	
0.110462	0.120762	0.0642077	0.0426231	0.204377	0.0400769	0.0430769	0.0505231	0.0335923	0.00990769	0.269492	0.0250615	0.00102308	0.0006	0.335808	0.000623077	0.000623077	0.00404615	0.000730769	0.332654	0	0	0	0	0.275054	0.0158846	0.0242154	0.0229	0.0129077	0.00946923	0.303815	0.0118615	0.0532154	0.0522077	0.0601462	0.172485	
0.0114538	0.0121462	0.00677692	0.00406923	0.0222308	0.00380769	0.00370769	0.0047	0.00323077	0.000930769	0.0276615	0.00262308	0.000107692	7.69231e-05	0.0341923	6.92308e-05	7.69231e-05	0.000476923	6.92308e-05	0.0338231	0	0	0	0	0.0211769	0.00346923	0.00494615	0.00485385	0.00135385	0.00100769	0.0309846	0.0011	0.00573077	0.00533846	0.00609231	0.0172846	
0.221277	0.241369	0.129023	0.0917615	0.388338	0.0888923	0.0946385	0.111562	0.0686385	0.0194923	0.543246	0.0520538	0.00232308	0.00107692	0.678731	0.0013	0.00134615	0.00859231	0.00155385	0.671938	0.366631	0.0205692	0.275054	0.0211769	0	0	0	0	0.0509231	0.0389308	0.546154	0.0474231	0.111462	0.108608	0.1237	0.339662	
0.0269692	0.0295385	0.0159385	0.00764615	0.0621769	0.00541538	0.00582308	0.00667692	0.00670769	0.00184615	0.0665692	0.00496923	0.0002	0.000184615	0.0795154	0.000192308	0.000184615	0.00102308	0.0002	0.0786846	0.0576846	0.00305385	0.0158846	0.00346923	0	0	0	0	0.00780769	0.00562308	0.0599385	0.00672308	0.0150538	0.0140231	0.0155	0.0355154	
0.0412538	0.0447077	0.0238462	0.0119308	0.0939385	0.00814615	0.00913846	0.0105154	0.0100692	0.00277692	0.101154	0.00773846	0.000415385	0.000246154	0.120785	0.000292308	0.000246154	0.0016	0.000376923	0.119515	0.0878615	0.00471538	0.0242154	0.00494615	0	0	0	0	0.0110077	0.00839231	0.0920769	0.0102615	0.0221	0.0212615	0.0243154	0.0540615	
0.0391538	0.0420846	0.0224692	0.0110308	0.0885692	0.00783077	0.00842308	0.00991538	0.00933846	0.00294615	0.0954462	0.00700769	0.000407692	0.000169231	0.113977	0.000184615	0.000246154	0.0013	0.000307692	0.112885	0.0823846	0.0046	0.0229	0.00485385	0	0	0	0	0.0106154	0.00830769	0.0861154	0.0097	0.0204385	0.0199846	0.0227	0.0516154	
0.0265615	0.0289615	0.0154308	0.0094	0.0540615	0.00776923	0.00823077	0.0102923	0.00651538	0.00162308	0.0674077	0.00480769	0.000253846	0.0001	0.0798231	0.000176923	0.000207692	0.000930769	0.000184615	0.0790308	0.0649923	0.0011	0.0129077	0.00135385	0.0509231	0.00780769	0.0110077	0.0106154	0	0	0	0	0.0177	0.0176769	0.0198077	0.0251692	
0.0199538	0.0220846	0.0121615	0.00705385	0.0403692	0.00617692	0.00683077	0.00787692	0.00462308	0.00148462	0.0514769	0.00366923	0.000238462	0.0001	0.0607923	0.000123077	0.000123077	0.000753846	0.000153846	0.0602231	0.0498846	0.000892308	0.00946923	0.00100769	0.0389308	0.00562308	0.00839231	0.00830769	0	0	0	0	0.0133615	0.0132923	0.0154308	0.0191692	
0.257623	0.280315	0.149185	0.0971615	0.488415	0.0890077	0.0951615	0.1117	0.0778769	0.0224077	0.624823	0.0591769	0.00261538	0.00133077	0.778769	0.00156923	0.00160769	0.00985385	0.00189231	0.770931	0.419654	0.0298308	0.303815	0.0309846	0.546154	0.0599385	0.0920769	0.0861154	0	0	0	0	0.120792	0.116592	0.132692	0.414208	
0.0245154	0.0263385	0.0145	0.00875385	0.0501769	0.00733077	0.0078	0.0088	0.00573846	0.00154615	0.0627077	0.00411538	0.000238462	0.000146154	0.0736231	0.0001	8.46154e-05	0.000976923	0.000207692	0.0728385	0.0600308	0.00111538	0.0118615	0.0011	0.0474231	0.00672308	0.0102615	0.0097	0	0	0	0	0.0172	0.0163154	0.0182846	0.0223077	
0.0567154	0.0614	0.0332769	0.0176615	0.122746	0.0134692	0.0149462	0.0178923	0.00741538	0.00233846	0.153892	0.00540769	0.000569231	0.000353846	0.167715	0.000415385	0.000353846	0.00208462	0.000423077	0.166192	0.104892	0.00521538	0.0532154	0.00573077	0.111462	0.0150538	0.0221	0.0204385	0.0177	0.0133615	0.120792	0.0172	0	0	0	0	
0.0545385	0.0599231	0.0316615	0.0177538	0.118154	0.0139692	0.0143923	0.0173615	0.00774615	0.0019	0.148331	0.0059	0.0006	0.000276923	0.162615	0.000384615	0.000323077	0.00200769	0.000407692	0.161138	0.101062	0.00526923	0.0522077	0.00533846	0.108608	0.0140231	0.0212615	0.0199846	0.0176769	0.0132923	0.116592	0.0163154	0	0	0	0	
0.0624154	0.0679615	0.0362692	0.0195692	0.135131	0.0155615	0.0166462	0.0188769	0.00853077	0.00236154	0.168654	0.00666923	0.000692308	0.000307692	0.184892	0.000323077	0.000338462	0.0023	0.000453846	0.183123	0.114146	0.00583077	0.0601462	0.00609231	0.1237	0.0155	0.0243154	0.0227	0.0198077	0.0154308	0.132692	0.0182846	0	0	0	0	
0.154985	0.168415	0.0900692	0.0673846	0.256992	0.0672846	0.0720385	0.0845385	0.0710615	0.0204615	0.335538	0.0537923	0.00148462	0.000738462	0.477785	0.000846154	0.00100769	0.00612308	0.00115385	0.472569	0.274462	0.0166231	0.172485	0.0172846	0.339662	0.0355154	0.0540615	0.0516154	0.0251692	0.0191692	0.414208	0.0223077	0	0	0	0	
