0	0	0	0	0.225177	0.0307846	0.0335769	0.0389692	0.0303	0.00854615	0.268392	0.0212692	0.0009	0.000569231	0.3264	0.000638462	0.000630769	0.00420769	0.000784615	0.322885	0.196623	0.0106385	0.109777	0.0114692	0.222285	0.0267	0.0406231	0.0389	0.0264923	0.0201231	0.2567	0.0251923	0.0561923	0.0558923	0.0626846	0.153738	
0	0	0	0	0.244185	0.0347769	0.0367769	0.0431308	0.0327615	0.00943077	0.291815	0.0248615	0.00118462	0.000561538	0.356408	0.000715385	0.000761538	0.00454615	0.000715385	0.352846	0.214538	0.0115462	0.120015	0.0127692	0.243638	0.0290846	0.0443154	0.0418308	0.0296	0.0223846	0.280562	0.0263231	0.0617385	0.0602	0.0685615	0.168369	
0	0	0	0	0.130431	0.0178615	0.0196538	0.0228923	0.0177615	0.00498462	0.155192	0.0129	0.000607692	0.000338462	0.189562	0.000330769	0.000469231	0.00251538	0.0004	0.187454	0.114154	0.00641538	0.0637846	0.00648462	0.129931	0.0148923	0.0234385	0.0225769	0.0158846	0.0112462	0.1496	0.0141077	0.0331692	0.0319769	0.0370462	0.0886462	
0	0	0	0	0.0348077	0.0256308	0.0285308	0.0328154	0.0151846	0.00422308	0.0910308	0.0113462	0.000330769	0.0002	0.121038	0.000215385	0.000215385	0.00156923	0.000315385	0.119685	0.0718077	0.00394615	0.0422385	0.00379231	0.0913077	0.00746154	0.0118231	0.0111923	0.00945385	0.00725385	0.0960846	0.00899231	0.0177538	0.0168692	0.0197846	0.0673769	
0.225177	0.244185	0.130431	0.0348077	0	0	0	0	0.0405692	0.0116923	0.552323	0.0300154	0.00186154	0.0011	0.630385	0.00125385	0.00136154	0.00800769	0.0014	0.623831	0.388538	0.0210769	0.202485	0.0225	0.393408	0.0601846	0.0923538	0.0886538	0.0543692	0.0408692	0.489685	0.0496769	0.122246	0.119823	0.136015	0.256515	
0.0307846	0.0347769	0.0178615	0.0256308	0	0	0	0	0.0167769	0.00470769	0.0758769	0.0116923	0.000323077	0.000107692	0.108446	0.000176923	0.000323077	0.00164615	0.000261538	0.106823	0.0618	0.00317692	0.0403077	0.00376923	0.0881923	0.00516154	0.00833077	0.00736923	0.00756154	0.00616923	0.0874462	0.00787692	0.0137385	0.0133462	0.0159462	0.0660231	
0.0335769	0.0367769	0.0196538	0.0285308	0	0	0	0	0.0176385	0.00496154	0.0824231	0.0135154	0.000369231	0.0002	0.117685	0.000284615	0.000169231	0.00152308	0.000292308	0.116554	0.0675692	0.00384615	0.0433	0.00382308	0.0950231	0.00576154	0.00916154	0.00859231	0.00893846	0.00657692	0.0953154	0.00770769	0.0150846	0.0146769	0.0168692	0.0719077	
0.0389692	0.0431308	0.0228923	0.0328154	0	0	0	0	0.0210231	0.00582308	0.0958077	0.0151538	0.000469231	0.000261538	0.136892	0.000184615	0.000223077	0.00166154	0.000261538	0.135662	0.0792154	0.00444615	0.0497231	0.00442308	0.110538	0.00703077	0.0103538	0.00988462	0.0105615	0.00739231	0.1105	0.00935385	0.0177846	0.0170923	0.0192462	0.0836846	
0.0303	0.0327615	0.0177615	0.0151846	0.0405692	0.0167769	0.0176385	0.0210231	0	0	0	0	0.000284615	0.000146154	0.0954	0.000176923	0.000207692	0.00119231	0.000238462	0.0943692	0.0550077	0.00323846	0.0344462	0.00331538	0.0705769	0.00643846	0.00946923	0.00952308	0.00663077	0.00498462	0.0788385	0.00555385	0.00763077	0.00757692	0.00883846	0.0719615	
0.00854615	0.00943077	0.00498462	0.00422308	0.0116923	0.00470769	0.00496154	0.00582308	0	0	0	0	8.46154e-05	1.53846e-05	0.0270231	6.15385e-05	3.07692e-05	0.000346154	5.38462e-05	0.0267538	0.0156923	0.000830769	0.00958462	0.00107692	0.0195308	0.00178462	0.00299231	0.00287692	0.00196154	0.00115385	0.0223231	0.00174615	0.00238462	0.00217692	0.0023	0.0203231	
0.268392	0.291815	0.155192	0.0910308	0.552323	0.0758769	0.0824231	0.0958077	0	0	0	0	0.00233846	0.00140769	0.801138	0.00154615	0.0017	0.0103692	0.0018	0.792562	0.485969	0.0261615	0.266746	0.0275538	0.545877	0.0652692	0.100438	0.0948462	0.0678846	0.0515077	0.624015	0.0630231	0.152992	0.149708	0.170523	0.333208	
0.0212692	0.0248615	0.0129	0.0113462	0.0300154	0.0116923	0.0135154	0.0151538	0	0	0	0	0.000315385	0.0001	0.0698462	0.000115385	0.000138462	0.000930769	0.000123077	0.0691846	0.0404538	0.00231538	0.0250385	0.00256923	0.0511769	0.00464615	0.0073	0.00725385	0.00495385	0.00336154	0.0577692	0.00429231	0.00584615	0.00547692	0.00641538	0.0526385	
0.0009	0.00118462	0.000607692	0.000330769	0.00186154	0.000323077	0.000369231	0.000469231	0.000284615	8.46154e-05	0.00233846	0.000315385	0	0	0	0	1.53846e-05	3.84615e-05	0	0.00296923	0.00181538	6.92308e-05	0.000992308	0.000146154	0.00202308	0.000269231	0.000361538	0.000369231	0.000246154	0.000192308	0.00242308	0.000161538	0.0005	0.000423077	0.000569231	0.00153077	
0.000569231	0.000561538	0.000338462	0.0002	0.0011	0.000107692	0.0002	0.000261538	0.000146154	1.53846e-05	0.00140769	0.0001	0	0	0	0	0	4.61538e-05	0	0.00162308	0.00108462	4.61538e-05	0.000492308	4.61538e-05	0.00116154	0.000153846	0.000253846	0.0001	0.000138462	6.15385e-05	0.00135385	0.000115385	0.000269231	0.000246154	0.000330769	0.000823077	
0.3264	0.356408	0.189562	0.121038	0.630385	0.108446	0.117685	0.136892	0.0954	0.0270231	0.801138	0.0698462	0	0	0	0	0.00206154	0.0127308	0.00221538	0.9764	0.593131	0.0323538	0.333685	0.0342385	0.682646	0.0775231	0.119362	0.113877	0.0808462	0.0606077	0.777715	0.0742385	0.167677	0.163969	0.186838	0.474923	
0.000638462	0.000715385	0.000330769	0.000215385	0.00125385	0.000176923	0.000284615	0.000184615	0.000176923	6.15385e-05	0.00154615	0.000115385	0	0	0	0	0	2.30769e-05	0	0.00187692	0.00109231	7.69231e-05	0.000646154	8.46154e-05	0.00133077	0.000192308	0.000223077	0.000153846	0.0002	0.000146154	0.00145385	0.0001	0.000407692	0.0003	0.000338462	0.000853846	
0.000630769	0.000761538	0.000469231	0.000215385	0.00136154	0.000323077	0.000169231	0.000223077	0.000207692	3.07692e-05	0.0017	0.000138462	1.53846e-05	0	0.00206154	0	0	0	0	0	0.00130769	3.07692e-05	0.000676923	6.15385e-05	0.00132308	0.000146154	0.0003	0.000307692	0.000184615	0.000138462	0.00159231	0.000161538	0.000376923	0.000307692	0.000384615	0.00100769	
0.00420769	0.00454615	0.00251538	0.00156923	0.00800769	0.00164615	0.00152308	0.00166154	0.00119231	0.000346154	0.0103692	0.000930769	3.84615e-05	4.61538e-05	0.0127308	2.30769e-05	0	0	0	0	0.00747692	0.000461538	0.00450769	0.000392308	0.00908462	0.00103846	0.00144615	0.00126923	0.00106154	0.000823077	0.00987692	0.00107692	0.00230769	0.00203077	0.00232308	0.00617692	
0.000784615	0.000715385	0.0004	0.000315385	0.0014	0.000261538	0.000292308	0.000261538	0.000238462	5.38462e-05	0.0018	0.000123077	0	0	0.00221538	0	0	0	0	0	0.00138462	6.92308e-05	0.000692308	6.92308e-05	0.00148462	0.000161538	0.000323077	0.000246154	0.000230769	0.0002	0.00158462	0.0002	0.000407692	0.000384615	0.0004	0.00102308	
0.322885	0.352846	0.187454	0.119685	0.623831	0.106823	0.116554	0.135662	0.0943692	0.0267538	0.792562	0.0691846	0.00296923	0.00162308	0.9764	0.00187692	0	0	0	0	0.586954	0.0319846	0.329938	0.0339923	0.675269	0.0767923	0.118131	0.112677	0.0799538	0.0598462	0.769892	0.0731769	0.165762	0.162215	0.184969	0.469923	
0.196623	0.214538	0.114154	0.0718077	0.388538	0.0618	0.0675692	0.0792154	0.0550077	0.0156923	0.485969	0.0404538	0.00181538	0.00108462	0.593131	0.00109231	0.00130769	0.00747692	0.00138462	0.586954	0	0	0	0	0.371415	0.0563923	0.0869923	0.0823231	0.0658538	0.0498	0.420885	0.0605846	0.1049	0.102254	0.116869	0.2731	
0.0106385	0.0115462	0.00641538	0.00394615	0.0210769	0.00317692	0.00384615	0.00444615	0.00323846	0.000830769	0.0261615	0.00231538	6.92308e-05	4.61538e-05	0.0323538	7.69231e-05	3.07692e-05	0.000461538	6.92308e-05	0.0319846	0	0	0	0	0.0201231	0.0032	0.00443077	0.00479231	0.00147692	0.000846154	0.0291	0.00112308	0.00526923	0.00518462	0.00574615	0.0163462	
0.109777	0.120015	0.0637846	0.0422385	0.202485	0.0403077	0.0433	0.0497231	0.0344462	0.00958462	0.266746	0.0250385	0.000992308	0.000492308	0.333685	0.000646154	0.000676923	0.00450769	0.000692308	0.329938	0	0	0	0	0.274369	0.0151462	0.0237385	0.0225615	0.0129231	0.00931538	0.302	0.0115769	0.0533154	0.0518154	0.0593077	0.171377	
0.0114692	0.0127692	0.00648462	0.00379231	0.0225	0.00376923	0.00382308	0.00442308	0.00331538	0.00107692	0.0275538	0.00256923	0.000146154	4.61538e-05	0.0342385	8.46154e-05	6.15385e-05	0.000392308	6.92308e-05	0.0339923	0	0	0	0	0.0212538	0.0034	0.00503846	0.00482308	0.00117692	0.00104615	0.0309615	0.00133077	0.00536923	0.00568462	0.00615385	0.0173077	
0.222285	0.243638	0.129931	0.0913077	0.393408	0.0881923	0.0950231	0.110538	0.0705769	0.0195308	0.545877	0.0511769	0.00202308	0.00116154	0.682646	0.00133077	0.00132308	0.00908462	0.00148462	0.675269	0.371415	0.0201231	0.274369	0.0212538	0	0	0	0	0.0531615	0.0397846	0.545608	0.0486077	0.112362	0.110638	0.125615	0.338546	
0.0267	0.0290846	0.0148923	0.00746154	0.0601846	0.00516154	0.00576154	0.00703077	0.00643846	0.00178462	0.0652692	0.00464615	0.000269231	0.000153846	0.0775231	0.000192308	0.000146154	0.00103846	0.000161538	0.0767923	0.0563923	0.0032	0.0151462	0.0034	0	0	0	0	0.00701538	0.00503077	0.0594077	0.00668462	0.0141769	0.0135692	0.0153769	0.0350154	
0.0406231	0.0443154	0.0234385	0.0118231	0.0923538	0.00833077	0.00916154	0.0103538	0.00946923	0.00299231	0.100438	0.0073	0.000361538	0.000253846	0.119362	0.000223077	0.0003	0.00144615	0.000323077	0.118131	0.0869923	0.00443077	0.0237385	0.00503846	0	0	0	0	0.011	0.008	0.0916	0.0096	0.0216308	0.0209538	0.0241923	0.0534231	
0.0389	0.0418308	0.0225769	0.0111923	0.0886538	0.00736923	0.00859231	0.00988462	0.00952308	0.00287692	0.0948462	0.00725385	0.000369231	0.0001	0.113877	0.000153846	0.000307692	0.00126923	0.000246154	0.112677	0.0823231	0.00479231	0.0225615	0.00482308	0	0	0	0	0.0102538	0.00819231	0.0863308	0.00972308	0.0206846	0.0197769	0.0228923	0.0511462	
0.0264923	0.0296	0.0158846	0.00945385	0.0543692	0.00756154	0.00893846	0.0105615	0.00663077	0.00196154	0.0678846	0.00495385	0.000246154	0.000138462	0.0808462	0.0002	0.000184615	0.00106154	0.000230769	0.0799538	0.0658538	0.00147692	0.0129231	0.00117692	0.0531615	0.00701538	0.011	0.0102538	0	0	0	0	0.0183462	0.0182154	0.0197923	0.0250769	
0.0201231	0.0223846	0.0112462	0.00725385	0.0408692	0.00616923	0.00657692	0.00739231	0.00498462	0.00115385	0.0515077	0.00336154	0.000192308	6.15385e-05	0.0606077	0.000146154	0.000138462	0.000823077	0.0002	0.0598462	0.0498	0.000846154	0.00931538	0.00104615	0.0397846	0.00503077	0.008	0.00819231	0	0	0	0	0.0133385	0.0134154	0.0156231	0.0186308	
0.2567	0.280562	0.1496	0.0960846	0.489685	0.0874462	0.0953154	0.1105	0.0788385	0.0223231	0.624015	0.0577692	0.00242308	0.00135385	0.777715	0.00145385	0.00159231	0.00987692	0.00158462	0.769892	0.420885	0.0291	0.302	0.0309615	0.545608	0.0594077	0.0916	0.0863308	0	0	0	0	0.120369	0.117354	0.133738	0.411485	
0.0251923	0.0263231	0.0141077	0.00899231	0.0496769	0.00787692	0.00770769	0.00935385	0.00555385	0.00174615	0.0630231	0.00429231	0.000161538	0.000115385	0.0742385	0.0001	0.000161538	0.00107692	0.0002	0.0731769	0.0605846	0.00112308	0.0115769	0.00133077	0.0486077	0.00668462	0.0096	0.00972308	0	0	0	0	0.0168	0.0159538	0.0189231	0.0229385	
0.0561923	0.0617385	0.0331692	0.0177538	0.122246	0.0137385	0.0150846	0.0177846	0.00763077	0.00238462	0.152992	0.00584615	0.0005	0.000269231	0.167677	0.000407692	0.000376923	0.00230769	0.000407692	0.165762	0.1049	0.00526923	0.0533154	0.00536923	0.112362	0.0141769	0.0216308	0.0206846	0.0183462	0.0133385	0.120369	0.0168	0	0	0	0	
0.0558923	0.0602	0.0319769	0.0168692	0.119823	0.0133462	0.0146769	0.0170923	0.00757692	0.00217692	0.149708	0.00547692	0.000423077	0.000246154	0.163969	0.0003	0.000307692	0.00203077	0.000384615	0.162215	0.102254	0.00518462	0.0518154	0.00568462	0.110638	0.0135692	0.0209538	0.0197769	0.0182154	0.0134154	0.117354	0.0159538	0	0	0	0	
0.0626846	0.0685615	0.0370462	0.0197846	0.136015	0.0159462	0.0168692	0.0192462	0.00883846	0.0023	0.170523	0.00641538	0.000569231	0.000330769	0.186838	0.000338462	0.000384615	0.00232308	0.0004	0.184969	0.116869	0.00574615	0.0593077	0.00615385	0.125615	0.0153769	0.0241923	0.0228923	0.0197923	0.0156231	0.133738	0.0189231	0	0	0	0	
0.153738	0.168369	0.0886462	0.0673769	0.256515	0.0660231	0.0719077	0.0836846	0.0719615	0.0203231	0.333208	0.0526385	0.00153077	0.000823077	0.474923	0.000853846	0.00100769	0.00617692	0.00102308	0.469923	0.2731	0.0163462	0.171377	0.0173077	0.338546	0.0350154	0.0534231	0.0511462	0.0250769	0.0186308	0.411485	0.0229385	0	0	0	0	
