0	0	0	0	0.221931	0.0321154	0.0333923	0.0402846	0.0302615	0.00880769	0.266185	0.0224692	0.000969231	0.000538462	0.325462	0.000753846	0.000884615	0.00383077	0.000769231	0.322238	0.196323	0.0103923	0.109662	0.0113462	0.221738	0.0258308	0.0410769	0.0390769	0.0275462	0.0199077	0.255515	0.0247538	0.0565538	0.0543538	0.0633154	0.1535	
0	0	0	0	0.243015	0.0356385	0.0379385	0.0434	0.0321154	0.00956923	0.292931	0.0253769	0.00122308	0.000692308	0.357315	0.000761538	0.0006	0.00453846	0.000853846	0.354	0.2149	0.0120538	0.121085	0.0119538	0.243931	0.0290692	0.0455462	0.0414462	0.0295	0.0226923	0.280854	0.0269462	0.0629615	0.0599154	0.0685769	0.168538	
0	0	0	0	0.129262	0.0181077	0.0197615	0.0229308	0.0171923	0.00511538	0.154192	0.0135615	0.000430769	0.000392308	0.188762	0.000476923	0.000392308	0.00249231	0.000453846	0.186723	0.113838	0.00616154	0.0635077	0.00655385	0.128285	0.0150692	0.0241231	0.0225846	0.0157692	0.0122385	0.147677	0.0143769	0.0326154	0.0316	0.0357231	0.0901231	
0	0	0	0	0.0377462	0.0255462	0.0266462	0.0322846	0.0150923	0.00460769	0.0909923	0.0115308	0.000346154	0.000215385	0.121377	0.000284615	0.000246154	0.00146923	0.000361538	0.120146	0.0715538	0.00406923	0.0425	0.0041	0.0906154	0.00796923	0.0122231	0.0114154	0.00946923	0.00678462	0.0973462	0.00862308	0.0180231	0.0169	0.0202231	0.0670769	
0.221931	0.243015	0.129262	0.0377462	0	0	0	0	0.0393692	0.0114231	0.551462	0.0297	0.0019	0.00116154	0.627415	0.00147692	0.00137692	0.00803077	0.00159231	0.620954	0.386638	0.0211308	0.202208	0.0219769	0.389931	0.0599077	0.0944385	0.0876769	0.0550385	0.0418308	0.485569	0.0495154	0.123008	0.118377	0.135577	0.254992	
0.0321154	0.0356385	0.0181077	0.0255462	0	0	0	0	0.0166538	0.00505385	0.0769308	0.0127692	0.000238462	0.000238462	0.110723	0.000207692	0.000184615	0.00140769	0.000307692	0.109508	0.0631692	0.00366923	0.0410308	0.00353846	0.0893231	0.00513077	0.00846923	0.00848462	0.00823077	0.00619231	0.0894	0.00758462	0.0139385	0.0135462	0.0157	0.0682231	
0.0333923	0.0379385	0.0197615	0.0266462	0	0	0	0	0.0173	0.00517692	0.0810231	0.0142385	0.0004	0.000207692	0.116823	0.000307692	0.000284615	0.00145385	0.000230769	0.115769	0.0672385	0.00360769	0.0428462	0.00404615	0.0944385	0.00561538	0.00923077	0.00845385	0.00888462	0.00633846	0.0946308	0.00788462	0.0152769	0.0140462	0.0166308	0.0717846	
0.0402846	0.0434	0.0229308	0.0322846	0	0	0	0	0.0213385	0.00644615	0.0948846	0.0162308	0.000430769	0.000230769	0.137954	0.000284615	0.000276923	0.00143846	0.000307692	0.136877	0.0795692	0.00426923	0.0506692	0.00439231	0.110877	0.00728462	0.0108308	0.00990769	0.0101308	0.00726154	0.111792	0.00971538	0.0179308	0.0168	0.0199308	0.0842385	
0.0302615	0.0321154	0.0171923	0.0150923	0.0393692	0.0166538	0.0173	0.0213385	0	0	0	0	0.000307692	0.000215385	0.0939308	0.000207692	0.000176923	0.00106923	0.000261538	0.0931538	0.0547846	0.00315385	0.0336308	0.00309231	0.0685769	0.00635385	0.0104462	0.00928462	0.00642308	0.00478462	0.0777308	0.00572308	0.00803846	0.00733077	0.00884615	0.0704462	
0.00880769	0.00956923	0.00511538	0.00460769	0.0114231	0.00505385	0.00517692	0.00644615	0	0	0	0	6.92308e-05	7.69231e-05	0.0278923	6.15385e-05	6.92308e-05	0.000376923	0.0001	0.0275538	0.0162462	0.00101538	0.00990769	0.000930769	0.0202	0.00202308	0.00301538	0.00286154	0.00192308	0.00134615	0.0230923	0.00173846	0.00213846	0.00213846	0.00257692	0.0212462	
0.266185	0.292931	0.154192	0.0909923	0.551462	0.0769308	0.0810231	0.0948846	0	0	0	0	0.00237692	0.00146923	0.798638	0.00181538	0.00170769	0.00986154	0.00189231	0.790838	0.483669	0.0260692	0.267054	0.0275077	0.542731	0.0649308	0.101492	0.0951462	0.0691846	0.0518615	0.620431	0.0628231	0.154154	0.147731	0.169808	0.332608	
0.0224692	0.0253769	0.0135615	0.0115308	0.0297	0.0127692	0.0142385	0.0162308	0	0	0	0	0.000215385	7.69231e-05	0.0724538	0.000192308	0.000169231	0.00102308	0.000184615	0.0715615	0.0419154	0.00243846	0.0261615	0.00242308	0.0530615	0.00463077	0.00801538	0.00723077	0.00475385	0.00363077	0.0601385	0.00441538	0.00582308	0.00556923	0.00660769	0.0549385	
0.000969231	0.00122308	0.000430769	0.000346154	0.0019	0.000238462	0.0004	0.000430769	0.000307692	6.92308e-05	0.00237692	0.000215385	0	0	0	0	0	5.38462e-05	1.53846e-05	0.0029	0.00175385	0.000146154	0.000969231	0.0001	0.00203077	0.000284615	0.000323077	0.000330769	0.000238462	0.0002	0.00231538	0.000215385	0.000423077	0.000453846	0.000576923	0.00151538	
0.000538462	0.000692308	0.000392308	0.000215385	0.00116154	0.000238462	0.000207692	0.000230769	0.000215385	7.69231e-05	0.00146923	7.69231e-05	0	0	0	0	0	3.84615e-05	0	0.0018	0.00105385	5.38462e-05	0.000653846	7.69231e-05	0.00127692	0.000115385	0.000230769	0.000215385	0.000107692	0.000184615	0.00136154	0.000184615	0.000369231	0.000169231	0.000384615	0.000915385	
0.325462	0.357315	0.188762	0.121377	0.627415	0.110723	0.116823	0.137954	0.0939308	0.0278923	0.798638	0.0724538	0	0	0	0	0.00212308	0.0122077	0.00241538	0.976169	0.592446	0.0324154	0.334385	0.0336692	0.679669	0.0773308	0.122146	0.113769	0.0817385	0.0611308	0.775923	0.0741231	0.168954	0.1618	0.186431	0.475731	
0.000753846	0.000761538	0.000476923	0.000284615	0.00147692	0.000207692	0.000307692	0.000284615	0.000207692	6.15385e-05	0.00181538	0.000192308	0	0	0	0	0	3.07692e-05	7.69231e-06	0.00223846	0.00136154	6.15385e-05	0.000746154	0.000107692	0.00159231	0.000207692	0.000269231	0.000207692	0.0002	0.000107692	0.00179231	0.000176923	0.000407692	0.000346154	0.000446154	0.00107692	
0.000884615	0.0006	0.000392308	0.000246154	0.00137692	0.000184615	0.000284615	0.000276923	0.000176923	6.92308e-05	0.00170769	0.000169231	0	0	0.00212308	0	0	0	0	0	0.00122308	8.46154e-05	0.0007	0.000115385	0.00142308	0.000146154	0.000284615	0.000269231	0.000184615	8.46154e-05	0.00173077	0.000123077	0.000369231	0.000284615	0.000353846	0.00111538	
0.00383077	0.00453846	0.00249231	0.00146923	0.00803077	0.00140769	0.00145385	0.00143846	0.00106923	0.000376923	0.00986154	0.00102308	5.38462e-05	3.84615e-05	0.0122077	3.07692e-05	0	0	0	0	0.00693846	0.000353846	0.00456923	0.000469231	0.00848462	0.00107692	0.00129231	0.00147692	0.00103846	0.000684615	0.00968462	0.000923077	0.00217692	0.00186154	0.00259231	0.0057	
0.000769231	0.000853846	0.000453846	0.000361538	0.00159231	0.000307692	0.000230769	0.000307692	0.000261538	0.0001	0.00189231	0.000184615	1.53846e-05	0	0.00241538	7.69231e-06	0	0	0	0	0.00149231	0.000115385	0.000776923	5.38462e-05	0.00163846	0.0002	0.0003	0.0003	0.000253846	0.000146154	0.00182308	0.000215385	0.000407692	0.000384615	0.000530769	0.00111538	
0.322238	0.354	0.186723	0.120146	0.620954	0.109508	0.115769	0.136877	0.0931538	0.0275538	0.790838	0.0715615	0.0029	0.0018	0.976169	0.00223846	0	0	0	0	0.586962	0.0321231	0.330708	0.0333154	0.673023	0.0765154	0.121092	0.112477	0.0808077	0.0607077	0.768154	0.0734385	0.1672	0.160238	0.184362	0.471308	
0.196323	0.2149	0.113838	0.0715538	0.386638	0.0631692	0.0672385	0.0795692	0.0547846	0.0162462	0.483669	0.0419154	0.00175385	0.00105385	0.592446	0.00136154	0.00122308	0.00693846	0.00149231	0.586962	0	0	0	0	0.3686	0.0562923	0.0889615	0.0827615	0.0668308	0.0496538	0.419777	0.0603538	0.105769	0.100277	0.116692	0.273877	
0.0103923	0.0120538	0.00616154	0.00406923	0.0211308	0.00366923	0.00360769	0.00426923	0.00315385	0.00101538	0.0260692	0.00243846	0.000146154	5.38462e-05	0.0324154	6.15385e-05	8.46154e-05	0.000353846	0.000115385	0.0321231	0	0	0	0	0.0201462	0.00279231	0.00497692	0.00476154	0.00111538	0.00103077	0.0291846	0.00134615	0.00511538	0.00476154	0.00610769	0.0166923	
0.109662	0.121085	0.0635077	0.0425	0.202208	0.0410308	0.0428462	0.0506692	0.0336308	0.00990769	0.267054	0.0261615	0.000969231	0.000653846	0.334385	0.000746154	0.0007	0.00456923	0.000776923	0.330708	0	0	0	0	0.274531	0.0154846	0.0239231	0.0228154	0.0130154	0.00992308	0.302062	0.0117538	0.0537231	0.0520692	0.0589462	0.172015	
0.0113462	0.0119538	0.00655385	0.0041	0.0219769	0.00353846	0.00404615	0.00439231	0.00309231	0.000930769	0.0275077	0.00242308	0.0001	7.69231e-05	0.0336692	0.000107692	0.000115385	0.000469231	5.38462e-05	0.0333154	0	0	0	0	0.0212923	0.00336923	0.00510769	0.00418462	0.00132308	0.00101538	0.0303692	0.00124615	0.00554615	0.00566154	0.00609231	0.0166538	
0.221738	0.243931	0.128285	0.0906154	0.389931	0.0893231	0.0944385	0.110877	0.0685769	0.0202	0.542731	0.0530615	0.00203077	0.00127692	0.679669	0.00159231	0.00142308	0.00848462	0.00163846	0.673023	0.3686	0.0201462	0.274531	0.0212923	0	0	0	0	0.0527615	0.0394154	0.544577	0.0478154	0.113615	0.107908	0.124662	0.338385	
0.0258308	0.0290692	0.0150692	0.00796923	0.0599077	0.00513077	0.00561538	0.00728462	0.00635385	0.00202308	0.0649308	0.00463077	0.000284615	0.000115385	0.0773308	0.000207692	0.000146154	0.00107692	0.0002	0.0765154	0.0562923	0.00279231	0.0154846	0.00336923	0	0	0	0	0.00716923	0.00548462	0.0584538	0.00683077	0.0143077	0.0137	0.0155538	0.0343769	
0.0410769	0.0455462	0.0241231	0.0122231	0.0944385	0.00846923	0.00923077	0.0108308	0.0104462	0.00301538	0.101492	0.00801538	0.000323077	0.000230769	0.122146	0.000269231	0.000284615	0.00129231	0.0003	0.121092	0.0889615	0.00497692	0.0239231	0.00510769	0	0	0	0	0.0113769	0.00877692	0.0920385	0.0107769	0.0214538	0.0212846	0.0250538	0.0551769	
0.0390769	0.0414462	0.0225846	0.0114154	0.0876769	0.00848462	0.00845385	0.00990769	0.00928462	0.00286154	0.0951462	0.00723077	0.000330769	0.000215385	0.113769	0.000207692	0.000269231	0.00147692	0.0003	0.112477	0.0827615	0.00476154	0.0228154	0.00418462	0	0	0	0	0.0109769	0.00794615	0.0863231	0.00927692	0.0207769	0.0198769	0.0225692	0.0513	
0.0275462	0.0295	0.0157692	0.00946923	0.0550385	0.00823077	0.00888462	0.0101308	0.00642308	0.00192308	0.0691846	0.00475385	0.000238462	0.000107692	0.0817385	0.0002	0.000184615	0.00103846	0.000253846	0.0808077	0.0668308	0.00111538	0.0130154	0.00132308	0.0527615	0.00716923	0.0113769	0.0109769	0	0	0	0	0.0186923	0.0175846	0.0207538	0.0252538	
0.0199077	0.0226923	0.0122385	0.00678462	0.0418308	0.00619231	0.00633846	0.00726154	0.00478462	0.00134615	0.0518615	0.00363077	0.0002	0.000184615	0.0611308	0.000107692	8.46154e-05	0.000684615	0.000146154	0.0607077	0.0496538	0.00103077	0.00992308	0.00101538	0.0394154	0.00548462	0.00877692	0.00794615	0	0	0	0	0.0140846	0.0136923	0.0151538	0.0186923	
0.255515	0.280854	0.147677	0.0973462	0.485569	0.0894	0.0946308	0.111792	0.0777308	0.0230923	0.620431	0.0601385	0.00231538	0.00136154	0.775923	0.00179231	0.00173077	0.00968462	0.00182308	0.768154	0.419777	0.0291846	0.302062	0.0303692	0.544577	0.0584538	0.0920385	0.0863231	0	0	0	0	0.120531	0.115762	0.133062	0.412038	
0.0247538	0.0269462	0.0143769	0.00862308	0.0495154	0.00758462	0.00788462	0.00971538	0.00572308	0.00173846	0.0628231	0.00441538	0.000215385	0.000184615	0.0741231	0.000176923	0.000123077	0.000923077	0.000215385	0.0734385	0.0603538	0.00134615	0.0117538	0.00124615	0.0478154	0.00683077	0.0107769	0.00927692	0	0	0	0	0.0168462	0.0157308	0.0188692	0.0232538	
0.0565538	0.0629615	0.0326154	0.0180231	0.123008	0.0139385	0.0152769	0.0179308	0.00803846	0.00213846	0.154154	0.00582308	0.000423077	0.000369231	0.168954	0.000407692	0.000369231	0.00217692	0.000407692	0.1672	0.105769	0.00511538	0.0537231	0.00554615	0.113615	0.0143077	0.0214538	0.0207769	0.0186923	0.0140846	0.120531	0.0168462	0	0	0	0	
0.0543538	0.0599154	0.0316	0.0169	0.118377	0.0135462	0.0140462	0.0168	0.00733077	0.00213846	0.147731	0.00556923	0.000453846	0.000169231	0.1618	0.000346154	0.000284615	0.00186154	0.000384615	0.160238	0.100277	0.00476154	0.0520692	0.00566154	0.107908	0.0137	0.0212846	0.0198769	0.0175846	0.0136923	0.115762	0.0157308	0	0	0	0	
0.0633154	0.0685769	0.0357231	0.0202231	0.135577	0.0157	0.0166308	0.0199308	0.00884615	0.00257692	0.169808	0.00660769	0.000576923	0.000384615	0.186431	0.000446154	0.000353846	0.00259231	0.000530769	0.184362	0.116692	0.00610769	0.0589462	0.00609231	0.124662	0.0155538	0.0250538	0.0225692	0.0207538	0.0151538	0.133062	0.0188692	0	0	0	0	
0.1535	0.168538	0.0901231	0.0670769	0.254992	0.0682231	0.0717846	0.0842385	0.0704462	0.0212462	0.332608	0.0549385	0.00151538	0.000915385	0.475731	0.00107692	0.00111538	0.0057	0.00111538	0.471308	0.273877	0.0166923	0.172015	0.0166538	0.338385	0.0343769	0.0551769	0.0513	0.0252538	0.0186923	0.412038	0.0232538	0	0	0	0	
