0	0	0	0	0.223669	0.0311538	0.0341923	0.0400769	0.0300846	0.00862308	0.267823	0.0225615	0.00111538	0.000546154	0.326815	0.000615385	0.000561538	0.00431538	0.000746154	0.323469	0.198238	0.0101846	0.109654	0.0110154	0.222431	0.0264385	0.0412769	0.0389462	0.0265231	0.0201385	0.258038	0.0243923	0.0564154	0.0544923	0.0631692	0.155015	
0	0	0	0	0.243862	0.0343923	0.0369385	0.0435769	0.0333231	0.00903077	0.292808	0.0236077	0.00126923	0.000507692	0.356462	0.000530769	0.000661538	0.0042	0.0008	0.353108	0.213854	0.0114154	0.121623	0.0118769	0.242808	0.0295846	0.0448923	0.0414846	0.0287692	0.0223923	0.280462	0.0271462	0.0617462	0.0600462	0.0685846	0.168392	
0	0	0	0	0.129369	0.0191538	0.0198538	0.0234462	0.0173231	0.00508462	0.1563	0.0131154	0.000515385	0.000423077	0.190538	0.000346154	0.000346154	0.00255385	0.000607692	0.188315	0.115354	0.00594615	0.0640615	0.00646154	0.129677	0.0154385	0.0244769	0.0222308	0.0154615	0.0120231	0.1499	0.0144385	0.0329846	0.0321308	0.0365462	0.0901615	
0	0	0	0	0.0373462	0.0246385	0.0273923	0.0309385	0.0148692	0.00420769	0.0903692	0.0108692	0.000292308	0.000269231	0.1195	0.000253846	0.000238462	0.00172308	0.0003	0.118054	0.0700231	0.00398462	0.0424154	0.00389231	0.0896538	0.00761538	0.0117462	0.0113	0.00933846	0.00699231	0.0954846	0.0085	0.0176308	0.0171077	0.0194692	0.0661077	
0.223669	0.243862	0.129369	0.0373462	0	0	0	0	0.0401385	0.0108692	0.553877	0.0293615	0.00204615	0.00113846	0.630062	0.001	0.0011	0.00822308	0.00153846	0.623385	0.389015	0.0203308	0.203423	0.0214769	0.391315	0.0609692	0.0940538	0.0879077	0.0540154	0.0413154	0.489046	0.0498692	0.122023	0.119231	0.135262	0.257731	
0.0311538	0.0343923	0.0191538	0.0246385	0	0	0	0	0.0171	0.00469231	0.0753846	0.0121615	0.000392308	0.000215385	0.108531	0.0002	0.000207692	0.00142308	0.0002	0.107508	0.0627154	0.00361538	0.0394692	0.00353846	0.0881154	0.00557692	0.00841538	0.00723077	0.00817692	0.00586923	0.0879769	0.00731538	0.0140385	0.0129846	0.0156846	0.0666308	
0.0341923	0.0369385	0.0198538	0.0273923	0	0	0	0	0.0179	0.00518462	0.0818385	0.0134538	0.000353846	0.000184615	0.117592	0.000246154	0.000253846	0.00129231	0.000361538	0.116469	0.0664154	0.00365385	0.0444538	0.00385385	0.0949154	0.00591538	0.00899231	0.00855385	0.00781538	0.00657692	0.0963769	0.00760769	0.0150846	0.0142538	0.0168538	0.0721846	
0.0400769	0.0435769	0.0234462	0.0309385	0	0	0	0	0.0204615	0.0062	0.0962	0.0151769	0.0004	0.000207692	0.137131	0.0003	0.000246154	0.00185385	0.000353846	0.135585	0.0793231	0.00393077	0.0504077	0.00437692	0.110223	0.00661538	0.0109308	0.0102692	0.0100846	0.00778462	0.110485	0.00968462	0.0176308	0.0173077	0.0199692	0.0831308	
0.0300846	0.0333231	0.0173231	0.0148692	0.0401385	0.0171	0.0179	0.0204615	0	0	0	0	0.000307692	0.000169231	0.0949538	0.000169231	0.000138462	0.00130769	0.000292308	0.0938615	0.0554154	0.00327692	0.0337692	0.00313846	0.0697	0.00633077	0.0102692	0.0093	0.00651538	0.00472308	0.0785538	0.00580769	0.00793077	0.00713846	0.00850769	0.0720231	
0.00862308	0.00903077	0.00508462	0.00420769	0.0108692	0.00469231	0.00518462	0.0062	0	0	0	0	0.000123077	6.15385e-05	0.0267077	5.38462e-05	6.92308e-05	0.000353846	0.0001	0.0264231	0.0153846	0.00100769	0.00960769	0.000946154	0.0196923	0.00180769	0.00279231	0.00265385	0.00161538	0.00138462	0.0222692	0.00167692	0.00199231	0.00205385	0.00236923	0.0205308	
0.267823	0.292808	0.1563	0.0903692	0.553877	0.0753846	0.0818385	0.0962	0	0	0	0	0.00250769	0.00136154	0.802046	0.00138462	0.00146923	0.0102923	0.00191538	0.793623	0.486192	0.0250769	0.269254	0.0267769	0.544154	0.0659385	0.101992	0.0952154	0.0673231	0.0519846	0.624977	0.0630154	0.153508	0.149015	0.171008	0.333769	
0.0225615	0.0236077	0.0131154	0.0108692	0.0293615	0.0121615	0.0134538	0.0151769	0	0	0	0	0.000253846	0.000153846	0.0696077	0.000138462	0.000130769	0.000838462	0.000146154	0.0690385	0.0404769	0.00216923	0.0251231	0.00238462	0.0510231	0.005	0.00733846	0.00679231	0.00463846	0.00345385	0.0580846	0.00397692	0.00534615	0.00556923	0.00588462	0.0533538	
0.00111538	0.00126923	0.000515385	0.000292308	0.00204615	0.000392308	0.000353846	0.0004	0.000307692	0.000123077	0.00250769	0.000253846	0	0	0	0	7.69231e-06	3.07692e-05	7.69231e-06	0.00314615	0.00190769	9.23077e-05	0.00108462	0.000107692	0.00213846	0.000269231	0.000461538	0.000323077	0.000338462	0.000230769	0.00242308	0.0002	0.000569231	0.000446154	0.000523077	0.00165385	
0.000546154	0.000507692	0.000423077	0.000269231	0.00113846	0.000215385	0.000184615	0.000207692	0.000169231	6.15385e-05	0.00136154	0.000153846	0	0	0	0	7.69231e-06	2.30769e-05	7.69231e-06	0.00170769	0.00106923	2.30769e-05	0.000576923	7.69231e-05	0.00123077	0.000107692	0.000238462	0.000169231	0.000184615	0.000161538	0.00131538	8.46154e-05	0.000261538	0.000330769	0.000261538	0.000892308	
0.326815	0.356462	0.190538	0.1195	0.630062	0.108531	0.117592	0.137131	0.0949538	0.0267077	0.802046	0.0696077	0	0	0	0	0.00178462	0.0127231	0.00243846	0.976369	0.593362	0.0313692	0.335569	0.0330154	0.680023	0.0785615	0.121469	0.113262	0.0794846	0.0610692	0.778723	0.0740385	0.167654	0.162738	0.186685	0.476238	
0.000615385	0.000530769	0.000346154	0.000253846	0.001	0.0002	0.000246154	0.0003	0.000169231	5.38462e-05	0.00138462	0.000138462	0	0	0	0	7.69231e-06	1.53846e-05	0	0.00172308	0.00113077	4.61538e-05	0.000523077	4.61538e-05	0.00117692	0.000138462	0.000223077	0.000207692	8.46154e-05	8.46154e-05	0.00142308	0.000153846	0.000292308	0.000261538	0.0003	0.000892308	
0.000561538	0.000661538	0.000346154	0.000238462	0.0011	0.000207692	0.000253846	0.000246154	0.000138462	6.92308e-05	0.00146923	0.000130769	7.69231e-06	7.69231e-06	0.00178462	7.69231e-06	0	0	0	0	0.00103846	6.15385e-05	0.000638462	6.92308e-05	0.00133846	6.92308e-05	0.000184615	0.000215385	0.0001	7.69231e-05	0.00147692	0.000153846	0.000269231	0.000369231	0.000330769	0.000838462	
0.00431538	0.0042	0.00255385	0.00172308	0.00822308	0.00142308	0.00129231	0.00185385	0.00130769	0.000353846	0.0102923	0.000838462	3.07692e-05	2.30769e-05	0.0127231	1.53846e-05	0	0	0	0	0.00777692	0.000361538	0.00424615	0.000407692	0.00883846	0.0011	0.00130769	0.00154615	0.000938462	0.000784615	0.0100077	0.00106154	0.00214615	0.00197692	0.00243846	0.00623077	
0.000746154	0.0008	0.000607692	0.0003	0.00153846	0.0002	0.000361538	0.000353846	0.000292308	0.0001	0.00191538	0.000146154	7.69231e-06	7.69231e-06	0.00243846	0	0	0	0	0	0.00155385	2.30769e-05	0.000823077	5.38462e-05	0.00160769	0.000146154	0.0004	0.0003	0.000176923	0.000123077	0.00198462	0.000169231	0.000415385	0.000330769	0.000369231	0.00133846	
0.323469	0.353108	0.188315	0.118054	0.623385	0.107508	0.116469	0.135585	0.0938615	0.0264231	0.793623	0.0690385	0.00314615	0.00170769	0.976369	0.00172308	0	0	0	0	0.5871	0.0310846	0.332046	0.0327154	0.672785	0.0777615	0.1205	0.1119	0.0788769	0.0605615	0.770415	0.0730923	0.165946	0.1611	0.184631	0.471269	
0.198238	0.213854	0.115354	0.0700231	0.389015	0.0627154	0.0664154	0.0793231	0.0554154	0.0153846	0.486192	0.0404769	0.00190769	0.00106923	0.593362	0.00113077	0.00103846	0.00777692	0.00155385	0.5871	0	0	0	0	0.368823	0.0575692	0.0882308	0.0828462	0.0646615	0.0497	0.422554	0.0605538	0.103615	0.1009	0.1165	0.276454	
0.0101846	0.0114154	0.00594615	0.00398462	0.0203308	0.00361538	0.00365385	0.00393077	0.00327692	0.00100769	0.0250769	0.00216923	9.23077e-05	2.30769e-05	0.0313692	4.61538e-05	6.15385e-05	0.000361538	2.30769e-05	0.0310846	0	0	0	0	0.0200231	0.00295385	0.0047	0.00385385	0.00122308	0.00103077	0.0281615	0.00111538	0.00511538	0.0052	0.00546154	0.0157538	
0.109654	0.121623	0.0640615	0.0424154	0.203423	0.0394692	0.0444538	0.0504077	0.0337692	0.00960769	0.269254	0.0251231	0.00108462	0.000576923	0.335569	0.000523077	0.000638462	0.00424615	0.000823077	0.332046	0	0	0	0	0.275438	0.0152615	0.0240769	0.0229769	0.0128769	0.00989231	0.303223	0.0117615	0.0545615	0.0523692	0.0598154	0.171008	
0.0110154	0.0118769	0.00646154	0.00389231	0.0214769	0.00353846	0.00385385	0.00437692	0.00313846	0.000946154	0.0267769	0.00238462	0.000107692	7.69231e-05	0.0330154	4.61538e-05	6.92308e-05	0.000407692	5.38462e-05	0.0327154	0	0	0	0	0.0202846	0.00329231	0.00538462	0.00428462	0.00133077	0.000923077	0.0299462	0.00104615	0.00548462	0.00530769	0.00599231	0.0164615	
0.222431	0.242808	0.129677	0.0896538	0.391315	0.0881154	0.0949154	0.110223	0.0697	0.0196923	0.544154	0.0510231	0.00213846	0.00123077	0.680023	0.00117692	0.00133846	0.00883846	0.00160769	0.672785	0.368823	0.0200231	0.275438	0.0202846	0	0	0	0	0.0517308	0.0402923	0.544769	0.0477769	0.111954	0.109715	0.125054	0.337846	
0.0264385	0.0295846	0.0154385	0.00761538	0.0609692	0.00557692	0.00591538	0.00661538	0.00633077	0.00180769	0.0659385	0.005	0.000269231	0.000107692	0.0785615	0.000138462	6.92308e-05	0.0011	0.000146154	0.0777615	0.0575692	0.00295385	0.0152615	0.00329231	0	0	0	0	0.00713846	0.00524615	0.0597	0.00699231	0.0139692	0.0134692	0.0151769	0.0364615	
0.0412769	0.0448923	0.0244769	0.0117462	0.0940538	0.00841538	0.00899231	0.0109308	0.0102692	0.00279231	0.101992	0.00733846	0.000461538	0.000238462	0.121469	0.000223077	0.000184615	0.00130769	0.0004	0.1205	0.0882308	0.0047	0.0240769	0.00538462	0	0	0	0	0.0111077	0.00816154	0.0930154	0.0101077	0.0221769	0.0212462	0.0245615	0.0544077	
0.0389462	0.0414846	0.0222308	0.0113	0.0879077	0.00723077	0.00855385	0.0102692	0.0093	0.00265385	0.0952154	0.00679231	0.000323077	0.000169231	0.113262	0.000207692	0.000215385	0.00154615	0.0003	0.1119	0.0828462	0.00385385	0.0229769	0.00428462	0	0	0	0	0.0101154	0.00784615	0.0864	0.0096	0.0206769	0.0193462	0.0229769	0.0509615	
0.0265231	0.0287692	0.0154615	0.00933846	0.0540154	0.00817692	0.00781538	0.0100846	0.00651538	0.00161538	0.0673231	0.00463846	0.000338462	0.000184615	0.0794846	8.46154e-05	0.0001	0.000938462	0.000176923	0.0788769	0.0646615	0.00122308	0.0128769	0.00133077	0.0517308	0.00713846	0.0111077	0.0101154	0	0	0	0	0.0174615	0.0173692	0.0208538	0.0244077	
0.0201385	0.0223923	0.0120231	0.00699231	0.0413154	0.00586923	0.00657692	0.00778462	0.00472308	0.00138462	0.0519846	0.00345385	0.000230769	0.000161538	0.0610692	8.46154e-05	7.69231e-05	0.000784615	0.000123077	0.0605615	0.0497	0.00103077	0.00989231	0.000923077	0.0402923	0.00524615	0.00816154	0.00784615	0	0	0	0	0.0137769	0.0131077	0.0151846	0.0194769	
0.258038	0.280462	0.1499	0.0954846	0.489046	0.0879769	0.0963769	0.110485	0.0785538	0.0222692	0.624977	0.0580846	0.00242308	0.00131538	0.778723	0.00142308	0.00147692	0.0100077	0.00198462	0.770415	0.422554	0.0281615	0.303223	0.0299462	0.544769	0.0597	0.0930154	0.0864	0	0	0	0	0.121146	0.117438	0.133315	0.411985	
0.0243923	0.0271462	0.0144385	0.0085	0.0498692	0.00731538	0.00760769	0.00968462	0.00580769	0.00167692	0.0630154	0.00397692	0.0002	8.46154e-05	0.0740385	0.000153846	0.000153846	0.00106154	0.000169231	0.0730923	0.0605538	0.00111538	0.0117615	0.00104615	0.0477769	0.00699231	0.0101077	0.0096	0	0	0	0	0.0163923	0.0158615	0.0184154	0.0238077	
0.0564154	0.0617462	0.0329846	0.0176308	0.122023	0.0140385	0.0150846	0.0176308	0.00793077	0.00199231	0.153508	0.00534615	0.000569231	0.000261538	0.167654	0.000292308	0.000269231	0.00214615	0.000415385	0.165946	0.103615	0.00511538	0.0545615	0.00548462	0.111954	0.0139692	0.0221769	0.0206769	0.0174615	0.0137769	0.121146	0.0163923	0	0	0	0	
0.0544923	0.0600462	0.0321308	0.0171077	0.119231	0.0129846	0.0142538	0.0173077	0.00713846	0.00205385	0.149015	0.00556923	0.000446154	0.000330769	0.162738	0.000261538	0.000369231	0.00197692	0.000330769	0.1611	0.1009	0.0052	0.0523692	0.00530769	0.109715	0.0134692	0.0212462	0.0193462	0.0173692	0.0131077	0.117438	0.0158615	0	0	0	0	
0.0631692	0.0685846	0.0365462	0.0194692	0.135262	0.0156846	0.0168538	0.0199692	0.00850769	0.00236923	0.171008	0.00588462	0.000523077	0.000261538	0.186685	0.0003	0.000330769	0.00243846	0.000369231	0.184631	0.1165	0.00546154	0.0598154	0.00599231	0.125054	0.0151769	0.0245615	0.0229769	0.0208538	0.0151846	0.133315	0.0184154	0	0	0	0	
0.155015	0.168392	0.0901615	0.0661077	0.257731	0.0666308	0.0721846	0.0831308	0.0720231	0.0205308	0.333769	0.0533538	0.00165385	0.000892308	0.476238	0.000892308	0.000838462	0.00623077	0.00133846	0.471269	0.276454	0.0157538	0.171008	0.0164615	0.337846	0.0364615	0.0544077	0.0509615	0.0244077	0.0194769	0.411985	0.0238077	0	0	0	0	
