0	0	0	0	0.223015	0.0317231	0.0339462	0.0390154	0.0309615	0.00843077	0.265915	0.0223923	0.00121538	0.000661538	0.3251	0.000723077	0.000676923	0.00386923	0.000884615	0.322269	0.195738	0.0105462	0.110015	0.0114	0.2218	0.0267	0.0411154	0.0380846	0.0269154	0.0194923	0.255985	0.0253077	0.0567769	0.0536692	0.0627462	0.154508	
0	0	0	0	0.245223	0.0336231	0.0357538	0.043	0.0325538	0.00951538	0.292069	0.0234615	0.00118462	0.000638462	0.355131	0.000646154	0.000869231	0.00439231	0.000923077	0.351415	0.215023	0.0111231	0.120015	0.0114385	0.239823	0.0292769	0.0465385	0.0419615	0.0290692	0.0216385	0.279338	0.0275538	0.0621923	0.0590385	0.0690462	0.167323	
0	0	0	0	0.130546	0.0185769	0.0193923	0.0224615	0.0172538	0.00515385	0.155869	0.0127	0.000653846	0.000269231	0.189708	0.000346154	0.000376923	0.00232308	0.000492308	0.187785	0.114654	0.0062	0.0637846	0.00633846	0.128185	0.0159231	0.0241615	0.0227077	0.0164154	0.012	0.1479	0.0146615	0.0331462	0.0312615	0.0366769	0.0898923	
0	0	0	0	0.0355923	0.0261154	0.0286462	0.0333692	0.0162077	0.00445385	0.0914692	0.0115923	0.0005	0.000153846	0.122854	0.000215385	0.000253846	0.00158462	0.000269231	0.121615	0.0724308	0.00418462	0.0430923	0.00401538	0.0919615	0.00775385	0.0124923	0.0115154	0.00933077	0.00723077	0.098	0.00916154	0.018	0.0176462	0.0200077	0.0680692	
0.223015	0.245223	0.130546	0.0355923	0	0	0	0	0.0408615	0.0112846	0.552723	0.0295077	0.00205385	0.001	0.630108	0.00121538	0.0014	0.00754615	0.0017	0.623731	0.388769	0.0204538	0.204277	0.0208769	0.389138	0.0611846	0.0959385	0.0881154	0.0549923	0.0403077	0.487777	0.0513	0.124	0.117054	0.137369	0.255954	
0.0317231	0.0336231	0.0185769	0.0261154	0	0	0	0	0.0167231	0.00510769	0.0757385	0.0124692	0.000492308	0.000184615	0.109192	0.000169231	0.000207692	0.00131538	0.000223077	0.108292	0.0632692	0.00323846	0.0398769	0.00365385	0.088	0.00572308	0.00822308	0.00809231	0.00803846	0.00599231	0.0886077	0.0074	0.0137769	0.0133	0.0157846	0.0671769	
0.0339462	0.0357538	0.0193923	0.0286462	0	0	0	0	0.0183154	0.00525385	0.0811231	0.0130462	0.000530769	0.000253846	0.116708	0.000246154	0.000269231	0.00135385	0.000284615	0.115831	0.0672615	0.00390769	0.0426615	0.00390769	0.0936769	0.0059	0.00972308	0.00843846	0.009	0.00651538	0.0938462	0.00837692	0.0147846	0.0147923	0.0164	0.0717615	
0.0390154	0.043	0.0224615	0.0333692	0	0	0	0	0.0210769	0.00590769	0.0957385	0.0151231	0.000476923	0.000284615	0.136785	0.0003	0.0003	0.00195385	0.000361538	0.135231	0.0785462	0.00445385	0.0500923	0.00475385	0.110954	0.00684615	0.0104231	0.00962308	0.0097	0.00754615	0.110992	0.00960769	0.0175538	0.0164692	0.0189231	0.0849	
0.0309615	0.0325538	0.0172538	0.0162077	0.0408615	0.0167231	0.0183154	0.0210769	0	0	0	0	0.000361538	0.000153846	0.0963077	0.000153846	0.000207692	0.00117692	0.000207692	0.0953846	0.0562077	0.00316154	0.0344308	0.00317692	0.0702385	0.00645385	0.0107154	0.00956923	0.00615385	0.00473077	0.0794538	0.00663846	0.00792308	0.00768462	0.00861538	0.0727538	
0.00843077	0.00951538	0.00515385	0.00445385	0.0112846	0.00510769	0.00525385	0.00590769	0	0	0	0	0.000107692	9.23077e-05	0.0273231	3.07692e-05	3.07692e-05	0.0003	8.46154e-05	0.0271385	0.0161231	0.000746154	0.00955385	0.00113077	0.0199769	0.00203846	0.00295385	0.00258462	0.00187692	0.00136923	0.0227846	0.00152308	0.00203846	0.00230769	0.00239231	0.0208154	
0.265915	0.292069	0.155869	0.0914692	0.552723	0.0757385	0.0811231	0.0957385	0	0	0	0	0.00274615	0.00133846	0.799631	0.00160769	0.00176923	0.00979231	0.0021	0.791662	0.484046	0.0258615	0.268946	0.0264692	0.5412	0.0663	0.102808	0.0950154	0.0694231	0.0508154	0.620815	0.0642692	0.154246	0.1464	0.171123	0.333554	
0.0223923	0.0234615	0.0127	0.0115923	0.0295077	0.0124692	0.0130462	0.0151231	0	0	0	0	0.000338462	0.000138462	0.0695308	0.000138462	0.000169231	0.0009	0.000176923	0.0689	0.0414692	0.00228462	0.0239769	0.00241538	0.0503538	0.00486154	0.00783077	0.0071	0.00427692	0.00344615	0.0581692	0.00425385	0.00590769	0.00522308	0.00634615	0.0526692	
0.00121538	0.00118462	0.000653846	0.0005	0.00205385	0.000492308	0.000530769	0.000476923	0.000361538	0.000107692	0.00274615	0.000338462	0	0	0	0	1.53846e-05	3.07692e-05	7.69231e-06	0.0035	0.0022	0.000115385	0.00116154	7.69231e-05	0.00256923	0.000207692	0.0004	0.000376923	0.000315385	0.000207692	0.00278462	0.000246154	0.000653846	0.000592308	0.000638462	0.00166923	
0.000661538	0.000638462	0.000269231	0.000153846	0.001	0.000184615	0.000253846	0.000284615	0.000153846	9.23077e-05	0.00133846	0.000138462	0	0	0	0	7.69231e-06	1.53846e-05	0	0.0017	0.0011	5.38462e-05	0.000515385	5.38462e-05	0.00119231	0.000130769	0.000261538	0.000138462	0.000115385	0.000123077	0.00131538	0.000169231	0.000261538	0.000292308	0.000392308	0.000776923	
0.3251	0.355131	0.189708	0.122854	0.630108	0.109192	0.116708	0.136785	0.0963077	0.0273231	0.799631	0.0695308	0	0	0	0	0.00214615	0.0121077	0.00256154	0.975977	0.593462	0.0318385	0.334515	0.0329769	0.676623	0.0791385	0.123469	0.113562	0.0811769	0.0599385	0.775585	0.0760923	0.168885	0.160385	0.187092	0.476431	
0.000723077	0.000646154	0.000346154	0.000215385	0.00121538	0.000169231	0.000246154	0.0003	0.000153846	3.07692e-05	0.00160769	0.000138462	0	0	0	0	7.69231e-06	1.53846e-05	0	0.00190769	0.00108462	4.61538e-05	0.000715385	8.46154e-05	0.00138462	0.000176923	0.000176923	0.000192308	0.000123077	9.23077e-05	0.00153846	0.000176923	0.000315385	0.000346154	0.000353846	0.000915385	
0.000676923	0.000869231	0.000376923	0.000253846	0.0014	0.000207692	0.000269231	0.0003	0.000207692	3.07692e-05	0.00176923	0.000169231	1.53846e-05	7.69231e-06	0.00214615	7.69231e-06	0	0	0	0	0.00126923	7.69231e-05	0.000761538	6.92308e-05	0.00147692	0.000192308	0.000276923	0.000230769	0.000115385	0.000176923	0.0017	0.000184615	0.000330769	0.000353846	0.000453846	0.00103846	
0.00386923	0.00439231	0.00232308	0.00158462	0.00754615	0.00131538	0.00135385	0.00195385	0.00117692	0.0003	0.00979231	0.0009	3.07692e-05	1.53846e-05	0.0121077	1.53846e-05	0	0	0	0	0.00722308	0.000415385	0.00407692	0.000453846	0.00805385	0.00102308	0.00167692	0.00141538	0.00103077	0.0007	0.00961538	0.000823077	0.00216154	0.00173846	0.00239231	0.00587692	
0.000884615	0.000923077	0.000492308	0.000269231	0.0017	0.000223077	0.000284615	0.000361538	0.000207692	8.46154e-05	0.0021	0.000176923	7.69231e-06	0	0.00256154	0	0	0	0	0	0.00143846	3.07692e-05	0.000984615	0.000115385	0.00186923	0.000161538	0.000269231	0.000269231	0.000207692	0.000169231	0.002	0.000192308	0.000461538	0.000469231	0.000530769	0.00110769	
0.322269	0.351415	0.187785	0.121615	0.623731	0.108292	0.115831	0.135231	0.0953846	0.0271385	0.791662	0.0689	0.0035	0.0017	0.975977	0.00190769	0	0	0	0	0.587915	0.0315308	0.331085	0.0325538	0.670369	0.0782769	0.122085	0.112354	0.0803769	0.0593154	0.767908	0.0754846	0.167162	0.159054	0.1851	0.471769	
0.195738	0.215023	0.114654	0.0724308	0.388769	0.0632692	0.0672615	0.0785462	0.0562077	0.0161231	0.484046	0.0414692	0.0022	0.0011	0.593462	0.00108462	0.00126923	0.00722308	0.00143846	0.587915	0	0	0	0	0.366946	0.0579	0.0900231	0.0829769	0.0668846	0.0491923	0.419238	0.0625308	0.105069	0.100446	0.116592	0.275738	
0.0105462	0.0111231	0.0062	0.00418462	0.0204538	0.00323846	0.00390769	0.00445385	0.00316154	0.000746154	0.0258615	0.00228462	0.000115385	5.38462e-05	0.0318385	4.61538e-05	7.69231e-05	0.000415385	3.07692e-05	0.0315308	0	0	0	0	0.0200154	0.00314615	0.00467692	0.00421538	0.00116923	0.000946154	0.0287308	0.00120769	0.00527692	0.005	0.00593846	0.0158385	
0.110015	0.120015	0.0637846	0.0430923	0.204277	0.0398769	0.0426615	0.0500923	0.0344308	0.00955385	0.268946	0.0239769	0.00116154	0.000515385	0.334515	0.000715385	0.000761538	0.00407692	0.000984615	0.331085	0	0	0	0	0.273954	0.0157462	0.0245231	0.0226846	0.0124154	0.00946923	0.303285	0.0117385	0.0546385	0.0509231	0.0600154	0.171331	
0.0114	0.0114385	0.00633846	0.00401538	0.0208769	0.00365385	0.00390769	0.00475385	0.00317692	0.00113077	0.0264692	0.00241538	7.69231e-05	5.38462e-05	0.0329769	8.46154e-05	6.92308e-05	0.000453846	0.000115385	0.0325538	0	0	0	0	0.0208538	0.00286154	0.00508462	0.00439231	0.00126154	0.000753846	0.0299692	0.00120769	0.00513077	0.00524615	0.00593077	0.0168846	
0.2218	0.239823	0.128185	0.0919615	0.389138	0.088	0.0936769	0.110954	0.0702385	0.0199769	0.5412	0.0503538	0.00256923	0.00119231	0.676623	0.00138462	0.00147692	0.00805385	0.00186923	0.670369	0.366946	0.0200154	0.273954	0.0208538	0	0	0	0	0.0517308	0.0386385	0.542692	0.0487077	0.112823	0.1073	0.1233	0.338346	
0.0267	0.0292769	0.0159231	0.00775385	0.0611846	0.00572308	0.0059	0.00684615	0.00645385	0.00203846	0.0663	0.00486154	0.000207692	0.000130769	0.0791385	0.000176923	0.000192308	0.00102308	0.000161538	0.0782769	0.0579	0.00314615	0.0157462	0.00286154	0	0	0	0	0.00764615	0.00535385	0.0596154	0.00703846	0.0142615	0.0134	0.0168923	0.0351	
0.0411154	0.0465385	0.0241615	0.0124923	0.0959385	0.00822308	0.00972308	0.0104231	0.0107154	0.00295385	0.102808	0.00783077	0.0004	0.000261538	0.123469	0.000176923	0.000276923	0.00167692	0.000269231	0.122085	0.0900231	0.00467692	0.0245231	0.00508462	0	0	0	0	0.0113692	0.00890769	0.0930615	0.0109692	0.0223923	0.0212923	0.0250538	0.0555692	
0.0380846	0.0419615	0.0227077	0.0115154	0.0881154	0.00809231	0.00843846	0.00962308	0.00956923	0.00258462	0.0950154	0.0071	0.000376923	0.000138462	0.113562	0.000192308	0.000230769	0.00141538	0.000269231	0.112354	0.0829769	0.00421538	0.0226846	0.00439231	0	0	0	0	0.0109846	0.00746154	0.0858538	0.00996923	0.0206385	0.0196231	0.0232308	0.0507769	
0.0269154	0.0290692	0.0164154	0.00933077	0.0549923	0.00803846	0.009	0.0097	0.00615385	0.00187692	0.0694231	0.00427692	0.000315385	0.000115385	0.0811769	0.000123077	0.000115385	0.00103077	0.000207692	0.0803769	0.0668846	0.00116923	0.0124154	0.00126154	0.0517308	0.00764615	0.0113692	0.0109846	0	0	0	0	0.0178308	0.0180538	0.0205	0.0253462	
0.0194923	0.0216385	0.012	0.00723077	0.0403077	0.00599231	0.00651538	0.00754615	0.00473077	0.00136923	0.0508154	0.00344615	0.000207692	0.000123077	0.0599385	9.23077e-05	0.000176923	0.0007	0.000169231	0.0593154	0.0491923	0.000946154	0.00946923	0.000753846	0.0386385	0.00535385	0.00890769	0.00746154	0	0	0	0	0.0136923	0.0128923	0.015	0.0187769	
0.255985	0.279338	0.1479	0.098	0.487777	0.0886077	0.0938462	0.110992	0.0794538	0.0227846	0.620815	0.0581692	0.00278462	0.00131538	0.775585	0.00153846	0.0017	0.00961538	0.002	0.767908	0.419238	0.0287308	0.303285	0.0299692	0.542692	0.0596154	0.0930615	0.0858538	0	0	0	0	0.121169	0.114423	0.134115	0.411515	
0.0253077	0.0275538	0.0146615	0.00916154	0.0513	0.0074	0.00837692	0.00960769	0.00663846	0.00152308	0.0642692	0.00425385	0.000246154	0.000169231	0.0760923	0.000176923	0.000184615	0.000823077	0.000192308	0.0754846	0.0625308	0.00120769	0.0117385	0.00120769	0.0487077	0.00703846	0.0109692	0.00996923	0	0	0	0	0.0174231	0.0162462	0.0188615	0.0241538	
0.0567769	0.0621923	0.0331462	0.018	0.124	0.0137769	0.0147846	0.0175538	0.00792308	0.00203846	0.154246	0.00590769	0.000653846	0.000261538	0.168885	0.000315385	0.000330769	0.00216154	0.000461538	0.167162	0.105069	0.00527692	0.0546385	0.00513077	0.112823	0.0142615	0.0223923	0.0206385	0.0178308	0.0136923	0.121169	0.0174231	0	0	0	0	
0.0536692	0.0590385	0.0312615	0.0176462	0.117054	0.0133	0.0147923	0.0164692	0.00768462	0.00230769	0.1464	0.00522308	0.000592308	0.000292308	0.160385	0.000346154	0.000353846	0.00173846	0.000469231	0.159054	0.100446	0.005	0.0509231	0.00524615	0.1073	0.0134	0.0212923	0.0196231	0.0180538	0.0128923	0.114423	0.0162462	0	0	0	0	
0.0627462	0.0690462	0.0366769	0.0200077	0.137369	0.0157846	0.0164	0.0189231	0.00861538	0.00239231	0.171123	0.00634615	0.000638462	0.000392308	0.187092	0.000353846	0.000453846	0.00239231	0.000530769	0.1851	0.116592	0.00593846	0.0600154	0.00593077	0.1233	0.0168923	0.0250538	0.0232308	0.0205	0.015	0.134115	0.0188615	0	0	0	0	
0.154508	0.167323	0.0898923	0.0680692	0.255954	0.0671769	0.0717615	0.0849	0.0727538	0.0208154	0.333554	0.0526692	0.00166923	0.000776923	0.476431	0.000915385	0.00103846	0.00587692	0.00110769	0.471769	0.275738	0.0158385	0.171331	0.0168846	0.338346	0.0351	0.0555692	0.0507769	0.0253462	0.0187769	0.411515	0.0241538	0	0	0	0	
