0	0	0	0	0.221369	0.0309692	0.0337385	0.0401	0.0301154	0.00805385	0.266392	0.0216154	0.00126154	0.0007	0.323508	0.000707692	0.000684615	0.00437692	0.000723077	0.320392	0.196546	0.0106692	0.107938	0.0110231	0.219831	0.0265231	0.041	0.0388231	0.0270308	0.0209385	0.253108	0.0251	0.0567769	0.0538231	0.0616923	0.153885	
0	0	0	0	0.248146	0.0333769	0.0373	0.0433	0.0323692	0.00970769	0.295438	0.0246077	0.00124615	0.0006	0.359508	0.000769231	0.000661538	0.00463846	0.000930769	0.355892	0.217569	0.0118923	0.120646	0.0120154	0.244315	0.0289231	0.0464308	0.0424538	0.0289154	0.0223077	0.283654	0.0272462	0.0618923	0.0606923	0.0688692	0.170669	
0	0	0	0	0.128992	0.0180231	0.0195231	0.0225462	0.0175308	0.00508462	0.153954	0.0125154	0.000715385	0.000330769	0.1876	0.000438462	0.000415385	0.00246923	0.0004	0.1858	0.113338	0.00610769	0.0628	0.00683846	0.128346	0.0152385	0.0230769	0.0224231	0.0154462	0.0121308	0.147538	0.0139692	0.0329	0.0318	0.0361154	0.0882692	
0	0	0	0	0.0345154	0.0260462	0.0280615	0.0339923	0.0155692	0.00421538	0.0911308	0.0117	0.000446154	0.000184615	0.121708	0.000276923	0.000261538	0.00146154	0.000276923	0.120615	0.0708769	0.00409231	0.0432538	0.00439231	0.0918077	0.00787692	0.0113	0.0116308	0.00916923	0.00688462	0.0980538	0.00850769	0.0176462	0.0171385	0.0200615	0.0677692	
0.221369	0.248146	0.128992	0.0345154	0	0	0	0	0.0397308	0.0113077	0.552338	0.0296462	0.00217692	0.00119231	0.6282	0.00145385	0.00126923	0.00836154	0.00148462	0.621908	0.389285	0.0212308	0.200646	0.0218615	0.390046	0.0604692	0.0939769	0.0885308	0.0543154	0.0418	0.487223	0.0496846	0.1215	0.118762	0.136369	0.256392	
0.0309692	0.0333769	0.0180231	0.0260462	0	0	0	0	0.0163462	0.00461538	0.075	0.0124538	0.000507692	0.000207692	0.107469	0.000230769	0.000184615	0.0012	0.000215385	0.106815	0.0614692	0.00343077	0.0397923	0.00372308	0.0865923	0.00556923	0.00822308	0.00803077	0.00790769	0.00623077	0.0868231	0.00745385	0.0135	0.0133538	0.0147692	0.0667923	
0.0337385	0.0373	0.0195231	0.0280615	0	0	0	0	0.0182385	0.00523077	0.0824846	0.0126692	0.000507692	0.000192308	0.117692	0.000230769	0.000269231	0.00166923	0.000292308	0.116392	0.0678538	0.00373077	0.0428769	0.00416154	0.0953615	0.00589231	0.00899231	0.00837692	0.00859231	0.00666923	0.0955462	0.00781538	0.0155077	0.0145846	0.0165154	0.0720154	
0.0401	0.0433	0.0225462	0.0339923	0	0	0	0	0.0212692	0.00590769	0.0970923	0.0156692	0.000476923	0.000223077	0.138962	0.000276923	0.0003	0.00171538	0.000338462	0.137585	0.0797231	0.00436923	0.0513231	0.00452308	0.1123	0.00663077	0.0106154	0.0103923	0.00974615	0.00756154	0.112762	0.00986923	0.0187077	0.0167538	0.0190846	0.0853923	
0.0301154	0.0323692	0.0175308	0.0155692	0.0397308	0.0163462	0.0182385	0.0212692	0	0	0	0	0.000292308	0.000169231	0.0949154	0.000207692	0.000176923	0.00111538	0.000261538	0.0940308	0.0552231	0.00335385	0.0337	0.00330769	0.0696769	0.00652308	0.0095	0.00988462	0.00613846	0.00482308	0.0788308	0.00579231	0.00733846	0.0073	0.00870769	0.0722385	
0.00805385	0.00970769	0.00508462	0.00421538	0.0113077	0.00461538	0.00523077	0.00590769	0	0	0	0	0.0001	4.61538e-05	0.0268462	6.92308e-05	5.38462e-05	0.000407692	3.07692e-05	0.0265692	0.0158462	0.000869231	0.00939231	0.000953846	0.0196231	0.0017	0.0029	0.00283846	0.00179231	0.00145385	0.0221692	0.00164615	0.00216923	0.0021	0.00257692	0.0202154	
0.266392	0.295438	0.153954	0.0911308	0.552338	0.075	0.0824846	0.0970923	0	0	0	0	0.00303077	0.00143846	0.800654	0.00179231	0.00166923	0.0105462	0.00187692	0.792823	0.486823	0.0260154	0.266585	0.0274923	0.543831	0.0654846	0.101946	0.0956538	0.0683077	0.0523615	0.623185	0.0630615	0.153946	0.148585	0.169123	0.335262	
0.0216154	0.0246077	0.0125154	0.0117	0.0296462	0.0124538	0.0126692	0.0156692	0	0	0	0	0.000246154	0.000161538	0.0699077	0.000123077	0.000123077	0.000876923	0.000161538	0.0692769	0.0404385	0.00252308	0.0249615	0.00251538	0.0511692	0.00485385	0.00746154	0.00695385	0.00432308	0.00362308	0.0581692	0.00432308	0.00576154	0.00546923	0.00633077	0.0528769	
0.00126154	0.00124615	0.000715385	0.000446154	0.00217692	0.000507692	0.000507692	0.000476923	0.000292308	0.0001	0.00303077	0.000246154	0	0	0	0	0	6.15385e-05	7.69231e-06	0.0036	0.00221538	0.000115385	0.00125385	8.46154e-05	0.00251538	0.000369231	0.000423077	0.000361538	0.000246154	0.000330769	0.00291538	0.000176923	0.000538462	0.000553846	0.000761538	0.00181538	
0.0007	0.0006	0.000330769	0.000184615	0.00119231	0.000207692	0.000192308	0.000223077	0.000169231	4.61538e-05	0.00143846	0.000161538	0	0	0	0	0	2.30769e-05	0	0.00179231	0.00110769	7.69231e-05	0.000576923	5.38462e-05	0.0012	0.000130769	0.000238462	0.000246154	0.000161538	6.15385e-05	0.0015	9.23077e-05	0.000269231	0.000384615	0.000338462	0.000823077	
0.323508	0.359508	0.1876	0.121708	0.6282	0.107469	0.117692	0.138962	0.0949154	0.0268462	0.800654	0.0699077	0	0	0	0	0.00201538	0.0128385	0.00232308	0.975146	0.593715	0.0324692	0.3321	0.0340385	0.679069	0.0778846	0.120808	0.114562	0.0799154	0.0617692	0.7762	0.0744385	0.167985	0.162208	0.185223	0.476908	
0.000707692	0.000769231	0.000438462	0.000276923	0.00145385	0.000230769	0.000230769	0.000276923	0.000207692	6.92308e-05	0.00179231	0.000123077	0	0	0	0	7.69231e-06	2.30769e-05	0	0.00216154	0.00129231	0.0001	0.000707692	9.23077e-05	0.00151538	0.000176923	0.000338462	0.000161538	0.000238462	0.0001	0.00173846	0.000115385	0.000423077	0.000307692	0.000415385	0.00104615	
0.000684615	0.000661538	0.000415385	0.000261538	0.00126923	0.000184615	0.000269231	0.0003	0.000176923	5.38462e-05	0.00166923	0.000123077	0	0	0.00201538	7.69231e-06	0	0	0	0	0.00119231	9.23077e-05	0.000646154	9.23077e-05	0.00134615	0.0001	0.000238462	0.000338462	0.000153846	0.000107692	0.00160769	0.000153846	0.000292308	0.0003	0.000407692	0.00102308	
0.00437692	0.00463846	0.00246923	0.00146154	0.00836154	0.0012	0.00166923	0.00171538	0.00111538	0.000407692	0.0105462	0.000876923	6.15385e-05	2.30769e-05	0.0128385	2.30769e-05	0	0	0	0	0.00770769	0.0004	0.00446923	0.000369231	0.00903846	0.00100769	0.00151538	0.00138462	0.00126923	0.000792308	0.0100077	0.000876923	0.00202308	0.00216923	0.00242308	0.00633077	
0.000723077	0.000930769	0.0004	0.000276923	0.00148462	0.000215385	0.000292308	0.000338462	0.000261538	3.07692e-05	0.00187692	0.000161538	7.69231e-06	0	0.00232308	0	0	0	0	0	0.00141538	0.0001	0.000738462	7.69231e-05	0.00164615	0.0002	0.000253846	0.000230769	0.000176923	0.000130769	0.00186923	0.000153846	0.000330769	0.000384615	0.000453846	0.00116154	
0.320392	0.355892	0.1858	0.120615	0.621908	0.106815	0.116392	0.137585	0.0940308	0.0265692	0.792823	0.0692769	0.0036	0.00179231	0.975146	0.00216154	0	0	0	0	0.588015	0.0321692	0.328785	0.0337308	0.672269	0.0772538	0.1198	0.113377	0.0789615	0.0612308	0.768869	0.0736385	0.166569	0.1606	0.183454	0.472077	
0.196546	0.217569	0.113338	0.0708769	0.389285	0.0614692	0.0678538	0.0797231	0.0552231	0.0158462	0.486823	0.0404385	0.00221538	0.00110769	0.593715	0.00129231	0.00119231	0.00770769	0.00141538	0.588015	0	0	0	0	0.370338	0.0563462	0.0879	0.0837462	0.0654923	0.0503308	0.421892	0.0606154	0.105192	0.101977	0.116177	0.274985	
0.0106692	0.0118923	0.00610769	0.00409231	0.0212308	0.00343077	0.00373077	0.00436923	0.00335385	0.000869231	0.0260154	0.00252308	0.000115385	7.69231e-05	0.0324692	0.0001	9.23077e-05	0.0004	0.0001	0.0321692	0	0	0	0	0.0202462	0.00324615	0.0049	0.00436923	0.00138462	0.00100769	0.0292231	0.00114615	0.00522308	0.00503077	0.00590769	0.0166	
0.107938	0.120646	0.0628	0.0432538	0.200646	0.0397923	0.0428769	0.0513231	0.0337	0.00939231	0.266585	0.0249615	0.00125385	0.000576923	0.3321	0.000707692	0.000646154	0.00446923	0.000738462	0.328785	0	0	0	0	0.272423	0.0156923	0.0239538	0.0225692	0.0124154	0.00998462	0.300354	0.0118846	0.0531846	0.0512231	0.0584615	0.171769	
0.0110231	0.0120154	0.00683846	0.00439231	0.0218615	0.00372308	0.00416154	0.00452308	0.00330769	0.000953846	0.0274923	0.00251538	8.46154e-05	5.38462e-05	0.0340385	9.23077e-05	9.23077e-05	0.000369231	7.69231e-05	0.0337308	0	0	0	0	0.0212923	0.00327692	0.00505385	0.00464615	0.00126923	0.000938462	0.0308846	0.00117692	0.00561538	0.00522308	0.00619231	0.0172385	
0.219831	0.244315	0.128346	0.0918077	0.390046	0.0865923	0.0953615	0.1123	0.0696769	0.0196231	0.543831	0.0511692	0.00251538	0.0012	0.679069	0.00151538	0.00134615	0.00903846	0.00164615	0.672269	0.370338	0.0202462	0.272423	0.0212923	0	0	0	0	0.0516077	0.0397692	0.544562	0.0483615	0.112454	0.108469	0.124277	0.3391	
0.0265231	0.0289231	0.0152385	0.00787692	0.0604692	0.00556923	0.00589231	0.00663077	0.00652308	0.0017	0.0654846	0.00485385	0.000369231	0.000130769	0.0778846	0.000176923	0.0001	0.00100769	0.0002	0.0772538	0.0563462	0.00324615	0.0156923	0.00327692	0	0	0	0	0.00724615	0.00569231	0.0589231	0.0067	0.0141538	0.0137769	0.0152769	0.0353538	
0.041	0.0464308	0.0230769	0.0113	0.0939769	0.00822308	0.00899231	0.0106154	0.0095	0.0029	0.101946	0.00746154	0.000423077	0.000238462	0.120808	0.000338462	0.000238462	0.00151538	0.000253846	0.1198	0.0879	0.0049	0.0239538	0.00505385	0	0	0	0	0.0109846	0.00830769	0.0926	0.00991538	0.0219077	0.0205769	0.0243462	0.0549769	
0.0388231	0.0424538	0.0224231	0.0116308	0.0885308	0.00803077	0.00837692	0.0103923	0.00988462	0.00283846	0.0956538	0.00695385	0.000361538	0.000246154	0.114562	0.000161538	0.000338462	0.00138462	0.000230769	0.113377	0.0837462	0.00436923	0.0225692	0.00464615	0	0	0	0	0.0107231	0.00849231	0.0862692	0.00984615	0.0207	0.0206308	0.0228385	0.0511615	
0.0270308	0.0289154	0.0154462	0.00916923	0.0543154	0.00790769	0.00859231	0.00974615	0.00613846	0.00179231	0.0683077	0.00432308	0.000246154	0.000161538	0.0799154	0.000238462	0.000153846	0.00126923	0.000176923	0.0789615	0.0654923	0.00138462	0.0124154	0.00126923	0.0516077	0.00724615	0.0109846	0.0107231	0	0	0	0	0.0180308	0.0176538	0.0195923	0.0252846	
0.0209385	0.0223077	0.0121308	0.00688462	0.0418	0.00623077	0.00666923	0.00756154	0.00482308	0.00145385	0.0523615	0.00362308	0.000330769	6.15385e-05	0.0617692	0.0001	0.000107692	0.000792308	0.000130769	0.0612308	0.0503308	0.00100769	0.00998462	0.000938462	0.0397692	0.00569231	0.00830769	0.00849231	0	0	0	0	0.0138	0.0136769	0.0155462	0.0192385	
0.253108	0.283654	0.147538	0.0980538	0.487223	0.0868231	0.0955462	0.112762	0.0788308	0.0221692	0.623185	0.0581692	0.00291538	0.0015	0.7762	0.00173846	0.00160769	0.0100077	0.00186923	0.768869	0.421892	0.0292231	0.300354	0.0308846	0.544562	0.0589231	0.0926	0.0862692	0	0	0	0	0.120408	0.116054	0.133262	0.412631	
0.0251	0.0272462	0.0139692	0.00850769	0.0496846	0.00745385	0.00781538	0.00986923	0.00579231	0.00164615	0.0630615	0.00432308	0.000176923	9.23077e-05	0.0744385	0.000115385	0.000153846	0.000876923	0.000153846	0.0736385	0.0606154	0.00114615	0.0118846	0.00117692	0.0483615	0.0067	0.00991538	0.00984615	0	0	0	0	0.0169769	0.0160692	0.0183385	0.0234385	
0.0567769	0.0618923	0.0329	0.0176462	0.1215	0.0135	0.0155077	0.0187077	0.00733846	0.00216923	0.153946	0.00576154	0.000538462	0.000269231	0.167985	0.000423077	0.000292308	0.00202308	0.000330769	0.166569	0.105192	0.00522308	0.0531846	0.00561538	0.112454	0.0141538	0.0219077	0.0207	0.0180308	0.0138	0.120408	0.0169769	0	0	0	0	
0.0538231	0.0606923	0.0318	0.0171385	0.118762	0.0133538	0.0145846	0.0167538	0.0073	0.0021	0.148585	0.00546923	0.000553846	0.000384615	0.162208	0.000307692	0.0003	0.00216923	0.000384615	0.1606	0.101977	0.00503077	0.0512231	0.00522308	0.108469	0.0137769	0.0205769	0.0206308	0.0176538	0.0136769	0.116054	0.0160692	0	0	0	0	
0.0616923	0.0688692	0.0361154	0.0200615	0.136369	0.0147692	0.0165154	0.0190846	0.00870769	0.00257692	0.169123	0.00633077	0.000761538	0.000338462	0.185223	0.000415385	0.000407692	0.00242308	0.000453846	0.183454	0.116177	0.00590769	0.0584615	0.00619231	0.124277	0.0152769	0.0243462	0.0228385	0.0195923	0.0155462	0.133262	0.0183385	0	0	0	0	
0.153885	0.170669	0.0882692	0.0677692	0.256392	0.0667923	0.0720154	0.0853923	0.0722385	0.0202154	0.335262	0.0528769	0.00181538	0.000823077	0.476908	0.00104615	0.00102308	0.00633077	0.00116154	0.472077	0.274985	0.0166	0.171769	0.0172385	0.3391	0.0353538	0.0549769	0.0511615	0.0252846	0.0192385	0.412631	0.0234385	0	0	0	0	
