0	0	0	0	0.224908	0.0306462	0.0344769	0.0402308	0.0306462	0.00873846	0.268092	0.0227846	0.000915385	0.000615385	0.328054	0.000676923	0.000623077	0.00439231	0.000815385	0.324431	0.196569	0.0106462	0.111738	0.0113077	0.223754	0.0268462	0.0408231	0.0388385	0.0273	0.0210308	0.257123	0.0248077	0.0575077	0.0555	0.0627846	0.154469	
0	0	0	0	0.242854	0.0342538	0.0370077	0.0431538	0.0329923	0.00933077	0.290169	0.0247769	0.00120769	0.000592308	0.354685	0.000784615	0.000607692	0.00427692	0.00100769	0.351377	0.212592	0.0117308	0.120985	0.0119615	0.242462	0.0286385	0.0451923	0.0409769	0.0285	0.0226077	0.279292	0.0268692	0.0627308	0.0579769	0.0681846	0.168377	
0	0	0	0	0.1296	0.0179	0.0194	0.0237077	0.0173615	0.00493846	0.155515	0.0127923	0.000592308	0.000276923	0.189354	0.000384615	0.000346154	0.00260769	0.0005	0.187154	0.113231	0.0062	0.0646385	0.00653846	0.129392	0.0150769	0.0235923	0.0225462	0.0152538	0.0119538	0.148969	0.0144308	0.0326462	0.0319923	0.0361	0.0898692	
0	0	0	0	0.0353308	0.0255769	0.0284	0.0325538	0.0155462	0.00428462	0.0903538	0.0116769	0.000469231	0.0002	0.121031	0.000161538	0.000261538	0.00142308	0.000276923	0.1199	0.0712538	0.00410769	0.0424692	0.00403077	0.0917462	0.00746154	0.0114923	0.0111615	0.00893846	0.00673846	0.0974308	0.00875385	0.0173462	0.0175154	0.0195692	0.0674308	
0.224908	0.242854	0.1296	0.0353308	0	0	0	0	0.0400385	0.0118462	0.550854	0.0299538	0.00190769	0.00109231	0.628346	0.00134615	0.00106923	0.00805385	0.00169231	0.621877	0.385254	0.0212154	0.204323	0.0219	0.391431	0.0604385	0.0932308	0.0875923	0.0539308	0.0416154	0.486469	0.0506769	0.123615	0.117608	0.1363	0.255169	
0.0306462	0.0342538	0.0179	0.0255769	0	0	0	0	0.0166923	0.00453846	0.0749154	0.0122308	0.000361538	0.000153846	0.107754	0.000107692	0.000215385	0.00159231	0.000307692	0.106262	0.0622077	0.00316923	0.0394538	0.00354615	0.0877923	0.00488462	0.00814615	0.00755385	0.00778462	0.00649231	0.0869231	0.00717692	0.0138923	0.0136	0.0146923	0.0661923	
0.0344769	0.0370077	0.0194	0.0284	0	0	0	0	0.0183231	0.00486923	0.0823615	0.0137308	0.000323077	0.000207692	0.1185	0.000253846	0.000284615	0.00130769	0.000253846	0.117438	0.0680923	0.00387692	0.0435	0.00381538	0.0959692	0.00594615	0.00898462	0.00838462	0.0085	0.00656923	0.0964231	0.00779231	0.0147769	0.0151692	0.0164154	0.0729231	
0.0402308	0.0431538	0.0237077	0.0325538	0	0	0	0	0.0214923	0.00603846	0.096	0.0161154	0.000592308	0.000230769	0.138523	0.0003	0.000269231	0.00174615	0.000346154	0.137285	0.0780923	0.00442308	0.0525538	0.00457692	0.112162	0.00675385	0.0107385	0.00999231	0.00977692	0.00765385	0.113	0.00921538	0.0179462	0.0166077	0.0192308	0.0858615	
0.0306462	0.0329923	0.0173615	0.0155462	0.0400385	0.0166923	0.0183231	0.0214923	0	0	0	0	0.000238462	0.000153846	0.0959385	0.000215385	0.000153846	0.00126154	0.000284615	0.0948462	0.0563077	0.00306154	0.0340308	0.00314615	0.0700923	0.00624615	0.0101077	0.0101	0.00626923	0.00496154	0.0794769	0.00583846	0.00781538	0.00775385	0.00834615	0.0726308	
0.00873846	0.00933077	0.00493846	0.00428462	0.0118462	0.00453846	0.00486923	0.00603846	0	0	0	0	4.61538e-05	3.84615e-05	0.0271923	1.53846e-05	3.07692e-05	0.000315385	6.92308e-05	0.0268769	0.0159385	0.000853846	0.00963077	0.000869231	0.0194846	0.00186154	0.00300769	0.00293846	0.00188462	0.0014	0.0222923	0.00171538	0.00208462	0.00208462	0.00226154	0.0208615	
0.268092	0.290169	0.155515	0.0903538	0.550854	0.0749154	0.0823615	0.096	0	0	0	0	0.00260769	0.00131538	0.798523	0.00168462	0.00156923	0.0100769	0.00204615	0.790438	0.479708	0.0266538	0.270585	0.0271846	0.544938	0.0651846	0.100746	0.0932615	0.067	0.0525	0.621585	0.0630462	0.154462	0.147431	0.169685	0.332554	
0.0227846	0.0247769	0.0127923	0.0116769	0.0299538	0.0122308	0.0137308	0.0161154	0	0	0	0	0.000292308	0.000176923	0.0714692	9.23077e-05	8.46154e-05	0.00104615	0.0002	0.0707	0.0416923	0.00211538	0.0255846	0.00263846	0.0528385	0.00473077	0.00723846	0.00722308	0.00483846	0.00346923	0.0594615	0.00426154	0.00586923	0.00571538	0.00634615	0.0541	
0.000915385	0.00120769	0.000592308	0.000469231	0.00190769	0.000361538	0.000323077	0.000592308	0.000238462	4.61538e-05	0.00260769	0.000292308	0	0	0	0	0	6.15385e-05	0	0.00312308	0.00183077	8.46154e-05	0.00113077	0.000138462	0.00226154	0.000169231	0.000376923	0.000376923	0.000292308	0.000153846	0.00242308	0.000315385	0.000569231	0.000492308	0.000561538	0.00156154	
0.000615385	0.000592308	0.000276923	0.0002	0.00109231	0.000153846	0.000207692	0.000230769	0.000153846	3.84615e-05	0.00131538	0.000176923	0	0	0	0	0	2.30769e-05	0	0.00166154	0.000969231	6.15385e-05	0.0006	5.38462e-05	0.00116923	0.000130769	0.000215385	0.000169231	0.000153846	0.000130769	0.0013	0.0001	0.000276923	0.000323077	0.000330769	0.000753846	
0.328054	0.354685	0.189354	0.121031	0.628346	0.107754	0.1185	0.138523	0.0959385	0.0271923	0.798523	0.0714692	0	0	0	0	0.00182308	0.0125923	0.0026	0.976108	0.589723	0.0324462	0.337377	0.0335769	0.682562	0.0776	0.120254	0.112708	0.0793308	0.0619	0.7776	0.0742923	0.169	0.1618	0.185338	0.476985	
0.000676923	0.000784615	0.000384615	0.000161538	0.00134615	0.000107692	0.000253846	0.0003	0.000215385	1.53846e-05	0.00168462	9.23077e-05	0	0	0	0	1.53846e-05	2.30769e-05	0	0.00196923	0.00112308	9.23077e-05	0.000723077	6.92308e-05	0.00136154	0.000123077	0.000253846	0.000269231	0.000215385	0.000146154	0.00149231	0.000153846	0.000384615	0.000369231	0.000407692	0.000846154	
0.000623077	0.000607692	0.000346154	0.000261538	0.00106923	0.000215385	0.000284615	0.000269231	0.000153846	3.07692e-05	0.00156923	8.46154e-05	0	0	0.00182308	1.53846e-05	0	0	0	0	0.00113846	6.15385e-05	0.000584615	5.38462e-05	0.00133077	9.23077e-05	0.000269231	0.000146154	0.0001	0.000153846	0.00145385	0.000130769	0.000315385	0.000361538	0.000376923	0.000784615	
0.00439231	0.00427692	0.00260769	0.00142308	0.00805385	0.00159231	0.00130769	0.00174615	0.00126154	0.000315385	0.0100769	0.00104615	6.15385e-05	2.30769e-05	0.0125923	2.30769e-05	0	0	0	0	0.00742308	0.000476923	0.0043	0.0005	0.00872308	0.00106154	0.00143077	0.00148462	0.00100769	0.000738462	0.0101385	0.000815385	0.00206923	0.00204615	0.00243077	0.00615385	
0.000815385	0.00100769	0.0005	0.000276923	0.00169231	0.000307692	0.000253846	0.000346154	0.000284615	6.92308e-05	0.00204615	0.0002	0	0	0.0026	0	0	0	0	0	0.00149231	9.23077e-05	0.000938462	7.69231e-05	0.00181538	0.000253846	0.000284615	0.000246154	0.000230769	0.000146154	0.00203846	0.000184615	0.000484615	0.000376923	0.000515385	0.00122308	
0.324431	0.351377	0.187154	0.1199	0.621877	0.106262	0.117438	0.137285	0.0948462	0.0268769	0.790438	0.0707	0.00312308	0.00166154	0.976108	0.00196923	0	0	0	0	0.583592	0.0320538	0.334008	0.0332077	0.675485	0.0766154	0.119115	0.111646	0.0786538	0.0612923	0.769185	0.0737308	0.167362	0.1602	0.183315	0.471985	
0.196569	0.212592	0.113231	0.0712538	0.385254	0.0622077	0.0680923	0.0780923	0.0563077	0.0159385	0.479708	0.0416923	0.00183077	0.000969231	0.589723	0.00112308	0.00113846	0.00742308	0.00149231	0.583592	0	0	0	0	0.369054	0.0556769	0.0872769	0.0816385	0.0648692	0.0501077	0.418123	0.0605462	0.105115	0.0995154	0.115285	0.273731	
0.0106462	0.0117308	0.0062	0.00410769	0.0212154	0.00316923	0.00387692	0.00442308	0.00306154	0.000853846	0.0266538	0.00211538	8.46154e-05	6.15385e-05	0.0324462	9.23077e-05	6.15385e-05	0.000476923	9.23077e-05	0.0320538	0	0	0	0	0.0205846	0.00293077	0.00456154	0.00460769	0.00108462	0.000815385	0.0294538	0.00133077	0.00533077	0.00506923	0.00603077	0.0162538	
0.111738	0.120985	0.0646385	0.0424692	0.204323	0.0394538	0.0435	0.0525538	0.0340308	0.00963077	0.270585	0.0255846	0.00113077	0.0006	0.337377	0.000723077	0.000584615	0.0043	0.000938462	0.334008	0	0	0	0	0.276946	0.0160308	0.0241692	0.0226846	0.0127154	0.0103385	0.305	0.0117769	0.0543385	0.0530231	0.0588538	0.173615	
0.0113077	0.0119615	0.00653846	0.00403077	0.0219	0.00354615	0.00381538	0.00457692	0.00314615	0.000869231	0.0271846	0.00263846	0.000138462	5.38462e-05	0.0335769	6.92308e-05	5.38462e-05	0.0005	7.69231e-05	0.0332077	0	0	0	0	0.0207692	0.00338462	0.00509231	0.00459231	0.00132308	0.00106923	0.0302385	0.00120769	0.00544615	0.00537692	0.00646923	0.0165462	
0.223754	0.242462	0.129392	0.0917462	0.391431	0.0877923	0.0959692	0.112162	0.0700923	0.0194846	0.544938	0.0528385	0.00226154	0.00116923	0.682562	0.00136154	0.00133077	0.00872308	0.00181538	0.675485	0.369054	0.0205846	0.276946	0.0207692	0	0	0	0	0.0510615	0.0403154	0.547669	0.0483077	0.114	0.108992	0.124562	0.3398	
0.0268462	0.0286385	0.0150769	0.00746154	0.0604385	0.00488462	0.00594615	0.00675385	0.00624615	0.00186154	0.0651846	0.00473077	0.000169231	0.000130769	0.0776	0.000123077	9.23077e-05	0.00106154	0.000253846	0.0766154	0.0556769	0.00293077	0.0160308	0.00338462	0	0	0	0	0.00750769	0.0055	0.0587077	0.00630769	0.0138538	0.0138231	0.0153	0.0350462	
0.0408231	0.0451923	0.0235923	0.0114923	0.0932308	0.00814615	0.00898462	0.0107385	0.0101077	0.00300769	0.100746	0.00723846	0.000376923	0.000215385	0.120254	0.000253846	0.000269231	0.00143077	0.000284615	0.119115	0.0872769	0.00456154	0.0241692	0.00509231	0	0	0	0	0.0112308	0.00864615	0.0908769	0.0103462	0.0216692	0.0208462	0.0240538	0.0545308	
0.0388385	0.0409769	0.0225462	0.0111615	0.0875923	0.00755385	0.00838462	0.00999231	0.0101	0.00293846	0.0932615	0.00722308	0.000376923	0.000169231	0.112708	0.000269231	0.000146154	0.00148462	0.000246154	0.111646	0.0816385	0.00460769	0.0226846	0.00459231	0	0	0	0	0.0101923	0.00786923	0.0855615	0.0099	0.0207077	0.0193231	0.0227231	0.0507692	
0.0273	0.0285	0.0152538	0.00893846	0.0539308	0.00778462	0.0085	0.00977692	0.00626923	0.00188462	0.067	0.00483846	0.000292308	0.000153846	0.0793308	0.000215385	0.0001	0.00100769	0.000230769	0.0786538	0.0648692	0.00108462	0.0127154	0.00132308	0.0510615	0.00750769	0.0112308	0.0101923	0	0	0	0	0.0181692	0.0176846	0.0198385	0.0243	
0.0210308	0.0226077	0.0119538	0.00673846	0.0416154	0.00649231	0.00656923	0.00765385	0.00496154	0.0014	0.0525	0.00346923	0.000153846	0.000130769	0.0619	0.000146154	0.000153846	0.000738462	0.000146154	0.0612923	0.0501077	0.000815385	0.0103385	0.00106923	0.0403154	0.0055	0.00864615	0.00786923	0	0	0	0	0.0138231	0.0133385	0.0150538	0.0201154	
0.257123	0.279292	0.148969	0.0974308	0.486469	0.0869231	0.0964231	0.113	0.0794769	0.0222923	0.621585	0.0594615	0.00242308	0.0013	0.7776	0.00149231	0.00145385	0.0101385	0.00203846	0.769185	0.418123	0.0294538	0.305	0.0302385	0.547669	0.0587077	0.0908769	0.0855615	0	0	0	0	0.1215	0.115885	0.132831	0.4126	
0.0248077	0.0268692	0.0144308	0.00875385	0.0506769	0.00717692	0.00779231	0.00921538	0.00583846	0.00171538	0.0630462	0.00426154	0.000315385	0.0001	0.0742923	0.000153846	0.000130769	0.000815385	0.000184615	0.0737308	0.0605462	0.00133077	0.0117769	0.00120769	0.0483077	0.00630769	0.0103462	0.0099	0	0	0	0	0.0167385	0.0160769	0.0189154	0.0231308	
0.0575077	0.0627308	0.0326462	0.0173462	0.123615	0.0138923	0.0147769	0.0179462	0.00781538	0.00208462	0.154462	0.00586923	0.000569231	0.000276923	0.169	0.000384615	0.000315385	0.00206923	0.000484615	0.167362	0.105115	0.00533077	0.0543385	0.00544615	0.114	0.0138538	0.0216692	0.0207077	0.0181692	0.0138231	0.1215	0.0167385	0	0	0	0	
0.0555	0.0579769	0.0319923	0.0175154	0.117608	0.0136	0.0151692	0.0166077	0.00775385	0.00208462	0.147431	0.00571538	0.000492308	0.000323077	0.1618	0.000369231	0.000361538	0.00204615	0.000376923	0.1602	0.0995154	0.00506923	0.0530231	0.00537692	0.108992	0.0138231	0.0208462	0.0193231	0.0176846	0.0133385	0.115885	0.0160769	0	0	0	0	
0.0627846	0.0681846	0.0361	0.0195692	0.1363	0.0146923	0.0164154	0.0192308	0.00834615	0.00226154	0.169685	0.00634615	0.000561538	0.000330769	0.185338	0.000407692	0.000376923	0.00243077	0.000515385	0.183315	0.115285	0.00603077	0.0588538	0.00646923	0.124562	0.0153	0.0240538	0.0227231	0.0198385	0.0150538	0.132831	0.0189154	0	0	0	0	
0.154469	0.168377	0.0898692	0.0674308	0.255169	0.0661923	0.0729231	0.0858615	0.0726308	0.0208615	0.332554	0.0541	0.00156154	0.000753846	0.476985	0.000846154	0.000784615	0.00615385	0.00122308	0.471985	0.273731	0.0162538	0.173615	0.0165462	0.3398	0.0350462	0.0545308	0.0507692	0.0243	0.0201154	0.4126	0.0231308	0	0	0	0	
