0	0	0	0	0.221685	0.0324154	0.0339077	0.0403385	0.0297692	0.0086	0.266915	0.0230615	0.00108462	0.000592308	0.326062	0.000607692	0.000723077	0.00400769	0.0007	0.322915	0.197738	0.0107154	0.108492	0.0114	0.221754	0.0258154	0.0420308	0.0387462	0.0263231	0.0212077	0.256146	0.0246692	0.0567385	0.0549231	0.0629231	0.153762	
0	0	0	0	0.244515	0.0342077	0.0371231	0.0434462	0.0323538	0.00922308	0.293492	0.0242231	0.00117692	0.000607692	0.356892	0.000615385	0.000853846	0.00416154	0.000915385	0.353362	0.215662	0.0119615	0.119446	0.0122231	0.243008	0.0285385	0.0454	0.0423462	0.0298	0.0222231	0.280054	0.0272154	0.0622538	0.0586462	0.0686077	0.169785	
0	0	0	0	0.128769	0.0179538	0.0190385	0.0234077	0.0171769	0.00518462	0.153962	0.0128462	0.000638462	0.000384615	0.187754	0.000392308	0.000323077	0.00211538	0.000515385	0.186215	0.113523	0.00598462	0.0629077	0.00675385	0.128	0.0154	0.0237308	0.0220385	0.0156385	0.0118231	0.147215	0.0144923	0.032	0.0316462	0.0362923	0.0892308	
0	0	0	0	0.0372308	0.0260692	0.0276769	0.0322154	0.0162385	0.00420769	0.0914	0.0113462	0.000353846	0.000276923	0.122285	0.000276923	0.000307692	0.00156923	0.000338462	0.120977	0.0718923	0.00383846	0.0433	0.00416154	0.0924077	0.00736923	0.0121231	0.0112923	0.00939231	0.00693846	0.0984923	0.00836923	0.0175154	0.0175692	0.0202462	0.0678615	
0.221685	0.244515	0.128769	0.0372308	0	0	0	0	0.0398615	0.0114231	0.551515	0.0294	0.00212308	0.00115385	0.627708	0.00121538	0.00136154	0.00743077	0.00153077	0.621877	0.389015	0.0207538	0.200392	0.0220385	0.389669	0.0593846	0.0949538	0.0881923	0.0545615	0.0422692	0.484777	0.0505923	0.122177	0.117323	0.135885	0.256815	
0.0324154	0.0342077	0.0179538	0.0260692	0	0	0	0	0.0167538	0.00441538	0.0766077	0.0128692	0.000330769	0.000238462	0.109877	0.0002	0.000276923	0.00134615	0.000253846	0.108769	0.0631	0.00339231	0.0404385	0.00371538	0.0895923	0.00504615	0.00842308	0.00758462	0.008	0.00591538	0.0897077	0.00702308	0.0136846	0.0135692	0.0161154	0.0672769	
0.0339077	0.0371231	0.0190385	0.0276769	0	0	0	0	0.0181154	0.00517692	0.0811692	0.0132846	0.000415385	0.000261538	0.116877	0.000192308	0.000276923	0.00127692	0.0003	0.115892	0.0676692	0.00374615	0.0425538	0.00377692	0.0943692	0.00583077	0.00923846	0.00830769	0.00877692	0.0064	0.0947231	0.00784615	0.0152	0.0145308	0.0165615	0.0714538	
0.0403385	0.0434462	0.0234077	0.0322154	0	0	0	0	0.0208077	0.0062	0.0964769	0.0159231	0.000384615	0.000207692	0.138531	0.000284615	0.000292308	0.0018	0.000384615	0.136931	0.0790308	0.00460769	0.0507615	0.00500769	0.111538	0.00686154	0.0106692	0.0103385	0.00981538	0.00760769	0.1127	0.00928462	0.0174462	0.0173615	0.0195077	0.0850923	
0.0297692	0.0323538	0.0171769	0.0162385	0.0398615	0.0167538	0.0181154	0.0208077	0	0	0	0	0.000415385	0.000176923	0.0948154	0.000130769	0.000223077	0.00111538	0.000223077	0.0939769	0.0555846	0.00314615	0.0334923	0.00331538	0.0688615	0.00645385	0.0101846	0.0100385	0.00621538	0.00507692	0.0786308	0.00561538	0.00763846	0.00768462	0.00839231	0.0718231	
0.0086	0.00922308	0.00518462	0.00420769	0.0114231	0.00441538	0.00517692	0.0062	0	0	0	0	9.23077e-05	0.0001	0.0269692	5.38462e-05	7.69231e-05	0.000269231	3.84615e-05	0.0268308	0.0155538	0.000884615	0.00987692	0.0009	0.0197462	0.0019	0.00289231	0.00267692	0.00162308	0.00126923	0.0223846	0.00193846	0.00225385	0.00200769	0.00263846	0.0203154	
0.266915	0.293492	0.153962	0.0914	0.551515	0.0766077	0.0811692	0.0964769	0	0	0	0	0.0025	0.00147692	0.800262	0.00153077	0.00176154	0.00964615	0.00203077	0.792331	0.485769	0.0261538	0.265785	0.0280615	0.544138	0.0643615	0.102592	0.0946769	0.0687385	0.0525385	0.621838	0.0626538	0.152785	0.147731	0.170523	0.334731	
0.0230615	0.0242231	0.0128462	0.0113462	0.0294	0.0128692	0.0132846	0.0159231	0	0	0	0	0.000246154	0.000107692	0.0709462	0.000176923	0.000146154	0.000823077	0.000176923	0.0703308	0.0419077	0.00231538	0.0249923	0.00226154	0.0524231	0.00440769	0.00761538	0.00703077	0.00457692	0.00330769	0.0590538	0.00453846	0.00583077	0.00536154	0.00651538	0.0537692	
0.00108462	0.00117692	0.000638462	0.000353846	0.00212308	0.000330769	0.000415385	0.000384615	0.000415385	9.23077e-05	0.0025	0.000246154	0	0	0	0	0	4.61538e-05	1.53846e-05	0.00319231	0.00202308	4.61538e-05	0.00106923	0.000115385	0.00228462	0.000238462	0.000361538	0.000369231	0.000192308	0.000207692	0.00253846	0.000315385	0.000515385	0.0006	0.000607692	0.00153077	
0.000592308	0.000607692	0.000384615	0.000276923	0.00115385	0.000238462	0.000261538	0.000207692	0.000176923	0.0001	0.00147692	0.000107692	0	0	0	0	0	3.84615e-05	1.53846e-05	0.00180769	0.00105385	3.84615e-05	0.000692308	7.69231e-05	0.00133846	0.000161538	0.000207692	0.000153846	0.0001	7.69231e-05	0.00151538	0.000169231	0.000307692	0.000330769	0.000276923	0.000946154	
0.326062	0.356892	0.187754	0.122285	0.627708	0.109877	0.116877	0.138531	0.0948154	0.0269692	0.800262	0.0709462	0	0	0	0	0.0022	0.0117538	0.00243077	0.976608	0.594662	0.0323231	0.331715	0.0342923	0.680223	0.0765769	0.122438	0.113754	0.0807077	0.0618077	0.776354	0.0741231	0.167354	0.161515	0.186823	0.4773	
0.000607692	0.000615385	0.000392308	0.000276923	0.00121538	0.0002	0.000192308	0.000284615	0.000130769	5.38462e-05	0.00153077	0.000176923	0	0	0	0	7.69231e-06	1.53846e-05	7.69231e-06	0.00186154	0.00107692	9.23077e-05	0.000669231	5.38462e-05	0.00132308	0.000146154	0.000276923	0.000146154	0.000153846	0.0001	0.0015	0.000138462	0.000330769	0.000338462	0.000361538	0.000861538	
0.000723077	0.000853846	0.000323077	0.000307692	0.00136154	0.000276923	0.000276923	0.000292308	0.000223077	7.69231e-05	0.00176154	0.000146154	0	0	0.0022	7.69231e-06	0	0	0	0	0.00126154	0.000107692	0.000792308	4.61538e-05	0.00141538	0.000153846	0.000276923	0.000361538	0.000192308	0.000146154	0.00172308	0.000146154	0.000353846	0.000423077	0.0004	0.00103077	
0.00400769	0.00416154	0.00211538	0.00156923	0.00743077	0.00134615	0.00127692	0.0018	0.00111538	0.000269231	0.00964615	0.000823077	4.61538e-05	3.84615e-05	0.0117538	1.53846e-05	0	0	0	0	0.00695385	0.000446154	0.00403077	0.000423077	0.00832308	0.000884615	0.00137692	0.00126923	0.000953846	0.000615385	0.00940769	0.000876923	0.00204615	0.00182308	0.00213077	0.00585385	
0.0007	0.000915385	0.000515385	0.000338462	0.00153077	0.000253846	0.0003	0.000384615	0.000223077	3.84615e-05	0.00203077	0.000176923	1.53846e-05	1.53846e-05	0.00243077	7.69231e-06	0	0	0	0	0.00146923	6.92308e-05	0.000830769	0.0001	0.00153077	0.000192308	0.000338462	0.000407692	0.0002	0.000146154	0.00193077	0.000192308	0.000330769	0.000369231	0.000492308	0.00127692	
0.322915	0.353362	0.186215	0.120977	0.621877	0.108769	0.115892	0.136931	0.0939769	0.0268308	0.792331	0.0703308	0.00319231	0.00180769	0.976608	0.00186154	0	0	0	0	0.589131	0.0318769	0.328492	0.0339692	0.6739	0.0758923	0.121292	0.112385	0.0798077	0.0612846	0.768846	0.0735308	0.165777	0.160169	0.185046	0.472477	
0.197738	0.215662	0.113523	0.0718923	0.389015	0.0631	0.0676692	0.0790308	0.0555846	0.0155538	0.485769	0.0419077	0.00202308	0.00105385	0.594662	0.00107692	0.00126154	0.00695385	0.00146923	0.589131	0	0	0	0	0.370969	0.0559462	0.0890692	0.0828308	0.0656	0.0507385	0.421923	0.0605538	0.105115	0.100785	0.116523	0.276392	
0.0107154	0.0119615	0.00598462	0.00383846	0.0207538	0.00339231	0.00374615	0.00460769	0.00314615	0.000884615	0.0261538	0.00231538	4.61538e-05	3.84615e-05	0.0323231	9.23077e-05	0.000107692	0.000446154	6.92308e-05	0.0318769	0	0	0	0	0.0197615	0.00304615	0.00480769	0.00488462	0.00111538	0.000915385	0.0291538	0.00131538	0.00506923	0.005	0.00603846	0.0163923	
0.108492	0.119446	0.0629077	0.0433	0.200392	0.0404385	0.0425538	0.0507615	0.0334923	0.00987692	0.265785	0.0249923	0.00106923	0.000692308	0.331715	0.000669231	0.000792308	0.00403077	0.000830769	0.328492	0	0	0	0	0.272838	0.0150308	0.0241692	0.0221077	0.0130154	0.00960769	0.299831	0.0116923	0.0529538	0.0514769	0.0593385	0.170377	
0.0114	0.0122231	0.00675385	0.00416154	0.0220385	0.00371538	0.00377692	0.00500769	0.00331538	0.0009	0.0280615	0.00226154	0.000115385	7.69231e-05	0.0342923	5.38462e-05	4.61538e-05	0.000423077	0.0001	0.0339692	0	0	0	0	0.0216	0.0031	0.00523846	0.0046	0.00142308	0.000930769	0.031	0.00118462	0.00536923	0.00552308	0.00616923	0.0174769	
0.221754	0.243008	0.128	0.0924077	0.389669	0.0895923	0.0943692	0.111538	0.0688615	0.0197462	0.544138	0.0524231	0.00228462	0.00133846	0.680223	0.00132308	0.00141538	0.00832308	0.00153077	0.6739	0.370969	0.0197615	0.272838	0.0216	0	0	0	0	0.0523769	0.0399231	0.544823	0.0480462	0.111269	0.108138	0.124954	0.340808	
0.0258154	0.0285385	0.0154	0.00736923	0.0593846	0.00504615	0.00583077	0.00686154	0.00645385	0.0019	0.0643615	0.00440769	0.000238462	0.000161538	0.0765769	0.000146154	0.000153846	0.000884615	0.000192308	0.0758923	0.0559462	0.00304615	0.0150308	0.0031	0	0	0	0	0.00694615	0.0053	0.0583615	0.00651538	0.0143615	0.0128615	0.0151615	0.0347385	
0.0420308	0.0454	0.0237308	0.0121231	0.0949538	0.00842308	0.00923846	0.0106692	0.0101846	0.00289231	0.102592	0.00761538	0.000361538	0.000207692	0.122438	0.000276923	0.000276923	0.00137692	0.000338462	0.121292	0.0890692	0.00480769	0.0241692	0.00523846	0	0	0	0	0.0110231	0.00882308	0.0930923	0.0103462	0.0223385	0.0222308	0.0245	0.0542154	
0.0387462	0.0423462	0.0220385	0.0112923	0.0881923	0.00758462	0.00830769	0.0103385	0.0100385	0.00267692	0.0946769	0.00703077	0.000369231	0.000153846	0.113754	0.000146154	0.000361538	0.00126923	0.000407692	0.112385	0.0828308	0.00488462	0.0221077	0.0046	0	0	0	0	0.0108077	0.00814615	0.0856308	0.00983846	0.0205385	0.0195538	0.0234538	0.0508769	
0.0263231	0.0298	0.0156385	0.00939231	0.0545615	0.008	0.00877692	0.00981538	0.00621538	0.00162308	0.0687385	0.00457692	0.000192308	0.0001	0.0807077	0.000153846	0.000192308	0.000953846	0.0002	0.0798077	0.0656	0.00111538	0.0130154	0.00142308	0.0523769	0.00694615	0.0110231	0.0108077	0	0	0	0	0.0185923	0.0171846	0.0202	0.0251769	
0.0212077	0.0222231	0.0118231	0.00693846	0.0422692	0.00591538	0.0064	0.00760769	0.00507692	0.00126923	0.0525385	0.00330769	0.000207692	7.69231e-05	0.0618077	0.0001	0.000146154	0.000615385	0.000146154	0.0612846	0.0507385	0.000915385	0.00960769	0.000930769	0.0399231	0.0053	0.00882308	0.00814615	0	0	0	0	0.0141077	0.0133462	0.0150538	0.0196846	
0.256146	0.280054	0.147215	0.0984923	0.484777	0.0897077	0.0947231	0.1127	0.0786308	0.0223846	0.621838	0.0590538	0.00253846	0.00151538	0.776354	0.0015	0.00172308	0.00940769	0.00193077	0.768846	0.421923	0.0291538	0.299831	0.031	0.544823	0.0583615	0.0930923	0.0856308	0	0	0	0	0.119369	0.116585	0.134046	0.411908	
0.0246692	0.0272154	0.0144923	0.00836923	0.0505923	0.00702308	0.00784615	0.00928462	0.00561538	0.00193846	0.0626538	0.00453846	0.000315385	0.000169231	0.0741231	0.000138462	0.000146154	0.000876923	0.000192308	0.0735308	0.0605538	0.00131538	0.0116923	0.00118462	0.0480462	0.00651538	0.0103462	0.00983846	0	0	0	0	0.0164385	0.0156692	0.0187692	0.0238692	
0.0567385	0.0622538	0.032	0.0175154	0.122177	0.0136846	0.0152	0.0174462	0.00763846	0.00225385	0.152785	0.00583077	0.000515385	0.000307692	0.167354	0.000330769	0.000353846	0.00204615	0.000330769	0.165777	0.105115	0.00506923	0.0529538	0.00536923	0.111269	0.0143615	0.0223385	0.0205385	0.0185923	0.0141077	0.119369	0.0164385	0	0	0	0	
0.0549231	0.0586462	0.0316462	0.0175692	0.117323	0.0135692	0.0145308	0.0173615	0.00768462	0.00200769	0.147731	0.00536154	0.0006	0.000330769	0.161515	0.000338462	0.000423077	0.00182308	0.000369231	0.160169	0.100785	0.005	0.0514769	0.00552308	0.108138	0.0128615	0.0222308	0.0195538	0.0171846	0.0133462	0.116585	0.0156692	0	0	0	0	
0.0629231	0.0686077	0.0362923	0.0202462	0.135885	0.0161154	0.0165615	0.0195077	0.00839231	0.00263846	0.170523	0.00651538	0.000607692	0.000276923	0.186823	0.000361538	0.0004	0.00213077	0.000492308	0.185046	0.116523	0.00603846	0.0593385	0.00616923	0.124954	0.0151615	0.0245	0.0234538	0.0202	0.0150538	0.134046	0.0187692	0	0	0	0	
0.153762	0.169785	0.0892308	0.0678615	0.256815	0.0672769	0.0714538	0.0850923	0.0718231	0.0203154	0.334731	0.0537692	0.00153077	0.000946154	0.4773	0.000861538	0.00103077	0.00585385	0.00127692	0.472477	0.276392	0.0163923	0.170377	0.0174769	0.340808	0.0347385	0.0542154	0.0508769	0.0251769	0.0196846	0.411908	0.0238692	0	0	0	0	
