0	0	0	0	0.223269	0.0316538	0.0332462	0.0401692	0.0309538	0.00802308	0.266962	0.0224	0.00116923	0.000546154	0.326046	0.000576923	0.000623077	0.00392308	0.0008	0.322992	0.196685	0.0106769	0.109592	0.0113846	0.222015	0.0261615	0.0412154	0.0389462	0.0272615	0.0202846	0.256562	0.0242308	0.0557308	0.0555615	0.0628154	0.154231	
0	0	0	0	0.245131	0.0345462	0.0358846	0.0432	0.0325846	0.0095	0.292554	0.0241231	0.00115385	0.000546154	0.356331	0.000730769	0.000761538	0.00439231	0.0009	0.352708	0.215123	0.0119769	0.119369	0.0122923	0.242585	0.0281538	0.0453154	0.0427077	0.0293692	0.0222769	0.280369	0.0267462	0.0622	0.0598385	0.0684	0.168323	
0	0	0	0	0.130023	0.0180769	0.0197231	0.0232692	0.0173923	0.00522308	0.156169	0.0123077	0.000538462	0.000323077	0.189823	0.000407692	0.000376923	0.00234615	0.000438462	0.187931	0.112977	0.0063	0.0655385	0.00627692	0.129331	0.0152385	0.0239692	0.0225538	0.0151	0.0115846	0.150162	0.0142462	0.0332462	0.0316846	0.0368462	0.0893154	
0	0	0	0	0.0373385	0.0246077	0.0274	0.0324615	0.0155	0.00404615	0.0912462	0.0110154	0.000353846	0.000138462	0.121031	0.000284615	0.000276923	0.00137692	0.000284615	0.119869	0.0711231	0.00375385	0.0427077	0.00422308	0.0904692	0.0078	0.0122308	0.0113077	0.00928462	0.00693077	0.0968538	0.00873846	0.0185385	0.0172077	0.0198077	0.0662538	
0.223269	0.245131	0.130023	0.0373385	0	0	0	0	0.0401154	0.0116692	0.554992	0.0289846	0.00193077	0.00100769	0.631662	0.00116154	0.0012	0.00763077	0.00156923	0.625362	0.387792	0.0212462	0.204777	0.0219462	0.3926	0.0593538	0.0946154	0.0891923	0.0547231	0.0410385	0.489877	0.0501231	0.123038	0.119454	0.136815	0.256454	
0.0316538	0.0345462	0.0180769	0.0246077	0	0	0	0	0.0169615	0.00427692	0.0757846	0.0118615	0.000376923	0.000161538	0.108138	0.000207692	0.000230769	0.00129231	0.0002	0.107162	0.0619538	0.00342308	0.0398308	0.00367692	0.0873615	0.00499231	0.00845385	0.00807692	0.00790769	0.00577692	0.0877154	0.00748462	0.0138308	0.0135462	0.0152385	0.0662692	
0.0332462	0.0358846	0.0197231	0.0274	0	0	0	0	0.0183769	0.00496923	0.0798154	0.0130923	0.000446154	0.000107692	0.115423	0.000276923	0.000238462	0.00133846	0.000269231	0.114408	0.0663154	0.00373077	0.0424615	0.00374615	0.0932	0.00598462	0.00859231	0.00847692	0.00833846	0.00662308	0.0938077	0.00748462	0.0149692	0.0141	0.0162692	0.0709154	
0.0401692	0.0432	0.0232692	0.0324615	0	0	0	0	0.0209769	0.00587692	0.0963385	0.0159077	0.000461538	0.000276923	0.138008	0.000353846	0.000369231	0.00177692	0.000384615	0.136569	0.0798462	0.00430769	0.0501385	0.00480769	0.111238	0.00702308	0.0110692	0.00976923	0.0100462	0.00763846	0.112546	0.00886923	0.0178769	0.0171923	0.0195462	0.0844846	
0.0309538	0.0325846	0.0173923	0.0155	0.0401154	0.0169615	0.0183769	0.0209769	0	0	0	0	0.000315385	0.000161538	0.0957692	0.000184615	0.000192308	0.00110769	0.0002	0.0949308	0.0557308	0.00325385	0.0340538	0.00339231	0.0702462	0.0066	0.0100615	0.00952308	0.00653077	0.00476154	0.0793923	0.00574615	0.0075	0.00754615	0.00887692	0.0725077	
0.00802308	0.0095	0.00522308	0.00404615	0.0116692	0.00427692	0.00496923	0.00587692	0	0	0	0	0.0001	5.38462e-05	0.0265846	5.38462e-05	6.15385e-05	0.000238462	3.84615e-05	0.0264538	0.0155615	0.000953846	0.00930769	0.000969231	0.0195615	0.00173077	0.00289231	0.00260769	0.00165385	0.00136154	0.0221692	0.00160769	0.00209231	0.00200769	0.00244615	0.0202462	
0.266962	0.292554	0.156169	0.0912462	0.554992	0.0757846	0.0798154	0.0963385	0	0	0	0	0.00258462	0.00119231	0.801508	0.00164615	0.00164615	0.00983077	0.00195385	0.7935	0.484462	0.0260538	0.269146	0.0272692	0.544015	0.0643308	0.1024	0.0961846	0.0681846	0.0514077	0.624946	0.0623923	0.154515	0.149092	0.170162	0.333162	
0.0224	0.0241231	0.0123077	0.0110154	0.0289846	0.0118615	0.0130923	0.0159077	0	0	0	0	0.000215385	0.000146154	0.0693692	0.000115385	0.000138462	0.000861538	0.000230769	0.0686154	0.0401538	0.00244615	0.0247	0.00254615	0.0505769	0.00469231	0.00737692	0.0072	0.00464615	0.00354615	0.0574385	0.00421538	0.00560769	0.00564615	0.00638462	0.0522077	
0.00116923	0.00115385	0.000538462	0.000353846	0.00193077	0.000376923	0.000446154	0.000461538	0.000315385	0.0001	0.00258462	0.000215385	0	0	0	0	7.69231e-06	3.84615e-05	0	0.00316923	0.00195385	0.000146154	0.00103077	8.46154e-05	0.00195385	0.000330769	0.000492308	0.000438462	0.000361538	0.000169231	0.00244615	0.000238462	0.000638462	0.000507692	0.000607692	0.00146154	
0.000546154	0.000546154	0.000323077	0.000138462	0.00100769	0.000161538	0.000107692	0.000276923	0.000161538	5.38462e-05	0.00119231	0.000146154	0	0	0	0	0	3.84615e-05	7.69231e-06	0.00150769	0.000938462	3.84615e-05	0.000523077	5.38462e-05	0.00105385	0.000123077	0.000138462	0.000238462	0.000130769	0.000123077	0.00120769	9.23077e-05	0.000230769	0.000323077	0.000230769	0.000769231	
0.326046	0.356331	0.189823	0.121031	0.631662	0.108138	0.115423	0.138008	0.0957692	0.0265846	0.801508	0.0693692	0	0	0	0	0.00202308	0.0119538	0.00240769	0.976846	0.591885	0.0324385	0.334946	0.0339615	0.679969	0.0767385	0.1219	0.114623	0.0803692	0.0606538	0.778623	0.0735846	0.168523	0.163138	0.186662	0.474908	
0.000576923	0.000730769	0.000407692	0.000284615	0.00116154	0.000207692	0.000276923	0.000353846	0.000184615	5.38462e-05	0.00164615	0.000115385	0	0	0	0	7.69231e-06	7.69231e-06	7.69231e-06	0.00197692	0.00113077	8.46154e-05	0.000707692	7.69231e-05	0.00142308	0.000161538	0.0002	0.000215385	0.000153846	0.000130769	0.00166923	4.61538e-05	0.000323077	0.000323077	0.000369231	0.000984615	
0.000623077	0.000761538	0.000376923	0.000276923	0.0012	0.000230769	0.000238462	0.000369231	0.000192308	6.15385e-05	0.00164615	0.000138462	7.69231e-06	0	0.00202308	7.69231e-06	0	0	0	0	0.00126923	6.15385e-05	0.000653846	5.38462e-05	0.00146923	0.000138462	0.000192308	0.000238462	0.000192308	0.000130769	0.00156154	0.000153846	0.000330769	0.000376923	0.000323077	0.00100769	
0.00392308	0.00439231	0.00234615	0.00137692	0.00763077	0.00129231	0.00133846	0.00177692	0.00110769	0.000238462	0.00983077	0.000861538	3.84615e-05	3.84615e-05	0.0119538	7.69231e-06	0	0	0	0	0.0072	0.000261538	0.00405385	0.000523077	0.0084	0.000884615	0.0014	0.00135385	0.000992308	0.000653846	0.00946154	0.000930769	0.00200769	0.00172308	0.00230769	0.006	
0.0008	0.0009	0.000438462	0.000284615	0.00156923	0.0002	0.000269231	0.000384615	0.0002	3.84615e-05	0.00195385	0.000230769	0	7.69231e-06	0.00240769	7.69231e-06	0	0	0	0	0.00142308	0.000123077	0.000776923	0.0001	0.00155385	0.000184615	0.000338462	0.000346154	0.000169231	0.000192308	0.00187692	0.000184615	0.000407692	0.000461538	0.000438462	0.00111538	
0.322992	0.352708	0.187931	0.119869	0.625362	0.107162	0.114408	0.136569	0.0949308	0.0264538	0.7935	0.0686154	0.00316923	0.00150769	0.976846	0.00197692	0	0	0	0	0.586015	0.0322615	0.331723	0.0335	0.672977	0.0761462	0.1208	0.113577	0.0796615	0.0601	0.771046	0.0726923	0.166969	0.161731	0.1848	0.47	
0.196685	0.215123	0.112977	0.0711231	0.387792	0.0619538	0.0663154	0.0798462	0.0557308	0.0155615	0.484462	0.0401538	0.00195385	0.000938462	0.591885	0.00113077	0.00126923	0.0072	0.00142308	0.586015	0	0	0	0	0.367954	0.0562154	0.0885923	0.0831462	0.0657923	0.0494077	0.420562	0.0601462	0.105246	0.101923	0.115908	0.272831	
0.0106769	0.0119769	0.0063	0.00375385	0.0212462	0.00342308	0.00373077	0.00430769	0.00325385	0.000953846	0.0260538	0.00244615	0.000146154	3.84615e-05	0.0324385	8.46154e-05	6.15385e-05	0.000261538	0.000123077	0.0322615	0	0	0	0	0.0206769	0.00300769	0.00458462	0.00443846	0.00116154	0.000869231	0.0296385	0.00103846	0.00532308	0.00514615	0.00567692	0.0165615	
0.109592	0.119369	0.0655385	0.0427077	0.204777	0.0398308	0.0424615	0.0501385	0.0340538	0.00930769	0.269146	0.0247	0.00103077	0.000523077	0.334946	0.000707692	0.000653846	0.00405385	0.000776923	0.331723	0	0	0	0	0.274685	0.0149231	0.0245692	0.0230308	0.0128308	0.00960769	0.303162	0.0116077	0.0537231	0.0519769	0.0599308	0.171577	
0.0113846	0.0122923	0.00627692	0.00422308	0.0219462	0.00367692	0.00374615	0.00480769	0.00339231	0.000969231	0.0272692	0.00254615	8.46154e-05	5.38462e-05	0.0339615	7.69231e-05	5.38462e-05	0.000523077	0.0001	0.0335	0	0	0	0	0.0210846	0.00320769	0.00498462	0.0049	0.00123077	0.00119231	0.0305846	0.00116923	0.00542308	0.00524615	0.00635385	0.0171538	
0.222015	0.242585	0.129331	0.0904692	0.3926	0.0873615	0.0932	0.111238	0.0702462	0.0195615	0.544015	0.0505769	0.00195385	0.00105385	0.679969	0.00142308	0.00146923	0.0084	0.00155385	0.672977	0.367954	0.0206769	0.274685	0.0210846	0	0	0	0	0.0522308	0.0392615	0.545254	0.0476538	0.112154	0.109708	0.124638	0.3379	
0.0261615	0.0281538	0.0152385	0.0078	0.0593538	0.00499231	0.00598462	0.00702308	0.0066	0.00173077	0.0643308	0.00469231	0.000330769	0.000123077	0.0767385	0.000161538	0.000138462	0.000884615	0.000184615	0.0761462	0.0562154	0.00300769	0.0149231	0.00320769	0	0	0	0	0.00739231	0.00525385	0.0582923	0.00641538	0.0140538	0.0136154	0.0152231	0.0344615	
0.0412154	0.0453154	0.0239692	0.0122308	0.0946154	0.00845385	0.00859231	0.0110692	0.0100615	0.00289231	0.1024	0.00737692	0.000492308	0.000138462	0.1219	0.0002	0.000192308	0.0014	0.000338462	0.1208	0.0885923	0.00458462	0.0245692	0.00498462	0	0	0	0	0.0110692	0.00836923	0.0927231	0.0105692	0.0226308	0.0212154	0.0246154	0.0542692	
0.0389462	0.0427077	0.0225538	0.0113077	0.0891923	0.00807692	0.00847692	0.00976923	0.00952308	0.00260769	0.0961846	0.0072	0.000438462	0.000238462	0.114623	0.000215385	0.000238462	0.00135385	0.000346154	0.113577	0.0831462	0.00443846	0.0230308	0.0049	0	0	0	0	0.0103231	0.00819231	0.0876769	0.00932308	0.0208769	0.0197538	0.0233923	0.0514923	
0.0272615	0.0293692	0.0151	0.00928462	0.0547231	0.00790769	0.00833846	0.0100462	0.00653077	0.00165385	0.0681846	0.00464615	0.000361538	0.000130769	0.0803692	0.000153846	0.000192308	0.000992308	0.000169231	0.0796615	0.0657923	0.00116154	0.0128308	0.00123077	0.0522308	0.00739231	0.0110692	0.0103231	0	0	0	0	0.0182923	0.0182154	0.0197077	0.0248	
0.0202846	0.0222769	0.0115846	0.00693077	0.0410385	0.00577692	0.00662308	0.00763846	0.00476154	0.00136154	0.0514077	0.00354615	0.000169231	0.000123077	0.0606538	0.000130769	0.000130769	0.000653846	0.000192308	0.0601	0.0494077	0.000869231	0.00960769	0.00119231	0.0392615	0.00525385	0.00836923	0.00819231	0	0	0	0	0.0137769	0.0126154	0.0155154	0.0191692	
0.256562	0.280369	0.150162	0.0968538	0.489877	0.0877154	0.0938077	0.112546	0.0793923	0.0221692	0.624946	0.0574385	0.00244615	0.00120769	0.778623	0.00166923	0.00156154	0.00946154	0.00187692	0.771046	0.420562	0.0296385	0.303162	0.0305846	0.545254	0.0582923	0.0927231	0.0876769	0	0	0	0	0.120638	0.117692	0.134592	0.411023	
0.0242308	0.0267462	0.0142462	0.00873846	0.0501231	0.00748462	0.00748462	0.00886923	0.00574615	0.00160769	0.0623923	0.00421538	0.000238462	9.23077e-05	0.0735846	4.61538e-05	0.000153846	0.000930769	0.000184615	0.0726923	0.0601462	0.00103846	0.0116077	0.00116923	0.0476538	0.00641538	0.0105692	0.00932308	0	0	0	0	0.0170077	0.0157692	0.0180538	0.0231308	
0.0557308	0.0622	0.0332462	0.0185385	0.123038	0.0138308	0.0149692	0.0178769	0.0075	0.00209231	0.154515	0.00560769	0.000638462	0.000230769	0.168523	0.000323077	0.000330769	0.00200769	0.000407692	0.166969	0.105246	0.00532308	0.0537231	0.00542308	0.112154	0.0140538	0.0226308	0.0208769	0.0182923	0.0137769	0.120638	0.0170077	0	0	0	0	
0.0555615	0.0598385	0.0316846	0.0172077	0.119454	0.0135462	0.0141	0.0171923	0.00754615	0.00200769	0.149092	0.00564615	0.000507692	0.000323077	0.163138	0.000323077	0.000376923	0.00172308	0.000461538	0.161731	0.101923	0.00514615	0.0519769	0.00524615	0.109708	0.0136154	0.0212154	0.0197538	0.0182154	0.0126154	0.117692	0.0157692	0	0	0	0	
0.0628154	0.0684	0.0368462	0.0198077	0.136815	0.0152385	0.0162692	0.0195462	0.00887692	0.00244615	0.170162	0.00638462	0.000607692	0.000230769	0.186662	0.000369231	0.000323077	0.00230769	0.000438462	0.1848	0.115908	0.00567692	0.0599308	0.00635385	0.124638	0.0152231	0.0246154	0.0233923	0.0197077	0.0155154	0.134592	0.0180538	0	0	0	0	
0.154231	0.168323	0.0893154	0.0662538	0.256454	0.0662692	0.0709154	0.0844846	0.0725077	0.0202462	0.333162	0.0522077	0.00146154	0.000769231	0.474908	0.000984615	0.00100769	0.006	0.00111538	0.47	0.272831	0.0165615	0.171577	0.0171538	0.3379	0.0344615	0.0542692	0.0514923	0.0248	0.0191692	0.411023	0.0231308	0	0	0	0	
