0	0	0	0	0.223669	0.0306308	0.0333615	0.0391769	0.0298231	0.00873846	0.266438	0.0218385	0.001	0.000553846	0.324469	0.000815385	0.000684615	0.00376154	0.0008	0.321592	0.195777	0.0103615	0.109531	0.0111692	0.220077	0.0264538	0.0408231	0.0394846	0.0263538	0.0203846	0.255369	0.0247308	0.0565846	0.0539	0.0626923	0.153662	
0	0	0	0	0.245031	0.0341923	0.0372692	0.0430385	0.0332	0.00928462	0.292808	0.0242385	0.00127692	0.000707692	0.356808	0.000738462	0.0008	0.00482308	0.000761538	0.353146	0.215485	0.0120231	0.120077	0.0119462	0.243508	0.0290692	0.0445231	0.0424308	0.0286846	0.0227308	0.2816	0.0265154	0.0632538	0.0606615	0.0686385	0.166977	
0	0	0	0	0.130431	0.0181538	0.0197462	0.0227538	0.0173385	0.00495385	0.155662	0.0131308	0.000630769	0.000361538	0.189708	0.000384615	0.000415385	0.00245385	0.000453846	0.187762	0.114431	0.00635385	0.0640308	0.00626923	0.129369	0.0158769	0.0238692	0.0219692	0.0155462	0.0119462	0.149631	0.0139615	0.0331538	0.0310846	0.0368923	0.0899538	
0	0	0	0	0.0360769	0.0260769	0.0276692	0.0327231	0.015	0.00465385	0.0915462	0.0113462	0.000446154	0.0001	0.121731	0.000269231	0.000215385	0.00155385	0.000330769	0.120446	0.0706462	0.00411538	0.0432	0.00458462	0.0915615	0.00764615	0.0119	0.0114385	0.00954615	0.00726923	0.0973154	0.00841538	0.0182692	0.0169154	0.0199615	0.0674	
0.223669	0.245031	0.130431	0.0360769	0	0	0	0	0.0397615	0.0115615	0.554154	0.0297308	0.00211538	0.00104615	0.6307	0.00134615	0.00136923	0.00787692	0.00138462	0.624577	0.388292	0.0213462	0.204254	0.0213154	0.391254	0.0610846	0.0936385	0.0892308	0.0539077	0.0413231	0.490438	0.0495385	0.123546	0.1189	0.136962	0.2558	
0.0306308	0.0341923	0.0181538	0.0260769	0	0	0	0	0.0163692	0.00449231	0.0761846	0.0120077	0.000453846	0.000192308	0.108162	0.000246154	0.0002	0.00146923	0.000276923	0.107108	0.0624462	0.00338462	0.0398385	0.00338462	0.0875	0.00532308	0.0082	0.00803077	0.00803077	0.00631538	0.0871615	0.00754615	0.0143308	0.0132462	0.0152923	0.0661846	
0.0333615	0.0372692	0.0197462	0.0276692	0	0	0	0	0.0177308	0.00536923	0.0812846	0.0136615	0.000361538	0.000207692	0.1172	0.000276923	0.000223077	0.00143077	0.000315385	0.116077	0.0674846	0.00367692	0.0424	0.00448462	0.0949615	0.00607692	0.00882308	0.00818462	0.00801538	0.00673846	0.0956385	0.00765385	0.0154385	0.0139615	0.0165231	0.0721231	
0.0391769	0.0430385	0.0227538	0.0327231	0	0	0	0	0.0215	0.00620769	0.0948308	0.0151538	0.000423077	0.000276923	0.136654	0.000338462	0.000323077	0.00181538	0.000369231	0.135185	0.0781154	0.00444615	0.0503462	0.00478462	0.1108	0.00656154	0.0104538	0.00987692	0.0101769	0.00795385	0.110677	0.00888462	0.0179462	0.0164538	0.0194077	0.0838846	
0.0298231	0.0332	0.0173385	0.015	0.0397615	0.0163692	0.0177308	0.0215	0	0	0	0	0.000353846	0.000184615	0.0945385	0.000284615	0.000169231	0.00137692	0.000261538	0.0935538	0.0552769	0.00300769	0.0336538	0.00342308	0.0695231	0.00658462	0.00973077	0.00952308	0.00623077	0.00498462	0.0783154	0.00583077	0.00736154	0.00714615	0.00873846	0.0721154	
0.00873846	0.00928462	0.00495385	0.00465385	0.0115615	0.00449231	0.00536923	0.00620769	0	0	0	0	0.000123077	5.38462e-05	0.0274231	3.07692e-05	8.46154e-05	0.000407692	7.69231e-05	0.0270615	0.0156923	0.00106154	0.0100385	0.000838462	0.0200077	0.00213077	0.00277692	0.00271538	0.00181538	0.0013	0.0228692	0.00164615	0.00215385	0.00208462	0.00271538	0.0206769	
0.266438	0.292808	0.155662	0.0915462	0.554154	0.0761846	0.0812846	0.0948308	0	0	0	0	0.00261538	0.0013	0.800823	0.00171538	0.00165385	0.00992308	0.00185385	0.793023	0.484715	0.0265308	0.268031	0.0271769	0.543808	0.0657308	0.100977	0.0959385	0.0677	0.0527923	0.624154	0.0618077	0.156269	0.148046	0.170554	0.331585	
0.0218385	0.0242385	0.0131308	0.0113462	0.0297308	0.0120077	0.0136615	0.0151538	0	0	0	0	0.000261538	0.000184615	0.0699308	0.000176923	0.000207692	0.000884615	0.000153846	0.0693077	0.0406538	0.00225385	0.0251154	0.00253077	0.0511769	0.0046	0.00763077	0.00714615	0.00438462	0.00325385	0.0585769	0.00433846	0.00547692	0.00528462	0.00617692	0.0536154	
0.001	0.00127692	0.000630769	0.000446154	0.00211538	0.000453846	0.000361538	0.000423077	0.000353846	0.000123077	0.00261538	0.000261538	0	0	0	0	7.69231e-06	4.61538e-05	0	0.0033	0.00200769	8.46154e-05	0.00116923	9.23077e-05	0.00240769	0.000276923	0.000369231	0.0003	0.000269231	0.000169231	0.00271538	0.0002	0.000492308	0.000615385	0.000592308	0.00165385	
0.000553846	0.000707692	0.000361538	0.0001	0.00104615	0.000192308	0.000207692	0.000276923	0.000184615	5.38462e-05	0.0013	0.000184615	0	0	0	0	7.69231e-06	7.69231e-06	7.69231e-06	0.0017	0.00100769	6.15385e-05	0.000576923	7.69231e-05	0.00116923	0.000123077	0.000238462	0.000192308	0.000192308	0.000115385	0.00133846	7.69231e-05	0.000307692	0.000276923	0.000292308	0.000846154	
0.324469	0.356808	0.189708	0.121731	0.6307	0.108162	0.1172	0.136654	0.0945385	0.0274231	0.800823	0.0699308	0	0	0	0	0.0021	0.0125231	0.00232308	0.975769	0.591923	0.0326538	0.334431	0.0337077	0.679454	0.0784769	0.120238	0.114546	0.0795154	0.0619308	0.778054	0.0732154	0.170138	0.161338	0.1869	0.474338	
0.000815385	0.000738462	0.000384615	0.000269231	0.00134615	0.000246154	0.000276923	0.000338462	0.000284615	3.07692e-05	0.00171538	0.000176923	0	0	0	0	0	1.53846e-05	1.53846e-05	0.00217692	0.0014	5.38462e-05	0.000661538	9.23077e-05	0.00148462	0.000169231	0.000269231	0.000284615	0.000153846	0.000115385	0.00180769	0.000130769	0.000323077	0.000330769	0.0004	0.00115385	
0.000684615	0.0008	0.000415385	0.000215385	0.00136923	0.0002	0.000223077	0.000323077	0.000169231	8.46154e-05	0.00165385	0.000207692	7.69231e-06	7.69231e-06	0.0021	0	0	0	0	0	0.00120769	0.000107692	0.000707692	9.23077e-05	0.00147692	0.000130769	0.000330769	0.000176923	0.000138462	8.46154e-05	0.00170769	0.000184615	0.000330769	0.000330769	0.000430769	0.00102308	
0.00376154	0.00482308	0.00245385	0.00155385	0.00787692	0.00146923	0.00143077	0.00181538	0.00137692	0.000407692	0.00992308	0.000884615	4.61538e-05	7.69231e-06	0.0125231	1.53846e-05	0	0	0	0	0.00728462	0.000446154	0.00446154	0.0004	0.00866154	0.00103846	0.00152308	0.00136923	0.00111538	0.000707692	0.00977692	0.000992308	0.00216923	0.00213077	0.00219231	0.0061	
0.0008	0.000761538	0.000453846	0.000330769	0.00138462	0.000276923	0.000315385	0.000369231	0.000261538	7.69231e-05	0.00185385	0.000153846	0	7.69231e-06	0.00232308	1.53846e-05	0	0	0	0	0.00144615	6.15385e-05	0.0008	3.84615e-05	0.00157692	0.000130769	0.000253846	0.000384615	0.000192308	0.000138462	0.00186154	0.000153846	0.000407692	0.000323077	0.000415385	0.0012	
0.321592	0.353146	0.187762	0.120446	0.624577	0.107108	0.116077	0.135185	0.0935538	0.0270615	0.793023	0.0693077	0.0033	0.0017	0.975769	0.00217692	0	0	0	0	0.5864	0.0322385	0.330869	0.0334385	0.6728	0.0777462	0.119008	0.113392	0.0786846	0.0614	0.770569	0.0722923	0.168354	0.159777	0.185146	0.469669	
0.195777	0.215485	0.114431	0.0706462	0.388292	0.0624462	0.0674846	0.0781154	0.0552769	0.0156923	0.484715	0.0406538	0.00200769	0.00100769	0.591923	0.0014	0.00120769	0.00728462	0.00144615	0.5864	0	0	0	0	0.368692	0.0565769	0.0875231	0.0835462	0.0654615	0.0504154	0.421123	0.0593385	0.106046	0.101608	0.1163	0.272385	
0.0103615	0.0120231	0.00635385	0.00411538	0.0213462	0.00338462	0.00367692	0.00444615	0.00300769	0.00106154	0.0265308	0.00225385	8.46154e-05	6.15385e-05	0.0326538	5.38462e-05	0.000107692	0.000446154	6.15385e-05	0.0322385	0	0	0	0	0.0202769	0.00337692	0.0046	0.0046	0.00116923	0.00103077	0.0293846	0.00126923	0.00525385	0.00500769	0.00616154	0.0164308	
0.109531	0.120077	0.0640308	0.0432	0.204254	0.0398385	0.0424	0.0503462	0.0336538	0.0100385	0.268031	0.0251154	0.00116923	0.000576923	0.334431	0.000661538	0.000707692	0.00446154	0.0008	0.330869	0	0	0	0	0.274292	0.0159615	0.0240692	0.0225154	0.0121308	0.0098	0.303085	0.0118231	0.0543769	0.0506923	0.0598692	0.1719	
0.0111692	0.0119462	0.00626923	0.00458462	0.0213154	0.00338462	0.00448462	0.00478462	0.00342308	0.000838462	0.0271769	0.00253077	9.23077e-05	7.69231e-05	0.0337077	9.23077e-05	9.23077e-05	0.0004	3.84615e-05	0.0334385	0	0	0	0	0.0212538	0.00313077	0.00492308	0.00466154	0.00136923	0.00108462	0.0303231	0.00119231	0.00558462	0.00525385	0.00585385	0.0172769	
0.220077	0.243508	0.129369	0.0915615	0.391254	0.0875	0.0949615	0.1108	0.0695231	0.0200077	0.543808	0.0511769	0.00240769	0.00116923	0.679454	0.00148462	0.00147692	0.00866154	0.00157692	0.6728	0.368692	0.0202769	0.274292	0.0212538	0	0	0	0	0.0512231	0.0405615	0.545777	0.0469538	0.113723	0.107792	0.124485	0.338515	
0.0264538	0.0290692	0.0158769	0.00764615	0.0610846	0.00532308	0.00607692	0.00656154	0.00658462	0.00213077	0.0657308	0.0046	0.000276923	0.000123077	0.0784769	0.000169231	0.000130769	0.00103846	0.000130769	0.0777462	0.0565769	0.00337692	0.0159615	0.00313077	0	0	0	0	0.00670769	0.00531538	0.0600385	0.00698462	0.0139769	0.0139385	0.0157846	0.0353462	
0.0408231	0.0445231	0.0238692	0.0119	0.0936385	0.0082	0.00882308	0.0104538	0.00973077	0.00277692	0.100977	0.00763077	0.000369231	0.000238462	0.120238	0.000269231	0.000330769	0.00152308	0.000253846	0.119008	0.0875231	0.0046	0.0240692	0.00492308	0	0	0	0	0.0116	0.00804615	0.0913846	0.0100846	0.0223923	0.0210385	0.0249308	0.0527538	
0.0394846	0.0424308	0.0219692	0.0114385	0.0892308	0.00803077	0.00818462	0.00987692	0.00952308	0.00271538	0.0959385	0.00714615	0.0003	0.000192308	0.114546	0.000284615	0.000176923	0.00136923	0.000384615	0.113392	0.0835462	0.0046	0.0225154	0.00466154	0	0	0	0	0.0106	0.00840769	0.0867154	0.0096	0.0211692	0.0197923	0.0229846	0.0513769	
0.0263538	0.0286846	0.0155462	0.00954615	0.0539077	0.00803077	0.00801538	0.0101769	0.00623077	0.00181538	0.0677	0.00438462	0.000269231	0.000192308	0.0795154	0.000153846	0.000138462	0.00111538	0.000192308	0.0786846	0.0654615	0.00116923	0.0121308	0.00136923	0.0512231	0.00670769	0.0116	0.0106	0	0	0	0	0.0179615	0.0176231	0.0201385	0.0244077	
0.0203846	0.0227308	0.0119462	0.00726923	0.0413231	0.00631538	0.00673846	0.00795385	0.00498462	0.0013	0.0527923	0.00325385	0.000169231	0.000115385	0.0619308	0.000115385	8.46154e-05	0.000707692	0.000138462	0.0614	0.0504154	0.00103077	0.0098	0.00108462	0.0405615	0.00531538	0.00804615	0.00840769	0	0	0	0	0.0145077	0.0128923	0.0153692	0.0195615	
0.255369	0.2816	0.149631	0.0973154	0.490438	0.0871615	0.0956385	0.110677	0.0783154	0.0228692	0.624154	0.0585769	0.00271538	0.00133846	0.778054	0.00180769	0.00170769	0.00977692	0.00186154	0.770569	0.421123	0.0293846	0.303085	0.0303231	0.545777	0.0600385	0.0913846	0.0867154	0	0	0	0	0.122146	0.1159	0.134708	0.411162	
0.0247308	0.0265154	0.0139615	0.00841538	0.0495385	0.00754615	0.00765385	0.00888462	0.00583077	0.00164615	0.0618077	0.00433846	0.0002	7.69231e-05	0.0732154	0.000130769	0.000184615	0.000992308	0.000153846	0.0722923	0.0593385	0.00126923	0.0118231	0.00119231	0.0469538	0.00698462	0.0100846	0.0096	0	0	0	0	0.0166462	0.0161462	0.0179692	0.0228615	
0.0565846	0.0632538	0.0331538	0.0182692	0.123546	0.0143308	0.0154385	0.0179462	0.00736154	0.00215385	0.156269	0.00547692	0.000492308	0.000307692	0.170138	0.000323077	0.000330769	0.00216923	0.000407692	0.168354	0.106046	0.00525385	0.0543769	0.00558462	0.113723	0.0139769	0.0223923	0.0211692	0.0179615	0.0145077	0.122146	0.0166462	0	0	0	0	
0.0539	0.0606615	0.0310846	0.0169154	0.1189	0.0132462	0.0139615	0.0164538	0.00714615	0.00208462	0.148046	0.00528462	0.000615385	0.000276923	0.161338	0.000330769	0.000330769	0.00213077	0.000323077	0.159777	0.101608	0.00500769	0.0506923	0.00525385	0.107792	0.0139385	0.0210385	0.0197923	0.0176231	0.0128923	0.1159	0.0161462	0	0	0	0	
0.0626923	0.0686385	0.0368923	0.0199615	0.136962	0.0152923	0.0165231	0.0194077	0.00873846	0.00271538	0.170554	0.00617692	0.000592308	0.000292308	0.1869	0.0004	0.000430769	0.00219231	0.000415385	0.185146	0.1163	0.00616154	0.0598692	0.00585385	0.124485	0.0157846	0.0249308	0.0229846	0.0201385	0.0153692	0.134708	0.0179692	0	0	0	0	
0.153662	0.166977	0.0899538	0.0674	0.2558	0.0661846	0.0721231	0.0838846	0.0721154	0.0206769	0.331585	0.0536154	0.00165385	0.000846154	0.474338	0.00115385	0.00102308	0.0061	0.0012	0.469669	0.272385	0.0164308	0.1719	0.0172769	0.338515	0.0353462	0.0527538	0.0513769	0.0244077	0.0195615	0.411162	0.0228615	0	0	0	0	
