0	0	0	0	0.222885	0.0314308	0.0338308	0.0389308	0.0303077	0.00855385	0.265823	0.0223923	0.00115385	0.0006	0.324585	0.000738462	0.000592308	0.00428462	0.000669231	0.321531	0.196408	0.0106538	0.109085	0.0109308	0.219746	0.0274769	0.0414154	0.0384385	0.0265385	0.0205231	0.256008	0.0240077	0.0570615	0.0541846	0.061	0.154831	
0	0	0	0	0.244508	0.0338154	0.0376692	0.0442231	0.0336077	0.00941538	0.292515	0.0246769	0.00110769	0.000561538	0.357792	0.000753846	0.000807692	0.00447692	0.000807692	0.354123	0.214754	0.0117154	0.121292	0.0124538	0.243985	0.0288154	0.0456	0.0418154	0.0290923	0.0214615	0.282515	0.0271462	0.0617077	0.0599538	0.0683692	0.170185	
0	0	0	0	0.1292	0.0185846	0.0193846	0.0232846	0.0174308	0.00505385	0.154862	0.0131077	0.000623077	0.000261538	0.189223	0.000346154	0.000369231	0.00231538	0.000453846	0.187315	0.1146	0.00646923	0.0629615	0.00642308	0.128731	0.0154846	0.0234846	0.0227538	0.0158231	0.0119	0.1484	0.0143308	0.0326231	0.0320154	0.0358154	0.09	
0	0	0	0	0.0355615	0.0263231	0.0274	0.0329692	0.0153231	0.00440769	0.0912846	0.0112385	0.000384615	0.000246154	0.121392	0.000230769	0.000307692	0.0014	0.000269231	0.120277	0.0715538	0.00413077	0.0425385	0.00403077	0.0908769	0.00776923	0.0121385	0.0114692	0.00943846	0.00713846	0.0968308	0.00884615	0.0177769	0.0176462	0.0193692	0.0674615	
0.222885	0.244508	0.1292	0.0355615	0	0	0	0	0.0407462	0.0115231	0.5498	0.0300846	0.00213077	0.000961538	0.627762	0.0013	0.00124615	0.00802308	0.00142308	0.621462	0.386677	0.0210154	0.202223	0.0222385	0.388231	0.0616923	0.0937231	0.0885077	0.0542692	0.0407077	0.487315	0.0498615	0.122885	0.118477	0.133385	0.257408	
0.0314308	0.0338154	0.0185846	0.0263231	0	0	0	0	0.0167923	0.00493846	0.0763308	0.0120923	0.000269231	0.000192308	0.109492	0.0002	0.000261538	0.00120769	0.000238462	0.108446	0.0636538	0.00339231	0.0398769	0.00323077	0.0882692	0.00516154	0.00880769	0.00791538	0.00786923	0.00589231	0.0887538	0.00763846	0.0138231	0.0135846	0.0154462	0.0673	
0.0338308	0.0376692	0.0193846	0.0274	0	0	0	0	0.0181538	0.00506154	0.0820538	0.0130154	0.000476923	0.000238462	0.117354	0.000215385	0.000230769	0.00143846	0.000215385	0.1164	0.0679923	0.00383846	0.0429385	0.00351538	0.0949077	0.00564615	0.00918462	0.00854615	0.00876154	0.00670769	0.0950615	0.00775385	0.0146154	0.0146385	0.0167462	0.0722846	
0.0389308	0.0442231	0.0232846	0.0329692	0	0	0	0	0.0209769	0.00590769	0.0963	0.0162231	0.000392308	0.000276923	0.138385	0.000353846	0.000338462	0.00180769	0.000323077	0.136938	0.0789923	0.00472308	0.0508385	0.00485385	0.111931	0.00704615	0.0109231	0.00950769	0.00999231	0.00771538	0.112623	0.00907692	0.0178462	0.0171	0.0189769	0.0854846	
0.0303077	0.0336077	0.0174308	0.0153231	0.0407462	0.0167923	0.0181538	0.0209769	0	0	0	0	0.000361538	0.000176923	0.0959077	0.000223077	0.0002	0.00129231	0.000215385	0.0949615	0.0557615	0.00343846	0.034	0.00346923	0.0705538	0.0067	0.00992308	0.00949231	0.00627692	0.00460769	0.0797462	0.00603846	0.00782308	0.00698462	0.00809231	0.0737692	
0.00855385	0.00941538	0.00505385	0.00440769	0.0115231	0.00493846	0.00506154	0.00590769	0	0	0	0	6.15385e-05	4.61538e-05	0.0273	2.30769e-05	6.15385e-05	0.0004	7.69231e-05	0.0268923	0.0162538	0.000823077	0.00938462	0.000969231	0.0197462	0.00180769	0.00294615	0.00293077	0.00185385	0.00160769	0.0223538	0.00161538	0.00219231	0.00222308	0.00228462	0.0207308	
0.265823	0.292515	0.154862	0.0912846	0.5498	0.0763308	0.0820538	0.0963	0	0	0	0	0.00255385	0.00131538	0.798954	0.00166154	0.00166154	0.00991538	0.00170769	0.7912	0.483877	0.0261923	0.267415	0.027	0.541369	0.0663077	0.102015	0.0947923	0.0679538	0.0511462	0.622923	0.0624615	0.153546	0.149185	0.1681	0.333654	
0.0223923	0.0246769	0.0131077	0.0112385	0.0300846	0.0120923	0.0130154	0.0162231	0	0	0	0	0.000292308	0.000130769	0.0708308	0.000161538	0.000153846	0.000869231	0.0002	0.0701923	0.0414231	0.00251538	0.0250769	0.0024	0.0516692	0.00473077	0.00775385	0.00726154	0.00480769	0.00366154	0.0587308	0.00421538	0.00560769	0.00540769	0.00607692	0.0543231	
0.00115385	0.00110769	0.000623077	0.000384615	0.00213077	0.000269231	0.000476923	0.000392308	0.000361538	6.15385e-05	0.00255385	0.000292308	0	0	0	0	7.69231e-06	3.84615e-05	0	0.00322308	0.00193846	0.000130769	0.00112308	7.69231e-05	0.0023	0.000223077	0.000369231	0.000376923	0.000276923	0.000284615	0.00241538	0.000292308	0.000538462	0.000561538	0.000523077	0.00164615	
0.0006	0.000561538	0.000261538	0.000246154	0.000961538	0.000192308	0.000238462	0.000276923	0.000176923	4.61538e-05	0.00131538	0.000130769	0	0	0	0	0	1.53846e-05	0	0.00165385	0.000907692	6.15385e-05	0.000661538	3.84615e-05	0.00112308	0.000146154	0.000223077	0.000176923	0.000115385	8.46154e-05	0.00137692	9.23077e-05	0.0003	0.000215385	0.000338462	0.000815385	
0.324585	0.357792	0.189223	0.121392	0.627762	0.109492	0.117354	0.138385	0.0959077	0.0273	0.798954	0.0708308	0	0	0	0	0.00206154	0.0123923	0.0022	0.976338	0.593208	0.0327154	0.333415	0.0336538	0.678485	0.0790846	0.121715	0.113708	0.0803231	0.0605615	0.778323	0.0737846	0.168015	0.162662	0.183315	0.479	
0.000738462	0.000753846	0.000346154	0.000230769	0.0013	0.0002	0.000215385	0.000353846	0.000223077	2.30769e-05	0.00166154	0.000161538	0	0	0	0	7.69231e-06	3.07692e-05	0	0.00203077	0.00126154	6.15385e-05	0.000676923	6.92308e-05	0.00143077	9.23077e-05	0.000330769	0.000215385	0.000176923	9.23077e-05	0.00163846	0.000161538	0.000315385	0.000361538	0.000376923	0.00101538	
0.000592308	0.000807692	0.000369231	0.000307692	0.00124615	0.000261538	0.000230769	0.000338462	0.0002	6.15385e-05	0.00166154	0.000153846	7.69231e-06	0	0.00206154	7.69231e-06	0	0	0	0	0.00113077	6.92308e-05	0.000792308	8.46154e-05	0.00152308	0.000169231	0.000184615	0.0002	0.000161538	0.000115385	0.00162308	0.000176923	0.000323077	0.000353846	0.000292308	0.00110769	
0.00428462	0.00447692	0.00231538	0.0014	0.00802308	0.00120769	0.00143846	0.00180769	0.00129231	0.0004	0.00991538	0.000869231	3.84615e-05	1.53846e-05	0.0123923	3.07692e-05	0	0	0	0	0.00759231	0.000384615	0.0041	0.0004	0.00878462	0.000984615	0.00133077	0.00137692	0.000969231	0.000769231	0.00983846	0.0009	0.00203846	0.00216923	0.00233077	0.00593846	
0.000669231	0.000807692	0.000453846	0.000269231	0.00142308	0.000238462	0.000215385	0.000323077	0.000215385	7.69231e-05	0.00170769	0.0002	0	0	0.0022	0	0	0	0	0	0.00133846	7.69231e-05	0.000730769	5.38462e-05	0.0015	0.000169231	0.000292308	0.000238462	0.000169231	0.000161538	0.00163846	0.000230769	0.000338462	0.000369231	0.000430769	0.00106154	
0.321531	0.354123	0.187315	0.120277	0.621462	0.108446	0.1164	0.136938	0.0949615	0.0268923	0.7912	0.0701923	0.00322308	0.00165385	0.976338	0.00203077	0	0	0	0	0.587254	0.0324385	0.330254	0.0333	0.671531	0.0782231	0.120831	0.112662	0.0795923	0.0599769	0.770654	0.0730231	0.166469	0.160908	0.1815	0.474369	
0.196408	0.214754	0.1146	0.0715538	0.386677	0.0636538	0.0679923	0.0789923	0.0557615	0.0162538	0.483877	0.0414231	0.00193846	0.000907692	0.593208	0.00126154	0.00113077	0.00759231	0.00133846	0.587254	0	0	0	0	0.369369	0.0569923	0.0884231	0.0825308	0.0656462	0.0499462	0.421762	0.0599615	0.105277	0.100954	0.114354	0.276731	
0.0106538	0.0117154	0.00646923	0.00413077	0.0210154	0.00339231	0.00383846	0.00472308	0.00343846	0.000823077	0.0261923	0.00251538	0.000130769	6.15385e-05	0.0327154	6.15385e-05	6.92308e-05	0.000384615	7.69231e-05	0.0324385	0	0	0	0	0.0200077	0.00327692	0.00488462	0.0048	0.00113846	0.000876923	0.0297692	0.00118462	0.00533846	0.00494615	0.0059	0.0167846	
0.109085	0.121292	0.0629615	0.0425385	0.202223	0.0398769	0.0429385	0.0508385	0.034	0.00938462	0.267415	0.0250769	0.00112308	0.000661538	0.333415	0.000676923	0.000792308	0.0041	0.000730769	0.330254	0	0	0	0	0.273062	0.0160077	0.0242385	0.0225692	0.0127692	0.00928462	0.301792	0.0120308	0.0531846	0.0524385	0.0588846	0.171369	
0.0109308	0.0124538	0.00642308	0.00403077	0.0222385	0.00323077	0.00351538	0.00485385	0.00346923	0.000969231	0.027	0.0024	7.69231e-05	3.84615e-05	0.0336538	6.92308e-05	8.46154e-05	0.0004	5.38462e-05	0.0333	0	0	0	0	0.0209	0.00326923	0.00509231	0.00457692	0.00133846	0.000915385	0.0304308	0.00115385	0.00536923	0.00546154	0.00541538	0.0175923	
0.219746	0.243985	0.128731	0.0908769	0.388231	0.0882692	0.0949077	0.111931	0.0705538	0.0197462	0.541369	0.0516692	0.0023	0.00112308	0.678485	0.00143077	0.00152308	0.00878462	0.0015	0.671531	0.369369	0.0200077	0.273062	0.0209	0	0	0	0	0.0516462	0.039	0.5448	0.0478923	0.111931	0.1095	0.122385	0.339523	
0.0274769	0.0288154	0.0154846	0.00776923	0.0616923	0.00516154	0.00564615	0.00704615	0.0067	0.00180769	0.0663077	0.00473077	0.000223077	0.000146154	0.0790846	9.23077e-05	0.000169231	0.000984615	0.000169231	0.0782231	0.0569923	0.00327692	0.0160077	0.00326923	0	0	0	0	0.00726154	0.00557692	0.0600462	0.00666154	0.0140692	0.0137692	0.0158538	0.0358538	
0.0414154	0.0456	0.0234846	0.0121385	0.0937231	0.00880769	0.00918462	0.0109231	0.00992308	0.00294615	0.102015	0.00775385	0.000369231	0.000223077	0.121715	0.000330769	0.000184615	0.00133077	0.000292308	0.120831	0.0884231	0.00488462	0.0242385	0.00509231	0	0	0	0	0.0115077	0.00864615	0.0922923	0.0101923	0.0224769	0.0208	0.0238385	0.0555231	
0.0384385	0.0418154	0.0227538	0.0114692	0.0885077	0.00791538	0.00854615	0.00950769	0.00949231	0.00293077	0.0947923	0.00726154	0.000376923	0.000176923	0.113708	0.000215385	0.0002	0.00137692	0.000238462	0.112662	0.0825308	0.0048	0.0225692	0.00457692	0	0	0	0	0.0104769	0.0078	0.0866154	0.00958462	0.0206923	0.0197308	0.0224769	0.0515769	
0.0265385	0.0290923	0.0158231	0.00943846	0.0542692	0.00786923	0.00876154	0.00999231	0.00627692	0.00185385	0.0679538	0.00480769	0.000276923	0.000115385	0.0803231	0.000176923	0.000161538	0.000969231	0.000169231	0.0795923	0.0656462	0.00113846	0.0127692	0.00133846	0.0516462	0.00726154	0.0115077	0.0104769	0	0	0	0	0.0183154	0.0180154	0.0198846	0.0246769	
0.0205231	0.0214615	0.0119	0.00713846	0.0407077	0.00589231	0.00670769	0.00771538	0.00460769	0.00160769	0.0511462	0.00366154	0.000284615	8.46154e-05	0.0605615	9.23077e-05	0.000115385	0.000769231	0.000161538	0.0599769	0.0499462	0.000876923	0.00928462	0.000915385	0.039	0.00557692	0.00864615	0.0078	0	0	0	0	0.0137692	0.0131385	0.0151	0.0190154	
0.256008	0.282515	0.1484	0.0968308	0.487315	0.0887538	0.0950615	0.112623	0.0797462	0.0223538	0.622923	0.0587308	0.00241538	0.00137692	0.778323	0.00163846	0.00162308	0.00983846	0.00163846	0.770654	0.421762	0.0297692	0.301792	0.0304308	0.5448	0.0600462	0.0922923	0.0866154	0	0	0	0	0.120577	0.116677	0.131246	0.415254	
0.0240077	0.0271462	0.0143308	0.00884615	0.0498615	0.00763846	0.00775385	0.00907692	0.00603846	0.00161538	0.0624615	0.00421538	0.000292308	9.23077e-05	0.0737846	0.000161538	0.000176923	0.0009	0.000230769	0.0730231	0.0599615	0.00118462	0.0120308	0.00115385	0.0478923	0.00666154	0.0101923	0.00958462	0	0	0	0	0.0165077	0.0159692	0.0183231	0.0235308	
0.0570615	0.0617077	0.0326231	0.0177769	0.122885	0.0138231	0.0146154	0.0178462	0.00782308	0.00219231	0.153546	0.00560769	0.000538462	0.0003	0.168015	0.000315385	0.000323077	0.00203846	0.000338462	0.166469	0.105277	0.00533846	0.0531846	0.00536923	0.111931	0.0140692	0.0224769	0.0206923	0.0183154	0.0137692	0.120577	0.0165077	0	0	0	0	
0.0541846	0.0599538	0.0320154	0.0176462	0.118477	0.0135846	0.0146385	0.0171	0.00698462	0.00222308	0.149185	0.00540769	0.000561538	0.000215385	0.162662	0.000361538	0.000353846	0.00216923	0.000369231	0.160908	0.100954	0.00494615	0.0524385	0.00546154	0.1095	0.0137692	0.0208	0.0197308	0.0180154	0.0131385	0.116677	0.0159692	0	0	0	0	
0.061	0.0683692	0.0358154	0.0193692	0.133385	0.0154462	0.0167462	0.0189769	0.00809231	0.00228462	0.1681	0.00607692	0.000523077	0.000338462	0.183315	0.000376923	0.000292308	0.00233077	0.000430769	0.1815	0.114354	0.0059	0.0588846	0.00541538	0.122385	0.0158538	0.0238385	0.0224769	0.0198846	0.0151	0.131246	0.0183231	0	0	0	0	
0.154831	0.170185	0.09	0.0674615	0.257408	0.0673	0.0722846	0.0854846	0.0737692	0.0207308	0.333654	0.0543231	0.00164615	0.000815385	0.479	0.00101538	0.00110769	0.00593846	0.00106154	0.474369	0.276731	0.0167846	0.171369	0.0175923	0.339523	0.0358538	0.0555231	0.0515769	0.0246769	0.0190154	0.415254	0.0235308	0	0	0	0	
