0	0	0	0	0.19493	0.05508	0.05522	0.05556	0.05666	0.02835	0.23019	0.04559	0.0011	0.00092	0.35787	0.0009	0.00103	0.00412	0.00052	0.35512	0.21573	0.00615	0.12173	0.01718	0.26615	0.02552	0.03694	0.03218	0.02904	0.01075	0.29741	0.02359	0.04742	0.0459	0.02406	0.24341	
0	0	0	0	0.17302	0.03286	0.03447	0.0332	0.04322	0.0204	0.17631	0.03362	0.00087	0.00058	0.2715	0.0006	0.00066	0.0031	0.00037	0.26942	0.159	0.00479	0.09552	0.01424	0.19977	0.02053	0.02868	0.02457	0.02367	0.00747	0.22392	0.01849	0.03607	0.03618	0.01861	0.18269	
0	0	0	0	0.10145	0.03062	0.02962	0.02951	0.03023	0.01437	0.1218	0.0248	0.0006	0.00044	0.18963	0.00053	0.00061	0.00212	0.00033	0.18814	0.11394	0.00329	0.06466	0.00931	0.14034	0.01331	0.02019	0.01736	0.01612	0.00564	0.15726	0.01218	0.02524	0.02435	0.01304	0.12857	
0	0	0	0	0.04679	0.04164	0.04264	0.04339	0.02753	0.0135	0.11079	0.02264	0.00059	0.00032	0.17321	0.00034	0.00039	0.00184	0.00023	0.172	0.10862	0.00267	0.05595	0.00722	0.13295	0.01081	0.01627	0.01443	0.01303	0.0042	0.14732	0.00991	0.02225	0.02076	0.0105	0.12095	
0.19493	0.17302	0.10145	0.04679	0	0	0	0	0.0812	0.03782	0.33532	0.06185	0.00165	0.00126	0.51198	0.0013	0.00142	0.00589	0.00077	0.50811	0.28371	0.00999	0.19257	0.02992	0.35902	0.04255	0.06189	0.05273	0.05274	0.0176	0.40438	0.04147	0.07466	0.07294	0.03844	0.33015	
0.05508	0.03286	0.03062	0.04164	0	0	0	0	0.02891	0.01365	0.09572	0.02192	0.00045	0.00037	0.159	0.00038	0.0004	0.00157	0.00022	0.15801	0.10449	0.00236	0.04694	0.00641	0.12614	0.00885	0.01364	0.01157	0.00944	0.00337	0.14001	0.00738	0.0181	0.0178	0.0093	0.115	
0.05522	0.03447	0.02962	0.04264	0	0	0	0	0.02926	0.0131	0.09814	0.02145	0.00047	0.00029	0.16085	0.00034	0.00047	0.0018	0.0002	0.15948	0.10502	0.00242	0.04892	0.00559	0.12765	0.00944	0.01274	0.01212	0.00961	0.0034	0.14129	0.00765	0.01895	0.01795	0.00895	0.1161	
0.05556	0.0332	0.02951	0.04339	0	0	0	0	0.01827	0.01205	0.10991	0.02143	0.00059	0.00034	0.16038	0.00035	0.0004	0.00192	0.00026	0.15908	0.10407	0.00213	0.04943	0.00603	0.1264	0.00933	0.01381	0.01212	0.01007	0.00369	0.14023	0.00767	0.01927	0.0185	0.00952	0.11437	
0.05666	0.04322	0.03023	0.02753	0.0812	0.02891	0.02926	0.01827	0	0	0	0	0.00057	0.0003	0.15642	0.00035	0.00051	0.00179	0.00024	0.1551	0.10354	0.00211	0.04628	0.00571	0.12768	0.008	0.01156	0.0104	0.00882	0.003	0.13881	0.00701	0.01424	0.01457	0.00711	0.12172	
0.02835	0.0204	0.01437	0.0135	0.03782	0.01365	0.0131	0.01205	0	0	0	0	0.00021	0.00018	0.07607	0.00016	0.00022	0.00077	9e-05	0.07554	0.05006	0.00101	0.02244	0.00311	0.06159	0.00418	0.00574	0.00511	0.00389	0.00142	0.06792	0.00339	0.00681	0.00695	0.0034	0.05946	
0.23019	0.17631	0.1218	0.11079	0.33532	0.09572	0.09814	0.10991	0	0	0	0	0.00189	0.00146	0.63417	0.00157	0.0017	0.00701	0.00092	0.62946	0.36032	0.01204	0.23217	0.03456	0.44794	0.05141	0.07502	0.06472	0.06224	0.02109	0.5072	0.04856	0.09811	0.09423	0.05034	0.39641	
0.04559	0.03362	0.0248	0.02264	0.06185	0.02192	0.02145	0.02143	0	0	0	0	0.00049	0.00032	0.12555	0.00029	0.00026	0.00161	0.0002	0.12458	0.08337	0.00174	0.03697	0.00457	0.102	0.00658	0.00976	0.00831	0.00691	0.00255	0.11198	0.00521	0.01182	0.01144	0.00536	0.09803	
0.0011	0.00087	0.0006	0.00059	0.00165	0.00045	0.00047	0.00059	0.00057	0.00021	0.00189	0.00049	0	0	0	0	0	3e-05	0	0.00313	0.00193	4e-05	0.00106	0.00013	0.00243	0.00011	0.00031	0.00031	0.00023	6e-05	0.00259	0.00028	0.00042	0.00035	0.00021	0.00218	
0.00092	0.00058	0.00044	0.00032	0.00126	0.00037	0.00029	0.00034	0.0003	0.00018	0.00146	0.00032	0	0	0	0	0	0	0	0.00226	0.00143	4e-05	0.00065	0.00014	0.00175	9e-05	0.00024	0.00018	0.00021	0.0001	0.00181	0.00014	0.00035	0.00027	0.00013	0.00151	
0.35787	0.2715	0.18963	0.17321	0.51198	0.159	0.16085	0.16038	0.15642	0.07607	0.63417	0.12555	0	0	0	0	0.00267	0.01113	0.00145	0.97696	0.59264	0.01675	0.3353	0.04752	0.73329	0.06977	0.1013	0.08785	0.08125	0.02785	0.81952	0.06359	0.12993	0.12627	0.06572	0.67029	
0.0009	0.0006	0.00053	0.00034	0.0013	0.00038	0.00034	0.00035	0.00035	0.00016	0.00157	0.00029	0	0	0	0	2e-05	2e-05	0	0.00233	0.00129	7e-05	0.00085	0.00016	0.00174	0.0002	0.00023	0.0002	0.00017	5e-05	0.00199	0.00016	0.00028	0.0003	0.00015	0.00164	
0.00103	0.00066	0.00061	0.00039	0.00142	0.0004	0.00047	0.0004	0.00051	0.00022	0.0017	0.00026	0	0	0.00267	2e-05	0	0	0	0	0.00168	5e-05	0.00084	0.00012	0.00194	0.00024	0.00032	0.00019	0.00025	2e-05	0.00222	0.0002	0.00027	0.00033	0.0002	0.00189	
0.00412	0.0031	0.00212	0.00184	0.00589	0.00157	0.0018	0.00192	0.00179	0.00077	0.00701	0.00161	3e-05	0	0.01113	2e-05	0	0	0	0	0.00655	0.0002	0.00404	0.00039	0.00837	0.00065	0.00115	0.00101	0.00078	0.00039	0.00948	0.00053	0.00155	0.00141	0.0006	0.00762	
0.00052	0.00037	0.00033	0.00023	0.00077	0.00022	0.0002	0.00026	0.00024	9e-05	0.00092	0.0002	0	0	0.00145	0	0	0	0	0	0.0008	7e-05	0.00054	4e-05	0.00114	8e-05	0.00013	0.0001	9e-05	2e-05	0.00126	8e-05	0.00023	0.00021	5e-05	0.00096	
0.35512	0.26942	0.18814	0.172	0.50811	0.15801	0.15948	0.15908	0.1551	0.07554	0.62946	0.12458	0.00313	0.00226	0.97696	0.00233	0	0	0	0	0.58826	0.01658	0.33244	0.0474	0.72776	0.0692	0.10048	0.08724	0.08074	0.02763	0.81295	0.06336	0.12893	0.12524	0.06536	0.66515	
0.21573	0.159	0.11394	0.10862	0.28371	0.10449	0.10502	0.10407	0.10354	0.05006	0.36032	0.08337	0.00193	0.00143	0.59264	0.00129	0.00168	0.00655	0.0008	0.58826	0	0	0	0	0.43824	0.0399	0.05835	0.0608	0.06401	0.02219	0.46132	0.04977	0.09322	0.08862	0.04636	0.36909	
0.00615	0.00479	0.00329	0.00267	0.00999	0.00236	0.00242	0.00213	0.00211	0.00101	0.01204	0.00174	4e-05	4e-05	0.01675	7e-05	5e-05	0.0002	7e-05	0.01658	0	0	0	0	0.01204	0.00119	0.00196	0.00171	0.00191	0.00069	0.01286	0.00144	0.00178	0.00178	0.00106	0.01228	
0.12173	0.09552	0.06466	0.05595	0.19257	0.04694	0.04892	0.04943	0.04628	0.02244	0.23217	0.03697	0.00106	0.00065	0.3353	0.00085	0.00084	0.00404	0.00054	0.33244	0	0	0	0	0.25688	0.02521	0.03607	0.0197	0.01068	0.00341	0.31487	0.0089	0.0303	0.032	0.0159	0.25966	
0.01718	0.01424	0.00931	0.00722	0.02992	0.00641	0.00559	0.00603	0.00571	0.00311	0.03456	0.00457	0.00013	0.00014	0.04752	0.00016	0.00012	0.00039	4e-05	0.0474	0	0	0	0	0.03205	0.00387	0.0057	0.00633	0.00526	0.00177	0.03686	0.00406	0.00568	0.00479	0.00289	0.03459	
0.26615	0.19977	0.14034	0.13295	0.35902	0.12614	0.12765	0.1264	0.12768	0.06159	0.44794	0.102	0.00243	0.00175	0.73329	0.00174	0.00194	0.00837	0.00114	0.72776	0.43824	0.01204	0.25688	0.03205	0	0	0	0	0.05584	0.019	0.62077	0.0436	0.09356	0.09162	0.04746	0.50657	
0.02552	0.02053	0.01331	0.01081	0.04255	0.00885	0.00944	0.00933	0.008	0.00418	0.05141	0.00658	0.00011	9e-05	0.06977	0.0002	0.00024	0.00065	8e-05	0.0692	0.0399	0.00119	0.02521	0.00387	0	0	0	0	0.00698	0.00208	0.05572	0.00539	0.01007	0.00925	0.00528	0.04557	
0.03694	0.02868	0.02019	0.01627	0.06189	0.01364	0.01274	0.01381	0.01156	0.00574	0.07502	0.00976	0.00031	0.00024	0.1013	0.00023	0.00032	0.00115	0.00013	0.10048	0.05835	0.00196	0.03607	0.0057	0	0	0	0	0.00967	0.00362	0.0808	0.00799	0.01452	0.01349	0.00739	0.06668	
0.03218	0.02457	0.01736	0.01443	0.05273	0.01157	0.01212	0.01212	0.0104	0.00511	0.06472	0.00831	0.00031	0.00018	0.08785	0.0002	0.00019	0.00101	0.0001	0.08724	0.0608	0.00171	0.0197	0.00633	0	0	0	0	0.00937	0.00336	0.06862	0.00719	0.01283	0.01283	0.00608	0.0568	
0.02904	0.02367	0.01612	0.01303	0.05274	0.00944	0.00961	0.01007	0.00882	0.00389	0.06224	0.00691	0.00023	0.00021	0.08125	0.00017	0.00025	0.00078	9e-05	0.08074	0.06401	0.00191	0.01068	0.00526	0.05584	0.00698	0.00967	0.00937	0	0	0	0	0.01979	0.01696	0.01038	0.03473	
0.01075	0.00747	0.00564	0.0042	0.0176	0.00337	0.0034	0.00369	0.003	0.00142	0.02109	0.00255	6e-05	0.0001	0.02785	5e-05	2e-05	0.00039	2e-05	0.02763	0.02219	0.00069	0.00341	0.00177	0.019	0.00208	0.00362	0.00336	0	0	0	0	0.00727	0.00574	0.00346	0.01159	
0.29741	0.22392	0.15726	0.14732	0.40438	0.14001	0.14129	0.14023	0.13881	0.06792	0.5072	0.11198	0.00259	0.00181	0.81952	0.00199	0.00222	0.00948	0.00126	0.81295	0.46132	0.01286	0.31487	0.03686	0.62077	0.05572	0.0808	0.06862	0	0	0	0	0.08828	0.09184	0.04424	0.60155	
0.02359	0.01849	0.01218	0.00991	0.04147	0.00738	0.00765	0.00767	0.00701	0.00339	0.04856	0.00521	0.00028	0.00014	0.06359	0.00016	0.0002	0.00053	8e-05	0.06336	0.04977	0.00144	0.0089	0.00406	0.0436	0.00539	0.00799	0.00719	0	0	0	0	0.01564	0.01265	0.00813	0.02775	
0.04742	0.03607	0.02524	0.02225	0.07466	0.0181	0.01895	0.01927	0.01424	0.00681	0.09811	0.01182	0.00042	0.00035	0.12993	0.00028	0.00027	0.00155	0.00023	0.12893	0.09322	0.00178	0.0303	0.00568	0.09356	0.01007	0.01452	0.01283	0.01979	0.00727	0.08828	0.01564	0	0	0	0	
0.0459	0.03618	0.02435	0.02076	0.07294	0.0178	0.01795	0.0185	0.01457	0.00695	0.09423	0.01144	0.00035	0.00027	0.12627	0.0003	0.00033	0.00141	0.00021	0.12524	0.08862	0.00178	0.032	0.00479	0.09162	0.00925	0.01349	0.01283	0.01696	0.00574	0.09184	0.01265	0	0	0	0	
0.02406	0.01861	0.01304	0.0105	0.03844	0.0093	0.00895	0.00952	0.00711	0.0034	0.05034	0.00536	0.00021	0.00013	0.06572	0.00015	0.0002	0.0006	5e-05	0.06536	0.04636	0.00106	0.0159	0.00289	0.04746	0.00528	0.00739	0.00608	0.01038	0.00346	0.04424	0.00813	0	0	0	0	
0.24341	0.18269	0.12857	0.12095	0.33015	0.115	0.1161	0.11437	0.12172	0.05946	0.39641	0.09803	0.00218	0.00151	0.67029	0.00164	0.00189	0.00762	0.00096	0.66515	0.36909	0.01228	0.25966	0.03459	0.50657	0.04557	0.06668	0.0568	0.03473	0.01159	0.60155	0.02775	0	0	0	0	
