0	0	0	0	0.21165	0.03443	0.03753	0.04222	0.02907	0.00902	0.26487	0.02287	0.00143	0.00077	0.32256	0.00107	0.00095	0.0054	0.00091	0.31857	0.18691	0.01032	0.11725	0.01135	0.21937	0.02737	0.04222	0.03687	0.02981	0.0208	0.24885	0.02637	0.05712	0.05173	0.064	0.15298	
0	0	0	0	0.23713	0.03866	0.04225	0.04655	0.03283	0.01011	0.29679	0.02486	0.00136	0.00085	0.36142	0.00096	0.00122	0.0061	0.00104	0.35623	0.2091	0.01213	0.13022	0.01314	0.24521	0.03017	0.04744	0.04177	0.03401	0.02373	0.27755	0.0293	0.06532	0.05857	0.07085	0.16985	
0	0	0	0	0.12557	0.0213	0.0227	0.02484	0.01834	0.0053	0.15792	0.01285	0.00066	0.00044	0.19277	0.00054	0.00054	0.00331	0.00057	0.18999	0.11213	0.00587	0.07013	0.00628	0.13216	0.01495	0.02501	0.02229	0.01782	0.01217	0.14817	0.01625	0.03523	0.03019	0.03824	0.09075	
0	0	0	0	0.04976	0.01916	0.02168	0.02457	0.01214	0.00358	0.08975	0.0097	0.00042	0.00024	0.11419	0.00032	0.00025	0.00184	0.00029	0.11279	0.06496	0.00397	0.04232	0.00392	0.08126	0.00869	0.01368	0.01154	0.00918	0.00651	0.09147	0.00801	0.01878	0.0171	0.02118	0.05811	
0.21165	0.23713	0.12557	0.04976	0	0	0	0	0.03856	0.01133	0.5458	0.02842	0.00245	0.00142	0.61848	0.00176	0.00186	0.0103	0.00158	0.61037	0.37151	0.01893	0.21246	0.02121	0.3899	0.05889	0.09319	0.08213	0.07157	0.04999	0.43938	0.06317	0.12436	0.1095	0.13708	0.25317	
0.03443	0.03866	0.0213	0.01916	0	0	0	0	0.0163	0.00498	0.07925	0.01302	0.00039	0.00016	0.1127	0.0003	0.00042	0.00215	0.00043	0.11055	0.06052	0.00424	0.04456	0.00423	0.08768	0.00631	0.01068	0.00888	0.00615	0.0043	0.09835	0.00475	0.01601	0.01453	0.01723	0.06578	
0.03753	0.04225	0.0227	0.02168	0	0	0	0	0.01745	0.00554	0.08734	0.01383	0.00051	0.00034	0.12294	0.00037	0.00034	0.002	0.00036	0.12146	0.06699	0.00421	0.04845	0.00451	0.09477	0.00778	0.01171	0.0099	0.00647	0.00432	0.10766	0.00571	0.01722	0.01556	0.01917	0.07221	
0.04222	0.04655	0.02484	0.02457	0	0	0	0	0.02007	0.00616	0.09694	0.01501	0.00052	0.00038	0.13682	0.00046	0.00034	0.0022	0.00044	0.1352	0.07408	0.00491	0.05445	0.00474	0.10565	0.0082	0.01277	0.01156	0.00663	0.0046	0.12065	0.0063	0.01886	0.018	0.02079	0.08053	
0.02907	0.03283	0.01834	0.01214	0.03856	0.0163	0.01745	0.02007	0	0	0	0	0.0004	0.00025	0.09149	0.00024	0.00026	0.00155	0.00028	0.09029	0.05148	0.00314	0.03442	0.00334	0.06577	0.00664	0.01089	0.00908	0.00639	0.00431	0.07585	0.00583	0.00807	0.00692	0.00832	0.06907	
0.00902	0.01011	0.0053	0.00358	0.01133	0.00498	0.00554	0.00616	0	0	0	0	0.00014	5e-05	0.02776	6e-05	0.0001	0.00055	6e-05	0.0273	0.01573	0.00093	0.01034	0.00101	0.02021	0.00217	0.00296	0.00267	0.00189	0.00118	0.02334	0.0016	0.00222	0.00209	0.00235	0.02135	
0.26487	0.29679	0.15792	0.08975	0.5458	0.07925	0.08734	0.09694	0	0	0	0	0.00309	0.00186	0.80201	0.00237	0.00242	0.01342	0.0023	0.79119	0.46735	0.02589	0.28798	0.02811	0.54161	0.06765	0.10656	0.09351	0.07799	0.05468	0.60835	0.06831	0.15998	0.14324	0.17671	0.3294	
0.02287	0.02486	0.01285	0.0097	0.02842	0.01302	0.01383	0.01501	0	0	0	0	0.00024	0.00014	0.06968	0.00022	0.00018	0.00113	0.00017	0.0688	0.03854	0.00233	0.02718	0.00223	0.05041	0.00472	0.00794	0.00721	0.00455	0.00304	0.0585	0.00419	0.00618	0.00534	0.00689	0.05187	
0.00143	0.00136	0.00066	0.00042	0.00245	0.00039	0.00051	0.00052	0.0004	0.00014	0.00309	0.00024	0	0	0	0	2e-05	6e-05	3e-05	0.00376	0.00214	0.00018	0.00139	0.00016	0.0026	0.00034	0.00046	0.00047	0.00047	0.00021	0.00292	0.00027	0.00066	0.00066	0.00076	0.00179	
0.00077	0.00085	0.00044	0.00024	0.00142	0.00016	0.00034	0.00038	0.00025	5e-05	0.00186	0.00014	0	0	0	0	0	4e-05	1e-05	0.00225	0.00129	5e-05	0.00082	0.00014	0.00162	0.0002	0.00027	0.00021	0.00015	0.00015	0.0018	0.0002	0.00038	0.00036	0.00037	0.00119	
0.32256	0.36142	0.19277	0.11419	0.61848	0.1127	0.12294	0.13682	0.09149	0.02776	0.80201	0.06968	0	0	0	0	0.00293	0.01649	0.00276	0.96876	0.568	0.03198	0.35671	0.03425	0.67186	0.08039	0.12724	0.11145	0.08995	0.06269	0.75904	0.07926	0.17496	0.15603	0.19264	0.46731	
0.00107	0.00096	0.00054	0.00032	0.00176	0.0003	0.00037	0.00046	0.00024	6e-05	0.00237	0.00022	0	0	0	0	1e-05	6e-05	1e-05	0.00281	0.00167	8e-05	0.001	0.00014	0.00192	0.00025	0.00038	0.00034	0.00025	0.00016	0.00228	0.0002	0.00045	0.00054	0.0005	0.0014	
0.00095	0.00122	0.00054	0.00025	0.00186	0.00042	0.00034	0.00034	0.00026	0.0001	0.00242	0.00018	2e-05	0	0.00293	1e-05	0	0	0	0	0.00167	6e-05	0.00113	0.0001	0.00193	0.00033	0.00041	0.00029	0.00029	0.00013	0.00228	0.00026	0.00055	0.00049	0.00054	0.00138	
0.0054	0.0061	0.00331	0.00184	0.0103	0.00215	0.002	0.0022	0.00155	0.00055	0.01342	0.00113	6e-05	4e-05	0.01649	6e-05	0	0	0	0	0.00944	0.00044	0.00632	0.00045	0.01148	0.00139	0.00213	0.00165	0.00142	0.00096	0.01289	0.00138	0.00295	0.00252	0.00327	0.00791	
0.00091	0.00104	0.00057	0.00029	0.00158	0.00043	0.00036	0.00044	0.00028	6e-05	0.0023	0.00017	3e-05	1e-05	0.00276	1e-05	0	0	0	0	0.00146	0.0001	0.00115	0.0001	0.00207	0.0002	0.00029	0.00025	0.00022	0.00017	0.00218	0.00024	0.00062	0.00039	0.00054	0.00126	
0.31857	0.35623	0.18999	0.11279	0.61037	0.11055	0.12146	0.1352	0.09029	0.0273	0.79119	0.0688	0.00376	0.00225	0.96876	0.00281	0	0	0	0	0.56053	0.03169	0.35132	0.03404	0.66252	0.07926	0.12552	0.11028	0.08889	0.06195	0.74869	0.07805	0.17233	0.15419	0.18992	0.46114	
0.18691	0.2091	0.11213	0.06496	0.37151	0.06052	0.06699	0.07408	0.05148	0.01573	0.46735	0.03854	0.00214	0.00129	0.568	0.00167	0.00167	0.00944	0.00146	0.56053	0	0	0	0	0.36017	0.05393	0.08523	0.07377	0.07096	0.04947	0.39064	0.06203	0.10426	0.09385	0.1143	0.26069	
0.01032	0.01213	0.00587	0.00397	0.01893	0.00424	0.00421	0.00491	0.00314	0.00093	0.02589	0.00233	0.00018	5e-05	0.03198	8e-05	6e-05	0.00044	0.0001	0.03169	0	0	0	0	0.02165	0.00248	0.00427	0.00389	0.00137	0.00125	0.02825	0.00142	0.00527	0.00465	0.00625	0.01612	
0.11725	0.13022	0.07013	0.04232	0.21246	0.04456	0.04845	0.05445	0.03442	0.01034	0.28798	0.02718	0.00139	0.00082	0.35671	0.001	0.00113	0.00632	0.00115	0.35132	0	0	0	0	0.27288	0.02164	0.03452	0.03088	0.01674	0.01136	0.31665	0.01517	0.06109	0.05362	0.06717	0.17804	
0.01135	0.01314	0.00628	0.00392	0.02121	0.00423	0.00451	0.00474	0.00334	0.00101	0.02811	0.00223	0.00016	0.00014	0.03425	0.00014	0.0001	0.00045	0.0001	0.03404	0	0	0	0	0.0233	0.00313	0.00433	0.00393	0.00175	0.00113	0.0305	0.00131	0.00583	0.00547	0.00655	0.01684	
0.21937	0.24521	0.13216	0.08126	0.3899	0.08768	0.09477	0.10565	0.06577	0.02021	0.54161	0.05041	0.0026	0.00162	0.67186	0.00192	0.00193	0.01148	0.00207	0.66252	0.36017	0.02165	0.27288	0.0233	0	0	0	0	0.05111	0.03555	0.54666	0.04468	0.11629	0.10392	0.12829	0.3295	
0.02737	0.03017	0.01495	0.00869	0.05889	0.00631	0.00778	0.0082	0.00664	0.00217	0.06765	0.00472	0.00034	0.0002	0.08039	0.00025	0.00033	0.00139	0.0002	0.07926	0.05393	0.00248	0.02164	0.00313	0	0	0	0	0.00982	0.00722	0.05565	0.00849	0.01554	0.01332	0.01688	0.03544	
0.04222	0.04744	0.02501	0.01368	0.09319	0.01068	0.01171	0.01277	0.01089	0.00296	0.10656	0.00794	0.00046	0.00027	0.12724	0.00038	0.00041	0.00213	0.00029	0.12552	0.08523	0.00427	0.03452	0.00433	0	0	0	0	0.01564	0.0112	0.08738	0.01413	0.02389	0.02195	0.02567	0.05684	
0.03687	0.04177	0.02229	0.01154	0.08213	0.00888	0.0099	0.01156	0.00908	0.00267	0.09351	0.00721	0.00047	0.00021	0.11145	0.00034	0.00029	0.00165	0.00025	0.11028	0.07377	0.00389	0.03088	0.00393	0	0	0	0	0.01425	0.00924	0.07635	0.01263	0.02073	0.0184	0.02343	0.04991	
0.02981	0.03401	0.01782	0.00918	0.07157	0.00615	0.00647	0.00663	0.00639	0.00189	0.07799	0.00455	0.00047	0.00015	0.08995	0.00025	0.00029	0.00142	0.00022	0.08889	0.07096	0.00137	0.01674	0.00175	0.05111	0.00982	0.01564	0.01425	0	0	0	0	0.01994	0.01835	0.02327	0.02926	
0.0208	0.02373	0.01217	0.00651	0.04999	0.0043	0.00432	0.0046	0.00431	0.00118	0.05468	0.00304	0.00021	0.00015	0.06269	0.00016	0.00013	0.00096	0.00017	0.06195	0.04947	0.00125	0.01136	0.00113	0.03555	0.00722	0.0112	0.00924	0	0	0	0	0.01446	0.01304	0.01557	0.02014	
0.24885	0.27755	0.14817	0.09147	0.43938	0.09835	0.10766	0.12065	0.07585	0.02334	0.60835	0.0585	0.00292	0.0018	0.75904	0.00228	0.00228	0.01289	0.00218	0.74869	0.39064	0.02825	0.31665	0.0305	0.54666	0.05565	0.08738	0.07635	0	0	0	0	0.1238	0.11012	0.1353	0.39682	
0.02637	0.0293	0.01625	0.00801	0.06317	0.00475	0.00571	0.0063	0.00583	0.0016	0.06831	0.00419	0.00027	0.0002	0.07926	0.0002	0.00026	0.00138	0.00024	0.07805	0.06203	0.00142	0.01517	0.00131	0.04468	0.00849	0.01413	0.01263	0	0	0	0	0.01825	0.01608	0.02013	0.02547	
0.05712	0.06532	0.03523	0.01878	0.12436	0.01601	0.01722	0.01886	0.00807	0.00222	0.15998	0.00618	0.00066	0.00038	0.17496	0.00045	0.00055	0.00295	0.00062	0.17233	0.10426	0.00527	0.06109	0.00583	0.11629	0.01554	0.02389	0.02073	0.01994	0.01446	0.1238	0.01825	0	0	0	0	
0.05173	0.05857	0.03019	0.0171	0.1095	0.01453	0.01556	0.018	0.00692	0.00209	0.14324	0.00534	0.00066	0.00036	0.15603	0.00054	0.00049	0.00252	0.00039	0.15419	0.09385	0.00465	0.05362	0.00547	0.10392	0.01332	0.02195	0.0184	0.01835	0.01304	0.11012	0.01608	0	0	0	0	
0.064	0.07085	0.03824	0.02118	0.13708	0.01723	0.01917	0.02079	0.00832	0.00235	0.17671	0.00689	0.00076	0.00037	0.19264	0.0005	0.00054	0.00327	0.00054	0.18992	0.1143	0.00625	0.06717	0.00655	0.12829	0.01688	0.02567	0.02343	0.02327	0.01557	0.1353	0.02013	0	0	0	0	
0.15298	0.16985	0.09075	0.05811	0.25317	0.06578	0.07221	0.08053	0.06907	0.02135	0.3294	0.05187	0.00179	0.00119	0.46731	0.0014	0.00138	0.00791	0.00126	0.46114	0.26069	0.01612	0.17804	0.01684	0.3295	0.03544	0.05684	0.04991	0.02926	0.02014	0.39682	0.02547	0	0	0	0	
