0	0	0	0	0.21672	0.03245	0.03513	0.04142	0.0292	0.00868	0.26629	0.02155	0.00135	0.00066	0.32282	0.00089	0.00091	0.00569	0.00095	0.31817	0.18627	0.01061	0.11706	0.01178	0.21792	0.02745	0.04215	0.0382	0.03004	0.0207	0.24914	0.02584	0.05682	0.05179	0.06452	0.15259	
0	0	0	0	0.24041	0.03733	0.03972	0.04529	0.03393	0.00977	0.29438	0.02467	0.00128	0.00077	0.35981	0.00089	0.00115	0.00656	0.00107	0.35397	0.20888	0.01219	0.12887	0.01281	0.2429	0.03084	0.04662	0.04239	0.03375	0.02363	0.27559	0.02978	0.06359	0.05826	0.07245	0.16845	
0	0	0	0	0.12891	0.01958	0.02075	0.02299	0.01739	0.00522	0.15691	0.01271	0.00075	0.00046	0.19051	0.00051	0.0006	0.00336	0.00053	0.18774	0.10897	0.00617	0.06991	0.00718	0.12751	0.01686	0.02526	0.0226	0.01737	0.01301	0.14609	0.01576	0.03418	0.0304	0.03871	0.08894	
0	0	0	0	0.04181	0.02282	0.02547	0.0292	0.0145	0.004	0.09022	0.01058	0.00042	0.00026	0.11819	0.00043	0.00027	0.00202	0.0003	0.11671	0.06581	0.00411	0.04532	0.00406	0.08585	0.00824	0.01338	0.01183	0.00799	0.00577	0.09809	0.00745	0.01879	0.01568	0.02146	0.06337	
0.21672	0.24041	0.12891	0.04181	0	0	0	0	0.03889	0.0117	0.54901	0.02825	0.00234	0.00128	0.62258	0.00165	0.00182	0.0111	0.00182	0.61311	0.37209	0.02017	0.2138	0.02179	0.38359	0.06274	0.09545	0.08607	0.07209	0.05068	0.44151	0.06357	0.12222	0.11061	0.13961	0.25541	
0.03245	0.03733	0.01958	0.02282	0	0	0	0	0.0172	0.00507	0.07749	0.01242	0.00041	0.00026	0.11121	0.0003	0.00032	0.00177	0.00024	0.10985	0.05967	0.00409	0.0444	0.00402	0.08768	0.0062	0.00981	0.00849	0.0048	0.00367	0.09918	0.00453	0.01552	0.01356	0.01728	0.06582	
0.03513	0.03972	0.02075	0.02547	0	0	0	0	0.01891	0.00513	0.08392	0.01311	0.00056	0.00031	0.11983	0.00037	0.00037	0.00232	0.00037	0.11801	0.06465	0.00412	0.04782	0.00448	0.09442	0.00666	0.01031	0.00968	0.00546	0.00414	0.10653	0.00494	0.01663	0.0147	0.0184	0.07134	
0.04142	0.04529	0.02299	0.0292	0	0	0	0	0.02002	0.00577	0.09738	0.01573	0.00049	0.0003	0.13771	0.0004	0.00042	0.00244	0.00042	0.13562	0.07352	0.0047	0.05514	0.00554	0.10849	0.00779	0.01184	0.01078	0.0068	0.00462	0.12169	0.00579	0.01901	0.01726	0.02185	0.08078	
0.0292	0.03393	0.01739	0.0145	0.03889	0.0172	0.01891	0.02002	0	0	0	0	0.00029	0.00016	0.09428	0.00029	0.00026	0.0018	0.00028	0.09268	0.05265	0.00341	0.03552	0.00344	0.06778	0.00687	0.01085	0.00952	0.00632	0.0043	0.07909	0.00531	0.00813	0.00735	0.00956	0.06998	
0.00868	0.00977	0.00522	0.004	0.0117	0.00507	0.00513	0.00577	0	0	0	0	0.00011	0.00014	0.02737	5e-05	7e-05	0.00043	7e-05	0.0271	0.01526	0.00089	0.01055	0.00097	0.02008	0.00199	0.00298	0.00262	0.0019	0.00103	0.02334	0.0014	0.00219	0.00218	0.00279	0.02051	
0.26629	0.29438	0.15691	0.09022	0.54901	0.07749	0.08392	0.09738	0	0	0	0	0.00305	0.00175	0.80079	0.00221	0.0024	0.0143	0.00231	0.78879	0.46486	0.02638	0.28776	0.0288	0.53632	0.06943	0.10581	0.09624	0.07631	0.05468	0.60869	0.06812	0.15692	0.14125	0.17827	0.33136	
0.02155	0.02467	0.01271	0.01058	0.02825	0.01242	0.01311	0.01573	0	0	0	0	0.00035	0.0001	0.06889	0.00017	0.0002	0.0011	0.00019	0.06802	0.03716	0.0024	0.02733	0.00262	0.05	0.0051	0.00777	0.00664	0.00462	0.0031	0.05779	0.004	0.00614	0.00535	0.00652	0.0515	
0.00135	0.00128	0.00075	0.00042	0.00234	0.00041	0.00056	0.00049	0.00029	0.00011	0.00305	0.00035	0	0	0	0	1e-05	3e-05	1e-05	0.00375	0.00207	0.00012	0.00148	0.00013	0.00254	0.00034	0.00045	0.00047	0.00042	0.00021	0.00277	0.0004	0.00072	0.00046	0.00094	0.00168	
0.00066	0.00077	0.00046	0.00026	0.00128	0.00026	0.00031	0.0003	0.00016	0.00014	0.00175	0.0001	0	0	0	0	1e-05	8e-05	0	0.00206	0.00122	8e-05	0.00076	9e-05	0.0016	0.00019	0.00015	0.00021	0.0002	0.00014	0.00167	0.00014	0.00037	0.00027	0.00042	0.00109	
0.32282	0.35981	0.19051	0.11819	0.62258	0.11121	0.11983	0.13771	0.09428	0.02737	0.80079	0.06889	0	0	0	0	0.0029	0.01747	0.00282	0.96814	0.56496	0.03276	0.35809	0.03552	0.66825	0.08261	0.12652	0.11395	0.08825	0.06262	0.76241	0.07805	0.17176	0.15497	0.19523	0.46937	
0.00089	0.00089	0.00051	0.00043	0.00165	0.0003	0.00037	0.0004	0.00029	5e-05	0.00221	0.00017	0	0	0	0	1e-05	5e-05	2e-05	0.00264	0.00168	0.00012	0.00083	9e-05	0.00179	0.00025	0.00029	0.00039	0.00028	0.00014	0.00206	0.00024	0.00053	0.00043	0.00055	0.00121	
0.00091	0.00115	0.0006	0.00027	0.00182	0.00032	0.00037	0.00042	0.00026	7e-05	0.0024	0.0002	1e-05	1e-05	0.0029	1e-05	0	0	0	0	0.00183	7e-05	0.001	3e-05	0.00185	0.00038	0.00039	0.00031	0.00026	0.00025	0.00216	0.00026	0.00041	0.00063	0.00053	0.00136	
0.00569	0.00656	0.00336	0.00202	0.0111	0.00177	0.00232	0.00244	0.0018	0.00043	0.0143	0.0011	3e-05	8e-05	0.01747	5e-05	0	0	0	0	0.00994	0.00077	0.00623	0.00069	0.01174	0.00162	0.00204	0.00223	0.00144	0.00105	0.01375	0.00139	0.0031	0.0027	0.00371	0.00812	
0.00095	0.00107	0.00053	0.0003	0.00182	0.00024	0.00037	0.00042	0.00028	7e-05	0.00231	0.00019	1e-05	0	0.00282	2e-05	0	0	0	0	0.00173	0.00013	0.00096	3e-05	0.0019	0.00023	0.00041	0.00031	0.00028	0.00023	0.00216	0.00018	0.00058	0.00043	0.00043	0.00141	
0.31817	0.35397	0.18774	0.11671	0.61311	0.10985	0.11801	0.13562	0.09268	0.0271	0.78879	0.06802	0.00375	0.00206	0.96814	0.00264	0	0	0	0	0.55643	0.03211	0.35297	0.03508	0.65869	0.08116	0.12457	0.11217	0.08717	0.06158	0.75084	0.077	0.16929	0.15237	0.19247	0.46246	
0.18627	0.20888	0.10897	0.06581	0.37209	0.05967	0.06465	0.07352	0.05265	0.01526	0.46486	0.03716	0.00207	0.00122	0.56496	0.00168	0.00183	0.00994	0.00173	0.55643	0	0	0	0	0.34968	0.05636	0.08619	0.0777	0.06956	0.04929	0.38938	0.0617	0.10083	0.09295	0.11673	0.25942	
0.01061	0.01219	0.00617	0.00411	0.02017	0.00409	0.00412	0.0047	0.00341	0.00089	0.02638	0.0024	0.00012	8e-05	0.03276	0.00012	7e-05	0.00077	0.00013	0.03211	0	0	0	0	0.02115	0.00315	0.00468	0.0041	0.00154	0.00113	0.02912	0.00129	0.00552	0.00476	0.00646	0.01634	
0.11706	0.12887	0.06991	0.04532	0.2138	0.0444	0.04782	0.05514	0.03552	0.01055	0.28776	0.02733	0.00148	0.00076	0.35809	0.00083	0.001	0.00623	0.00096	0.35297	0	0	0	0	0.2802	0.02072	0.03147	0.02877	0.01651	0.01148	0.3187	0.01447	0.06099	0.05278	0.06741	0.17998	
0.01178	0.01281	0.00718	0.00406	0.02179	0.00402	0.00448	0.00554	0.00344	0.00097	0.0288	0.00262	0.00013	9e-05	0.03552	9e-05	3e-05	0.00069	3e-05	0.03508	0	0	0	0	0.02315	0.00316	0.00507	0.00445	0.00154	0.00121	0.03171	0.00137	0.00604	0.00564	0.00654	0.01761	
0.21792	0.2429	0.12751	0.08585	0.38359	0.08768	0.09442	0.10849	0.06778	0.02008	0.53632	0.05	0.00254	0.0016	0.66825	0.00179	0.00185	0.01174	0.0019	0.65869	0.34968	0.02115	0.2802	0.02315	0	0	0	0	0.04753	0.03315	0.55157	0.04193	0.11424	0.10088	0.12891	0.33015	
0.02745	0.03084	0.01686	0.00824	0.06274	0.0062	0.00666	0.00779	0.00687	0.00199	0.06943	0.0051	0.00034	0.00019	0.08261	0.00025	0.00038	0.00162	0.00023	0.08116	0.05636	0.00315	0.02072	0.00316	0	0	0	0	0.01116	0.00775	0.05545	0.00903	0.0148	0.01453	0.01699	0.03707	
0.04215	0.04662	0.02526	0.01338	0.09545	0.00981	0.01031	0.01184	0.01085	0.00298	0.10581	0.00777	0.00045	0.00015	0.12652	0.00029	0.00039	0.00204	0.00041	0.12457	0.08619	0.00468	0.03147	0.00507	0	0	0	0	0.0164	0.01181	0.08466	0.01454	0.02322	0.02168	0.02712	0.05539	
0.0382	0.04239	0.0226	0.01183	0.08607	0.00849	0.00968	0.01078	0.00952	0.00262	0.09624	0.00664	0.00047	0.00021	0.11395	0.00039	0.00031	0.00223	0.00031	0.11217	0.0777	0.0041	0.02877	0.00445	0	0	0	0	0.01406	0.0104	0.07723	0.01333	0.02112	0.01904	0.02412	0.05074	
0.03004	0.03375	0.01737	0.00799	0.07209	0.0048	0.00546	0.0068	0.00632	0.0019	0.07631	0.00462	0.00042	0.0002	0.08825	0.00028	0.00026	0.00144	0.00028	0.08717	0.06956	0.00154	0.01651	0.00154	0.04753	0.01116	0.0164	0.01406	0	0	0	0	0.01934	0.01838	0.02269	0.02874	
0.0207	0.02363	0.01301	0.00577	0.05068	0.00367	0.00414	0.00462	0.0043	0.00103	0.05468	0.0031	0.00021	0.00014	0.06262	0.00014	0.00025	0.00105	0.00023	0.06158	0.04929	0.00113	0.01148	0.00121	0.03315	0.00775	0.01181	0.0104	0	0	0	0	0.01314	0.01253	0.01626	0.02118	
0.24914	0.27559	0.14609	0.09809	0.44151	0.09918	0.10653	0.12169	0.07909	0.02334	0.60869	0.05779	0.00277	0.00167	0.76241	0.00206	0.00216	0.01375	0.00216	0.75084	0.38938	0.02912	0.3187	0.03171	0.55157	0.05545	0.08466	0.07723	0	0	0	0	0.12341	0.10943	0.1385	0.39757	
0.02584	0.02978	0.01576	0.00745	0.06357	0.00453	0.00494	0.00579	0.00531	0.0014	0.06812	0.004	0.0004	0.00014	0.07805	0.00024	0.00026	0.00139	0.00018	0.077	0.0617	0.00129	0.01447	0.00137	0.04193	0.00903	0.01454	0.01333	0	0	0	0	0.01749	0.01579	0.01969	0.02586	
0.05682	0.06359	0.03418	0.01879	0.12222	0.01552	0.01663	0.01901	0.00813	0.00219	0.15692	0.00614	0.00072	0.00037	0.17176	0.00053	0.00041	0.0031	0.00058	0.16929	0.10083	0.00552	0.06099	0.00604	0.11424	0.0148	0.02322	0.02112	0.01934	0.01314	0.12341	0.01749	0	0	0	0	
0.05179	0.05826	0.0304	0.01568	0.11061	0.01356	0.0147	0.01726	0.00735	0.00218	0.14125	0.00535	0.00046	0.00027	0.15497	0.00043	0.00063	0.0027	0.00043	0.15237	0.09295	0.00476	0.05278	0.00564	0.10088	0.01453	0.02168	0.01904	0.01838	0.01253	0.10943	0.01579	0	0	0	0	
0.06452	0.07245	0.03871	0.02146	0.13961	0.01728	0.0184	0.02185	0.00956	0.00279	0.17827	0.00652	0.00094	0.00042	0.19523	0.00055	0.00053	0.00371	0.00043	0.19247	0.11673	0.00646	0.06741	0.00654	0.12891	0.01699	0.02712	0.02412	0.02269	0.01626	0.1385	0.01969	0	0	0	0	
0.15259	0.16845	0.08894	0.06337	0.25541	0.06582	0.07134	0.08078	0.06998	0.02051	0.33136	0.0515	0.00168	0.00109	0.46937	0.00121	0.00136	0.00812	0.00141	0.46246	0.25942	0.01634	0.17998	0.01761	0.33015	0.03707	0.05539	0.05074	0.02874	0.02118	0.39757	0.02586	0	0	0	0	
