0	0	0	0	0.250173	0.0296267	0.02844	0.06332	0.0408067	0.0108467	0.276593	0.0433133	0.000133333	0	0.371427	0	0	0.01802	0	0.35354	0.244113	0.0173733	0.0473067	0.0627667	0.184073	0.0454067	0.0273133	0.114767	0.0717667	0.03392	0.1765	0.0893733	0.08414	0.05434	0.0390667	0.194013	
0	0	0	0	0.204807	0.0246533	0.0231667	0.0514533	0.0331467	0.00892667	0.2258	0.0362067	6e-05	0	0.30402	0	0	0.0148133	0	0.289267	0.199733	0.0136933	0.0389333	0.05172	0.149373	0.03776	0.0225	0.0944467	0.0577667	0.0273533	0.14602	0.07294	0.0688133	0.0439733	0.03164	0.159653	
0	0	0	0	0.11974	0.0144333	0.0144133	0.0302933	0.0199667	0.00496	0.1324	0.0215533	4e-05	0	0.17884	0	0	0.00872667	0	0.170153	0.117847	0.00818667	0.0223533	0.0304933	0.0873133	0.0219	0.0130133	0.0566533	0.0334733	0.0164067	0.0860933	0.0429067	0.0391733	0.0259133	0.0190267	0.0947667	
0	0	0	0	0.0529533	0.02314	0.0219133	0.0474733	0.0195133	0.00517333	0.100353	0.02044	2e-05	0	0.14546	0	0	0.00731333	0	0.138167	0.0960467	0.00641333	0.0184133	0.0246067	0.07222	0.0179533	0.0107667	0.04454	0.02418	0.0116133	0.07946	0.0302267	0.0321133	0.0208667	0.01512	0.07738	
0.250173	0.204807	0.11974	0.0529533	0	0	0	0	0.0535933	0.0146533	0.502567	0.05686	0.000173333	0	0.6275	0	0	0.0309	0	0.596773	0.41234	0.0291133	0.0795467	0.106673	0.30392	0.0787933	0.04614	0.19882	0.13616	0.0642	0.256853	0.17046	0.144193	0.09308	0.0669333	0.323467	
0.0296267	0.0246533	0.0144333	0.02314	0	0	0	0	0.0145733	0.00376	0.0575867	0.0159333	2e-05	0	0.0918333	0	0	0.00458	0	0.0872733	0.06058	0.00414667	0.0118933	0.0152333	0.0462067	0.0110133	0.0069	0.0277333	0.0130267	0.00607333	0.0569267	0.0158267	0.0197933	0.0125067	0.00909333	0.05046	
0.02844	0.0231667	0.0144133	0.0219133	0	0	0	0	0.0140667	0.00372	0.0549467	0.0152	1.33333e-05	0	0.08792	0	0	0.00431333	0	0.08362	0.05814	0.00378	0.0108933	0.01512	0.0453133	0.01044	0.00636	0.02582	0.0116333	0.00576	0.0547067	0.0158333	0.0192533	0.0123067	0.00909333	0.04728	
0.06332	0.0514533	0.0302933	0.0474733	0	0	0	0	0.0312	0.00777333	0.120047	0.03352	4.66667e-05	0	0.192493	0	0	0.00908	0	0.18346	0.12668	0.00862667	0.0246733	0.03256	0.09754	0.0227733	0.0141933	0.0580333	0.0263667	0.01326	0.119587	0.0333267	0.041	0.0272	0.0197333	0.104607	
0.0408067	0.0331467	0.0199667	0.0195133	0.0535933	0.0145733	0.0140667	0.0312	0	0	0	0	2e-05	0	0.113413	0	0	0.00529333	0	0.10814	0.0746067	0.00509333	0.01426	0.0194733	0.0671733	0.0115533	0.00666667	0.02804	0.0132933	0.00630667	0.0770933	0.01674	0.0237933	0.01534	0.01124	0.06306	
0.0108467	0.00892667	0.00496	0.00517333	0.0146533	0.00376	0.00372	0.00777333	0	0	0	0	0	0	0.0299067	0	0	0.00148	0	0.0284267	0.0194733	0.00134667	0.00365333	0.00543333	0.0176733	0.003	0.00156667	0.00766667	0.00349333	0.00184	0.02004	0.00453333	0.00609333	0.00436	0.00290667	0.0165467	
0.276593	0.2258	0.1324	0.100353	0.502567	0.0575867	0.0549467	0.120047	0	0	0	0	0.000206667	0	0.73494	0	0	0.0361533	0	0.698993	0.48378	0.0337067	0.0938867	0.123773	0.33666	0.0963067	0.0581933	0.243987	0.156247	0.0742067	0.3084	0.196293	0.16926	0.10862	0.07926	0.378007	
0.0433133	0.0362067	0.0215533	0.02044	0.05686	0.0159333	0.0152	0.03352	0	0	0	0	2.66667e-05	0	0.121487	0	0	0.00594667	0	0.115567	0.07988	0.00552	0.0152067	0.0209067	0.0714733	0.01216	0.00716667	0.0307133	0.0141533	0.00694	0.08254	0.01788	0.0250933	0.0167733	0.0114467	0.0682	
0.000133333	6e-05	4e-05	2e-05	0.000173333	2e-05	1.33333e-05	4.66667e-05	2e-05	0	0.000206667	2.66667e-05	0	0	0	0	0	2e-05	0	0.000233333	0.000193333	1.33333e-05	1.33333e-05	3.33333e-05	0.000146667	1.33333e-05	1.33333e-05	8e-05	4.66667e-05	2.66667e-05	7.33333e-05	0.000106667	4e-05	6.66667e-06	2e-05	0.000186667	
0	0	0	0	0	0	0	0	0	0	0	0	0	0	0	0	0	0	0	0	0	0	0	0	0	0	0	0	0	0	0	0	0	0	0	0	
0.371427	0.30402	0.17884	0.14546	0.6275	0.0918333	0.08792	0.192493	0.113413	0.0299067	0.73494	0.121487	0	0	0	0	0	0.0488533	0	0.950893	0.657547	0.0456533	0.126993	0.169553	0.492833	0.123007	0.07358	0.310327	0.18714	0.0892667	0.488	0.23534	0.2242	0.145087	0.104833	0.525627	
0	0	0	0	0	0	0	0	0	0	0	0	0	0	0	0	0	0	0	0	0	0	0	0	0	0	0	0	0	0	0	0	0	0	0	0	
0	0	0	0	0	0	0	0	0	0	0	0	0	0	0	0	0	0	0	0	0	0	0	0	0	0	0	0	0	0	0	0	0	0	0	0	
0.01802	0.0148133	0.00872667	0.00731333	0.0309	0.00458	0.00431333	0.00908	0.00529333	0.00148	0.0361533	0.00594667	2e-05	0	0.0488533	0	0	0	0	0	0.0314467	0.00231333	0.00650667	0.00860667	0.02418	0.00618667	0.00330667	0.0152	0.00918	0.00442667	0.0237133	0.0115533	0.0112533	0.00696	0.00518	0.02548	
0	0	0	0	0	0	0	0	0	0	0	0	0	0	0	0	0	0	0	0	0	0	0	0	0	0	0	0	0	0	0	0	0	0	0	0	
0.35354	0.289267	0.170153	0.138167	0.596773	0.0872733	0.08362	0.18346	0.10814	0.0284267	0.698993	0.115567	0.000233333	0	0.950893	0	0	0	0	0	0.626293	0.0433533	0.1205	0.16098	0.4688	0.116833	0.0702867	0.295207	0.178007	0.0848667	0.46436	0.223893	0.212987	0.138133	0.0996733	0.500333	
0.244113	0.199733	0.117847	0.0960467	0.41234	0.06058	0.05814	0.12668	0.0746067	0.0194733	0.48378	0.07988	0.000193333	0	0.657547	0	0	0.0314467	0	0.626293	0	0	0	0	0.324673	0.0808467	0.0487067	0.203513	0.122447	0.0591133	0.320553	0.155627	0.14732	0.09618	0.0692533	0.344987	
0.0173733	0.0136933	0.00818667	0.00641333	0.0291133	0.00414667	0.00378	0.00862667	0.00509333	0.00134667	0.0337067	0.00552	1.33333e-05	0	0.0456533	0	0	0.00231333	0	0.0433533	0	0	0	0	0.0223667	0.00572667	0.0033	0.0142733	0.00850667	0.00418667	0.0221733	0.0108	0.0103	0.0066	0.00445333	0.0243133	
0.0473067	0.0389333	0.0223533	0.0184133	0.0795467	0.0118933	0.0108933	0.0246733	0.01426	0.00365333	0.0938867	0.0152067	1.33333e-05	0	0.126993	0	0	0.00650667	0	0.1205	0	0	0	0	0.0629067	0.0156533	0.00904667	0.0394	0.0244667	0.0113467	0.062	0.0291933	0.02846	0.0181867	0.0132667	0.0670933	
0.0627667	0.05172	0.0304933	0.0246067	0.106673	0.0152333	0.01512	0.03256	0.0194733	0.00543333	0.123773	0.0209067	3.33333e-05	0	0.169553	0	0	0.00860667	0	0.16098	0	0	0	0	0.0830333	0.0207933	0.01254	0.05322	0.0317667	0.0146467	0.0833467	0.0398267	0.03816	0.0241267	0.01788	0.08942	
0.184073	0.149373	0.0873133	0.07222	0.30392	0.0462067	0.0453133	0.09754	0.0671733	0.0176733	0.33666	0.0714733	0.000146667	0	0.492833	0	0	0.02418	0	0.4688	0.324673	0.0223667	0.0629067	0.0830333	0	0	0	0	0.0898933	0.0430467	0.246733	0.113307	0.109773	0.0711333	0.0517133	0.26036	
0.0454067	0.03776	0.0219	0.0179533	0.0787933	0.0110133	0.01044	0.0227733	0.0115533	0.003	0.0963067	0.01216	1.33333e-05	0	0.123007	0	0	0.00618667	0	0.116833	0.0808467	0.00572667	0.0156533	0.0207933	0	0	0	0	0.0233	0.01134	0.05876	0.02962	0.0275533	0.0178867	0.01296	0.06462	
0.0273133	0.0225	0.0130133	0.0107667	0.04614	0.0069	0.00636	0.0141933	0.00666667	0.00156667	0.0581933	0.00716667	1.33333e-05	0	0.07358	0	0	0.00330667	0	0.0702867	0.0487067	0.0033	0.00904667	0.01254	0	0	0	0	0.0140067	0.00681333	0.0354933	0.01728	0.0168133	0.0100667	0.0075	0.0392133	
0.114767	0.0944467	0.0566533	0.04454	0.19882	0.0277333	0.02582	0.0580333	0.02804	0.00766667	0.243987	0.0307133	8e-05	0	0.310327	0	0	0.0152	0	0.295207	0.203513	0.0142733	0.0394	0.05322	0	0	0	0	0.0599867	0.0280933	0.147087	0.07524	0.0701	0.0460067	0.03268	0.16162	
0.0717667	0.0577667	0.0334733	0.02418	0.13616	0.0130267	0.0116333	0.0263667	0.0132933	0.00349333	0.156247	0.0141533	4.66667e-05	0	0.18714	0	0	0.00918	0	0.178007	0.122447	0.00850667	0.0244667	0.0317667	0.0898933	0.0233	0.0140067	0.0599867	0	0	0	0	0.0488533	0.0305333	0.0234133	0.0843867	
0.03392	0.0273533	0.0164067	0.0116133	0.0642	0.00607333	0.00576	0.01326	0.00630667	0.00184	0.0742067	0.00694	2.66667e-05	0	0.0892667	0	0	0.00442667	0	0.0848667	0.0591133	0.00418667	0.0113467	0.0146467	0.0430467	0.01134	0.00681333	0.0280933	0	0	0	0	0.02322	0.0152267	0.0108133	0.0400333	
0.1765	0.14602	0.0860933	0.07946	0.256853	0.0569267	0.0547067	0.119587	0.0770933	0.02004	0.3084	0.08254	7.33333e-05	0	0.488	0	0	0.0237133	0	0.46436	0.320553	0.0221733	0.062	0.0833467	0.246733	0.05876	0.0354933	0.147087	0	0	0	0	0.0908333	0.0592	0.0419267	0.296113	
0.0893733	0.07294	0.0429067	0.0302267	0.17046	0.0158267	0.0158333	0.0333267	0.01674	0.00453333	0.196293	0.01788	0.000106667	0	0.23534	0	0	0.0115533	0	0.223893	0.155627	0.0108	0.0291933	0.0398267	0.113307	0.02962	0.01728	0.07524	0	0	0	0	0.0613333	0.0401333	0.0287	0.10528	
0.08414	0.0688133	0.0391733	0.0321133	0.144193	0.0197933	0.0192533	0.041	0.0237933	0.00609333	0.16926	0.0250933	4e-05	0	0.2242	0	0	0.0112533	0	0.212987	0.14732	0.0103	0.02846	0.03816	0.109773	0.0275533	0.0168133	0.0701	0.0488533	0.02322	0.0908333	0.0613333	0	0	0	0	
0.05434	0.0439733	0.0259133	0.0208667	0.09308	0.0125067	0.0123067	0.0272	0.01534	0.00436	0.10862	0.0167733	6.66667e-06	0	0.145087	0	0	0.00696	0	0.138133	0.09618	0.0066	0.0181867	0.0241267	0.0711333	0.0178867	0.0100667	0.0460067	0.0305333	0.0152267	0.0592	0.0401333	0	0	0	0	
0.0390667	0.03164	0.0190267	0.01512	0.0669333	0.00909333	0.00909333	0.0197333	0.01124	0.00290667	0.07926	0.0114467	2e-05	0	0.104833	0	0	0.00518	0	0.0996733	0.0692533	0.00445333	0.0132667	0.01788	0.0517133	0.01296	0.0075	0.03268	0.0234133	0.0108133	0.0419267	0.0287	0	0	0	0	
0.194013	0.159653	0.0947667	0.07738	0.323467	0.05046	0.04728	0.104607	0.06306	0.0165467	0.378007	0.0682	0.000186667	0	0.525627	0	0	0.02548	0	0.500333	0.344987	0.0243133	0.0670933	0.08942	0.26036	0.06462	0.0392133	0.16162	0.0843867	0.0400333	0.296113	0.10528	0	0	0	0	
