0	0	0	0	0.25034	0.02998	0.0282867	0.0632867	0.0414	0.01132	0.275867	0.0433067	7.33333e-05	0	0.37182	0	0	0.01886	0	0.353033	0.244753	0.0163933	0.0474733	0.0632733	0.181593	0.0454733	0.0276933	0.117133	0.0714333	0.0332733	0.178113	0.0890733	0.0846067	0.05362	0.0398067	0.19386	
0	0	0	0	0.204113	0.0248667	0.0236	0.0508067	0.0331333	0.00866	0.225807	0.0357867	7.33333e-05	0	0.303313	0	0	0.0156933	0	0.287693	0.198967	0.01348	0.0386733	0.0522667	0.149087	0.0366267	0.0226067	0.0950667	0.0589333	0.0264667	0.145207	0.07278	0.0688267	0.0438667	0.0314	0.159293	
0	0	0	0	0.119707	0.01434	0.01386	0.0305467	0.0194667	0.00516	0.13304	0.0207867	4e-05	0	0.178413	0	0	0.00888	0	0.169573	0.11704	0.00782	0.0232	0.0303933	0.0880067	0.0214533	0.0135533	0.05544	0.03458	0.0158533	0.08536	0.04266	0.04092	0.02646	0.0180533	0.09302	
0	0	0	0	0.05366	0.0229533	0.0220467	0.0476067	0.01962	0.0054	0.100527	0.02072	4e-05	0	0.146227	0	0	0.00714	0	0.139127	0.0959267	0.00644	0.01868	0.02522	0.0724933	0.0175467	0.0103867	0.04584	0.0242467	0.0112933	0.08026	0.0304667	0.0326867	0.02046	0.0148867	0.0782333	
0.25034	0.204113	0.119707	0.05366	0	0	0	0	0.0538333	0.01416	0.50314	0.0566867	0.000126667	0	0.627693	0	0	0.0315533	0	0.596267	0.412013	0.02786	0.0807	0.107247	0.30262	0.0776667	0.04728	0.200253	0.13688	0.0631667	0.257887	0.169887	0.145767	0.0934067	0.0668333	0.321813	
0.02998	0.0248667	0.01434	0.0229533	0	0	0	0	0.0144733	0.00390667	0.05778	0.01598	3.33333e-05	0	0.0921067	0	0	0.00468	0	0.08746	0.0607667	0.00397333	0.0116533	0.0157467	0.0464933	0.01102	0.00633333	0.0282933	0.01266	0.00608667	0.0577467	0.0156467	0.0200467	0.0125267	0.00924667	0.05032	
0.0282867	0.0236	0.01386	0.0220467	0	0	0	0	0.0141667	0.00439333	0.05392	0.0153133	1.33333e-05	0	0.08778	0	0	0.00448	0	0.0833133	0.0579133	0.00376667	0.01132	0.0147933	0.0446267	0.00990667	0.00664	0.02662	0.0122733	0.00558667	0.05424	0.0156933	0.0193467	0.0121467	0.00852667	0.0477733	
0.0632867	0.0508067	0.0305467	0.0476067	0	0	0	0	0.0311467	0.00808	0.1204	0.03262	5.33333e-05	0	0.192193	0	0	0.00986	0	0.182387	0.125993	0.00853333	0.0243533	0.0333667	0.09744	0.0225067	0.0139867	0.0583133	0.02738	0.0120467	0.119067	0.0337533	0.04188	0.0263267	0.01954	0.1045	
0.0414	0.0331333	0.0194667	0.01962	0.0538333	0.0144733	0.0141667	0.0311467	0	0	0	0	2e-05	0	0.1136	0	0	0.006	0	0.10762	0.0753667	0.00483333	0.01422	0.0192	0.0673933	0.01074	0.00668	0.0288067	0.0135133	0.00608	0.07764	0.0163867	0.0249133	0.0156267	0.0110667	0.0620133	
0.01132	0.00866	0.00516	0.0054	0.01416	0.00390667	0.00439333	0.00808	0	0	0	0	0	0	0.03054	0	0	0.00146	0	0.02908	0.02016	0.00132667	0.00384	0.00521333	0.0173667	0.00329333	0.00182667	0.00805333	0.00386	0.00166667	0.0206133	0.0044	0.00657333	0.00399333	0.00311333	0.01686	
0.275867	0.225807	0.13304	0.100527	0.50314	0.05778	0.05392	0.1204	0	0	0	0	0.000166667	0	0.735073	0	0	0.0369467	0	0.698293	0.4826	0.0324867	0.0942733	0.12588	0.335533	0.09516	0.0585267	0.24602	0.157713	0.0724267	0.309053	0.196047	0.170653	0.108353	0.0781267	0.378107	
0.0433067	0.0357867	0.0207867	0.02072	0.0566867	0.01598	0.0153133	0.03262	0	0	0	0	4e-05	0	0.12056	0	0	0.00616667	0	0.114433	0.07856	0.00548667	0.0156933	0.02086	0.0708867	0.0119067	0.00720667	0.0306	0.0141067	0.00671333	0.0816333	0.0181467	0.0249	0.0164333	0.01184	0.0674267	
7.33333e-05	7.33333e-05	4e-05	4e-05	0.000126667	3.33333e-05	1.33333e-05	5.33333e-05	2e-05	0	0.000166667	4e-05	0	0	0	0	0	1.33333e-05	0	0.000213333	0.00012	6.66667e-06	6e-05	4e-05	0.0001	2e-05	2.66667e-05	8e-05	4e-05	0	0.000126667	6e-05	4.66667e-05	3.33333e-05	2e-05	0.000126667	
0	0	0	0	0	0	0	0	0	0	0	0	0	0	0	0	0	0	0	0	0	0	0	0	0	0	0	0	0	0	0	0	0	0	0	0	
0.37182	0.303313	0.178413	0.146227	0.627693	0.0921067	0.08778	0.192193	0.1136	0.03054	0.735073	0.12056	0	0	0	0	0	0.05056	0	0.949213	0.656567	0.0441267	0.127967	0.171113	0.49108	0.12108	0.0742133	0.3134	0.189153	0.0868867	0.488813	0.23492	0.226993	0.144373	0.104127	0.52428	
0	0	0	0	0	0	0	0	0	0	0	0	0	0	0	0	0	0	0	0	0	0	0	0	0	0	0	0	0	0	0	0	0	0	0	0	
0	0	0	0	0	0	0	0	0	0	0	0	0	0	0	0	0	0	0	0	0	0	0	0	0	0	0	0	0	0	0	0	0	0	0	0	
0.01886	0.0156933	0.00888	0.00714	0.0315533	0.00468	0.00448	0.00986	0.006	0.00146	0.0369467	0.00616667	1.33333e-05	0	0.05056	0	0	0	0	0	0.03292	0.00216667	0.00659333	0.00889333	0.02554	0.00592	0.00369333	0.01542	0.00962667	0.00466	0.0241667	0.01212	0.0112867	0.00733333	0.00503333	0.02692	
0	0	0	0	0	0	0	0	0	0	0	0	0	0	0	0	0	0	0	0	0	0	0	0	0	0	0	0	0	0	0	0	0	0	0	0	
0.353033	0.287693	0.169573	0.139127	0.596267	0.08746	0.0833133	0.182387	0.10762	0.02908	0.698293	0.114433	0.000213333	0	0.949213	0	0	0	0	0	0.623767	0.0419667	0.121433	0.16226	0.46564	0.11518	0.0705467	0.29806	0.179567	0.0822267	0.464773	0.22286	0.215753	0.137073	0.0991133	0.497487	
0.244753	0.198967	0.11704	0.0959267	0.412013	0.0607667	0.0579133	0.125993	0.0753667	0.02016	0.4826	0.07856	0.00012	0	0.656567	0	0	0.03292	0	0.623767	0	0	0	0	0.322287	0.0797667	0.04882	0.205813	0.124833	0.0574467	0.320613	0.153793	0.147793	0.09516	0.0687133	0.34502	
0.0163933	0.01348	0.00782	0.00644	0.02786	0.00397333	0.00376667	0.00853333	0.00483333	0.00132667	0.0324867	0.00548667	6.66667e-06	0	0.0441267	0	0	0.00216667	0	0.0419667	0	0	0	0	0.02168	0.00521333	0.00334	0.0139	0.00837333	0.00384667	0.0214533	0.01046	0.01026	0.00621333	0.00448	0.02318	
0.0474733	0.0386733	0.0232	0.01868	0.0807	0.0116533	0.01132	0.0243533	0.01422	0.00384	0.0942733	0.0156933	6e-05	0	0.127967	0	0	0.00659333	0	0.121433	0	0	0	0	0.0630267	0.0152467	0.00951333	0.04024	0.0237067	0.0112467	0.0625867	0.0304867	0.02934	0.0186933	0.01346	0.0665333	
0.0632733	0.0522667	0.0303933	0.02522	0.107247	0.0157467	0.0147933	0.0333667	0.0192	0.00521333	0.12588	0.02086	4e-05	0	0.171113	0	0	0.00889333	0	0.16226	0	0	0	0	0.0841867	0.0208733	0.0125667	0.0535267	0.03228	0.0143467	0.0842867	0.04024	0.0396467	0.02434	0.0174933	0.0896733	
0.181593	0.149087	0.0880067	0.0724933	0.30262	0.0464933	0.0446267	0.09744	0.0673933	0.0173667	0.335533	0.0708867	0.0001	0	0.49108	0	0	0.02554	0	0.46564	0.322287	0.02168	0.0630267	0.0841867	0	0	0	0	0.0915	0.04144	0.24548	0.11276	0.11114	0.0708267	0.0515267	0.257687	
0.0454733	0.0366267	0.0214533	0.0175467	0.0776667	0.01102	0.00990667	0.0225067	0.01074	0.00329333	0.09516	0.0119067	2e-05	0	0.12108	0	0	0.00592	0	0.11518	0.0797667	0.00521333	0.0152467	0.0208733	0	0	0	0	0.02354	0.0105133	0.0578867	0.02916	0.0274533	0.0174667	0.0124533	0.0637267	
0.0276933	0.0226067	0.0135533	0.0103867	0.04728	0.00633333	0.00664	0.0139867	0.00668	0.00182667	0.0585267	0.00720667	2.66667e-05	0	0.0742133	0	0	0.00369333	0	0.0705467	0.04882	0.00334	0.00951333	0.0125667	0	0	0	0	0.01408	0.00686	0.0351067	0.0181933	0.0168533	0.0110733	0.00790667	0.0384067	
0.117133	0.0950667	0.05544	0.04584	0.200253	0.0282933	0.02662	0.0583133	0.0288067	0.00805333	0.24602	0.0306	8e-05	0	0.3134	0	0	0.01542	0	0.29806	0.205813	0.0139	0.04024	0.0535267	0	0	0	0	0.0600733	0.0280733	0.150467	0.0748667	0.0715933	0.04504	0.03226	0.164587	
0.0714333	0.0589333	0.03458	0.0242467	0.13688	0.01266	0.0122733	0.02738	0.0135133	0.00386	0.157713	0.0141067	4e-05	0	0.189153	0	0	0.00962667	0	0.179567	0.124833	0.00837333	0.0237067	0.03228	0.0915	0.02354	0.01408	0.0600733	0	0	0	0	0.0494333	0.03156	0.0232	0.085	
0.0332733	0.0264667	0.0158533	0.0112933	0.0631667	0.00608667	0.00558667	0.0120467	0.00608	0.00166667	0.0724267	0.00671333	0	0	0.0868867	0	0	0.00466	0	0.0822267	0.0574467	0.00384667	0.0112467	0.0143467	0.04144	0.0105133	0.00686	0.0280733	0	0	0	0	0.0231	0.0150733	0.0102533	0.03846	
0.178113	0.145207	0.08536	0.08026	0.257887	0.0577467	0.05424	0.119067	0.07764	0.0206133	0.309053	0.0816333	0.000126667	0	0.488813	0	0	0.0241667	0	0.464773	0.320613	0.0214533	0.0625867	0.0842867	0.24548	0.0578867	0.0351067	0.150467	0	0	0	0	0.09218	0.0586667	0.0423067	0.295787	
0.0890733	0.07278	0.04266	0.0304667	0.169887	0.0156467	0.0156933	0.0337533	0.0163867	0.0044	0.196047	0.0181467	6e-05	0	0.23492	0	0	0.01212	0	0.22286	0.153793	0.01046	0.0304867	0.04024	0.11276	0.02916	0.0181933	0.0748667	0	0	0	0	0.0623267	0.0391067	0.0283867	0.10516	
0.0846067	0.0688267	0.04092	0.0326867	0.145767	0.0200467	0.0193467	0.04188	0.0249133	0.00657333	0.170653	0.0249	4.66667e-05	0	0.226993	0	0	0.0112867	0	0.215753	0.147793	0.01026	0.02934	0.0396467	0.11114	0.0274533	0.0168533	0.0715933	0.0494333	0.0231	0.09218	0.0623267	0	0	0	0	
0.05362	0.0438667	0.02646	0.02046	0.0934067	0.0125267	0.0121467	0.0263267	0.0156267	0.00399333	0.108353	0.0164333	3.33333e-05	0	0.144373	0	0	0.00733333	0	0.137073	0.09516	0.00621333	0.0186933	0.02434	0.0708267	0.0174667	0.0110733	0.04504	0.03156	0.0150733	0.0586667	0.0391067	0	0	0	0	
0.0398067	0.0314	0.0180533	0.0148867	0.0668333	0.00924667	0.00852667	0.01954	0.0110667	0.00311333	0.0781267	0.01184	2e-05	0	0.104127	0	0	0.00503333	0	0.0991133	0.0687133	0.00448	0.01346	0.0174933	0.0515267	0.0124533	0.00790667	0.03226	0.0232	0.0102533	0.0423067	0.0283867	0	0	0	0	
0.19386	0.159293	0.09302	0.0782333	0.321813	0.05032	0.0477733	0.1045	0.0620133	0.01686	0.378107	0.0674267	0.000126667	0	0.52428	0	0	0.02692	0	0.497487	0.34502	0.02318	0.0665333	0.0896733	0.257687	0.0637267	0.0384067	0.164587	0.085	0.03846	0.295787	0.10516	0	0	0	0	
