0	0	0	0	0.245353	0.03228	0.03108	0.0643333	0.04184	0.01112	0.2753	0.0447867	0.000113333	0	0.372933	0	0	0.0187333	0	0.354313	0.244853	0.0169333	0.0480733	0.0631867	0.181293	0.04552	0.02768	0.118553	0.0707733	0.0331867	0.18044	0.0886467	0.0850267	0.0536733	0.03914	0.195207	
0	0	0	0	0.19902	0.02622	0.02442	0.0538333	0.0335267	0.00878	0.22518	0.0360067	9.33333e-05	0	0.3034	0	0	0.0154067	0	0.288087	0.198387	0.01366	0.0387533	0.0526933	0.14724	0.0367133	0.0229133	0.0966267	0.05774	0.0273533	0.14712	0.07128	0.0674067	0.04302	0.0324733	0.160593	
0	0	0	0	0.12084	0.0159667	0.0143867	0.03126	0.0204133	0.00503333	0.135267	0.02174	4e-05	0	0.182413	0	0	0.00924	0	0.173213	0.119607	0.00817333	0.02358	0.0310933	0.0890067	0.0221933	0.0134733	0.05778	0.0345667	0.0164933	0.0875067	0.0438867	0.0416067	0.0260733	0.0195	0.0952733	
0	0	0	0	0.0609133	0.0203533	0.0187	0.04104	0.0185067	0.00467333	0.0985733	0.0192533	4e-05	0	0.140967	0	0	0.00681333	0	0.134193	0.0922	0.00664	0.018	0.0241667	0.0688733	0.0171267	0.0104467	0.04456	0.0244	0.0117867	0.0743867	0.0304333	0.0313333	0.02052	0.0143267	0.0748267	
0.245353	0.19902	0.12084	0.0609133	0	0	0	0	0.0540067	0.0143933	0.50008	0.0576467	0.000186667	0	0.62594	0	0	0.0313533	0	0.594773	0.41092	0.0284533	0.0803933	0.10636	0.30388	0.07588	0.0470333	0.199333	0.13494	0.0641267	0.257567	0.169493	0.145193	0.0915467	0.06786	0.321527	
0.03228	0.02622	0.0159667	0.0203533	0	0	0	0	0.01526	0.00378667	0.0594467	0.0163267	3.33333e-05	0	0.0947867	0	0	0.00474667	0	0.0900733	0.0612267	0.00448667	0.01228	0.0168267	0.0466533	0.0116533	0.00681333	0.0297	0.01362	0.00633333	0.0585467	0.01632	0.02034	0.0128533	0.0097	0.0519267	
0.03108	0.02442	0.0143867	0.0187	0	0	0	0	0.01434	0.0035	0.0552133	0.0155333	4e-05	0	0.0885467	0	0	0.00464667	0	0.08394	0.05794	0.00376667	0.0114133	0.0154667	0.0434267	0.0103867	0.00663333	0.02814	0.0125467	0.00602667	0.0543267	0.0156867	0.0189	0.0124267	0.00874	0.04852	
0.0643333	0.0538333	0.03126	0.04104	0	0	0	0	0.03068	0.00792667	0.11958	0.03228	2.66667e-05	0	0.19044	0	0	0.00944667	0	0.18102	0.12496	0.0087	0.02432	0.0324867	0.0924533	0.0236333	0.0140333	0.0603467	0.0263733	0.0123333	0.119013	0.0327467	0.04094	0.02646	0.01914	0.103927	
0.04184	0.0335267	0.0204133	0.0185067	0.0540067	0.01526	0.01434	0.03068	0	0	0	0	1.33333e-05	0	0.114273	0	0	0.00573333	0	0.108553	0.07532	0.00483333	0.0146333	0.0195	0.05682	0.0139733	0.0081	0.0353933	0.0129467	0.00628	0.0780533	0.0170067	0.0233067	0.0157467	0.0115467	0.0636867	
0.01112	0.00878	0.00503333	0.00467333	0.0143933	0.00378667	0.0035	0.00792667	0	0	0	0	0	0	0.0296067	0	0	0.00159333	0	0.0280133	0.0194333	0.0014	0.00359333	0.00518	0.0148733	0.00343333	0.00206667	0.00923333	0.00345333	0.00164	0.01988	0.00463333	0.00654	0.00399333	0.0028	0.0162733	
0.2753	0.22518	0.135267	0.0985733	0.50008	0.0594467	0.0552133	0.11958	0	0	0	0	0.00022	0	0.7341	0	0	0.0365467	0	0.697773	0.48022	0.03352	0.09486	0.12572	0.354387	0.08926	0.0556733	0.235	0.156773	0.07398	0.30834	0.195227	0.16994	0.10736	0.0790467	0.377973	
0.0447867	0.0360067	0.02174	0.0192533	0.0576467	0.0163267	0.0155333	0.03228	0	0	0	0	5.33333e-05	0	0.121733	0	0	0.00632	0	0.115467	0.0800733	0.00565333	0.01532	0.02074	0.0603333	0.0148867	0.00867333	0.0378933	0.0143067	0.00692	0.08318	0.01738	0.0255867	0.0161867	0.0120467	0.0679667	
0.000113333	9.33333e-05	4e-05	4e-05	0.000186667	3.33333e-05	4e-05	2.66667e-05	1.33333e-05	0	0.00022	5.33333e-05	0	0	0	0	0	0	0	0.000286667	0.000153333	2e-05	4.66667e-05	6.66667e-05	0.000146667	4e-05	2e-05	8e-05	8e-05	2e-05	0.000126667	6e-05	4.66667e-05	1.33333e-05	4.66667e-05	0.00018	
0	0	0	0	0	0	0	0	0	0	0	0	0	0	0	0	0	0	0	0	0	0	0	0	0	0	0	0	0	0	0	0	0	0	0	0	
0.372933	0.3034	0.182413	0.140967	0.62594	0.0947867	0.0885467	0.19044	0.114273	0.0296067	0.7341	0.121733	0	0	0	0	0	0.0501933	0	0.94952	0.654893	0.0453867	0.12836	0.171073	0.486267	0.121513	0.0744933	0.31744	0.1874	0.0888	0.489327	0.234187	0.225327	0.143273	0.105393	0.52572	
0	0	0	0	0	0	0	0	0	0	0	0	0	0	0	0	0	0	0	0	0	0	0	0	0	0	0	0	0	0	0	0	0	0	0	0	
0	0	0	0	0	0	0	0	0	0	0	0	0	0	0	0	0	0	0	0	0	0	0	0	0	0	0	0	0	0	0	0	0	0	0	0	
0.0187333	0.0154067	0.00924	0.00681333	0.0313533	0.00474667	0.00464667	0.00944667	0.00573333	0.00159333	0.0365467	0.00632	0	0	0.0501933	0	0	0	0	0	0.0329467	0.0022	0.00653333	0.00851333	0.0240933	0.00604667	0.00375333	0.0163	0.00955333	0.00436667	0.0245933	0.01168	0.0115867	0.00710667	0.00531333	0.0261867	
0	0	0	0	0	0	0	0	0	0	0	0	0	0	0	0	0	0	0	0	0	0	0	0	0	0	0	0	0	0	0	0	0	0	0	0	
0.354313	0.288087	0.173213	0.134193	0.594773	0.0900733	0.08394	0.18102	0.108553	0.0280133	0.697773	0.115467	0.000286667	0	0.94952	0	0	0	0	0	0.6221	0.0432067	0.121873	0.162627	0.46232	0.115507	0.07076	0.30122	0.177927	0.0844533	0.46486	0.222567	0.213787	0.13618	0.100127	0.499713	
0.244853	0.198387	0.119607	0.0922	0.41092	0.0612267	0.05794	0.12496	0.07532	0.0194333	0.48022	0.0800733	0.000153333	0	0.654893	0	0	0.0329467	0	0.6221	0	0	0	0	0.318753	0.07962	0.0483267	0.208347	0.12256	0.05758	0.321573	0.153333	0.146747	0.0941333	0.0689067	0.34526	
0.0169333	0.01366	0.00817333	0.00664	0.0284533	0.00448667	0.00376667	0.0087	0.00483333	0.0014	0.03352	0.00565333	2e-05	0	0.0453867	0	0	0.0022	0	0.0432067	0	0	0	0	0.02172	0.00543333	0.00354667	0.0147067	0.00854667	0.00416	0.0221533	0.0105467	0.0105133	0.00664	0.00460667	0.0236467	
0.0480733	0.0387533	0.02358	0.018	0.0803933	0.01228	0.0114133	0.02432	0.0146333	0.00359333	0.09486	0.01532	4.66667e-05	0	0.12836	0	0	0.00653333	0	0.121873	0	0	0	0	0.0623733	0.0157133	0.00988667	0.0404333	0.0239533	0.0113133	0.0624	0.03074	0.0291267	0.0180133	0.0138133	0.0674533	
0.0631867	0.0526933	0.0310933	0.0241667	0.10636	0.0168267	0.0154667	0.0324867	0.0195	0.00518	0.12572	0.02074	6.66667e-05	0	0.171073	0	0	0.00851333	0	0.162627	0	0	0	0	0.0835667	0.0207867	0.0127533	0.0540333	0.03242	0.0157667	0.0833267	0.0396267	0.0389867	0.0245	0.0181133	0.08954	
0.181293	0.14724	0.0890067	0.0688733	0.30388	0.0466533	0.0434267	0.0924533	0.05682	0.0148733	0.354387	0.0603333	0.000146667	0	0.486267	0	0	0.0240933	0	0.46232	0.318753	0.02172	0.0623733	0.0835667	0	0	0	0	0.09144	0.0430133	0.238347	0.113613	0.109333	0.0694467	0.05166	0.255973	
0.04552	0.0367133	0.0221933	0.0171267	0.07588	0.0116533	0.0103867	0.0236333	0.0139733	0.00343333	0.08926	0.0148867	4e-05	0	0.121513	0	0	0.00604667	0	0.115507	0.07962	0.00543333	0.0157133	0.0207867	0	0	0	0	0.0231133	0.01124	0.05948	0.02772	0.02718	0.01726	0.01268	0.0644333	
0.02768	0.0229133	0.0134733	0.0104467	0.0470333	0.00681333	0.00663333	0.0140333	0.0081	0.00206667	0.0556733	0.00867333	2e-05	0	0.0744933	0	0	0.00375333	0	0.07076	0.0483267	0.00354667	0.00988667	0.0127533	0	0	0	0	0.0141733	0.00673333	0.03564	0.0179667	0.0164267	0.0110933	0.00782667	0.0391667	
0.118553	0.0966267	0.05778	0.04456	0.199333	0.0297	0.02814	0.0603467	0.0353933	0.00923333	0.235	0.0378933	8e-05	0	0.31744	0	0	0.0163	0	0.30122	0.208347	0.0147067	0.0404333	0.0540333	0	0	0	0	0.0587533	0.0278333	0.155987	0.0749467	0.0724333	0.0454867	0.0332733	0.166327	
0.0707733	0.05774	0.0345667	0.0244	0.13494	0.01362	0.0125467	0.0263733	0.0129467	0.00345333	0.156773	0.0143067	8e-05	0	0.1874	0	0	0.00955333	0	0.177927	0.12256	0.00854667	0.0239533	0.03242	0.09144	0.0231133	0.0141733	0.0587533	0	0	0	0	0.0490333	0.0308467	0.0230667	0.0845333	
0.0331867	0.0273533	0.0164933	0.0117867	0.0641267	0.00633333	0.00602667	0.0123333	0.00628	0.00164	0.07398	0.00692	2e-05	0	0.0888	0	0	0.00436667	0	0.0844533	0.05758	0.00416	0.0113133	0.0157667	0.0430133	0.01124	0.00673333	0.0278333	0	0	0	0	0.02326	0.0145133	0.0107267	0.04032	
0.18044	0.14712	0.0875067	0.0743867	0.257567	0.0585467	0.0543267	0.119013	0.0780533	0.01988	0.30834	0.08318	0.000126667	0	0.489327	0	0	0.0245933	0	0.46486	0.321573	0.0221533	0.0624	0.0833267	0.238347	0.05948	0.03564	0.155987	0	0	0	0	0.09092	0.0593	0.0427333	0.2965	
0.0886467	0.07128	0.0438867	0.0304333	0.169493	0.01632	0.0156867	0.0327467	0.0170067	0.00463333	0.195227	0.01738	6e-05	0	0.234187	0	0	0.01168	0	0.222567	0.153333	0.0105467	0.03074	0.0396267	0.113613	0.02772	0.0179667	0.0749467	0	0	0	0	0.06216	0.0386267	0.0289133	0.104547	
0.0850267	0.0674067	0.0416067	0.0313333	0.145193	0.02034	0.0189	0.04094	0.0233067	0.00654	0.16994	0.0255867	4.66667e-05	0	0.225327	0	0	0.0115867	0	0.213787	0.146747	0.0105133	0.0291267	0.0389867	0.109333	0.02718	0.0164267	0.0724333	0.0490333	0.02326	0.09092	0.06216	0	0	0	0	
0.0536733	0.04302	0.0260733	0.02052	0.0915467	0.0128533	0.0124267	0.02646	0.0157467	0.00399333	0.10736	0.0161867	1.33333e-05	0	0.143273	0	0	0.00710667	0	0.13618	0.0941333	0.00664	0.0180133	0.0245	0.0694467	0.01726	0.0110933	0.0454867	0.0308467	0.0145133	0.0593	0.0386267	0	0	0	0	
0.03914	0.0324733	0.0195	0.0143267	0.06786	0.0097	0.00874	0.01914	0.0115467	0.0028	0.0790467	0.0120467	4.66667e-05	0	0.105393	0	0	0.00531333	0	0.100127	0.0689067	0.00460667	0.0138133	0.0181133	0.05166	0.01268	0.00782667	0.0332733	0.0230667	0.0107267	0.0427333	0.0289133	0	0	0	0	
0.195207	0.160593	0.0952733	0.0748267	0.321527	0.0519267	0.04852	0.103927	0.0636867	0.0162733	0.377973	0.0679667	0.00018	0	0.52572	0	0	0.0261867	0	0.499713	0.34526	0.0236467	0.0674533	0.08954	0.255973	0.0644333	0.0391667	0.166327	0.0845333	0.04032	0.2965	0.104547	0	0	0	0	
