0	0	0	0	0.211969	0.0547231	0.0446308	0.0741385	0.0760154	0.0267538	0.221738	0.0609538	0.00241538	0.0067	0.374046	0.0023	0.00274615	0.00418462	0.00183077	0.3767	0.201623	0.0092	0.122915	0.0517231	0.263077	0.0268692	0.0418308	0.0536846	0.0445308	0.0160308	0.282515	0.0423846	0.0846769	0.0436462	0.0363846	0.220754	
0	0	0	0	0.148346	0.0259231	0.0207846	0.0341154	0.0434923	0.0146385	0.138062	0.0329769	0.00132308	0.00421538	0.222346	0.00128462	0.00180769	0.00263846	0.00113077	0.223592	0.119208	0.00528462	0.0724	0.0322769	0.151292	0.0170462	0.0269154	0.0339154	0.0278538	0.0105538	0.162885	0.0278769	0.0517154	0.0267	0.0218231	0.128931	
0	0	0	0	0.128992	0.0211615	0.0176	0.0295538	0.0393385	0.0138077	0.113215	0.0309462	0.00110769	0.00353846	0.191423	0.00123846	0.00145385	0.00226154	0.000923077	0.192669	0.101492	0.00506154	0.0639231	0.0268308	0.132485	0.0137077	0.0219308	0.0291846	0.0231385	0.00877692	0.1419	0.0234923	0.0434	0.0223846	0.0190077	0.112515	
0	0	0	0	0.0442077	0.0456538	0.0374	0.0608	0.0360385	0.0140615	0.105085	0.0328769	0.000892308	0.00303846	0.183085	0.00104615	0.00131538	0.00203077	0.00102308	0.183692	0.0996923	0.00457692	0.0603923	0.0234	0.135554	0.0113385	0.0180923	0.0230769	0.0181692	0.00582308	0.146662	0.0174077	0.0376538	0.0196231	0.0160154	0.114769	
0.211969	0.148346	0.128992	0.0442077	0	0	0	0	0.109262	0.0318615	0.3182	0.0741923	0.00316923	0.0101077	0.516908	0.00333077	0.00403846	0.00604615	0.0025	0.520931	0.2722	0.0134231	0.168992	0.0789	0.333946	0.0434154	0.0685	0.0876538	0.0754615	0.0281462	0.355362	0.0745462	0.131915	0.0679308	0.0561462	0.277523	
0.0547231	0.0259231	0.0211615	0.0456538	0	0	0	0	0.0361615	0.0108846	0.0765308	0.0238846	0.000738462	0.00228462	0.143562	0.000876923	0.000976923	0.00153846	0.000776923	0.144169	0.0790923	0.00345385	0.0483615	0.0165538	0.111492	0.00777692	0.0119769	0.0162154	0.0116769	0.004	0.120562	0.0112231	0.0266385	0.0135538	0.0111231	0.0961462	
0.0446308	0.0207846	0.0176	0.0374	0	0	0	0	0.0289	0.00884615	0.0624077	0.0202615	0.000623077	0.00188462	0.117323	0.000584615	0.000876923	0.00140769	0.000584615	0.117546	0.0641923	0.00266154	0.0394462	0.0141154	0.0906231	0.00617692	0.0104846	0.0131308	0.00930769	0.00330769	0.0985385	0.00926154	0.0218462	0.0113923	0.00929231	0.0778846	
0.0741385	0.0341154	0.0295538	0.0608	0	0	0	0	0.0205615	0.0176692	0.120962	0.0394154	0.00120769	0.00321538	0.193108	0.00107692	0.00143077	0.00212308	0.00104615	0.194008	0.106531	0.00458462	0.0628308	0.0246615	0.146346	0.0115923	0.0178077	0.0228615	0.0172462	0.00573077	0.1595	0.0161308	0.0370462	0.0194769	0.0166692	0.125415	
0.0760154	0.0434923	0.0393385	0.0360385	0.109262	0.0361615	0.0289	0.0205615	0	0	0	0	0.000992308	0.00291538	0.190038	0.000938462	0.00153846	0.00205385	0.000976923	0.190315	0.0969923	0.00539231	0.0766692	0.0158308	0.154754	0.00885385	0.0135769	0.0177	0.0117308	0.00435385	0.166785	0.0120154	0.0329538	0.0173	0.0141462	0.130485	
0.0267538	0.0146385	0.0138077	0.0140615	0.0318615	0.0108846	0.00884615	0.0176692	0	0	0	0	0.000323077	0.00107692	0.0674923	0.000369231	0.0006	0.000753846	0.000315385	0.0675923	0.0344231	0.00177692	0.0274308	0.00563077	0.0561538	0.00296154	0.00439231	0.00575385	0.00390769	0.00134615	0.0600231	0.00398462	0.0112692	0.00565385	0.00458462	0.0477538	
0.221738	0.138062	0.113215	0.105085	0.3182	0.0765308	0.0624077	0.120962	0	0	0	0	0.00366923	0.0112615	0.559477	0.00369231	0.00403846	0.00650769	0.00274615	0.564808	0.311685	0.0128615	0.153238	0.100315	0.344869	0.0501846	0.0801154	0.102931	0.0889769	0.0320538	0.371	0.0860692	0.147546	0.0764154	0.0633462	0.290792	
0.0609538	0.0329769	0.0309462	0.0328769	0.0741923	0.0238846	0.0202615	0.0394154	0	0	0	0	0.000753846	0.00223846	0.153892	0.000869231	0.00114615	0.0018	0.000869231	0.153938	0.0789154	0.00409231	0.0622923	0.0124538	0.126631	0.00696154	0.0106846	0.0134769	0.00907692	0.00343077	0.136154	0.00909231	0.0256769	0.0129846	0.0111538	0.107938	
0.00241538	0.00132308	0.00110769	0.000892308	0.00316923	0.000738462	0.000623077	0.00120769	0.000992308	0.000323077	0.00366923	0.000753846	0	0	0	0	1.53846e-05	6.92308e-05	4.61538e-05	0.00560769	0.00311538	0.000107692	0.0018	0.000715385	0.00372308	0.000361538	0.000753846	0.0009	0.00114615	0.000476923	0.00296923	0.00114615	0.00127692	0.000592308	0.000553846	0.00331538	
0.0067	0.00421538	0.00353846	0.00303846	0.0101077	0.00228462	0.00188462	0.00321538	0.00291538	0.00107692	0.0112615	0.00223846	0	0	0	0	0.000115385	0.000161538	0.000115385	0.0171	0.0102	0.000315385	0.00477692	0.0022	0.0112769	0.00159231	0.00208462	0.00253846	0.0038	0.00136923	0.00842308	0.0039	0.00405385	0.00235385	0.00187692	0.00920769	
0.374046	0.222346	0.191423	0.183085	0.516908	0.143562	0.117323	0.193108	0.190038	0.0674923	0.559477	0.153892	0	0	0	0	0.00716923	0.0108	0.00472308	0.948208	0.505123	0.0236	0.311654	0.130523	0.663638	0.0666077	0.105223	0.135431	0.107485	0.0388462	0.719692	0.104877	0.210631	0.108654	0.0902385	0.561377	
0.0023	0.00128462	0.00123846	0.00104615	0.00333077	0.000876923	0.000584615	0.00107692	0.000938462	0.000369231	0.00369231	0.000869231	0	0	0	0	2.30769e-05	8.46154e-05	2.30769e-05	0.00573846	0.00357692	0.0001	0.0014	0.000792308	0.00376923	0.0004	0.000707692	0.000992308	0.00126154	0.000492308	0.00287692	0.00123846	0.00148462	0.000753846	0.000561538	0.00306923	
0.00274615	0.00180769	0.00145385	0.00131538	0.00403846	0.000976923	0.000876923	0.00143077	0.00153846	0.0006	0.00403846	0.00114615	1.53846e-05	0.000115385	0.00716923	2.30769e-05	0	0	0	0	0.00396923	0.000207692	0.00234615	0.0008	0.00491538	0.000507692	0.000807692	0.00109231	0.000815385	0.000292308	0.00541538	0.0008	0.00157692	0.000792308	0.000684615	0.00426923	
0.00418462	0.00263846	0.00226154	0.00203077	0.00604615	0.00153846	0.00140769	0.00212308	0.00205385	0.000753846	0.00650769	0.0018	6.92308e-05	0.000161538	0.0108	8.46154e-05	0	0	0	0	0.00573077	0.000261538	0.0036	0.00152308	0.00756154	0.000753846	0.00131538	0.00148462	0.00109231	0.000515385	0.00819231	0.00131538	0.00250769	0.00112308	0.00107692	0.00640769	
0.00183077	0.00113077	0.000923077	0.00102308	0.0025	0.000776923	0.000584615	0.00104615	0.000976923	0.000315385	0.00274615	0.000869231	4.61538e-05	0.000115385	0.00472308	2.30769e-05	0	0	0	0	0.00254615	0.000115385	0.00155385	0.000692308	0.00325385	0.000415385	0.000469231	0.000769231	0.000584615	0.0002	0.00359231	0.000530769	0.000915385	0.000561538	0.000469231	0.00296154	
0.3767	0.223592	0.192669	0.183692	0.520931	0.144169	0.117546	0.194008	0.190315	0.0675923	0.564808	0.153938	0.00560769	0.0171	0.948208	0.00573846	0	0	0	0	0.509769	0.0235385	0.312131	0.131215	0.666677	0.0672846	0.106177	0.136515	0.1112	0.0401769	0.716762	0.108515	0.212446	0.109877	0.091	0.563331	
0.201623	0.119208	0.101492	0.0996923	0.2722	0.0790923	0.0641923	0.106531	0.0969923	0.0344231	0.311685	0.0789154	0.00311538	0.0102	0.505123	0.00357692	0.00396923	0.00573077	0.00254615	0.509769	0	0	0	0	0.338846	0.0398385	0.0630385	0.0802923	0.0805538	0.0286538	0.334162	0.0786462	0.134	0.0687231	0.0572769	0.262015	
0.0092	0.00528462	0.00506154	0.00457692	0.0134231	0.00345385	0.00266154	0.00458462	0.00539231	0.00177692	0.0128615	0.00409231	0.000107692	0.000315385	0.0236	0.0001	0.000207692	0.000261538	0.000115385	0.0235385	0	0	0	0	0.0145692	0.00216923	0.00316154	0.00422308	0.00175385	0.0005	0.0200846	0.00178462	0.00426154	0.00220769	0.00169231	0.0159615	
0.122915	0.0724	0.0639231	0.0603923	0.168992	0.0483615	0.0394462	0.0628308	0.0766692	0.0274308	0.153238	0.0622923	0.0018	0.00477692	0.311654	0.0014	0.00234615	0.0036	0.00155385	0.312131	0	0	0	0	0.275546	0.0095	0.0146923	0.0198923	0.0195692	0.00775385	0.273454	0.0188538	0.0539308	0.0279923	0.0231692	0.214538	
0.0517231	0.0322769	0.0268308	0.0234	0.0789	0.0165538	0.0141154	0.0246615	0.0158308	0.00563077	0.100315	0.0124538	0.000715385	0.0022	0.130523	0.000792308	0.0008	0.00152308	0.000692308	0.131215	0	0	0	0	0.0534462	0.0174538	0.0278769	0.0354538	0.0118154	0.00427692	0.106262	0.0118769	0.0252538	0.0134308	0.0110923	0.0844538	
0.263077	0.151292	0.132485	0.135554	0.333946	0.111492	0.0906231	0.146346	0.154754	0.0561538	0.344869	0.126631	0.00372308	0.0112769	0.663638	0.00376923	0.00491538	0.00756154	0.00325385	0.666677	0.338846	0.0145692	0.275546	0.0534462	0	0	0	0	0.0643077	0.0228615	0.532446	0.0627923	0.139631	0.0725769	0.0603692	0.409831	
0.0268692	0.0170462	0.0137077	0.0113385	0.0434154	0.00777692	0.00617692	0.0115923	0.00885385	0.00296154	0.0501846	0.00696154	0.000361538	0.00159231	0.0666077	0.0004	0.000507692	0.000753846	0.000415385	0.0672846	0.0398385	0.00216923	0.0095	0.0174538	0	0	0	0	0.0108923	0.0038	0.0437077	0.0105615	0.017	0.00843846	0.00703846	0.0364846	
0.0418308	0.0269154	0.0219308	0.0180923	0.0685	0.0119769	0.0104846	0.0178077	0.0135769	0.00439231	0.0801154	0.0106846	0.000753846	0.00208462	0.105223	0.000707692	0.000807692	0.00131538	0.000469231	0.106177	0.0630385	0.00316154	0.0146923	0.0278769	0	0	0	0	0.0165154	0.00647692	0.0688462	0.0169308	0.0263154	0.0135462	0.0113462	0.0575615	
0.0536846	0.0339154	0.0291846	0.0230769	0.0876538	0.0162154	0.0131308	0.0228615	0.0177	0.00575385	0.102931	0.0134769	0.0009	0.00253846	0.135431	0.000992308	0.00109231	0.00148462	0.000769231	0.136515	0.0802923	0.00422308	0.0198923	0.0354538	0	0	0	0	0.0219769	0.00804615	0.0889615	0.0208769	0.0345	0.0177923	0.0144769	0.0730923	
0.0445308	0.0278538	0.0231385	0.0181692	0.0754615	0.0116769	0.00930769	0.0172462	0.0117308	0.00390769	0.0889769	0.00907692	0.00114615	0.0038	0.107485	0.00126154	0.000815385	0.00109231	0.000584615	0.1112	0.0805538	0.00175385	0.0195692	0.0118154	0.0643077	0.0108923	0.0165154	0.0219769	0	0	0	0	0.0337308	0.0181615	0.0152846	0.0465154	
0.0160308	0.0105538	0.00877692	0.00582308	0.0281462	0.004	0.00330769	0.00573077	0.00435385	0.00134615	0.0320538	0.00343077	0.000476923	0.00136923	0.0388462	0.000492308	0.000292308	0.000515385	0.0002	0.0401769	0.0286538	0.0005	0.00775385	0.00427692	0.0228615	0.0038	0.00647692	0.00804615	0	0	0	0	0.0125308	0.00616154	0.00519231	0.0173	
0.282515	0.162885	0.1419	0.146662	0.355362	0.120562	0.0985385	0.1595	0.166785	0.0600231	0.371	0.136154	0.00296923	0.00842308	0.719692	0.00287692	0.00541538	0.00819231	0.00359231	0.716762	0.334162	0.0200846	0.273454	0.106262	0.532446	0.0437077	0.0688462	0.0889615	0	0	0	0	0.139323	0.0709923	0.0595308	0.464115	
0.0423846	0.0278769	0.0234923	0.0174077	0.0745462	0.0112231	0.00926154	0.0161308	0.0120154	0.00398462	0.0860692	0.00909231	0.00114615	0.0039	0.104877	0.00123846	0.0008	0.00131538	0.000530769	0.108515	0.0786462	0.00178462	0.0188538	0.0118769	0.0627923	0.0105615	0.0169308	0.0208769	0	0	0	0	0.0318615	0.0170385	0.0132231	0.0490385	
0.0846769	0.0517154	0.0434	0.0376538	0.131915	0.0266385	0.0218462	0.0370462	0.0329538	0.0112692	0.147546	0.0256769	0.00127692	0.00405385	0.210631	0.00148462	0.00157692	0.00250769	0.000915385	0.212446	0.134	0.00426154	0.0539308	0.0252538	0.139631	0.017	0.0263154	0.0345	0.0337308	0.0125308	0.139323	0.0318615	0	0	0	0	
0.0436462	0.0267	0.0223846	0.0196231	0.0679308	0.0135538	0.0113923	0.0194769	0.0173	0.00565385	0.0764154	0.0129846	0.000592308	0.00235385	0.108654	0.000753846	0.000792308	0.00112308	0.000561538	0.109877	0.0687231	0.00220769	0.0279923	0.0134308	0.0725769	0.00843846	0.0135462	0.0177923	0.0181615	0.00616154	0.0709923	0.0170385	0	0	0	0	
0.0363846	0.0218231	0.0190077	0.0160154	0.0561462	0.0111231	0.00929231	0.0166692	0.0141462	0.00458462	0.0633462	0.0111538	0.000553846	0.00187692	0.0902385	0.000561538	0.000684615	0.00107692	0.000469231	0.091	0.0572769	0.00169231	0.0231692	0.0110923	0.0603692	0.00703846	0.0113462	0.0144769	0.0152846	0.00519231	0.0595308	0.0132231	0	0	0	0	
0.220754	0.128931	0.112515	0.114769	0.277523	0.0961462	0.0778846	0.125415	0.130485	0.0477538	0.290792	0.107938	0.00331538	0.00920769	0.561377	0.00306923	0.00426923	0.00640769	0.00296154	0.563331	0.262015	0.0159615	0.214538	0.0844538	0.409831	0.0364846	0.0575615	0.0730923	0.0465154	0.0173	0.464115	0.0490385	0	0	0	0	
