0	0	0	0	0.211669	0.0546154	0.0452308	0.0752077	0.0773231	0.0268462	0.221262	0.0612923	0.00215385	0.00682308	0.375454	0.00229231	0.00288462	0.00443077	0.00193077	0.377477	0.201592	0.00957692	0.124231	0.0513231	0.264892	0.0271692	0.042	0.0526615	0.0442	0.0156077	0.284577	0.0423385	0.0842	0.0443692	0.0364154	0.221738	
0	0	0	0	0.150738	0.0245615	0.0199308	0.0347769	0.0426692	0.0147538	0.140185	0.0324	0.00123077	0.00443846	0.222938	0.0014	0.00151538	0.00236923	0.00100769	0.225115	0.120185	0.00526154	0.0726077	0.0319538	0.152869	0.0165231	0.0268692	0.0337462	0.0287462	0.0101154	0.163462	0.0276846	0.0529923	0.0269923	0.0232462	0.126777	
0	0	0	0	0.126369	0.0211615	0.0183	0.0293923	0.0396538	0.0131077	0.111992	0.0304692	0.00123846	0.00329231	0.189308	0.00138462	0.00143846	0.00206923	0.000807692	0.190908	0.101431	0.00466923	0.0619538	0.0271692	0.130208	0.0142615	0.0222538	0.0285	0.0231077	0.00859231	0.140669	0.0228538	0.0432923	0.0225077	0.0193538	0.110069	
0	0	0	0	0.0438462	0.0452538	0.0373231	0.0616231	0.0363154	0.0144846	0.105131	0.0321154	0.000946154	0.00339231	0.182577	0.00113077	0.00123846	0.00190769	0.000915385	0.183985	0.0980385	0.00426923	0.0622462	0.0234923	0.135808	0.0116	0.0179077	0.0227308	0.0172615	0.00640769	0.147208	0.0171692	0.0372538	0.0191462	0.0155769	0.116069	
0.211669	0.150738	0.126369	0.0438462	0	0	0	0	0.109677	0.0325385	0.317508	0.0729	0.00326154	0.0102308	0.515569	0.00356154	0.00393846	0.00583077	0.00228462	0.520569	0.272677	0.0130231	0.168685	0.0782385	0.333215	0.0433231	0.0688692	0.0872154	0.0761538	0.0274385	0.355846	0.0731846	0.131762	0.0684231	0.0573692	0.275069	
0.0546154	0.0245615	0.0211615	0.0452538	0	0	0	0	0.0364692	0.0102385	0.0742692	0.0246154	0.000730769	0.00224615	0.141877	0.000738462	0.000984615	0.0015	0.000776923	0.142331	0.0765154	0.00356154	0.0488923	0.0166231	0.110192	0.0079	0.0123154	0.0151846	0.0112308	0.00419231	0.118854	0.0113154	0.0262385	0.0137	0.0115308	0.0941231	
0.0452308	0.0199308	0.0183	0.0373231	0	0	0	0	0.0298385	0.00843846	0.0625923	0.0199154	0.000592308	0.00195385	0.117508	0.000730769	0.000830769	0.00136923	0.000630769	0.117954	0.0650308	0.00278462	0.0390692	0.0139	0.0911538	0.00649231	0.0104385	0.0127	0.00962308	0.00298462	0.0989769	0.0092	0.0223154	0.0114462	0.00932308	0.0777	
0.0752077	0.0347769	0.0293923	0.0616231	0	0	0	0	0.0199769	0.0179769	0.1242	0.0388462	0.000984615	0.00351538	0.195323	0.00117692	0.00132308	0.00207692	0.000969231	0.196631	0.107023	0.00440769	0.0643923	0.0251769	0.149215	0.0118385	0.0174077	0.0225385	0.0163077	0.00610769	0.162238	0.0163462	0.0374231	0.0194462	0.0163692	0.127762	
0.0773231	0.0426692	0.0396538	0.0363154	0.109677	0.0364692	0.0298385	0.0199769	0	0	0	0	0.000853846	0.00295385	0.191077	0.00107692	0.00128462	0.00227692	0.000876923	0.191523	0.0975538	0.005	0.0774077	0.016	0.155754	0.00857692	0.0142769	0.0173538	0.0116615	0.00423077	0.168223	0.0118462	0.0335308	0.0164154	0.0143615	0.131654	
0.0268462	0.0147538	0.0131077	0.0144846	0.0325385	0.0102385	0.00843846	0.0179769	0	0	0	0	0.000330769	0.000953846	0.0675538	0.000353846	0.000453846	0.0008	0.000330769	0.0676077	0.0350615	0.00195385	0.0271	0.00507692	0.0557923	0.00306923	0.00457692	0.00575385	0.00376154	0.00149231	0.0598308	0.00410769	0.0114385	0.00590769	0.0048	0.0470462	
0.221262	0.140185	0.111992	0.105131	0.317508	0.0742692	0.0625923	0.1242	0	0	0	0	0.00367692	0.0114769	0.559515	0.0039	0.00426154	0.00618462	0.00272308	0.5654	0.311054	0.0127769	0.154538	0.1002	0.346023	0.0512615	0.0800077	0.101277	0.0882692	0.0319385	0.373192	0.0851692	0.147292	0.0773615	0.0644385	0.289477	
0.0612923	0.0324	0.0304692	0.0321154	0.0729	0.0246154	0.0199154	0.0388462	0	0	0	0	0.000707692	0.00256154	0.152131	0.000876923	0.00107692	0.00151538	0.000730769	0.152954	0.0775769	0.00404615	0.0619923	0.0126615	0.126208	0.00664615	0.0101692	0.0132538	0.00962308	0.00306154	0.134669	0.00892308	0.0254769	0.0133308	0.0109923	0.106477	
0.00215385	0.00123077	0.00123846	0.000946154	0.00326154	0.000730769	0.000592308	0.000984615	0.000853846	0.000330769	0.00367692	0.000707692	0	0	0	0	6.15385e-05	2.30769e-05	2.30769e-05	0.00546154	0.00312308	0.000123077	0.00146154	0.000861538	0.00367692	0.000492308	0.000584615	0.000815385	0.00124615	0.000461538	0.00269231	0.00116923	0.00143077	0.000753846	0.000538462	0.00284615	
0.00682308	0.00443846	0.00329231	0.00339231	0.0102308	0.00224615	0.00195385	0.00351538	0.00295385	0.000953846	0.0114769	0.00256154	0	0	0	0	0.000115385	0.000146154	6.15385e-05	0.0176231	0.0105846	0.000430769	0.00472308	0.00220769	0.0117231	0.0013	0.00206154	0.00286154	0.00382308	0.00144615	0.00876154	0.00391538	0.00438462	0.00247692	0.00163846	0.00944615	
0.375454	0.222938	0.189308	0.182577	0.515569	0.141877	0.117508	0.195323	0.191077	0.0675538	0.559515	0.152131	0	0	0	0	0.00689231	0.0105231	0.00455385	0.948308	0.504	0.0230692	0.313062	0.130146	0.664308	0.0672154	0.105692	0.133062	0.106885	0.0382846	0.721346	0.103762	0.210446	0.109077	0.0916462	0.559108	
0.00229231	0.0014	0.00138462	0.00113077	0.00356154	0.000738462	0.000730769	0.00117692	0.00107692	0.000353846	0.0039	0.000876923	0	0	0	0	7.69231e-06	8.46154e-05	2.30769e-05	0.00609231	0.00353846	0.000153846	0.00179231	0.000723077	0.00406923	0.000546154	0.000692308	0.0009	0.00136154	0.000530769	0.00311538	0.0012	0.00147692	0.000707692	0.000769231	0.00325385	
0.00288462	0.00151538	0.00143846	0.00123846	0.00393846	0.000984615	0.000830769	0.00132308	0.00128462	0.000453846	0.00426154	0.00107692	6.15385e-05	0.000115385	0.00689231	7.69231e-06	0	0	0	0	0.00378462	0.000146154	0.00221538	0.000930769	0.00487692	0.000538462	0.000761538	0.0009	0.000830769	0.000330769	0.00518462	0.000730769	0.00164615	0.000807692	0.000569231	0.00405385	
0.00443077	0.00236923	0.00206923	0.00190769	0.00583077	0.0015	0.00136923	0.00207692	0.00227692	0.0008	0.00618462	0.00151538	2.30769e-05	0.000146154	0.0105231	8.46154e-05	0	0	0	0	0.0057	0.000230769	0.00333077	0.00151538	0.00717692	0.000846154	0.00109231	0.00166154	0.00122308	0.000469231	0.00794615	0.00113846	0.00219231	0.00124615	0.00103846	0.0063	
0.00193077	0.00100769	0.000807692	0.000915385	0.00228462	0.000776923	0.000630769	0.000969231	0.000876923	0.000330769	0.00272308	0.000730769	2.30769e-05	6.15385e-05	0.00455385	2.30769e-05	0	0	0	0	0.00236923	8.46154e-05	0.00157692	0.000630769	0.00331538	0.000323077	0.000492308	0.000530769	0.000530769	0.000215385	0.00353077	0.000384615	0.000838462	0.000446154	0.000423077	0.00295385	
0.377477	0.225115	0.190908	0.183985	0.520569	0.142331	0.117954	0.196631	0.191523	0.0676077	0.5654	0.152954	0.00546154	0.0176231	0.948308	0.00609231	0	0	0	0	0.509392	0.0233154	0.313915	0.130862	0.668408	0.0678462	0.106685	0.134546	0.110731	0.0397077	0.719254	0.107792	0.213062	0.110515	0.0925615	0.561346	
0.201592	0.120185	0.101431	0.0980385	0.272677	0.0765154	0.0650308	0.107023	0.0975538	0.0350615	0.311054	0.0775769	0.00312308	0.0105846	0.504	0.00353846	0.00378462	0.0057	0.00236923	0.509392	0	0	0	0	0.338654	0.0400846	0.0632462	0.0792615	0.0808231	0.0287615	0.334431	0.0772308	0.133223	0.0696462	0.0579308	0.260446	
0.00957692	0.00526154	0.00466923	0.00426923	0.0130231	0.00356154	0.00278462	0.00440769	0.005	0.00195385	0.0127769	0.00404615	0.000123077	0.000430769	0.0230692	0.000153846	0.000146154	0.000230769	8.46154e-05	0.0233154	0	0	0	0	0.0143769	0.00196154	0.00320769	0.00423077	0.00175385	0.000492308	0.0199769	0.00155385	0.00425385	0.00193846	0.00186154	0.0157231	
0.124231	0.0726077	0.0619538	0.0622462	0.168685	0.0488923	0.0390692	0.0643923	0.0774077	0.0271	0.154538	0.0619923	0.00146154	0.00472308	0.313062	0.00179231	0.00221538	0.00333077	0.00157692	0.313915	0	0	0	0	0.276446	0.0095	0.0156231	0.0194692	0.0187385	0.00709231	0.276054	0.0191538	0.0537	0.0277692	0.0237231	0.215846	
0.0513231	0.0319538	0.0271692	0.0234923	0.0782385	0.0166231	0.0139	0.0251769	0.016	0.00507692	0.1002	0.0126615	0.000861538	0.00220769	0.130146	0.000723077	0.000930769	0.00151538	0.000630769	0.130862	0	0	0	0	0.0543	0.0180077	0.0269538	0.0346769	0.012	0.00437692	0.105454	0.0121077	0.0265615	0.0136615	0.0110769	0.0826385	
0.264892	0.152869	0.130208	0.135808	0.333215	0.110192	0.0911538	0.149215	0.155754	0.0557923	0.346023	0.126208	0.00367692	0.0117231	0.664308	0.00406923	0.00487692	0.00717692	0.00331538	0.668408	0.338654	0.0143769	0.276446	0.0543	0	0	0	0	0.0640231	0.0227	0.534831	0.0622231	0.140738	0.0723692	0.0609769	0.409692	
0.0271692	0.0165231	0.0142615	0.0116	0.0433231	0.0079	0.00649231	0.0118385	0.00857692	0.00306923	0.0512615	0.00664615	0.000492308	0.0013	0.0672154	0.000546154	0.000538462	0.000846154	0.000323077	0.0678462	0.0400846	0.00196154	0.0095	0.0180077	0	0	0	0	0.0104	0.00398462	0.045	0.0101692	0.0171	0.00883077	0.00725385	0.0363692	
0.042	0.0268692	0.0222538	0.0179077	0.0688692	0.0123154	0.0104385	0.0174077	0.0142769	0.00457692	0.0800077	0.0101692	0.000584615	0.00206154	0.105692	0.000692308	0.000761538	0.00109231	0.000492308	0.106685	0.0632462	0.00320769	0.0156231	0.0269538	0	0	0	0	0.0170154	0.00654615	0.0691462	0.0163231	0.0266308	0.0139308	0.0116231	0.0568462	
0.0526615	0.0337462	0.0285	0.0227308	0.0872154	0.0151846	0.0127	0.0225385	0.0173538	0.00575385	0.101277	0.0132538	0.000815385	0.00286154	0.133062	0.0009	0.0009	0.00166154	0.000530769	0.134546	0.0792615	0.00423077	0.0194692	0.0346769	0	0	0	0	0.0218769	0.00749231	0.0869385	0.0213308	0.0332692	0.0178846	0.0147385	0.0717462	
0.0442	0.0287462	0.0231077	0.0172615	0.0761538	0.0112308	0.00962308	0.0163077	0.0116615	0.00376154	0.0882692	0.00962308	0.00124615	0.00382308	0.106885	0.00136154	0.000830769	0.00122308	0.000530769	0.110731	0.0808231	0.00175385	0.0187385	0.012	0.0640231	0.0104	0.0170154	0.0218769	0	0	0	0	0.0347231	0.0175615	0.0149385	0.0460923	
0.0156077	0.0101154	0.00859231	0.00640769	0.0274385	0.00419231	0.00298462	0.00610769	0.00423077	0.00149231	0.0319385	0.00306154	0.000461538	0.00144615	0.0382846	0.000530769	0.000330769	0.000469231	0.000215385	0.0397077	0.0287615	0.000492308	0.00709231	0.00437692	0.0227	0.00398462	0.00654615	0.00749231	0	0	0	0	0.0122615	0.00646923	0.00536154	0.0166308	
0.284577	0.163462	0.140669	0.147208	0.355846	0.118854	0.0989769	0.162238	0.168223	0.0598308	0.373192	0.134669	0.00269231	0.00876154	0.721346	0.00311538	0.00518462	0.00794615	0.00353077	0.719254	0.334431	0.0199769	0.276054	0.105454	0.534831	0.045	0.0691462	0.0869385	0	0	0	0	0.139823	0.0730692	0.0603308	0.462692	
0.0423385	0.0276846	0.0228538	0.0171692	0.0731846	0.0113154	0.0092	0.0163462	0.0118462	0.00410769	0.0851692	0.00892308	0.00116923	0.00391538	0.103762	0.0012	0.000730769	0.00113846	0.000384615	0.107792	0.0772308	0.00155385	0.0191538	0.0121077	0.0622231	0.0101692	0.0163231	0.0213308	0	0	0	0	0.0309308	0.0159154	0.0139615	0.0492385	
0.0842	0.0529923	0.0432923	0.0372538	0.131762	0.0262385	0.0223154	0.0374231	0.0335308	0.0114385	0.147292	0.0254769	0.00143077	0.00438462	0.210446	0.00147692	0.00164615	0.00219231	0.000838462	0.213062	0.133223	0.00425385	0.0537	0.0265615	0.140738	0.0171	0.0266308	0.0332692	0.0347231	0.0122615	0.139823	0.0309308	0	0	0	0	
0.0443692	0.0269923	0.0225077	0.0191462	0.0684231	0.0137	0.0114462	0.0194462	0.0164154	0.00590769	0.0773615	0.0133308	0.000753846	0.00247692	0.109077	0.000707692	0.000807692	0.00124615	0.000446154	0.110515	0.0696462	0.00193846	0.0277692	0.0136615	0.0723692	0.00883077	0.0139308	0.0178846	0.0175615	0.00646923	0.0730692	0.0159154	0	0	0	0	
0.0364154	0.0232462	0.0193538	0.0155769	0.0573692	0.0115308	0.00932308	0.0163692	0.0143615	0.0048	0.0644385	0.0109923	0.000538462	0.00163846	0.0916462	0.000769231	0.000569231	0.00103846	0.000423077	0.0925615	0.0579308	0.00186154	0.0237231	0.0110769	0.0609769	0.00725385	0.0116231	0.0147385	0.0149385	0.00536154	0.0603308	0.0139615	0	0	0	0	
0.221738	0.126777	0.110069	0.116069	0.275069	0.0941231	0.0777	0.127762	0.131654	0.0470462	0.289477	0.106477	0.00284615	0.00944615	0.559108	0.00325385	0.00405385	0.0063	0.00295385	0.561346	0.260446	0.0157231	0.215846	0.0826385	0.409692	0.0363692	0.0568462	0.0717462	0.0460923	0.0166308	0.462692	0.0492385	0	0	0	0	
