0	0	0	0	0.20871	0.05182	0.05266	0.05201	0.05862	0.02772	0.23275	0.04611	0.00131	0.00074	0.36226	0.00089	0.00097	0.00385	0.00041	0.35997	0.21713	0.00528	0.12399	0.0188	0.26945	0.02502	0.03711	0.03362	0.03069	0.01024	0.30091	0.02336	0.04617	0.04408	0.02536	0.24959	
0	0	0	0	0.15619	0.03865	0.03889	0.03942	0.04182	0.02067	0.1757	0.03496	0.00088	0.00051	0.271	0.00076	0.00064	0.00312	0.00052	0.26887	0.16241	0.00395	0.09278	0.01401	0.20163	0.01814	0.02865	0.02473	0.02224	0.00769	0.22611	0.01711	0.03564	0.03304	0.01888	0.18559	
0	0	0	0	0.10821	0.02791	0.02734	0.02788	0.02967	0.01458	0.12262	0.02447	0.0006	0.00043	0.18979	0.00052	0.00043	0.00226	0.00029	0.18836	0.11483	0.00257	0.06467	0.00927	0.14152	0.013	0.0192	0.01762	0.0157	0.00519	0.15843	0.01202	0.02479	0.02371	0.01277	0.13007	
0	0	0	0	0.04624	0.04156	0.0417	0.04081	0.02692	0.01236	0.10895	0.02208	0.00049	0.00034	0.16909	0.00039	0.00049	0.00181	0.00021	0.1678	0.1017	0.00249	0.05691	0.00921	0.12541	0.01204	0.01749	0.01537	0.01415	0.00504	0.14077	0.01035	0.02234	0.02071	0.01165	0.11561	
0.20871	0.15619	0.10821	0.04624	0	0	0	0	0.08078	0.03966	0.33334	0.06557	0.00169	0.00106	0.51533	0.00127	0.00142	0.00569	0.00085	0.51139	0.30867	0.00786	0.17598	0.02684	0.38463	0.03524	0.05238	0.0471	0.04273	0.01485	0.4289	0.03287	0.06656	0.06331	0.03603	0.35345	
0.05182	0.03865	0.02791	0.04156	0	0	0	0	0.02587	0.01196	0.10144	0.02067	0.00064	0.00032	0.15862	0.00036	0.00041	0.00179	0.0002	0.15754	0.09493	0.00199	0.05487	0.00815	0.11796	0.01052	0.01666	0.0148	0.01275	0.0043	0.13303	0.00986	0.02066	0.01953	0.01063	0.10912	
0.05266	0.03889	0.02734	0.0417	0	0	0	0	0.02451	0.01223	0.10313	0.02072	0.00048	0.00026	0.15951	0.00034	0.00038	0.00179	0.00015	0.15827	0.09629	0.0021	0.05392	0.00828	0.1177	0.01118	0.01671	0.015	0.01362	0.00467	0.13208	0.01022	0.02089	0.01959	0.01152	0.10859	
0.05201	0.03942	0.02788	0.04081	0	0	0	0	0.02587	0.01148	0.10211	0.02066	0.00047	0.00038	0.15868	0.00059	0.00032	0.00177	0.00023	0.1578	0.09618	0.00234	0.05358	0.00802	0.11772	0.01126	0.0167	0.01444	0.01368	0.00434	0.13221	0.00989	0.02083	0.01911	0.01048	0.1097	
0.05862	0.04182	0.02967	0.02692	0.08078	0.02587	0.02451	0.02587	0	0	0	0	0.00041	0.00033	0.15594	0.00035	0.0004	0.00186	0.00024	0.15453	0.0904	0.00234	0.05567	0.00862	0.11609	0.01055	0.01618	0.01421	0.01123	0.00403	0.13264	0.00913	0.01357	0.0128	0.00731	0.12335	
0.02772	0.02067	0.01458	0.01236	0.03966	0.01196	0.01223	0.01148	0	0	0	0	0.00026	0.00016	0.07476	0.00015	0.00013	0.00092	0.00012	0.07416	0.0443	0.00115	0.02607	0.00381	0.05614	0.00517	0.00741	0.00661	0.00557	0.00204	0.06358	0.00414	0.00654	0.00654	0.00357	0.05868	
0.23275	0.1757	0.12262	0.10895	0.33334	0.10144	0.10313	0.10211	0	0	0	0	0.00225	0.00124	0.63473	0.0018	0.0016	0.0068	0.00095	0.63067	0.38811	0.00876	0.21118	0.03197	0.47116	0.04364	0.0661	0.05912	0.05654	0.01881	0.5219	0.04277	0.09791	0.09183	0.05168	0.3986	
0.04611	0.03496	0.02447	0.02208	0.06557	0.02067	0.02072	0.02066	0	0	0	0	0.00036	0.00029	0.12671	0.00026	0.0004	0.00146	0.00012	0.12564	0.07326	0.00204	0.04543	0.00689	0.09462	0.00884	0.01276	0.0114	0.00944	0.00328	0.1081	0.0068	0.01092	0.01037	0.0061	0.10023	
0.00131	0.00088	0.0006	0.00049	0.00169	0.00064	0.00048	0.00047	0.00041	0.00026	0.00225	0.00036	0	0	0	0	0	7e-05	0	0.00321	0.00192	6e-05	0.00115	0.00015	0.00238	0.00016	0.00041	0.00033	0.00026	7e-05	0.00279	0.00016	0.00048	0.0003	0.00021	0.00229	
0.00074	0.00051	0.00043	0.00034	0.00106	0.00032	0.00026	0.00038	0.00033	0.00016	0.00124	0.00029	0	0	0	0	0	5e-05	0	0.00197	0.0012	2e-05	0.00067	0.00013	0.00143	0.00014	0.00026	0.00019	0.00012	0.00014	0.00169	7e-05	0.00022	0.0003	0.00013	0.00137	
0.36226	0.271	0.18979	0.16909	0.51533	0.15862	0.15951	0.15868	0.15594	0.07476	0.63473	0.12671	0	0	0	0	0.00252	0.01089	0.00143	0.9773	0.59153	0.01416	0.33558	0.05087	0.73218	0.06769	0.10157	0.0907	0.0822	0.02786	0.81962	0.06246	0.12791	0.12061	0.06817	0.67545	
0.00089	0.00076	0.00052	0.00039	0.00127	0.00036	0.00034	0.00059	0.00035	0.00015	0.0018	0.00026	0	0	0	0	1e-05	3e-05	0	0.00252	0.00142	5e-05	0.00095	0.00014	0.00202	0.00021	0.00021	0.00012	0.0002	9e-05	0.00212	0.00015	0.00033	0.00033	0.00015	0.00175	
0.00097	0.00064	0.00043	0.00049	0.00142	0.00041	0.00038	0.00032	0.0004	0.00013	0.0016	0.0004	0	0	0.00252	1e-05	0	0	0	0	0.00161	1e-05	0.00078	0.00013	0.00183	0.00024	0.00024	0.00022	0.00026	5e-05	0.002	0.00022	0.00034	0.00037	0.00019	0.00163	
0.00385	0.00312	0.00226	0.00181	0.00569	0.00179	0.00179	0.00177	0.00186	0.00092	0.0068	0.00146	7e-05	5e-05	0.01089	3e-05	0	0	0	0	0.00669	0.00015	0.00365	0.00055	0.0082	0.00063	0.00124	0.00097	0.00078	0.00032	0.00925	0.00069	0.00135	0.00147	0.00072	0.0075	
0.00041	0.00052	0.00029	0.00021	0.00085	0.0002	0.00015	0.00023	0.00024	0.00012	0.00095	0.00012	0	0	0.00143	0	0	0	0	0	0.00089	2e-05	0.00045	7e-05	0.001	0.00016	0.00017	0.0001	0.00014	3e-05	0.00115	0.00011	0.00019	0.00012	0.0001	0.00102	
0.35997	0.26887	0.18836	0.1678	0.51139	0.15754	0.15827	0.1578	0.15453	0.07416	0.63067	0.12564	0.00321	0.00197	0.9773	0.00252	0	0	0	0	0.58688	0.01411	0.33347	0.05054	0.72698	0.06717	0.1008	0.09005	0.0816	0.02776	0.81382	0.06182	0.12706	0.11958	0.06765	0.67071	
0.21713	0.16241	0.11483	0.1017	0.30867	0.09493	0.09629	0.09618	0.0904	0.0443	0.38811	0.07326	0.00192	0.0012	0.59153	0.00142	0.00161	0.00669	0.00089	0.58688	0	0	0	0	0.43941	0.04055	0.06161	0.0545	0.06593	0.02216	0.45798	0.05	0.09248	0.08641	0.04848	0.3687	
0.00528	0.00395	0.00257	0.00249	0.00786	0.00199	0.0021	0.00234	0.00234	0.00115	0.00876	0.00204	6e-05	2e-05	0.01416	5e-05	1e-05	0.00015	2e-05	0.01411	0	0	0	0	0.01057	0.0009	0.00141	0.00141	0.00122	0.00062	0.01137	0.00108	0.00135	0.00154	0.00077	0.01063	
0.12399	0.09278	0.06467	0.05691	0.17598	0.05487	0.05392	0.05358	0.05567	0.02607	0.21118	0.04543	0.00115	0.00067	0.33558	0.00095	0.00078	0.00365	0.00045	0.33347	0	0	0	0	0.25033	0.0233	0.03373	0.03099	0.01072	0.00353	0.31626	0.00784	0.02995	0.02859	0.01636	0.26345	
0.0188	0.01401	0.00927	0.00921	0.02684	0.00815	0.00828	0.00802	0.00862	0.00381	0.03197	0.00689	0.00015	0.00013	0.05087	0.00014	0.00013	0.00055	7e-05	0.05054	0	0	0	0	0.0377	0.00345	0.0057	0.00444	0.00491	0.00185	0.04061	0.00392	0.00516	0.005	0.00305	0.03808	
0.26945	0.20163	0.14152	0.12541	0.38463	0.11796	0.1177	0.11772	0.11609	0.05614	0.47116	0.09462	0.00238	0.00143	0.73218	0.00202	0.00183	0.0082	0.001	0.72698	0.43941	0.01057	0.25033	0.0377	0	0	0	0	0.06096	0.02094	0.60908	0.04703	0.09549	0.08973	0.05045	0.50234	
0.02502	0.01814	0.013	0.01204	0.03524	0.01052	0.01118	0.01126	0.01055	0.00517	0.04364	0.00884	0.00016	0.00014	0.06769	0.00021	0.00024	0.00063	0.00016	0.06717	0.04055	0.0009	0.0233	0.00345	0	0	0	0	0.00547	0.00191	0.05689	0.00393	0.00818	0.00786	0.00465	0.04751	
0.03711	0.02865	0.0192	0.01749	0.05238	0.01666	0.01671	0.0167	0.01618	0.00741	0.0661	0.01276	0.00041	0.00026	0.10157	0.00021	0.00024	0.00124	0.00017	0.1008	0.06161	0.00141	0.03373	0.0057	0	0	0	0	0.00865	0.0028	0.08486	0.00614	0.0133	0.01319	0.0069	0.06906	
0.03362	0.02473	0.01762	0.01537	0.0471	0.0148	0.015	0.01444	0.01421	0.00661	0.05912	0.0114	0.00033	0.00019	0.0907	0.00012	0.00022	0.00097	0.0001	0.09005	0.0545	0.00141	0.03099	0.00444	0	0	0	0	0.0077	0.00251	0.07539	0.00574	0.01197	0.01076	0.00666	0.06195	
0.03069	0.02224	0.0157	0.01415	0.04273	0.01275	0.01362	0.01368	0.01123	0.00557	0.05654	0.00944	0.00026	0.00012	0.0822	0.0002	0.00026	0.00078	0.00014	0.0816	0.06593	0.00122	0.01072	0.00491	0.06096	0.00547	0.00865	0.0077	0	0	0	0	0.01904	0.01645	0.00991	0.03738	
0.01024	0.00769	0.00519	0.00504	0.01485	0.0043	0.00467	0.00434	0.00403	0.00204	0.01881	0.00328	7e-05	0.00014	0.02786	9e-05	5e-05	0.00032	3e-05	0.02776	0.02216	0.00062	0.00353	0.00185	0.02094	0.00191	0.0028	0.00251	0	0	0	0	0.00623	0.00596	0.00323	0.01274	
0.30091	0.22611	0.15843	0.14077	0.4289	0.13303	0.13208	0.13221	0.13264	0.06358	0.5219	0.1081	0.00279	0.00169	0.81962	0.00212	0.002	0.00925	0.00115	0.81382	0.45798	0.01137	0.31626	0.04061	0.60908	0.05689	0.08486	0.07539	0	0	0	0	0.08955	0.08533	0.04805	0.60329	
0.02336	0.01711	0.01202	0.01035	0.03287	0.00986	0.01022	0.00989	0.00913	0.00414	0.04277	0.0068	0.00016	7e-05	0.06246	0.00015	0.00022	0.00069	0.00011	0.06182	0.05	0.00108	0.00784	0.00392	0.04703	0.00393	0.00614	0.00574	0	0	0	0	0.01412	0.0138	0.00747	0.02745	
0.04617	0.03564	0.02479	0.02234	0.06656	0.02066	0.02089	0.02083	0.01357	0.00654	0.09791	0.01092	0.00048	0.00022	0.12791	0.00033	0.00034	0.00135	0.00019	0.12706	0.09248	0.00135	0.02995	0.00516	0.09549	0.00818	0.0133	0.01197	0.01904	0.00623	0.08955	0.01412	0	0	0	0	
0.04408	0.03304	0.02371	0.02071	0.06331	0.01953	0.01959	0.01911	0.0128	0.00654	0.09183	0.01037	0.0003	0.0003	0.12061	0.00033	0.00037	0.00147	0.00012	0.11958	0.08641	0.00154	0.02859	0.005	0.08973	0.00786	0.01319	0.01076	0.01645	0.00596	0.08533	0.0138	0	0	0	0	
0.02536	0.01888	0.01277	0.01165	0.03603	0.01063	0.01152	0.01048	0.00731	0.00357	0.05168	0.0061	0.00021	0.00013	0.06817	0.00015	0.00019	0.00072	0.0001	0.06765	0.04848	0.00077	0.01636	0.00305	0.05045	0.00465	0.0069	0.00666	0.00991	0.00323	0.04805	0.00747	0	0	0	0	
0.24959	0.18559	0.13007	0.11561	0.35345	0.10912	0.10859	0.1097	0.12335	0.05868	0.3986	0.10023	0.00229	0.00137	0.67545	0.00175	0.00163	0.0075	0.00102	0.67071	0.3687	0.01063	0.26345	0.03808	0.50234	0.04751	0.06906	0.06195	0.03738	0.01274	0.60329	0.02745	0	0	0	0	
