0	0	0	0	0.20198	0.05311	0.05305	0.05248	0.05392	0.02687	0.23456	0.04527	0.00087	0.00068	0.35825	0.00082	0.00109	0.00412	0.00054	0.35487	0.21439	0.00505	0.12362	0.01756	0.2664	0.02474	0.0362	0.03328	0.02979	0.0097	0.29868	0.02245	0.04747	0.04442	0.0253	0.24343	
0	0	0	0	0.15419	0.03994	0.03873	0.03974	0.04092	0.02005	0.17671	0.03492	0.00097	0.00049	0.27032	0.00082	0.0007	0.00305	0.00038	0.26847	0.16181	0.00334	0.09471	0.01274	0.20076	0.01875	0.02813	0.02496	0.02289	0.00727	0.22515	0.01729	0.03575	0.03293	0.01843	0.18549	
0	0	0	0	0.11077	0.02793	0.02761	0.02778	0.02995	0.01394	0.12555	0.02465	0.00065	0.00045	0.19246	0.00053	0.00048	0.00213	0.00029	0.19119	0.11552	0.0025	0.06656	0.00951	0.14373	0.01305	0.02038	0.01693	0.01536	0.00508	0.16123	0.01242	0.02418	0.02377	0.01357	0.13257	
0	0	0	0	0.0479	0.04104	0.04151	0.04224	0.02684	0.0129	0.11056	0.02239	0.00045	0.00028	0.17156	0.0004	0.0005	0.00185	0.00021	0.17013	0.10236	0.00241	0.05968	0.00824	0.12744	0.01242	0.01732	0.01551	0.0133	0.00473	0.14395	0.01071	0.02147	0.02089	0.01168	0.11865	
0.20198	0.15419	0.11077	0.0479	0	0	0	0	0.07729	0.03797	0.33444	0.06514	0.00156	0.00097	0.51101	0.0013	0.00143	0.0056	0.00081	0.507	0.30507	0.00678	0.17828	0.02471	0.37922	0.03632	0.05215	0.04715	0.04207	0.01354	0.42635	0.03288	0.06603	0.06399	0.03563	0.34919	
0.05311	0.03994	0.02793	0.04104	0	0	0	0	0.0245	0.01161	0.10503	0.02088	0.00049	0.00024	0.16085	0.00044	0.00047	0.00185	0.00017	0.15953	0.096	0.00224	0.05569	0.00809	0.12066	0.01047	0.01627	0.01462	0.01304	0.0041	0.1351	0.00978	0.02094	0.0192	0.0112	0.11068	
0.05305	0.03873	0.02761	0.04151	0	0	0	0	0.02507	0.01209	0.1032	0.02054	0.00043	0.00032	0.15976	0.00039	0.00047	0.00192	0.00022	0.15829	0.09666	0.00224	0.05435	0.00765	0.11914	0.01075	0.01695	0.01406	0.01337	0.00472	0.13239	0.01042	0.02052	0.01973	0.01107	0.10958	
0.05248	0.03974	0.02778	0.04224	0	0	0	0	0.02477	0.01209	0.10471	0.02067	0.00046	0.00037	0.16097	0.00044	0.0004	0.00178	0.00022	0.15984	0.09635	0.00204	0.05625	0.0076	0.11931	0.01142	0.01666	0.01485	0.01286	0.00442	0.13517	0.00979	0.02138	0.01909	0.01108	0.11069	
0.05392	0.04092	0.02995	0.02684	0.07729	0.0245	0.02507	0.02477	0	0	0	0	0.00033	0.00035	0.15053	0.00042	0.00051	0.00164	0.0002	0.14928	0.08683	0.00208	0.0551	0.00762	0.11093	0.01081	0.016	0.01389	0.01134	0.00364	0.12769	0.00896	0.01354	0.01287	0.00682	0.1184	
0.02687	0.02005	0.01394	0.0129	0.03797	0.01161	0.01209	0.01209	0	0	0	0	0.00018	0.00022	0.07316	0.0002	0.00021	0.00086	0.00013	0.07256	0.04259	0.00117	0.02625	0.00375	0.05429	0.00514	0.00734	0.00699	0.00499	0.00155	0.06344	0.00378	0.006	0.00605	0.00333	0.05838	
0.23456	0.17671	0.12555	0.11056	0.33444	0.10503	0.1032	0.10471	0	0	0	0	0.00212	0.00113	0.64256	0.00157	0.00176	0.00732	0.00089	0.63741	0.39149	0.00834	0.21728	0.03027	0.47944	0.04404	0.06582	0.05808	0.05598	0.01865	0.52961	0.04314	0.09869	0.09259	0.05292	0.40318	
0.04527	0.03492	0.02465	0.02239	0.06514	0.02088	0.02054	0.02067	0	0	0	0	0.00031	0.0002	0.12634	0.00038	0.00029	0.00133	0.0002	0.12541	0.07317	0.00171	0.04594	0.00641	0.09367	0.00897	0.01287	0.01172	0.00903	0.00294	0.10827	0.00699	0.01064	0.0105	0.00591	0.10018	
0.00087	0.00097	0.00065	0.00045	0.00156	0.00049	0.00043	0.00046	0.00033	0.00018	0.00212	0.00031	0	0	0	0	0	0	1e-05	0.00293	0.00175	2e-05	0.00102	0.00015	0.00213	0.00019	0.00031	0.00031	0.0003	4e-05	0.00235	0.00025	0.00046	0.00044	0.00016	0.00188	
0.00068	0.00049	0.00045	0.00028	0.00097	0.00024	0.00032	0.00037	0.00035	0.00022	0.00113	0.0002	0	0	0	0	1e-05	1e-05	0	0.00188	0.00128	2e-05	0.00052	8e-05	0.00146	0.00014	0.00016	0.00014	0.00013	5e-05	0.00161	0.00011	0.00019	0.00022	0.00012	0.00137	
0.35825	0.27032	0.19246	0.17156	0.51101	0.16085	0.15976	0.16097	0.15053	0.07316	0.64256	0.12634	0	0	0	0	0.00276	0.01111	0.00138	0.97734	0.58943	0.01321	0.34222	0.04773	0.73289	0.06839	0.10132	0.08999	0.08074	0.02662	0.82284	0.06239	0.12795	0.12111	0.06852	0.67501	
0.00082	0.00082	0.00053	0.0004	0.0013	0.00044	0.00039	0.00044	0.00042	0.0002	0.00157	0.00038	0	0	0	0	0	3e-05	3e-05	0.00251	0.00162	5e-05	0.00081	9e-05	0.00185	0.00024	0.00024	0.00024	0.00017	7e-05	0.00221	0.00012	0.00027	0.00024	0.00018	0.00188	
0.00109	0.0007	0.00048	0.0005	0.00143	0.00047	0.00047	0.0004	0.00051	0.00021	0.00176	0.00029	0	1e-05	0.00276	0	0	0	0	0	0.00161	2e-05	0.00106	8e-05	0.00205	0.00018	0.00029	0.00025	0.00029	5e-05	0.00229	0.00014	0.00034	0.00033	0.00018	0.00192	
0.00412	0.00305	0.00213	0.00185	0.0056	0.00185	0.00192	0.00178	0.00164	0.00086	0.00732	0.00133	0	1e-05	0.01111	3e-05	0	0	0	0	0.00662	0.00013	0.00374	0.00066	0.00822	0.0006	0.00128	0.00105	0.00113	0.00023	0.00905	0.00074	0.00152	0.00128	0.00079	0.00756	
0.00054	0.00038	0.00029	0.00021	0.00081	0.00017	0.00022	0.00022	0.0002	0.00013	0.00089	0.0002	1e-05	0	0.00138	3e-05	0	0	0	0	0.00086	1e-05	0.00047	8e-05	0.001	0.00011	0.00019	0.00012	0.00012	6e-05	0.0011	0.00014	0.00015	0.00019	0.00015	0.00093	
0.35487	0.26847	0.19119	0.17013	0.507	0.15953	0.15829	0.15984	0.14928	0.07256	0.63741	0.12541	0.00293	0.00188	0.97734	0.00251	0	0	0	0	0.58499	0.01314	0.3393	0.04723	0.72706	0.06807	0.10027	0.08926	0.0798	0.02644	0.81657	0.06185	0.12686	0.12021	0.06786	0.66973	
0.21439	0.16181	0.11552	0.10236	0.30507	0.096	0.09666	0.09635	0.08683	0.04259	0.39149	0.07317	0.00175	0.00128	0.58943	0.00162	0.00161	0.00662	0.00086	0.58499	0	0	0	0	0.43911	0.04083	0.06032	0.05382	0.05716	0.01894	0.47403	0.04395	0.09231	0.08651	0.04905	0.36621	
0.00505	0.00334	0.0025	0.00241	0.00678	0.00224	0.00224	0.00204	0.00208	0.00117	0.00834	0.00171	2e-05	2e-05	0.01321	5e-05	2e-05	0.00013	1e-05	0.01314	0	0	0	0	0.00965	0.0011	0.00135	0.0012	0.00126	0.00044	0.01065	0.00095	0.00112	0.00121	0.00075	0.01022	
0.12362	0.09471	0.06656	0.05968	0.17828	0.05569	0.05435	0.05625	0.0551	0.02625	0.21728	0.04594	0.00102	0.00052	0.34222	0.00081	0.00106	0.00374	0.00047	0.3393	0	0	0	0	0.25381	0.02375	0.03553	0.03148	0.01863	0.00627	0.30498	0.01469	0.03103	0.02996	0.01662	0.26696	
0.01756	0.01274	0.00951	0.00824	0.02471	0.00809	0.00765	0.0076	0.00762	0.00375	0.03027	0.00641	0.00015	8e-05	0.04773	9e-05	8e-05	0.00066	8e-05	0.04723	0	0	0	0	0.03576	0.00328	0.00483	0.00418	0.00429	0.00113	0.03935	0.00328	0.00441	0.00433	0.00256	0.03675	
0.2664	0.20076	0.14373	0.12744	0.37922	0.12066	0.11914	0.11931	0.11093	0.05429	0.47944	0.09367	0.00213	0.00146	0.73289	0.00185	0.00205	0.00822	0.001	0.72706	0.43911	0.00965	0.25381	0.03576	0	0	0	0	0.06003	0.02005	0.61191	0.04634	0.09518	0.09062	0.05084	0.50169	
0.02474	0.01875	0.01305	0.01242	0.03632	0.01047	0.01075	0.01142	0.01081	0.00514	0.04404	0.00897	0.00019	0.00014	0.06839	0.00024	0.00018	0.0006	0.00011	0.06807	0.04083	0.0011	0.02375	0.00328	0	0	0	0	0.00565	0.00183	0.05706	0.00442	0.00884	0.00806	0.00479	0.04727	
0.0362	0.02813	0.02038	0.01732	0.05215	0.01627	0.01695	0.01666	0.016	0.00734	0.06582	0.01287	0.00031	0.00016	0.10132	0.00024	0.00029	0.00128	0.00019	0.10027	0.06032	0.00135	0.03553	0.00483	0	0	0	0	0.00816	0.0026	0.0846	0.00667	0.0133	0.01259	0.00701	0.06913	
0.03328	0.02496	0.01693	0.01551	0.04715	0.01462	0.01406	0.01485	0.01389	0.00699	0.05808	0.01172	0.00031	0.00014	0.08999	0.00024	0.00025	0.00105	0.00012	0.08926	0.05382	0.0012	0.03148	0.00418	0	0	0	0	0.0075	0.0023	0.07544	0.00544	0.01155	0.01074	0.00634	0.06205	
0.02979	0.02289	0.01536	0.0133	0.04207	0.01304	0.01337	0.01286	0.01134	0.00499	0.05598	0.00903	0.0003	0.00013	0.08074	0.00017	0.00029	0.00113	0.00012	0.0798	0.05716	0.00126	0.01863	0.00429	0.06003	0.00565	0.00816	0.0075	0	0	0	0	0.01857	0.01743	0.00978	0.03556	
0.0097	0.00727	0.00508	0.00473	0.01354	0.0041	0.00472	0.00442	0.00364	0.00155	0.01865	0.00294	4e-05	5e-05	0.02662	7e-05	5e-05	0.00023	6e-05	0.02644	0.01894	0.00044	0.00627	0.00113	0.02005	0.00183	0.0026	0.0023	0	0	0	0	0.00622	0.00556	0.00293	0.01207	
0.29868	0.22515	0.16123	0.14395	0.42635	0.1351	0.13239	0.13517	0.12769	0.06344	0.52961	0.10827	0.00235	0.00161	0.82284	0.00221	0.00229	0.00905	0.0011	0.81657	0.47403	0.01065	0.30498	0.03935	0.61191	0.05706	0.0846	0.07544	0	0	0	0	0.08965	0.08542	0.0486	0.60534	
0.02245	0.01729	0.01242	0.01071	0.03288	0.00978	0.01042	0.00979	0.00896	0.00378	0.04314	0.00699	0.00025	0.00011	0.06239	0.00012	0.00014	0.00074	0.00014	0.06185	0.04395	0.00095	0.01469	0.00328	0.04634	0.00442	0.00667	0.00544	0	0	0	0	0.01443	0.0136	0.00767	0.02717	
0.04747	0.03575	0.02418	0.02147	0.06603	0.02094	0.02052	0.02138	0.01354	0.006	0.09869	0.01064	0.00046	0.00019	0.12795	0.00027	0.00034	0.00152	0.00015	0.12686	0.09231	0.00112	0.03103	0.00441	0.09518	0.00884	0.0133	0.01155	0.01857	0.00622	0.08965	0.01443	0	0	0	0	
0.04442	0.03293	0.02377	0.02089	0.06399	0.0192	0.01973	0.01909	0.01287	0.00605	0.09259	0.0105	0.00044	0.00022	0.12111	0.00024	0.00033	0.00128	0.00019	0.12021	0.08651	0.00121	0.02996	0.00433	0.09062	0.00806	0.01259	0.01074	0.01743	0.00556	0.08542	0.0136	0	0	0	0	
0.0253	0.01843	0.01357	0.01168	0.03563	0.0112	0.01107	0.01108	0.00682	0.00333	0.05292	0.00591	0.00016	0.00012	0.06852	0.00018	0.00018	0.00079	0.00015	0.06786	0.04905	0.00075	0.01662	0.00256	0.05084	0.00479	0.00701	0.00634	0.00978	0.00293	0.0486	0.00767	0	0	0	0	
0.24343	0.18549	0.13257	0.11865	0.34919	0.11068	0.10958	0.11069	0.1184	0.05838	0.40318	0.10018	0.00188	0.00137	0.67501	0.00188	0.00192	0.00756	0.00093	0.66973	0.36621	0.01022	0.26696	0.03675	0.50169	0.04727	0.06913	0.06205	0.03556	0.01207	0.60534	0.02717	0	0	0	0	
