0	0	0	0	0.2052	0.05151	0.05181	0.05237	0.05569	0.02741	0.23134	0.04645	0.00124	0.00078	0.35807	0.0008	0.00098	0.0042	0.00048	0.35523	0.21729	0.00536	0.1213	0.01694	0.26774	0.02483	0.03616	0.03216	0.02963	0.00991	0.29878	0.02257	0.04688	0.0446	0.02435	0.24506	
0	0	0	0	0.15644	0.03927	0.0395	0.03914	0.04347	0.02019	0.17737	0.03332	0.00085	0.00051	0.27237	0.00062	0.00081	0.00309	0.00039	0.27006	0.16371	0.00357	0.09295	0.01412	0.20225	0.01886	0.02781	0.02543	0.02306	0.0076	0.22578	0.01791	0.036	0.03309	0.01922	0.18604	
0	0	0	0	0.1085	0.02613	0.0278	0.02846	0.02987	0.01394	0.12335	0.02373	0.00058	0.00033	0.18943	0.00055	0.00046	0.00204	0.00021	0.18818	0.11513	0.00284	0.06358	0.00934	0.14095	0.01314	0.01925	0.01755	0.01631	0.00531	0.15673	0.01254	0.02458	0.02309	0.01317	0.13005	
0	0	0	0	0.04762	0.04212	0.04284	0.04129	0.02697	0.01368	0.11076	0.02246	0.00052	0.00031	0.17262	0.00042	0.00051	0.00181	0.00026	0.17129	0.10295	0.00245	0.05962	0.00885	0.12886	0.01182	0.01759	0.0156	0.01451	0.0051	0.14275	0.01151	0.02207	0.0212	0.01138	0.11922	
0.2052	0.15644	0.1085	0.04762	0	0	0	0	0.08133	0.03906	0.33274	0.06463	0.00166	0.00108	0.51384	0.00118	0.00154	0.00577	0.00063	0.50982	0.3105	0.00701	0.17564	0.02461	0.38355	0.03541	0.05175	0.04705	0.04307	0.01448	0.42612	0.03409	0.06773	0.06327	0.03518	0.35158	
0.05151	0.03927	0.02613	0.04212	0	0	0	0	0.02527	0.01188	0.10227	0.01961	0.00042	0.00028	0.158	0.00033	0.00034	0.00172	0.00024	0.15673	0.09458	0.00255	0.05359	0.00831	0.11756	0.01114	0.01612	0.01421	0.01322	0.00434	0.13127	0.0102	0.02029	0.0193	0.01115	0.10829	
0.05181	0.0395	0.0278	0.04284	0	0	0	0	0.02508	0.01235	0.10379	0.02073	0.00063	0.00033	0.16051	0.00048	0.0005	0.00171	0.00027	0.15947	0.09676	0.00224	0.05487	0.00808	0.11974	0.01098	0.01662	0.01461	0.0133	0.00439	0.13407	0.01019	0.02093	0.01966	0.01089	0.11047	
0.05237	0.03914	0.02846	0.04129	0	0	0	0	0.02432	0.01193	0.10402	0.02099	0.00048	0.00024	0.16014	0.0004	0.00038	0.00194	0.0002	0.15874	0.09724	0.00242	0.05335	0.00825	0.11895	0.01112	0.01632	0.01487	0.01392	0.00471	0.13258	0.01005	0.02058	0.01975	0.0109	0.11003	
0.05569	0.04347	0.02987	0.02697	0.08133	0.02527	0.02508	0.02432	0	0	0	0	0.00044	0.00033	0.15474	0.00049	0.00043	0.00188	0.00018	0.15351	0.09035	0.00225	0.05569	0.00771	0.11461	0.0111	0.01616	0.01413	0.01149	0.0038	0.1316	0.00911	0.01346	0.01253	0.00717	0.12284	
0.02741	0.02019	0.01394	0.01368	0.03906	0.01188	0.01235	0.01193	0	0	0	0	0.00021	0.00017	0.07467	0.00017	0.0002	0.00076	0.00013	0.07413	0.04413	0.00125	0.02607	0.00377	0.05534	0.00545	0.0077	0.00673	0.00522	0.00202	0.06388	0.0041	0.00636	0.00622	0.0032	0.05944	
0.23134	0.17737	0.12335	0.11076	0.33274	0.10227	0.10379	0.10402	0	0	0	0	0.00209	0.00125	0.63803	0.00145	0.00184	0.0072	0.00085	0.63293	0.3917	0.00885	0.21118	0.03109	0.47718	0.04346	0.06377	0.05841	0.05703	0.01912	0.52265	0.04402	0.09838	0.09279	0.05148	0.40017	
0.04645	0.03332	0.02373	0.02246	0.06463	0.01961	0.02073	0.02099	0	0	0	0	0.00045	0.00018	0.12505	0.00028	0.00029	0.0013	0.00018	0.12419	0.0729	0.00187	0.04451	0.00668	0.09267	0.00864	0.01318	0.01147	0.00977	0.00298	0.10591	0.0073	0.01133	0.01044	0.00627	0.09792	
0.00124	0.00085	0.00058	0.00052	0.00166	0.00042	0.00063	0.00048	0.00044	0.00021	0.00209	0.00045	0	0	0	0	1e-05	2e-05	1e-05	0.00315	0.00187	6e-05	0.00111	0.00015	0.00235	0.0002	0.0004	0.00024	0.00026	3e-05	0.00272	0.00018	0.00035	0.00037	0.00023	0.00224	
0.00078	0.00051	0.00033	0.00031	0.00108	0.00028	0.00033	0.00024	0.00033	0.00017	0.00125	0.00018	0	0	0	0	0	1e-05	0	0.00192	0.00115	2e-05	0.00066	0.0001	0.00142	0.00014	0.0002	0.00017	0.00016	3e-05	0.00159	0.00015	0.00023	0.00019	0.00016	0.00135	
0.35807	0.27237	0.18943	0.17262	0.51384	0.158	0.16051	0.16014	0.15474	0.07467	0.63803	0.12505	0	0	0	0	0.00275	0.0111	0.00132	0.97732	0.59462	0.0141	0.33485	0.04892	0.73424	0.06815	0.09998	0.09012	0.08288	0.02778	0.81775	0.06408	0.12859	0.12116	0.06765	0.67509	
0.0008	0.00062	0.00055	0.00042	0.00118	0.00033	0.00048	0.0004	0.00049	0.00017	0.00145	0.00028	0	0	0	0	0	1e-05	1e-05	0.00237	0.00144	4e-05	0.00083	8e-05	0.00179	0.00016	0.00023	0.00021	0.00021	8e-05	0.00198	0.00012	0.00036	0.00026	8e-05	0.00169	
0.00098	0.00081	0.00046	0.00051	0.00154	0.00034	0.0005	0.00038	0.00043	0.0002	0.00184	0.00029	1e-05	0	0.00275	0	0	0	0	0	0.0018	2e-05	0.00085	9e-05	0.00216	0.00014	0.00017	0.00029	0.00028	0.00011	0.00221	0.00016	0.00038	0.00029	0.0003	0.00179	
0.0042	0.00309	0.00204	0.00181	0.00577	0.00172	0.00171	0.00194	0.00188	0.00076	0.0072	0.0013	2e-05	1e-05	0.0111	1e-05	0	0	0	0	0.00661	0.00018	0.00364	0.00071	0.00824	0.00079	0.00124	0.00087	0.00099	0.00029	0.00912	0.00074	0.00142	0.00136	0.00085	0.00751	
0.00048	0.00039	0.00021	0.00026	0.00063	0.00024	0.00027	0.0002	0.00018	0.00013	0.00085	0.00018	1e-05	0	0.00132	1e-05	0	0	0	0	0.00084	3e-05	0.00043	4e-05	0.00104	0.00012	0.00014	4e-05	0.00014	2e-05	0.0011	8e-05	0.00015	0.00015	0.00012	0.00092	
0.35523	0.27006	0.18818	0.17129	0.50982	0.15673	0.15947	0.15874	0.15351	0.07413	0.63293	0.12419	0.00315	0.00192	0.97732	0.00237	0	0	0	0	0.58983	0.01399	0.33253	0.04841	0.72836	0.0676	0.09926	0.08954	0.0821	0.0275	0.81161	0.06355	0.12758	0.12018	0.06685	0.67015	
0.21729	0.16371	0.11513	0.10295	0.3105	0.09458	0.09676	0.09724	0.09035	0.04413	0.3917	0.0729	0.00187	0.00115	0.59462	0.00144	0.0018	0.00661	0.00084	0.58983	0	0	0	0	0.44289	0.04106	0.06093	0.0542	0.06602	0.02251	0.45933	0.05122	0.0925	0.08736	0.0488	0.37042	
0.00536	0.00357	0.00284	0.00245	0.00701	0.00255	0.00224	0.00242	0.00225	0.00125	0.00885	0.00187	6e-05	2e-05	0.0141	4e-05	2e-05	0.00018	3e-05	0.01399	0	0	0	0	0.0106	0.00115	0.00136	0.00111	0.00153	0.00036	0.01135	0.00098	0.00138	0.00145	0.00087	0.01052	
0.1213	0.09295	0.06358	0.05962	0.17564	0.05359	0.05487	0.05335	0.05569	0.02607	0.21118	0.04451	0.00111	0.00066	0.33485	0.00083	0.00085	0.00364	0.00043	0.33253	0	0	0	0	0.24989	0.02302	0.03354	0.031	0.01092	0.00341	0.31428	0.00884	0.03021	0.02857	0.01563	0.26304	
0.01694	0.01412	0.00934	0.00885	0.02461	0.00831	0.00808	0.00825	0.00771	0.00377	0.03109	0.00668	0.00015	0.0001	0.04892	8e-05	9e-05	0.00071	4e-05	0.04841	0	0	0	0	0.03642	0.00342	0.00498	0.00443	0.00504	0.00164	0.03908	0.00349	0.00544	0.0046	0.00282	0.03639	
0.26774	0.20225	0.14095	0.12886	0.38355	0.11756	0.11974	0.11895	0.11461	0.05534	0.47718	0.09267	0.00235	0.00142	0.73424	0.00179	0.00216	0.00824	0.00104	0.72836	0.44289	0.0106	0.24989	0.03642	0	0	0	0	0.06186	0.02051	0.60984	0.04759	0.09632	0.09026	0.05026	0.50296	
0.02483	0.01886	0.01314	0.01182	0.03541	0.01114	0.01098	0.01112	0.0111	0.00545	0.04346	0.00864	0.0002	0.00014	0.06815	0.00016	0.00014	0.00079	0.00012	0.0676	0.04106	0.00115	0.02302	0.00342	0	0	0	0	0.00575	0.00199	0.05648	0.00443	0.0086	0.00859	0.00444	0.04702	
0.03616	0.02781	0.01925	0.01759	0.05175	0.01612	0.01662	0.01632	0.01616	0.0077	0.06377	0.01318	0.0004	0.0002	0.09998	0.00023	0.00017	0.00124	0.00014	0.09926	0.06093	0.00136	0.03354	0.00498	0	0	0	0	0.00805	0.00287	0.08322	0.00667	0.01261	0.01205	0.00708	0.06907	
0.03216	0.02543	0.01755	0.0156	0.04705	0.01421	0.01461	0.01487	0.01413	0.00673	0.05841	0.01147	0.00024	0.00017	0.09012	0.00021	0.00029	0.00087	4e-05	0.08954	0.0542	0.00111	0.031	0.00443	0	0	0	0	0.00785	0.00255	0.0745	0.00584	0.012	0.01108	0.00634	0.06132	
0.02963	0.02306	0.01631	0.01451	0.04307	0.01322	0.0133	0.01392	0.01149	0.00522	0.05703	0.00977	0.00026	0.00016	0.08288	0.00021	0.00028	0.00099	0.00014	0.0821	0.06602	0.00153	0.01092	0.00504	0.06186	0.00575	0.00805	0.00785	0	0	0	0	0.01907	0.01767	0.01016	0.03661	
0.00991	0.0076	0.00531	0.0051	0.01448	0.00434	0.00439	0.00471	0.0038	0.00202	0.01912	0.00298	3e-05	3e-05	0.02778	8e-05	0.00011	0.00029	2e-05	0.0275	0.02251	0.00036	0.00341	0.00164	0.02051	0.00199	0.00287	0.00255	0	0	0	0	0.00628	0.00581	0.00345	0.01238	
0.29878	0.22578	0.15673	0.14275	0.42612	0.13127	0.13407	0.13258	0.1316	0.06388	0.52265	0.10591	0.00272	0.00159	0.81775	0.00198	0.00221	0.00912	0.0011	0.81161	0.45933	0.01135	0.31428	0.03908	0.60984	0.05648	0.08322	0.0745	0	0	0	0	0.08993	0.0845	0.04694	0.60267	
0.02257	0.01791	0.01254	0.01151	0.03409	0.0102	0.01019	0.01005	0.00911	0.0041	0.04402	0.0073	0.00018	0.00015	0.06408	0.00012	0.00016	0.00074	8e-05	0.06355	0.05122	0.00098	0.00884	0.00349	0.04759	0.00443	0.00667	0.00584	0	0	0	0	0.01425	0.014	0.00757	0.02871	
0.04688	0.036	0.02458	0.02207	0.06773	0.02029	0.02093	0.02058	0.01346	0.00636	0.09838	0.01133	0.00035	0.00023	0.12859	0.00036	0.00038	0.00142	0.00015	0.12758	0.0925	0.00138	0.03021	0.00544	0.09632	0.0086	0.01261	0.012	0.01907	0.00628	0.08993	0.01425	0	0	0	0	
0.0446	0.03309	0.02309	0.0212	0.06327	0.0193	0.01966	0.01975	0.01253	0.00622	0.09279	0.01044	0.00037	0.00019	0.12116	0.00026	0.00029	0.00136	0.00015	0.12018	0.08736	0.00145	0.02857	0.0046	0.09026	0.00859	0.01205	0.01108	0.01767	0.00581	0.0845	0.014	0	0	0	0	
0.02435	0.01922	0.01317	0.01138	0.03518	0.01115	0.01089	0.0109	0.00717	0.0032	0.05148	0.00627	0.00023	0.00016	0.06765	8e-05	0.0003	0.00085	0.00012	0.06685	0.0488	0.00087	0.01563	0.00282	0.05026	0.00444	0.00708	0.00634	0.01016	0.00345	0.04694	0.00757	0	0	0	0	
0.24506	0.18604	0.13005	0.11922	0.35158	0.10829	0.11047	0.11003	0.12284	0.05944	0.40017	0.09792	0.00224	0.00135	0.67509	0.00169	0.00179	0.00751	0.00092	0.67015	0.37042	0.01052	0.26304	0.03639	0.50296	0.04702	0.06907	0.06132	0.03661	0.01238	0.60267	0.02871	0	0	0	0	
