0	0	0	0	0.20438	0.05221	0.05365	0.05211	0.05614	0.02648	0.23359	0.04614	0.00114	0.00056	0.35987	0.00078	0.00096	0.00423	0.00051	0.35665	0.21586	0.00465	0.12442	0.01742	0.26843	0.02431	0.03628	0.03333	0.03023	0.01001	0.29845	0.02366	0.04609	0.04498	0.02442	0.24686	
0	0	0	0	0.15483	0.03922	0.03915	0.03908	0.0437	0.02088	0.1735	0.0342	0.00094	0.00048	0.2702	0.00066	0.00075	0.00295	0.00032	0.26826	0.16167	0.00383	0.09341	0.01337	0.20195	0.01889	0.02763	0.02381	0.02268	0.00757	0.22491	0.01712	0.03465	0.03319	0.01856	0.18588	
0	0	0	0	0.11066	0.02703	0.0276	0.02719	0.02933	0.01413	0.12405	0.02497	0.0005	0.00036	0.19129	0.00033	0.00051	0.00192	0.0002	0.18985	0.11454	0.00235	0.06652	0.00907	0.14305	0.01255	0.01926	0.01762	0.01606	0.00524	0.15918	0.012	0.02496	0.02384	0.01364	0.13004	
0	0	0	0	0.04722	0.04091	0.04141	0.04335	0.02722	0.01235	0.11182	0.0215	0.00051	0.00048	0.17146	0.00044	0.00045	0.00175	0.00019	0.1705	0.1024	0.00238	0.05985	0.00826	0.12792	0.01173	0.01753	0.01571	0.01425	0.00472	0.14298	0.01094	0.0222	0.02055	0.01248	0.11766	
0.20438	0.15483	0.11066	0.04722	0	0	0	0	0.08091	0.03852	0.33218	0.06548	0.0017	0.0009	0.51341	0.00108	0.00126	0.00549	0.00068	0.50966	0.30775	0.00682	0.17808	0.02444	0.38366	0.03487	0.05263	0.04593	0.04242	0.01456	0.42731	0.0328	0.06532	0.06321	0.03515	0.35341	
0.05221	0.03922	0.02703	0.04091	0	0	0	0	0.02503	0.01143	0.10221	0.0207	0.00043	0.0004	0.15823	0.00031	0.0005	0.00175	0.00018	0.15694	0.09494	0.00204	0.05442	0.00797	0.11757	0.01102	0.01577	0.01501	0.01361	0.00442	0.1311	0.01024	0.02163	0.01961	0.01112	0.10701	
0.05365	0.03915	0.0276	0.04141	0	0	0	0	0.02518	0.01193	0.10414	0.02056	0.0005	0.00033	0.16054	0.00044	0.00045	0.00181	0.00018	0.15937	0.09657	0.00211	0.05513	0.008	0.12053	0.01081	0.01599	0.01448	0.01334	0.00424	0.13354	0.01069	0.02035	0.01973	0.01132	0.11041	
0.05211	0.03908	0.02719	0.04335	0	0	0	0	0.02527	0.01196	0.10443	0.02007	0.00046	0.00025	0.16064	0.00038	0.00046	0.0018	0.00018	0.15929	0.09521	0.00224	0.05657	0.00771	0.11959	0.01078	0.01631	0.01505	0.01385	0.00432	0.13357	0.00999	0.0206	0.02001	0.01151	0.10961	
0.05614	0.0437	0.02933	0.02722	0.08091	0.02503	0.02518	0.02527	0	0	0	0	0.0005	0.00027	0.1553	0.00032	0.00046	0.00172	0.00012	0.15409	0.08989	0.00218	0.05656	0.00776	0.11584	0.01108	0.01561	0.01386	0.01118	0.00407	0.13249	0.00865	0.0134	0.01276	0.00747	0.12276	
0.02648	0.02088	0.01413	0.01235	0.03852	0.01143	0.01193	0.01196	0	0	0	0	0.00023	0.00014	0.07331	0.00016	0.00019	0.00077	0.00013	0.07275	0.04329	0.00092	0.02631	0.00332	0.05509	0.00484	0.00758	0.00633	0.00565	0.00185	0.06257	0.00377	0.00659	0.00642	0.00322	0.05761	
0.23359	0.1735	0.12405	0.11182	0.33218	0.10221	0.10414	0.10443	0	0	0	0	0.00203	0.00117	0.63832	0.00144	0.00173	0.00713	0.0008	0.6333	0.38804	0.00851	0.21603	0.03038	0.47626	0.04306	0.06485	0.05879	0.05692	0.01866	0.5234	0.04398	0.09709	0.09291	0.0526	0.40036	
0.04614	0.0342	0.02497	0.0215	0.06548	0.0207	0.02056	0.02007	0	0	0	0	0.00033	0.0003	0.12589	0.00029	0.00029	0.00123	0.00017	0.12512	0.07325	0.0016	0.0453	0.00666	0.09416	0.0085	0.01266	0.01149	0.00947	0.00296	0.10706	0.00732	0.01082	0.01047	0.00581	0.09971	
0.00114	0.00094	0.0005	0.00051	0.0017	0.00043	0.0005	0.00046	0.0005	0.00023	0.00203	0.00033	0	0	0	0	2e-05	7e-05	0	0.003	0.0018	2e-05	0.00112	0.00015	0.00229	0.00023	0.00029	0.00028	0.00026	0.00012	0.00245	0.00026	0.00038	0.00041	0.00024	0.00206	
0.00056	0.00048	0.00036	0.00048	0.0009	0.0004	0.00033	0.00025	0.00027	0.00014	0.00117	0.0003	0	0	0	0	1e-05	3e-05	1e-05	0.00183	0.00123	4e-05	0.00056	5e-05	0.0014	0.00018	0.00015	0.00015	0.00017	7e-05	0.0015	0.00014	0.00024	0.00026	9e-05	0.00129	
0.35987	0.2702	0.19129	0.17146	0.51341	0.15823	0.16054	0.16064	0.1553	0.07331	0.63832	0.12589	0	0	0	0	0.00263	0.01074	0.00121	0.97824	0.59022	0.01311	0.34169	0.0478	0.7361	0.06686	0.10001	0.08985	0.08263	0.02729	0.81972	0.06318	0.12704	0.1216	0.06864	0.67554	
0.00078	0.00066	0.00033	0.00044	0.00108	0.00031	0.00044	0.00038	0.00032	0.00016	0.00144	0.00029	0	0	0	0	1e-05	1e-05	0	0.00219	0.00122	4e-05	0.00083	0.00012	0.00156	0.00021	0.00025	0.00019	0.00016	6e-05	0.00185	0.00014	0.00024	0.00029	0.00013	0.00155	
0.00096	0.00075	0.00051	0.00045	0.00126	0.0005	0.00045	0.00046	0.00046	0.00019	0.00173	0.00029	2e-05	1e-05	0.00263	1e-05	0	0	0	0	0.00146	9e-05	0.00101	0.00011	0.00199	0.0002	0.00024	0.00024	0.00019	5e-05	0.00227	0.00016	0.00025	0.00044	0.0002	0.00178	
0.00423	0.00295	0.00192	0.00175	0.00549	0.00175	0.00181	0.0018	0.00172	0.00077	0.00713	0.00123	7e-05	3e-05	0.01074	1e-05	0	0	0	0	0.00638	0.00011	0.00385	0.00051	0.00805	0.00084	0.00115	0.00081	0.00089	0.00027	0.00914	0.00055	0.00139	0.00115	0.00068	0.00763	
0.00051	0.00032	0.0002	0.00019	0.00068	0.00018	0.00018	0.00018	0.00012	0.00013	0.0008	0.00017	0	1e-05	0.00121	0	0	0	0	0	0.00071	0	0.00044	7e-05	0.00084	6e-05	0.00018	0.00014	0.00014	1e-05	0.001	7e-05	0.00022	0.00018	0.00011	0.00071	
0.35665	0.26826	0.18985	0.1705	0.50966	0.15694	0.15937	0.15929	0.15409	0.07275	0.6333	0.12512	0.003	0.00183	0.97824	0.00219	0	0	0	0	0.58592	0.01301	0.3389	0.04743	0.73047	0.06638	0.09913	0.08928	0.082	0.02721	0.81311	0.06294	0.12604	0.12079	0.06811	0.67032	
0.21586	0.16167	0.11454	0.1024	0.30775	0.09494	0.09657	0.09521	0.08989	0.04329	0.38804	0.07325	0.0018	0.00123	0.59022	0.00122	0.00146	0.00638	0.00071	0.58592	0	0	0	0	0.43898	0.04017	0.06112	0.0542	0.0608	0.02028	0.46651	0.04688	0.09097	0.08786	0.04913	0.36651	
0.00465	0.00383	0.00235	0.00238	0.00682	0.00204	0.00211	0.00224	0.00218	0.00092	0.00851	0.0016	2e-05	4e-05	0.01311	4e-05	9e-05	0.00011	0	0.01301	0	0	0	0	0.00996	0.00062	0.00133	0.0013	0.00127	0.00036	0.01076	0.00082	0.00143	0.0014	0.00066	0.00972	
0.12442	0.09341	0.06652	0.05985	0.17808	0.05442	0.05513	0.05657	0.05656	0.02631	0.21603	0.0453	0.00112	0.00056	0.34169	0.00083	0.00101	0.00385	0.00044	0.3389	0	0	0	0	0.2566	0.02334	0.03367	0.03059	0.01661	0.00565	0.30902	0.01292	0.03103	0.02856	0.01675	0.26786	
0.01742	0.01337	0.00907	0.00826	0.02444	0.00797	0.008	0.00771	0.00776	0.00332	0.03038	0.00666	0.00015	5e-05	0.0478	0.00012	0.00011	0.00051	7e-05	0.04743	0	0	0	0	0.03581	0.00335	0.00458	0.00438	0.00454	0.00125	0.03923	0.0031	0.00447	0.00474	0.00256	0.03635	
0.26843	0.20195	0.14305	0.12792	0.38366	0.11757	0.12053	0.11959	0.11584	0.05509	0.47626	0.09416	0.00229	0.0014	0.7361	0.00156	0.00199	0.00805	0.00084	0.73047	0.43898	0.00996	0.2566	0.03581	0	0	0	0	0.06189	0.02039	0.61214	0.04693	0.09489	0.09023	0.05102	0.50521	
0.02431	0.01889	0.01255	0.01173	0.03487	0.01102	0.01081	0.01078	0.01108	0.00484	0.04306	0.0085	0.00023	0.00018	0.06686	0.00021	0.0002	0.00084	6e-05	0.06638	0.04017	0.00062	0.02334	0.00335	0	0	0	0	0.00553	0.00188	0.05565	0.00442	0.00854	0.00833	0.00496	0.04565	
0.03628	0.02763	0.01926	0.01753	0.05263	0.01577	0.01599	0.01631	0.01561	0.00758	0.06485	0.01266	0.00029	0.00015	0.10001	0.00025	0.00024	0.00115	0.00018	0.09913	0.06112	0.00133	0.03367	0.00458	0	0	0	0	0.00835	0.00273	0.08316	0.00646	0.01302	0.01257	0.00688	0.06823	
0.03333	0.02381	0.01762	0.01571	0.04593	0.01501	0.01448	0.01505	0.01386	0.00633	0.05879	0.01149	0.00028	0.00015	0.08985	0.00019	0.00024	0.00081	0.00014	0.08928	0.0542	0.0013	0.03059	0.00438	0	0	0	0	0.00745	0.00254	0.07457	0.00591	0.01145	0.01143	0.00624	0.06135	
0.03023	0.02268	0.01606	0.01425	0.04242	0.01361	0.01334	0.01385	0.01118	0.00565	0.05692	0.00947	0.00026	0.00017	0.08263	0.00016	0.00019	0.00089	0.00014	0.082	0.0608	0.00127	0.01661	0.00454	0.06189	0.00553	0.00835	0.00745	0	0	0	0	0.01883	0.01793	0.00977	0.03669	
0.01001	0.00757	0.00524	0.00472	0.01456	0.00442	0.00424	0.00432	0.00407	0.00185	0.01866	0.00296	0.00012	7e-05	0.02729	6e-05	5e-05	0.00027	1e-05	0.02721	0.02028	0.00036	0.00565	0.00125	0.02039	0.00188	0.00273	0.00254	0	0	0	0	0.00616	0.0059	0.00359	0.01189	
0.29845	0.22491	0.15918	0.14298	0.42731	0.1311	0.13354	0.13357	0.13249	0.06257	0.5234	0.10706	0.00245	0.0015	0.81972	0.00185	0.00227	0.00914	0.001	0.81311	0.46651	0.01076	0.30902	0.03923	0.61214	0.05565	0.08316	0.07457	0	0	0	0	0.08855	0.08472	0.0483	0.60395	
0.02366	0.01712	0.012	0.01094	0.0328	0.01024	0.01069	0.00999	0.00865	0.00377	0.04398	0.00732	0.00026	0.00014	0.06318	0.00014	0.00016	0.00055	7e-05	0.06294	0.04688	0.00082	0.01292	0.0031	0.04693	0.00442	0.00646	0.00591	0	0	0	0	0.01436	0.01401	0.00744	0.02791	
0.04609	0.03465	0.02496	0.0222	0.06532	0.02163	0.02035	0.0206	0.0134	0.00659	0.09709	0.01082	0.00038	0.00024	0.12704	0.00024	0.00025	0.00139	0.00022	0.12604	0.09097	0.00143	0.03103	0.00447	0.09489	0.00854	0.01302	0.01145	0.01883	0.00616	0.08855	0.01436	0	0	0	0	
0.04498	0.03319	0.02384	0.02055	0.06321	0.01961	0.01973	0.02001	0.01276	0.00642	0.09291	0.01047	0.00041	0.00026	0.1216	0.00029	0.00044	0.00115	0.00018	0.12079	0.08786	0.0014	0.02856	0.00474	0.09023	0.00833	0.01257	0.01143	0.01793	0.0059	0.08472	0.01401	0	0	0	0	
0.02442	0.01856	0.01364	0.01248	0.03515	0.01112	0.01132	0.01151	0.00747	0.00322	0.0526	0.00581	0.00024	9e-05	0.06864	0.00013	0.0002	0.00068	0.00011	0.06811	0.04913	0.00066	0.01675	0.00256	0.05102	0.00496	0.00688	0.00624	0.00977	0.00359	0.0483	0.00744	0	0	0	0	
0.24686	0.18588	0.13004	0.11766	0.35341	0.10701	0.11041	0.10961	0.12276	0.05761	0.40036	0.09971	0.00206	0.00129	0.67554	0.00155	0.00178	0.00763	0.00071	0.67032	0.36651	0.00972	0.26786	0.03635	0.50521	0.04565	0.06823	0.06135	0.03669	0.01189	0.60395	0.02791	0	0	0	0	
