0	0	0	0	0.20643	0.0511	0.0536	0.05271	0.05569	0.0274	0.23374	0.04701	0.00104	0.00066	0.36116	0.00098	0.00092	0.00407	0.00044	0.35841	0.2173	0.00475	0.12463	0.01716	0.26894	0.02463	0.03702	0.03325	0.02902	0.0101	0.3007	0.02402	0.04767	0.04421	0.02417	0.24779	
0	0	0	0	0.15509	0.03867	0.03949	0.03907	0.04247	0.02058	0.17443	0.03484	0.0007	0.00052	0.27057	0.00053	0.00078	0.00289	0.00036	0.26829	0.16	0.00334	0.09573	0.01325	0.20058	0.0198	0.02709	0.02485	0.02161	0.00772	0.22611	0.01688	0.0352	0.0332	0.0181	0.18582	
0	0	0	0	0.1084	0.02746	0.02762	0.02856	0.03002	0.01444	0.12249	0.02509	0.00058	0.00033	0.19062	0.00051	0.00062	0.00219	0.00032	0.18891	0.1153	0.00252	0.06553	0.00869	0.14177	0.01369	0.01933	0.01725	0.01561	0.00524	0.15926	0.01193	0.02412	0.02341	0.01362	0.13089	
0	0	0	0	0.04709	0.04109	0.04121	0.04241	0.02563	0.01296	0.1116	0.02161	0.00055	0.00038	0.17041	0.00046	0.0005	0.00185	0.00026	0.16919	0.10266	0.00222	0.05889	0.00803	0.12644	0.01184	0.01755	0.01597	0.01461	0.00459	0.14154	0.01106	0.02271	0.02154	0.01102	0.11653	
0.20643	0.15509	0.1084	0.04709	0	0	0	0	0.07911	0.03893	0.33283	0.06614	0.00156	0.00094	0.51336	0.00115	0.00161	0.00585	0.00073	0.50882	0.30843	0.0065	0.17805	0.02403	0.38172	0.03601	0.0522	0.04708	0.04126	0.01473	0.42765	0.03337	0.06702	0.0631	0.03439	0.3525	
0.0511	0.03867	0.02746	0.04109	0	0	0	0	0.02467	0.0122	0.10058	0.02087	0.00033	0.0003	0.15724	0.00045	0.00029	0.00173	0.00021	0.15609	0.09325	0.00223	0.0554	0.00744	0.11682	0.01093	0.01616	0.01441	0.01328	0.00428	0.13056	0.0102	0.02098	0.0199	0.01046	0.10698	
0.0536	0.03949	0.02762	0.04121	0	0	0	0	0.0246	0.01241	0.10386	0.02105	0.00048	0.00028	0.16075	0.00041	0.00044	0.00169	0.00026	0.15953	0.0962	0.00211	0.05559	0.00802	0.11933	0.01139	0.01621	0.01499	0.01286	0.00451	0.13409	0.01046	0.02061	0.0197	0.01115	0.11046	
0.05271	0.03907	0.02856	0.04241	0	0	0	0	0.02543	0.01184	0.10499	0.02049	0.0005	0.00037	0.16141	0.00047	0.00048	0.00173	0.00018	0.16036	0.09738	0.00199	0.05574	0.00764	0.11986	0.01163	0.01642	0.01484	0.01345	0.00413	0.13531	0.00986	0.02109	0.01966	0.01091	0.11109	
0.05569	0.04247	0.03002	0.02563	0.07911	0.02467	0.0246	0.02543	0	0	0	0	0.00041	0.00035	0.15273	0.00032	0.00045	0.00162	0.00018	0.15156	0.08845	0.00192	0.05602	0.00742	0.11374	0.01087	0.01543	0.01377	0.01099	0.00347	0.13064	0.00871	0.01249	0.01247	0.00692	0.12193	
0.0274	0.02058	0.01444	0.01296	0.03893	0.0122	0.01241	0.01184	0	0	0	0	0.00022	0.00011	0.07494	0.00011	0.00021	0.00078	0.00012	0.07427	0.04372	0.00091	0.02714	0.00361	0.05591	0.00511	0.0076	0.00676	0.00551	0.00177	0.06363	0.00447	0.00712	0.00624	0.0032	0.05882	
0.23374	0.17443	0.12249	0.1116	0.33283	0.10058	0.10386	0.10499	0	0	0	0	0.00187	0.00116	0.6375	0.00173	0.0018	0.00724	0.00091	0.63231	0.38836	0.00832	0.21576	0.02982	0.47265	0.04553	0.06492	0.05916	0.05537	0.01911	0.52446	0.04332	0.09872	0.09298	0.05102	0.39954	
0.04701	0.03484	0.02509	0.02161	0.06614	0.02087	0.02105	0.02049	0	0	0	0	0.00037	0.00027	0.12759	0.00032	0.00036	0.00136	0.00017	0.12666	0.07473	0.00168	0.04586	0.00628	0.09543	0.00845	0.01304	0.01163	0.00898	0.0033	0.10888	0.00739	0.01137	0.01067	0.00577	0.10074	
0.00104	0.0007	0.00058	0.00055	0.00156	0.00033	0.00048	0.0005	0.00041	0.00022	0.00187	0.00037	0	0	0	0	2e-05	4e-05	1e-05	0.0028	0.00148	5e-05	0.00116	0.00018	0.00211	0.00021	0.00022	0.00033	0.00026	0.0001	0.00233	0.00018	0.00037	0.0004	0.00023	0.00187	
0.00066	0.00052	0.00033	0.00038	0.00094	0.0003	0.00028	0.00037	0.00035	0.00011	0.00116	0.00027	0	0	0	0	1e-05	1e-05	0	0.00187	0.00118	5e-05	0.00061	5e-05	0.00125	0.00021	0.00025	0.00018	0.00017	7e-05	0.00156	9e-05	0.00026	0.00036	0.00012	0.00115	
0.36116	0.27057	0.19062	0.17041	0.51336	0.15724	0.16075	0.16141	0.15273	0.07494	0.6375	0.12759	0	0	0	0	0.00277	0.01093	0.00136	0.9777	0.59111	0.01269	0.34214	0.04682	0.73251	0.0694	0.10031	0.09054	0.08022	0.02739	0.82171	0.06344	0.12877	0.12128	0.06633	0.67638	
0.00098	0.00053	0.00051	0.00046	0.00115	0.00045	0.00041	0.00047	0.00032	0.00011	0.00173	0.00032	0	0	0	0	2e-05	2e-05	1e-05	0.00243	0.00149	4e-05	0.00087	8e-05	0.00186	0.00014	0.00021	0.00027	0.0002	9e-05	0.00201	0.00018	0.0003	0.00032	0.00023	0.00163	
0.00092	0.00078	0.00062	0.0005	0.00161	0.00029	0.00044	0.00048	0.00045	0.00021	0.0018	0.00036	2e-05	1e-05	0.00277	2e-05	0	0	0	0	0.00169	6e-05	0.00093	0.00014	0.00202	0.00024	0.0003	0.00026	0.00017	0.00011	0.00234	0.0002	0.00034	0.00035	0.00024	0.00189	
0.00407	0.00289	0.00219	0.00185	0.00585	0.00173	0.00169	0.00173	0.00162	0.00078	0.00724	0.00136	4e-05	1e-05	0.01093	2e-05	0	0	0	0	0.0066	0.00018	0.00372	0.0005	0.00836	0.00079	0.00092	0.00093	0.00092	0.00036	0.00912	0.0006	0.00163	0.00125	0.00086	0.00726	
0.00044	0.00036	0.00032	0.00026	0.00073	0.00021	0.00026	0.00018	0.00018	0.00012	0.00091	0.00017	1e-05	0	0.00136	1e-05	0	0	0	0	0.00082	1e-05	0.00049	6e-05	0.00096	0.00011	0.00016	0.00015	0.00013	3e-05	0.00116	6e-05	0.00013	0.00017	8e-05	0.001	
0.35841	0.26829	0.18891	0.16919	0.50882	0.15609	0.15953	0.16036	0.15156	0.07427	0.63231	0.12666	0.0028	0.00187	0.9777	0.00243	0	0	0	0	0.58615	0.01258	0.33964	0.04643	0.72639	0.06882	0.09961	0.08998	0.07963	0.02715	0.81499	0.06303	0.1276	0.12059	0.06573	0.67088	
0.2173	0.16	0.1153	0.10266	0.30843	0.09325	0.0962	0.09738	0.08845	0.04372	0.38836	0.07473	0.00148	0.00118	0.59111	0.00149	0.00169	0.0066	0.00082	0.58615	0	0	0	0	0.43878	0.04192	0.05981	0.05475	0.05847	0.01996	0.47098	0.04585	0.09233	0.08772	0.04717	0.36804	
0.00475	0.00334	0.00252	0.00222	0.0065	0.00223	0.00211	0.00199	0.00192	0.00091	0.00832	0.00168	5e-05	5e-05	0.01269	4e-05	6e-05	0.00018	1e-05	0.01258	0	0	0	0	0.00935	0.00104	0.00142	0.00102	0.00127	0.00033	0.01033	0.0009	0.00126	0.00134	0.0006	0.00963	
0.12463	0.09573	0.06553	0.05889	0.17805	0.0554	0.05559	0.05574	0.05602	0.02714	0.21576	0.04586	0.00116	0.00061	0.34214	0.00087	0.00093	0.00372	0.00049	0.33964	0	0	0	0	0.25498	0.02357	0.03494	0.03129	0.01741	0.0059	0.30749	0.01398	0.03129	0.02875	0.01642	0.26832	
0.01716	0.01325	0.00869	0.00803	0.02403	0.00744	0.00802	0.00764	0.00742	0.00361	0.02982	0.00628	0.00018	5e-05	0.04682	8e-05	0.00014	0.0005	6e-05	0.04643	0	0	0	0	0.03462	0.00343	0.00482	0.00426	0.0037	0.00146	0.03881	0.00316	0.00482	0.00455	0.00272	0.03504	
0.26894	0.20058	0.14177	0.12644	0.38172	0.11682	0.11933	0.11986	0.11374	0.05591	0.47265	0.09543	0.00211	0.00125	0.73251	0.00186	0.00202	0.00836	0.00096	0.72639	0.43878	0.00935	0.25498	0.03462	0	0	0	0	0.05974	0.02006	0.61049	0.04744	0.09557	0.09014	0.04932	0.5027	
0.02463	0.0198	0.01369	0.01184	0.03601	0.01093	0.01139	0.01163	0.01087	0.00511	0.04553	0.00845	0.00021	0.00021	0.0694	0.00014	0.00024	0.00079	0.00011	0.06882	0.04192	0.00104	0.02357	0.00343	0	0	0	0	0.00561	0.00193	0.05794	0.00448	0.00904	0.00816	0.00467	0.04809	
0.03702	0.02709	0.01933	0.01755	0.0522	0.01616	0.01621	0.01642	0.01543	0.0076	0.06492	0.01304	0.00022	0.00025	0.10031	0.00021	0.0003	0.00092	0.00016	0.09961	0.05981	0.00142	0.03494	0.00482	0	0	0	0	0.0082	0.00287	0.08363	0.00629	0.01385	0.01189	0.00675	0.0685	
0.03325	0.02485	0.01725	0.01597	0.04708	0.01441	0.01499	0.01484	0.01377	0.00676	0.05916	0.01163	0.00033	0.00018	0.09054	0.00027	0.00026	0.00093	0.00015	0.08998	0.05475	0.00102	0.03129	0.00426	0	0	0	0	0.0073	0.00279	0.07555	0.00568	0.01124	0.01217	0.00617	0.06174	
0.02902	0.02161	0.01561	0.01461	0.04126	0.01328	0.01286	0.01345	0.01099	0.00551	0.05537	0.00898	0.00026	0.00017	0.08022	0.0002	0.00017	0.00092	0.00013	0.07963	0.05847	0.00127	0.01741	0.0037	0.05974	0.00561	0.0082	0.0073	0	0	0	0	0.01813	0.01749	0.00961	0.03562	
0.0101	0.00772	0.00524	0.00459	0.01473	0.00428	0.00451	0.00413	0.00347	0.00177	0.01911	0.0033	0.0001	7e-05	0.02739	9e-05	0.00011	0.00036	3e-05	0.02715	0.01996	0.00033	0.0059	0.00146	0.02006	0.00193	0.00287	0.00279	0	0	0	0	0.00607	0.00622	0.00325	0.01211	
0.3007	0.22611	0.15926	0.14154	0.42765	0.13056	0.13409	0.13531	0.13064	0.06363	0.52446	0.10888	0.00233	0.00156	0.82171	0.00201	0.00234	0.00912	0.00116	0.81499	0.47098	0.01033	0.30749	0.03881	0.61049	0.05794	0.08363	0.07555	0	0	0	0	0.09092	0.08499	0.04658	0.60512	
0.02402	0.01688	0.01193	0.01106	0.03337	0.0102	0.01046	0.00986	0.00871	0.00447	0.04332	0.00739	0.00018	9e-05	0.06344	0.00018	0.0002	0.0006	6e-05	0.06303	0.04585	0.0009	0.01398	0.00316	0.04744	0.00448	0.00629	0.00568	0	0	0	0	0.01458	0.01366	0.00747	0.02818	
0.04767	0.0352	0.02412	0.02271	0.06702	0.02098	0.02061	0.02109	0.01249	0.00712	0.09872	0.01137	0.00037	0.00026	0.12877	0.0003	0.00034	0.00163	0.00013	0.1276	0.09233	0.00126	0.03129	0.00482	0.09557	0.00904	0.01385	0.01124	0.01813	0.00607	0.09092	0.01458	0	0	0	0	
0.04421	0.0332	0.02341	0.02154	0.0631	0.0199	0.0197	0.01966	0.01247	0.00624	0.09298	0.01067	0.0004	0.00036	0.12128	0.00032	0.00035	0.00125	0.00017	0.12059	0.08772	0.00134	0.02875	0.00455	0.09014	0.00816	0.01189	0.01217	0.01749	0.00622	0.08499	0.01366	0	0	0	0	
0.02417	0.0181	0.01362	0.01102	0.03439	0.01046	0.01115	0.01091	0.00692	0.0032	0.05102	0.00577	0.00023	0.00012	0.06633	0.00023	0.00024	0.00086	8e-05	0.06573	0.04717	0.0006	0.01642	0.00272	0.04932	0.00467	0.00675	0.00617	0.00961	0.00325	0.04658	0.00747	0	0	0	0	
0.24779	0.18582	0.13089	0.11653	0.3525	0.10698	0.11046	0.11109	0.12193	0.05882	0.39954	0.10074	0.00187	0.00115	0.67638	0.00163	0.00189	0.00726	0.001	0.67088	0.36804	0.00963	0.26832	0.03504	0.5027	0.04809	0.0685	0.06174	0.03562	0.01211	0.60512	0.02818	0	0	0	0	
