0	0	0	0	0.2068	0.05103	0.05167	0.05246	0.05722	0.02638	0.23274	0.04562	0.00139	0.00077	0.3589	0.0009	0.00099	0.00382	0.00057	0.35658	0.21403	0.00488	0.12512	0.01793	0.26752	0.02521	0.03669	0.03254	0.02956	0.00929	0.30016	0.02295	0.04627	0.04362	0.02466	0.24741	
0	0	0	0	0.15547	0.03834	0.03925	0.03955	0.04247	0.02068	0.17468	0.03478	0.00088	0.00055	0.27047	0.00071	0.00083	0.00296	0.00034	0.26848	0.16238	0.00352	0.09327	0.01344	0.20128	0.01897	0.02767	0.02469	0.02336	0.00766	0.22386	0.01773	0.03639	0.03192	0.01836	0.18594	
0	0	0	0	0.10904	0.02845	0.0271	0.02826	0.03031	0.01465	0.12303	0.02486	0.0007	0.00039	0.19133	0.00043	0.00043	0.0023	0.00027	0.18985	0.11574	0.00257	0.06534	0.0092	0.14248	0.01365	0.01917	0.01755	0.01657	0.00551	0.15843	0.01234	0.02454	0.02355	0.01264	0.13212	
0	0	0	0	0.04738	0.04153	0.04127	0.0424	0.02718	0.01287	0.11107	0.02146	0.00047	0.00044	0.17131	0.00036	0.00049	0.00193	0.00027	0.16989	0.10247	0.00225	0.05874	0.00912	0.1286	0.01117	0.01779	0.01502	0.01446	0.00478	0.14285	0.01049	0.02228	0.02065	0.01156	0.11809	
0.2068	0.15547	0.10904	0.04738	0	0	0	0	0.08124	0.03903	0.33196	0.06646	0.00189	0.00112	0.5143	0.00138	0.00155	0.00557	0.00074	0.51083	0.30816	0.0068	0.17806	0.02567	0.38499	0.03557	0.0523	0.04583	0.04377	0.01426	0.42767	0.03299	0.06685	0.06189	0.03539	0.35456	
0.05103	0.03834	0.02845	0.04153	0	0	0	0	0.02554	0.01181	0.10225	0.01975	0.00053	0.0004	0.15806	0.00036	0.0005	0.00169	0.00022	0.15694	0.09405	0.00209	0.05503	0.00818	0.11719	0.01058	0.01644	0.01514	0.0131	0.00434	0.13184	0.01007	0.02083	0.01832	0.01051	0.10969	
0.05167	0.03925	0.0271	0.04127	0	0	0	0	0.02508	0.01181	0.10253	0.01987	0.00054	0.00031	0.15814	0.0003	0.00035	0.00181	0.00022	0.15691	0.09586	0.00211	0.0536	0.00772	0.11745	0.01147	0.01613	0.01424	0.01342	0.00414	0.13129	0.01044	0.02097	0.01927	0.01037	0.10868	
0.05246	0.03955	0.02826	0.0424	0	0	0	0	0.02532	0.01193	0.10478	0.02064	0.00048	0.00032	0.16151	0.00036	0.00034	0.00194	0.00027	0.16012	0.09655	0.00222	0.05578	0.00812	0.12025	0.01138	0.01645	0.01459	0.01366	0.0045	0.1345	0.01001	0.02083	0.02026	0.01095	0.11063	
0.05722	0.04247	0.03031	0.02718	0.08124	0.02554	0.02508	0.02532	0	0	0	0	0.00044	0.0004	0.1559	0.00044	0.00044	0.00143	0.00013	0.15518	0.08994	0.00216	0.05706	0.00802	0.11653	0.01114	0.01561	0.0139	0.01169	0.00357	0.13324	0.00868	0.01341	0.01253	0.0072	0.12404	
0.02638	0.02068	0.01465	0.01287	0.03903	0.01181	0.01181	0.01193	0	0	0	0	0.00034	0.00012	0.07395	0.00017	0.00015	0.00086	0.00015	0.07342	0.04309	0.00096	0.0268	0.00373	0.05518	0.00538	0.00729	0.00673	0.0057	0.00169	0.06274	0.00445	0.0067	0.00601	0.00303	0.05884	
0.23274	0.17468	0.12303	0.11107	0.33196	0.10225	0.10253	0.10478	0	0	0	0	0.00229	0.00139	0.63636	0.00148	0.00176	0.00733	0.00094	0.63149	0.38893	0.00833	0.21335	0.03091	0.47421	0.04387	0.06568	0.05776	0.05712	0.0189	0.52219	0.04331	0.09851	0.09139	0.0507	0.40092	
0.04562	0.03478	0.02486	0.02146	0.06646	0.01975	0.01987	0.02064	0	0	0	0	0.00037	0.00024	0.1258	0.00031	0.00039	0.00139	0.00023	0.12471	0.07266	0.00177	0.04526	0.00703	0.09396	0.00861	0.01274	0.01141	0.00944	0.00308	0.10713	0.00707	0.01086	0.00981	0.00629	0.09976	
0.00139	0.00088	0.0007	0.00047	0.00189	0.00053	0.00054	0.00048	0.00044	0.00034	0.00229	0.00037	0	0	0	0	0	3e-05	0	0.00341	0.00219	1e-05	0.00104	0.0002	0.00251	0.00024	0.00038	0.00031	0.00028	0.0001	0.0028	0.00026	0.00053	0.00043	0.00019	0.00229	
0.00077	0.00055	0.00039	0.00044	0.00112	0.0004	0.00031	0.00032	0.0004	0.00012	0.00139	0.00024	0	0	0	0	0	1e-05	0	0.00214	0.00143	4e-05	0.00058	0.0001	0.00169	0.00014	0.00012	0.0002	0.00022	6e-05	0.00171	0.00016	0.00039	0.00025	0.00014	0.00137	
0.3589	0.27047	0.19133	0.17131	0.5143	0.15806	0.15814	0.16151	0.1559	0.07395	0.63636	0.1258	0	0	0	0	0.00274	0.01092	0.00144	0.97691	0.58955	0.01315	0.34004	0.04927	0.73394	0.06848	0.10057	0.08902	0.08319	0.02701	0.81885	0.06296	0.12811	0.11884	0.06671	0.67835	
0.0009	0.00071	0.00043	0.00036	0.00138	0.00036	0.0003	0.00036	0.00044	0.00017	0.00148	0.00031	0	0	0	0	0	5e-05	1e-05	0.00234	0.00145	2e-05	0.00081	0.00012	0.00174	0.00014	0.00025	0.00027	0.00026	7e-05	0.00194	0.00013	0.00045	0.00022	0.00018	0.00155	
0.00099	0.00083	0.00043	0.00049	0.00155	0.0005	0.00035	0.00034	0.00044	0.00015	0.00176	0.00039	0	0	0.00274	0	0	0	0	0	0.00161	4e-05	0.001	9e-05	0.00199	0.00013	0.00035	0.00027	0.00018	0.0001	0.00232	0.00014	0.00035	0.00033	0.00024	0.00182	
0.00382	0.00296	0.0023	0.00193	0.00557	0.00169	0.00181	0.00194	0.00143	0.00086	0.00733	0.00139	3e-05	1e-05	0.01092	5e-05	0	0	0	0	0.00654	0.00017	0.00387	0.00043	0.00817	0.00075	0.00128	0.00081	0.00092	0.0004	0.00899	0.0007	0.00125	0.00141	0.0009	0.00745	
0.00057	0.00034	0.00027	0.00027	0.00074	0.00022	0.00022	0.00027	0.00013	0.00015	0.00094	0.00023	0	0	0.00144	1e-05	0	0	0	0	0.00077	3e-05	0.00058	7e-05	0.00103	9e-05	0.00018	0.00015	0.00016	5e-05	0.0011	0.00014	0.00021	0.00016	0.00012	0.00096	
0.35658	0.26848	0.18985	0.16989	0.51083	0.15694	0.15691	0.16012	0.15518	0.07342	0.63149	0.12471	0.00341	0.00214	0.97691	0.00234	0	0	0	0	0.5857	0.01298	0.33702	0.0491	0.72869	0.06803	0.09951	0.08857	0.08269	0.02669	0.81289	0.06253	0.12767	0.11784	0.06596	0.67333	
0.21403	0.16238	0.11574	0.10247	0.30816	0.09405	0.09586	0.09655	0.08994	0.04309	0.38893	0.07266	0.00219	0.00143	0.58955	0.00145	0.00161	0.00654	0.00077	0.5857	0	0	0	0	0.4392	0.04085	0.06143	0.05314	0.06332	0.02056	0.46298	0.04776	0.0917	0.08614	0.04788	0.3689	
0.00488	0.00352	0.00257	0.00225	0.0068	0.00209	0.00211	0.00222	0.00216	0.00096	0.00833	0.00177	1e-05	4e-05	0.01315	2e-05	4e-05	0.00017	3e-05	0.01298	0	0	0	0	0.01007	0.0009	0.00124	0.00101	0.00112	0.00035	0.01079	0.00096	0.00134	0.00121	0.00067	0.01	
0.12512	0.09327	0.06534	0.05874	0.17806	0.05503	0.0536	0.05578	0.05706	0.0268	0.21335	0.04526	0.00104	0.00058	0.34004	0.00081	0.001	0.00387	0.00058	0.33702	0	0	0	0	0.25352	0.02383	0.03388	0.03124	0.01497	0.00485	0.31129	0.01136	0.03122	0.02781	0.01623	0.26721	
0.01793	0.01344	0.0092	0.00912	0.02567	0.00818	0.00772	0.00812	0.00802	0.00373	0.03091	0.00703	0.0002	0.0001	0.04927	0.00012	9e-05	0.00043	7e-05	0.0491	0	0	0	0	0.03709	0.00342	0.00477	0.00441	0.00454	0.00148	0.04024	0.00343	0.00522	0.00458	0.00244	0.03745	
0.26752	0.20128	0.14248	0.1286	0.38499	0.11719	0.11745	0.12025	0.11653	0.05518	0.47421	0.09396	0.00251	0.00169	0.73394	0.00174	0.00199	0.00817	0.00103	0.72869	0.4392	0.01007	0.25352	0.03709	0	0	0	0	0.06194	0.02049	0.61054	0.04691	0.09582	0.08841	0.04941	0.50624	
0.02521	0.01897	0.01365	0.01117	0.03557	0.01058	0.01147	0.01138	0.01114	0.00538	0.04387	0.00861	0.00024	0.00014	0.06848	0.00014	0.00013	0.00075	9e-05	0.06803	0.04085	0.0009	0.02383	0.00342	0	0	0	0	0.00585	0.00187	0.05686	0.00442	0.00909	0.00817	0.00471	0.04703	
0.03669	0.02767	0.01917	0.01779	0.0523	0.01644	0.01613	0.01645	0.01561	0.00729	0.06568	0.01274	0.00038	0.00012	0.10057	0.00025	0.00035	0.00128	0.00018	0.09951	0.06143	0.00124	0.03388	0.00477	0	0	0	0	0.00869	0.00268	0.08332	0.00663	0.01366	0.01245	0.00694	0.06827	
0.03254	0.02469	0.01755	0.01502	0.04583	0.01514	0.01424	0.01459	0.0139	0.00673	0.05776	0.01141	0.00031	0.0002	0.08902	0.00027	0.00027	0.00081	0.00015	0.08857	0.05314	0.00101	0.03124	0.00441	0	0	0	0	0.00747	0.0022	0.07458	0.00555	0.01091	0.01071	0.00616	0.06202	
0.02956	0.02336	0.01657	0.01446	0.04377	0.0131	0.01342	0.01366	0.01169	0.0057	0.05712	0.00944	0.00028	0.00022	0.08319	0.00026	0.00018	0.00092	0.00016	0.08269	0.06332	0.00112	0.01497	0.00454	0.06194	0.00585	0.00869	0.00747	0	0	0	0	0.01901	0.01734	0.00997	0.03763	
0.00929	0.00766	0.00551	0.00478	0.01426	0.00434	0.00414	0.0045	0.00357	0.00169	0.0189	0.00308	0.0001	6e-05	0.02701	7e-05	0.0001	0.0004	5e-05	0.02669	0.02056	0.00035	0.00485	0.00148	0.02049	0.00187	0.00268	0.0022	0	0	0	0	0.00622	0.00592	0.00338	0.01172	
0.30016	0.22386	0.15843	0.14285	0.42767	0.13184	0.13129	0.1345	0.13324	0.06274	0.52219	0.10713	0.0028	0.00171	0.81885	0.00194	0.00232	0.00899	0.0011	0.81289	0.46298	0.01079	0.31129	0.04024	0.61054	0.05686	0.08332	0.07458	0	0	0	0	0.08967	0.08314	0.04652	0.60597	
0.02295	0.01773	0.01234	0.01049	0.03299	0.01007	0.01044	0.01001	0.00868	0.00445	0.04331	0.00707	0.00026	0.00016	0.06296	0.00013	0.00014	0.0007	0.00014	0.06253	0.04776	0.00096	0.01136	0.00343	0.04691	0.00442	0.00663	0.00555	0	0	0	0	0.01458	0.01334	0.00735	0.02824	
0.04627	0.03639	0.02454	0.02228	0.06685	0.02083	0.02097	0.02083	0.01341	0.0067	0.09851	0.01086	0.00053	0.00039	0.12811	0.00045	0.00035	0.00125	0.00021	0.12767	0.0917	0.00134	0.03122	0.00522	0.09582	0.00909	0.01366	0.01091	0.01901	0.00622	0.08967	0.01458	0	0	0	0	
0.04362	0.03192	0.02355	0.02065	0.06189	0.01832	0.01927	0.02026	0.01253	0.00601	0.09139	0.00981	0.00043	0.00025	0.11884	0.00022	0.00033	0.00141	0.00016	0.11784	0.08614	0.00121	0.02781	0.00458	0.08841	0.00817	0.01245	0.01071	0.01734	0.00592	0.08314	0.01334	0	0	0	0	
0.02466	0.01836	0.01264	0.01156	0.03539	0.01051	0.01037	0.01095	0.0072	0.00303	0.0507	0.00629	0.00019	0.00014	0.06671	0.00018	0.00024	0.0009	0.00012	0.06596	0.04788	0.00067	0.01623	0.00244	0.04941	0.00471	0.00694	0.00616	0.00997	0.00338	0.04652	0.00735	0	0	0	0	
0.24741	0.18594	0.13212	0.11809	0.35456	0.10969	0.10868	0.11063	0.12404	0.05884	0.40092	0.09976	0.00229	0.00137	0.67835	0.00155	0.00182	0.00745	0.00096	0.67333	0.3689	0.01	0.26721	0.03745	0.50624	0.04703	0.06827	0.06202	0.03763	0.01172	0.60597	0.02824	0	0	0	0	
