0	0	0	0	0.20763	0.0519	0.05266	0.05196	0.05775	0.02681	0.23496	0.04463	0.00108	0.00082	0.36141	0.00084	0.00116	0.00377	0.00047	0.35875	0.21521	0.00498	0.12607	0.01789	0.27021	0.02491	0.03661	0.03242	0.03016	0.00974	0.30123	0.02302	0.04681	0.04421	0.02594	0.24719	
0	0	0	0	0.15578	0.03809	0.03966	0.03991	0.04316	0.02024	0.17572	0.03432	0.00086	0.00054	0.27132	0.00072	0.00073	0.00284	0.00036	0.26951	0.16302	0.00367	0.09277	0.01398	0.20082	0.01923	0.02772	0.02567	0.02198	0.0079	0.22639	0.01717	0.03541	0.03329	0.01848	0.18626	
0	0	0	0	0.10996	0.02763	0.02742	0.02671	0.03051	0.0141	0.12274	0.02437	0.00057	0.00033	0.19031	0.00051	0.00053	0.00194	0.00023	0.18902	0.11422	0.00284	0.06498	0.00968	0.14067	0.01348	0.01975	0.01782	0.01601	0.00547	0.15746	0.01278	0.02562	0.02311	0.01271	0.13028	
0	0	0	0	0.04708	0.04072	0.04095	0.04194	0.02654	0.01249	0.10958	0.02208	0.00048	0.00044	0.1693	0.00047	0.00041	0.00188	0.00015	0.16825	0.10165	0.00246	0.05833	0.00825	0.1258	0.01175	0.018	0.01514	0.01418	0.0048	0.14121	0.0105	0.02165	0.02132	0.01101	0.11671	
0.20763	0.15578	0.10996	0.04708	0	0	0	0	0.0835	0.03818	0.33467	0.0641	0.00152	0.00107	0.51657	0.00129	0.0015	0.00558	0.00073	0.51264	0.31001	0.00736	0.17733	0.02575	0.38383	0.0363	0.05297	0.04735	0.04275	0.01472	0.42979	0.03319	0.06712	0.06368	0.03587	0.35378	
0.0519	0.03809	0.02763	0.04072	0	0	0	0	0.0242	0.01159	0.10228	0.02027	0.00053	0.00032	0.15708	0.00041	0.00038	0.00178	0.00013	0.15605	0.0937	0.0023	0.05431	0.00803	0.11659	0.01168	0.01637	0.0137	0.01331	0.00387	0.13117	0.00999	0.02051	0.01932	0.01084	0.10767	
0.05266	0.03966	0.02742	0.04095	0	0	0	0	0.02517	0.01143	0.10371	0.02038	0.00046	0.00042	0.15929	0.00052	0.00043	0.00134	0.00017	0.15875	0.09598	0.00222	0.05478	0.00771	0.11879	0.01042	0.01643	0.01505	0.01302	0.00479	0.13292	0.00996	0.02084	0.01956	0.01042	0.10987	
0.05196	0.03991	0.02671	0.04194	0	0	0	0	0.02509	0.01244	0.10234	0.02065	0.00048	0.00032	0.1594	0.00032	0.00052	0.00173	0.00018	0.15809	0.09441	0.00207	0.05573	0.00831	0.11829	0.01097	0.01631	0.01495	0.01325	0.00453	0.13241	0.01033	0.02102	0.01937	0.01101	0.10912	
0.05775	0.04316	0.03051	0.02654	0.0835	0.0242	0.02517	0.02509	0	0	0	0	0.00048	0.00047	0.15658	0.00043	0.0004	0.00161	0.00021	0.15574	0.09131	0.00216	0.05595	0.00854	0.11589	0.01137	0.01626	0.01444	0.0117	0.00398	0.13359	0.00869	0.01362	0.01298	0.00734	0.12402	
0.02681	0.02024	0.0141	0.01249	0.03818	0.01159	0.01143	0.01244	0	0	0	0	0.00022	0.00016	0.07302	0.00024	0.00017	0.00082	5e-05	0.0726	0.04246	0.00102	0.02646	0.0037	0.05468	0.0051	0.00709	0.00677	0.0055	0.00182	0.06224	0.00408	0.00651	0.00598	0.00329	0.05786	
0.23496	0.17572	0.12274	0.10958	0.33467	0.10228	0.10371	0.10234	0	0	0	0	0.00179	0.00116	0.63845	0.0016	0.00187	0.00675	0.00076	0.63362	0.38828	0.00897	0.21473	0.03102	0.47454	0.04466	0.0655	0.0583	0.05614	0.01926	0.52402	0.04358	0.09851	0.0928	0.05189	0.3998	
0.04463	0.03432	0.02437	0.02208	0.0641	0.02027	0.02038	0.02065	0	0	0	0	0.0005	0.00034	0.12429	0.00027	0.00039	0.00125	0.00019	0.12357	0.07205	0.0018	0.04501	0.00654	0.09239	0.00824	0.01323	0.01154	0.00899	0.00285	0.10644	0.00712	0.01085	0.01017	0.00562	0.09876	
0.00108	0.00086	0.00057	0.00048	0.00152	0.00053	0.00046	0.00048	0.00048	0.00022	0.00179	0.0005	0	0	0	0	0	4e-05	0	0.00295	0.00175	2e-05	0.00099	0.00023	0.00216	0.00023	0.00032	0.00028	0.00023	9e-05	0.00247	0.0002	0.00034	0.0003	0.00019	0.00216	
0.00082	0.00054	0.00033	0.00044	0.00107	0.00032	0.00042	0.00032	0.00047	0.00016	0.00116	0.00034	0	0	0	0	1e-05	4e-05	0	0.00208	0.00126	0	0.00069	0.00018	0.00145	0.0002	0.00027	0.00021	0.00019	3e-05	0.00177	0.00014	0.00029	0.00019	0.00016	0.00149	
0.36141	0.27132	0.19031	0.1693	0.51657	0.15708	0.15929	0.1594	0.15658	0.07302	0.63845	0.12429	0	0	0	0	0.00281	0.01035	0.00121	0.97797	0.58961	0.01392	0.33952	0.04929	0.73213	0.06876	0.10113	0.09032	0.08176	0.02771	0.81992	0.06295	0.12855	0.12113	0.06761	0.67505	
0.00084	0.00072	0.00051	0.00047	0.00129	0.00041	0.00052	0.00032	0.00043	0.00024	0.0016	0.00027	0	0	0	0	1e-05	0	0	0.00253	0.00148	1e-05	0.00095	0.0001	0.00176	0.00018	0.00036	0.00024	0.00015	8e-05	0.00213	0.00018	0.00031	0.00031	0.00018	0.00174	
0.00116	0.00073	0.00053	0.00041	0.0015	0.00038	0.00043	0.00052	0.0004	0.00017	0.00187	0.00039	0	1e-05	0.00281	1e-05	0	0	0	0	0.00162	5e-05	0.00101	0.00015	0.00219	0.00017	0.00021	0.00026	0.00027	9e-05	0.00229	0.00018	0.00042	0.00041	0.0002	0.0018	
0.00377	0.00284	0.00194	0.00188	0.00558	0.00178	0.00134	0.00173	0.00161	0.00082	0.00675	0.00125	4e-05	4e-05	0.01035	0	0	0	0	0	0.00617	0.0002	0.00357	0.00049	0.00758	0.0008	0.00112	0.00093	0.00102	0.0003	0.00846	0.00065	0.0013	0.00124	0.0007	0.00719	
0.00047	0.00036	0.00023	0.00015	0.00073	0.00013	0.00017	0.00018	0.00021	5e-05	0.00076	0.00019	0	0	0.00121	0	0	0	0	0	0.00065	2e-05	0.00044	0.0001	0.00098	7e-05	9e-05	7e-05	6e-05	5e-05	0.00104	6e-05	0.00011	0.00017	4e-05	0.00089	
0.35875	0.26951	0.18902	0.16825	0.51264	0.15605	0.15875	0.15809	0.15574	0.0726	0.63362	0.12357	0.00295	0.00208	0.97797	0.00253	0	0	0	0	0.58566	0.01368	0.33713	0.04906	0.72675	0.06833	0.10066	0.08979	0.08098	0.02747	0.8145	0.06258	0.12766	0.12011	0.0672	0.67056	
0.21521	0.16302	0.11422	0.10165	0.31001	0.0937	0.09598	0.09441	0.09131	0.04246	0.38828	0.07205	0.00175	0.00126	0.58961	0.00148	0.00162	0.00617	0.00065	0.58566	0	0	0	0	0.4393	0.04111	0.0602	0.05349	0.06242	0.0213	0.46153	0.04885	0.09211	0.08775	0.04853	0.36571	
0.00498	0.00367	0.00284	0.00246	0.00736	0.0023	0.00222	0.00207	0.00216	0.00102	0.00897	0.0018	2e-05	0	0.01392	1e-05	5e-05	0.0002	2e-05	0.01368	0	0	0	0	0.01007	0.00108	0.00136	0.00144	0.00126	0.00039	0.01119	0.00111	0.00153	0.0013	0.00078	0.01034	
0.12607	0.09277	0.06498	0.05833	0.17733	0.05431	0.05478	0.05573	0.05595	0.02646	0.21473	0.04501	0.00099	0.00069	0.33952	0.00095	0.00101	0.00357	0.00044	0.33713	0	0	0	0	0.25161	0.02355	0.0353	0.03169	0.01387	0.00463	0.31338	0.01027	0.03108	0.02809	0.01633	0.26665	
0.01789	0.01398	0.00968	0.00825	0.02575	0.00803	0.00771	0.00831	0.00854	0.0037	0.03102	0.00654	0.00023	0.00018	0.04929	0.0001	0.00015	0.00049	0.0001	0.04906	0	0	0	0	0.03652	0.00363	0.00522	0.00443	0.00478	0.00159	0.04019	0.00324	0.00477	0.00479	0.0025	0.03774	
0.27021	0.20082	0.14067	0.1258	0.38383	0.11659	0.11879	0.11829	0.11589	0.05468	0.47454	0.09239	0.00216	0.00145	0.73213	0.00176	0.00219	0.00758	0.00098	0.72675	0.4393	0.01007	0.25161	0.03652	0	0	0	0	0.06135	0.02078	0.60834	0.04703	0.09603	0.08898	0.05026	0.50223	
0.02491	0.01923	0.01348	0.01175	0.0363	0.01168	0.01042	0.01097	0.01137	0.0051	0.04466	0.00824	0.00023	0.0002	0.06876	0.00018	0.00017	0.0008	7e-05	0.06833	0.04111	0.00108	0.02355	0.00363	0	0	0	0	0.00558	0.00188	0.05716	0.00475	0.00844	0.00887	0.00457	0.04749	
0.03661	0.02772	0.01975	0.018	0.05297	0.01637	0.01643	0.01631	0.01626	0.00709	0.0655	0.01323	0.00032	0.00027	0.10113	0.00036	0.00021	0.00112	9e-05	0.10066	0.0602	0.00136	0.0353	0.00522	0	0	0	0	0.00811	0.00287	0.08465	0.00645	0.01339	0.01249	0.00708	0.06912	
0.03242	0.02567	0.01782	0.01514	0.04735	0.0137	0.01505	0.01495	0.01444	0.00677	0.0583	0.01154	0.00028	0.00021	0.09032	0.00024	0.00026	0.00093	7e-05	0.08979	0.05349	0.00144	0.03169	0.00443	0	0	0	0	0.00729	0.00238	0.07614	0.00524	0.01163	0.01159	0.00623	0.0616	
0.03016	0.02198	0.01601	0.01418	0.04275	0.01331	0.01302	0.01325	0.0117	0.0055	0.05614	0.00899	0.00023	0.00019	0.08176	0.00015	0.00027	0.00102	6e-05	0.08098	0.06242	0.00126	0.01387	0.00478	0.06135	0.00558	0.00811	0.00729	0	0	0	0	0.01848	0.01694	0.01008	0.03683	
0.00974	0.0079	0.00547	0.0048	0.01472	0.00387	0.00479	0.00453	0.00398	0.00182	0.01926	0.00285	9e-05	3e-05	0.02771	8e-05	9e-05	0.0003	5e-05	0.02747	0.0213	0.00039	0.00463	0.00159	0.02078	0.00188	0.00287	0.00238	0	0	0	0	0.00679	0.00594	0.00337	0.01181	
0.30123	0.22639	0.15746	0.14121	0.42979	0.13117	0.13292	0.13241	0.13359	0.06224	0.52402	0.10644	0.00247	0.00177	0.81992	0.00213	0.00229	0.00846	0.00104	0.8145	0.46153	0.01119	0.31338	0.04019	0.60834	0.05716	0.08465	0.07614	0	0	0	0	0.0898	0.08516	0.04719	0.60414	
0.02302	0.01717	0.01278	0.0105	0.03319	0.00999	0.00996	0.01033	0.00869	0.00408	0.04358	0.00712	0.0002	0.00014	0.06295	0.00018	0.00018	0.00065	6e-05	0.06258	0.04885	0.00111	0.01027	0.00324	0.04703	0.00475	0.00645	0.00524	0	0	0	0	0.01442	0.01389	0.0075	0.02766	
0.04681	0.03541	0.02562	0.02165	0.06712	0.02051	0.02084	0.02102	0.01362	0.00651	0.09851	0.01085	0.00034	0.00029	0.12855	0.00031	0.00042	0.0013	0.00011	0.12766	0.09211	0.00153	0.03108	0.00477	0.09603	0.00844	0.01339	0.01163	0.01848	0.00679	0.0898	0.01442	0	0	0	0	
0.04421	0.03329	0.02311	0.02132	0.06368	0.01932	0.01956	0.01937	0.01298	0.00598	0.0928	0.01017	0.0003	0.00019	0.12113	0.00031	0.00041	0.00124	0.00017	0.12011	0.08775	0.0013	0.02809	0.00479	0.08898	0.00887	0.01249	0.01159	0.01694	0.00594	0.08516	0.01389	0	0	0	0	
0.02594	0.01848	0.01271	0.01101	0.03587	0.01084	0.01042	0.01101	0.00734	0.00329	0.05189	0.00562	0.00019	0.00016	0.06761	0.00018	0.0002	0.0007	4e-05	0.0672	0.04853	0.00078	0.01633	0.0025	0.05026	0.00457	0.00708	0.00623	0.01008	0.00337	0.04719	0.0075	0	0	0	0	
0.24719	0.18626	0.13028	0.11671	0.35378	0.10767	0.10987	0.10912	0.12402	0.05786	0.3998	0.09876	0.00216	0.00149	0.67505	0.00174	0.0018	0.00719	0.00089	0.67056	0.36571	0.01034	0.26665	0.03774	0.50223	0.04749	0.06912	0.0616	0.03683	0.01181	0.60414	0.02766	0	0	0	0	
