0	0	0	0	0.20539	0.05189	0.05394	0.05267	0.05645	0.0271	0.23385	0.04649	0.00121	0.0007	0.36121	0.00077	0.00086	0.00381	0.00057	0.35865	0.21728	0.0049	0.12319	0.01852	0.269	0.0252	0.03652	0.03317	0.03023	0.01045	0.30043	0.02278	0.04646	0.04532	0.02524	0.24687	
0	0	0	0	0.15522	0.03807	0.03887	0.0388	0.04289	0.01993	0.1741	0.03404	0.00079	0.00052	0.26902	0.00063	0.00071	0.003	0.0004	0.26685	0.15972	0.00414	0.0932	0.0139	0.20109	0.01879	0.02747	0.02361	0.02259	0.00748	0.2229	0.01799	0.03604	0.03342	0.01818	0.18332	
0	0	0	0	0.11019	0.02663	0.02809	0.02836	0.03067	0.01461	0.12327	0.02472	0.00062	0.00045	0.1918	0.0004	0.0005	0.00221	0.00032	0.19024	0.11639	0.00249	0.06446	0.00993	0.14268	0.01291	0.02034	0.01734	0.01607	0.00585	0.15904	0.01231	0.02468	0.02379	0.01316	0.13164	
0	0	0	0	0.04722	0.04025	0.04181	0.0426	0.02669	0.01298	0.11103	0.02118	0.0005	0.00029	0.17075	0.00034	0.00034	0.00191	0.00026	0.16937	0.10236	0.00247	0.05843	0.00862	0.12706	0.01153	0.01701	0.01628	0.01404	0.00498	0.14173	0.01113	0.02167	0.02044	0.01226	0.11751	
0.20539	0.15522	0.11019	0.04722	0	0	0	0	0.08092	0.03881	0.33348	0.06481	0.00175	0.00105	0.51406	0.00116	0.00115	0.00548	0.00085	0.51054	0.30749	0.00754	0.17597	0.02702	0.38302	0.03582	0.05251	0.04667	0.04309	0.01468	0.42727	0.03298	0.06699	0.06393	0.03483	0.35227	
0.05189	0.03807	0.02663	0.04025	0	0	0	0	0.02524	0.01167	0.0997	0.02023	0.00043	0.0004	0.15563	0.00038	0.00038	0.00194	0.00027	0.15425	0.09391	0.00201	0.05294	0.00798	0.11653	0.00996	0.01614	0.01421	0.01304	0.00442	0.12986	0.00952	0.02013	0.01891	0.01089	0.10691	
0.05394	0.03887	0.02809	0.04181	0	0	0	0	0.02549	0.01216	0.10448	0.02058	0.00047	0.00031	0.16171	0.00022	0.00044	0.00176	0.00019	0.16032	0.09731	0.00228	0.055	0.00812	0.1204	0.01112	0.01644	0.01475	0.01335	0.00475	0.13401	0.0106	0.0207	0.02006	0.01199	0.10996	
0.05267	0.0388	0.02836	0.0426	0	0	0	0	0.02505	0.01198	0.10459	0.02081	0.00047	0.0002	0.16138	0.00038	0.00044	0.00175	0.00024	0.16	0.09704	0.00217	0.05537	0.00785	0.11988	0.01153	0.01625	0.01477	0.01345	0.00491	0.13296	0.01111	0.02103	0.02007	0.01113	0.1102	
0.05645	0.04289	0.03067	0.02669	0.08092	0.02524	0.02549	0.02505	0	0	0	0	0.00041	0.00031	0.1557	0.00028	0.00037	0.0017	0.0002	0.15443	0.09124	0.00212	0.05506	0.00828	0.11503	0.01066	0.01638	0.01463	0.0119	0.00382	0.13251	0.00847	0.01313	0.01285	0.0075	0.12322	
0.0271	0.01993	0.01461	0.01298	0.03881	0.01167	0.01216	0.01198	0	0	0	0	0.00022	0.00014	0.07402	0.00024	0.00021	0.00068	8e-05	0.07365	0.04286	0.00099	0.02665	0.00412	0.05502	0.00507	0.00772	0.00681	0.00537	0.00187	0.06319	0.00419	0.00689	0.00587	0.00352	0.05834	
0.23385	0.1741	0.12327	0.11103	0.33348	0.0997	0.10448	0.10459	0	0	0	0	0.00215	0.00125	0.63752	0.00133	0.00151	0.00713	0.00101	0.6326	0.38886	0.00905	0.21248	0.03186	0.47668	0.04402	0.0639	0.05765	0.05654	0.01965	0.52164	0.04442	0.09753	0.0937	0.05237	0.39865	
0.04649	0.03404	0.02472	0.02118	0.06481	0.02023	0.02058	0.02081	0	0	0	0	0.00034	0.00026	0.12554	0.00029	0.00032	0.00142	0.00026	0.12443	0.07279	0.00184	0.04509	0.00671	0.0931	0.00868	0.01334	0.01131	0.00912	0.00342	0.10676	0.00713	0.0113	0.01055	0.00545	0.09913	
0.00121	0.00079	0.00062	0.0005	0.00175	0.00043	0.00047	0.00047	0.00041	0.00022	0.00215	0.00034	0	0	0	0	3e-05	0	3e-05	0.00306	0.00194	1e-05	0.00104	0.00013	0.00225	0.00015	0.00038	0.00034	0.00029	9e-05	0.00257	0.00017	0.0005	0.00044	0.00027	0.00191	
0.0007	0.00052	0.00045	0.00029	0.00105	0.0004	0.00031	0.0002	0.00031	0.00014	0.00125	0.00026	0	0	0	0	2e-05	2e-05	0	0.00192	0.00109	2e-05	0.00068	0.00017	0.00134	0.00017	0.00027	0.00018	0.00014	9e-05	0.00153	0.0002	0.00029	0.00026	7e-05	0.00134	
0.36121	0.26902	0.1918	0.17075	0.51406	0.15563	0.16171	0.16138	0.1557	0.07402	0.63752	0.12554	0	0	0	0	0.00235	0.0109	0.00152	0.97801	0.59146	0.01396	0.3368	0.05056	0.7348	0.068	0.10038	0.0896	0.08229	0.02851	0.81826	0.06372	0.12785	0.12204	0.0684	0.67449	
0.00077	0.00063	0.0004	0.00034	0.00116	0.00038	0.00022	0.00038	0.00028	0.00024	0.00133	0.00029	0	0	0	0	1e-05	1e-05	0	0.00212	0.00126	1e-05	0.00076	0.00011	0.00144	0.00011	0.00031	0.00028	0.00021	7e-05	0.00174	0.00012	0.00021	0.00023	0.0001	0.0016	
0.00086	0.00071	0.0005	0.00034	0.00115	0.00038	0.00044	0.00044	0.00037	0.00021	0.00151	0.00032	3e-05	2e-05	0.00235	1e-05	0	0	0	0	0.00131	4e-05	0.0009	0.00016	0.00176	0.00022	0.00023	0.0002	0.00019	7e-05	0.00194	0.00021	0.00032	0.00033	0.0001	0.00166	
0.00381	0.003	0.00221	0.00191	0.00548	0.00194	0.00176	0.00175	0.0017	0.00068	0.00713	0.00142	0	2e-05	0.0109	1e-05	0	0	0	0	0.00653	0.00017	0.00371	0.00052	0.00794	0.00093	0.00101	0.00105	0.0008	0.00029	0.00913	0.00071	0.00131	0.00141	0.00083	0.00738	
0.00057	0.0004	0.00032	0.00026	0.00085	0.00027	0.00019	0.00024	0.0002	8e-05	0.00101	0.00026	3e-05	0	0.00152	0	0	0	0	0	0.00093	4e-05	0.00049	9e-05	0.00127	0.00011	0.00013	4e-05	0.00016	4e-05	0.00129	6e-05	0.00021	0.00019	0.00013	0.00102	
0.35865	0.26685	0.19024	0.16937	0.51054	0.15425	0.16032	0.16	0.15443	0.07365	0.6326	0.12443	0.00306	0.00192	0.97801	0.00212	0	0	0	0	0.58698	0.01375	0.33418	0.0502	0.72886	0.06717	0.09997	0.08911	0.08178	0.02836	0.81174	0.06323	0.12701	0.12104	0.06778	0.66928	
0.21728	0.15972	0.11639	0.10236	0.30749	0.09391	0.09731	0.09704	0.09124	0.04286	0.38886	0.07279	0.00194	0.00109	0.59146	0.00126	0.00131	0.00653	0.00093	0.58698	0	0	0	0	0.4408	0.03979	0.06056	0.0546	0.06547	0.02218	0.45811	0.04999	0.09153	0.08769	0.04895	0.36758	
0.0049	0.00414	0.00249	0.00247	0.00754	0.00201	0.00228	0.00217	0.00212	0.00099	0.00905	0.00184	1e-05	2e-05	0.01396	1e-05	4e-05	0.00017	4e-05	0.01375	0	0	0	0	0.01009	0.00102	0.00154	0.00135	0.00134	0.00044	0.01119	0.00103	0.0014	0.00144	0.00089	0.01027	
0.12319	0.0932	0.06446	0.05843	0.17597	0.05294	0.055	0.05537	0.05506	0.02665	0.21248	0.04509	0.00104	0.00068	0.3368	0.00076	0.0009	0.00371	0.00049	0.33418	0	0	0	0	0.25127	0.02404	0.03414	0.02983	0.01168	0.00424	0.314	0.00936	0.03075	0.02898	0.01623	0.26332	
0.01852	0.0139	0.00993	0.00862	0.02702	0.00798	0.00812	0.00785	0.00828	0.00412	0.03186	0.00671	0.00013	0.00017	0.05056	0.00011	0.00016	0.00052	9e-05	0.0502	0	0	0	0	0.03767	0.00358	0.0051	0.00462	0.00444	0.0019	0.0408	0.00383	0.00517	0.00486	0.00277	0.03817	
0.269	0.20109	0.14268	0.12706	0.38302	0.11653	0.1204	0.11988	0.11503	0.05502	0.47668	0.0931	0.00225	0.00134	0.7348	0.00144	0.00176	0.00794	0.00127	0.72886	0.4408	0.01009	0.25127	0.03767	0	0	0	0	0.0616	0.02118	0.60898	0.04807	0.09495	0.09169	0.05094	0.50225	
0.0252	0.01879	0.01291	0.01153	0.03582	0.00996	0.01112	0.01153	0.01066	0.00507	0.04402	0.00868	0.00015	0.00017	0.068	0.00011	0.00022	0.00093	0.00011	0.06717	0.03979	0.00102	0.02404	0.00358	0	0	0	0	0.00547	0.00202	0.05652	0.00442	0.00855	0.00848	0.00467	0.04673	
0.03652	0.02747	0.02034	0.01701	0.05251	0.01614	0.01644	0.01625	0.01638	0.00772	0.0639	0.01334	0.00038	0.00027	0.10038	0.00031	0.00023	0.00101	0.00013	0.09997	0.06056	0.00154	0.03414	0.0051	0	0	0	0	0.00837	0.00302	0.08406	0.00589	0.01343	0.0121	0.00716	0.06865	
0.03317	0.02361	0.01734	0.01628	0.04667	0.01421	0.01475	0.01477	0.01463	0.00681	0.05765	0.01131	0.00034	0.00018	0.0896	0.00028	0.0002	0.00105	4e-05	0.08911	0.0546	0.00135	0.02983	0.00462	0	0	0	0	0.00749	0.00254	0.07454	0.00583	0.01192	0.0107	0.00607	0.06171	
0.03023	0.02259	0.01607	0.01404	0.04309	0.01304	0.01335	0.01345	0.0119	0.00537	0.05654	0.00912	0.00029	0.00014	0.08229	0.00021	0.00019	0.0008	0.00016	0.08178	0.06547	0.00134	0.01168	0.00444	0.0616	0.00547	0.00837	0.00749	0	0	0	0	0.01866	0.01859	0.01022	0.03546	
0.01045	0.00748	0.00585	0.00498	0.01468	0.00442	0.00475	0.00491	0.00382	0.00187	0.01965	0.00342	9e-05	9e-05	0.02851	7e-05	7e-05	0.00029	4e-05	0.02836	0.02218	0.00044	0.00424	0.0019	0.02118	0.00202	0.00302	0.00254	0	0	0	0	0.00643	0.00584	0.00333	0.01316	
0.30043	0.2229	0.15904	0.14173	0.42727	0.12986	0.13401	0.13296	0.13251	0.06319	0.52164	0.10676	0.00257	0.00153	0.81826	0.00174	0.00194	0.00913	0.00129	0.81174	0.45811	0.01119	0.314	0.0408	0.60898	0.05652	0.08406	0.07454	0	0	0	0	0.08923	0.08437	0.04768	0.60282	
0.02278	0.01799	0.01231	0.01113	0.03298	0.00952	0.0106	0.01111	0.00847	0.00419	0.04442	0.00713	0.00017	0.0002	0.06372	0.00012	0.00021	0.00071	6e-05	0.06323	0.04999	0.00103	0.00936	0.00383	0.04807	0.00442	0.00589	0.00583	0	0	0	0	0.01453	0.01417	0.00761	0.0279	
0.04646	0.03604	0.02468	0.02167	0.06699	0.02013	0.0207	0.02103	0.01313	0.00689	0.09753	0.0113	0.0005	0.00029	0.12785	0.00021	0.00032	0.00131	0.00021	0.12701	0.09153	0.0014	0.03075	0.00517	0.09495	0.00855	0.01343	0.01192	0.01866	0.00643	0.08923	0.01453	0	0	0	0	
0.04532	0.03342	0.02379	0.02044	0.06393	0.01891	0.02006	0.02007	0.01285	0.00587	0.0937	0.01055	0.00044	0.00026	0.12204	0.00023	0.00033	0.00141	0.00019	0.12104	0.08769	0.00144	0.02898	0.00486	0.09169	0.00848	0.0121	0.0107	0.01859	0.00584	0.08437	0.01417	0	0	0	0	
0.02524	0.01818	0.01316	0.01226	0.03483	0.01089	0.01199	0.01113	0.0075	0.00352	0.05237	0.00545	0.00027	7e-05	0.0684	0.0001	0.0001	0.00083	0.00013	0.06778	0.04895	0.00089	0.01623	0.00277	0.05094	0.00467	0.00716	0.00607	0.01022	0.00333	0.04768	0.00761	0	0	0	0	
0.24687	0.18332	0.13164	0.11751	0.35227	0.10691	0.10996	0.1102	0.12322	0.05834	0.39865	0.09913	0.00191	0.00134	0.67449	0.0016	0.00166	0.00738	0.00102	0.66928	0.36758	0.01027	0.26332	0.03817	0.50225	0.04673	0.06865	0.06171	0.03546	0.01316	0.60282	0.0279	0	0	0	0	
