0	0	0	0	0.2071	0.05165	0.05144	0.05278	0.05573	0.0267	0.23359	0.04695	0.001	0.00075	0.36009	0.00113	0.001	0.00383	0.00053	0.35761	0.21783	0.005	0.12186	0.01828	0.26819	0.02555	0.03622	0.03301	0.03021	0.01017	0.29894	0.02365	0.0477	0.04427	0.02511	0.24589	
0	0	0	0	0.15699	0.03896	0.04005	0.03928	0.04292	0.02108	0.17666	0.03462	0.0009	0.00057	0.27312	0.00069	0.00073	0.00338	0.00039	0.27078	0.16584	0.00403	0.09257	0.01284	0.20396	0.01866	0.0277	0.02496	0.0232	0.00772	0.2274	0.01696	0.03586	0.03351	0.01849	0.18742	
0	0	0	0	0.11057	0.02618	0.02724	0.02756	0.03032	0.0136	0.12271	0.02492	0.00052	0.00034	0.19028	0.00041	0.00047	0.00226	0.0002	0.18862	0.11349	0.00267	0.06579	0.0096	0.1411	0.01354	0.01961	0.0173	0.01578	0.00541	0.15801	0.01235	0.02415	0.02361	0.01383	0.12996	
0	0	0	0	0.04744	0.04113	0.04042	0.04121	0.02675	0.01217	0.10987	0.02141	0.00064	0.00037	0.16872	0.00047	0.00057	0.00212	0.00025	0.16726	0.1008	0.00244	0.05865	0.00831	0.12613	0.01157	0.01745	0.01505	0.01436	0.00474	0.14029	0.01081	0.02218	0.02109	0.01192	0.11501	
0.2071	0.15699	0.11057	0.04744	0	0	0	0	0.08014	0.03834	0.33563	0.06799	0.0015	0.00102	0.51817	0.00141	0.00135	0.00571	0.00074	0.5143	0.31318	0.00721	0.17618	0.02553	0.38648	0.0358	0.05277	0.04705	0.04345	0.01426	0.43025	0.03414	0.06767	0.06405	0.03632	0.35406	
0.05165	0.03896	0.02618	0.04113	0	0	0	0	0.02553	0.01125	0.10189	0.01925	0.0005	0.00029	0.15674	0.00039	0.0005	0.00199	0.00022	0.15521	0.0945	0.00229	0.05332	0.00781	0.11639	0.01175	0.01555	0.01423	0.01314	0.0043	0.1307	0.00978	0.02082	0.0191	0.01071	0.10729	
0.05144	0.04005	0.02724	0.04042	0	0	0	0	0.02542	0.01213	0.10169	0.01991	0.00051	0.0004	0.15785	0.00039	0.0005	0.00202	0.00015	0.15648	0.09495	0.00221	0.05429	0.0077	0.11689	0.01098	0.01625	0.01503	0.01343	0.00489	0.13127	0.00956	0.02077	0.01975	0.01103	0.1076	
0.05278	0.03928	0.02756	0.04121	0	0	0	0	0.02463	0.01183	0.10362	0.02075	0.00055	0.00032	0.15945	0.00051	0.00042	0.00187	0.00026	0.15828	0.09533	0.00243	0.05508	0.00799	0.11962	0.01079	0.01641	0.01401	0.01353	0.00459	0.13242	0.01029	0.02063	0.01958	0.01129	0.10933	
0.05573	0.04292	0.03032	0.02675	0.08014	0.02553	0.02542	0.02463	0	0	0	0	0.00052	0.00038	0.15431	0.00051	0.00046	0.00166	0.00021	0.15339	0.09012	0.00219	0.05537	0.00804	0.11555	0.01034	0.01609	0.01374	0.01095	0.00398	0.13191	0.00888	0.01365	0.01282	0.00731	0.12194	
0.0267	0.02108	0.0136	0.01217	0.03834	0.01125	0.01213	0.01183	0	0	0	0	0.0002	0.00014	0.07296	0.00025	0.00023	0.00085	0.00013	0.07234	0.04317	0.00093	0.02612	0.00333	0.05485	0.00518	0.0069	0.00662	0.00554	0.0018	0.0622	0.00401	0.00657	0.00579	0.00334	0.05785	
0.23359	0.17666	0.12271	0.10987	0.33563	0.10189	0.10169	0.10362	0	0	0	0	0.00199	0.00133	0.63789	0.00162	0.00172	0.00764	0.0009	0.63257	0.3906	0.00922	0.21216	0.03085	0.47538	0.04428	0.06472	0.05845	0.05715	0.01914	0.52253	0.04401	0.09871	0.09317	0.05262	0.39833	
0.04695	0.03462	0.02492	0.02141	0.06799	0.01925	0.01991	0.02075	0	0	0	0	0.00035	0.00018	0.12705	0.00032	0.00036	0.00144	0.00013	0.12597	0.07407	0.0018	0.04522	0.00681	0.0936	0.00952	0.01327	0.01151	0.00991	0.00312	0.108	0.00687	0.01096	0.0107	0.00608	0.10016	
0.001	0.0009	0.00052	0.00064	0.0015	0.0005	0.00051	0.00055	0.00052	0.0002	0.00199	0.00035	0	0	0	0	1e-05	5e-05	0	0.003	0.00174	5e-05	0.00112	0.00015	0.00216	0.00028	0.00035	0.00027	0.0003	9e-05	0.00241	0.00026	0.00041	0.00033	0.00017	0.00215	
0.00075	0.00057	0.00034	0.00037	0.00102	0.00029	0.0004	0.00032	0.00038	0.00014	0.00133	0.00018	0	0	0	0	1e-05	2e-05	1e-05	0.00199	0.00123	4e-05	0.00063	0.00013	0.00157	0.0001	0.00014	0.00022	0.00025	3e-05	0.00167	8e-05	0.00024	0.00026	0.00011	0.00142	
0.36009	0.27312	0.19028	0.16872	0.51817	0.15674	0.15785	0.15945	0.15431	0.07296	0.63789	0.12705	0	0	0	0	0.00274	0.01146	0.00135	0.97666	0.5934	0.01402	0.33619	0.0486	0.73367	0.06871	0.10029	0.08954	0.08264	0.02786	0.8184	0.06331	0.12886	0.12163	0.06894	0.67278	
0.00113	0.00069	0.00041	0.00047	0.00141	0.00039	0.00039	0.00051	0.00051	0.00025	0.00162	0.00032	0	0	0	0	1e-05	6e-05	1e-05	0.00262	0.00159	3e-05	0.00093	0.00015	0.00198	0.00023	0.0002	0.00029	0.00036	6e-05	0.00216	0.00012	0.00038	0.00026	0.00013	0.00193	
0.001	0.00073	0.00047	0.00057	0.00135	0.0005	0.0005	0.00042	0.00046	0.00023	0.00172	0.00036	1e-05	1e-05	0.00274	1e-05	0	0	0	0	0.00157	8e-05	0.00095	0.00017	0.00224	0.00016	0.00022	0.00015	0.00023	8e-05	0.00225	0.00021	0.00049	0.00027	0.00012	0.00189	
0.00383	0.00338	0.00226	0.00212	0.00571	0.00199	0.00202	0.00187	0.00166	0.00085	0.00764	0.00144	5e-05	2e-05	0.01146	6e-05	0	0	0	0	0.00673	0.00024	0.00397	0.00065	0.00852	0.00086	0.00125	0.00096	0.00109	0.00031	0.00948	0.00071	0.00149	0.00129	0.00086	0.00795	
0.00053	0.00039	0.0002	0.00025	0.00074	0.00022	0.00015	0.00026	0.00021	0.00013	0.0009	0.00013	0	1e-05	0.00135	1e-05	0	0	0	0	0.00091	2e-05	0.00041	3e-05	0.00103	7e-05	0.00017	0.0001	0.00014	6e-05	0.00107	0.0001	0.0003	0.0002	0.0001	0.00077	
0.35761	0.27078	0.18862	0.16726	0.5143	0.15521	0.15648	0.15828	0.15339	0.07234	0.63257	0.12597	0.003	0.00199	0.97666	0.00262	0	0	0	0	0.58875	0.0138	0.33354	0.04818	0.72759	0.06823	0.09934	0.08911	0.08209	0.02759	0.81184	0.06275	0.12761	0.12072	0.06827	0.66767	
0.21783	0.16584	0.11349	0.1008	0.31318	0.0945	0.09495	0.09533	0.09012	0.04317	0.3906	0.07407	0.00174	0.00123	0.5934	0.00159	0.00157	0.00673	0.00091	0.58875	0	0	0	0	0.44265	0.04133	0.06013	0.05385	0.06535	0.02244	0.46	0.05017	0.09228	0.08763	0.04951	0.36854	
0.005	0.00403	0.00267	0.00244	0.00721	0.00229	0.00221	0.00243	0.00219	0.00093	0.00922	0.0018	5e-05	4e-05	0.01402	3e-05	8e-05	0.00024	2e-05	0.0138	0	0	0	0	0.01034	0.00095	0.00148	0.00137	0.00141	0.00041	0.01114	0.00118	0.00141	0.00148	0.0007	0.01055	
0.12186	0.09257	0.06579	0.05865	0.17618	0.05332	0.05429	0.05508	0.05537	0.02612	0.21216	0.04522	0.00112	0.00063	0.33619	0.00093	0.00095	0.00397	0.00041	0.33354	0	0	0	0	0.25038	0.02373	0.03455	0.03021	0.01189	0.00379	0.31465	0.00854	0.03097	0.02876	0.01616	0.26298	
0.01828	0.01284	0.0096	0.00831	0.02553	0.00781	0.0077	0.00799	0.00804	0.00333	0.03085	0.00681	0.00015	0.00013	0.0486	0.00015	0.00017	0.00065	3e-05	0.04818	0	0	0	0	0.03601	0.00331	0.00482	0.00489	0.0049	0.0014	0.03885	0.00388	0.00523	0.00461	0.00298	0.03621	
0.26819	0.20396	0.1411	0.12613	0.38648	0.11639	0.11689	0.11962	0.11555	0.05485	0.47538	0.0936	0.00216	0.00157	0.73367	0.00198	0.00224	0.00852	0.00103	0.72759	0.44265	0.01034	0.25038	0.03601	0	0	0	0	0.06138	0.02117	0.60995	0.04688	0.09639	0.08973	0.05155	0.50171	
0.02555	0.01866	0.01354	0.01157	0.0358	0.01175	0.01098	0.01079	0.01034	0.00518	0.04428	0.00952	0.00028	0.0001	0.06871	0.00023	0.00016	0.00086	7e-05	0.06823	0.04133	0.00095	0.02373	0.00331	0	0	0	0	0.00621	0.00196	0.05695	0.0042	0.00861	0.00869	0.00467	0.04735	
0.03622	0.0277	0.01961	0.01745	0.05277	0.01555	0.01625	0.01641	0.01609	0.0069	0.06472	0.01327	0.00035	0.00014	0.10029	0.0002	0.00022	0.00125	0.00017	0.09934	0.06013	0.00148	0.03455	0.00482	0	0	0	0	0.00865	0.00251	0.08327	0.00655	0.01341	0.01242	0.0069	0.06825	
0.03301	0.02496	0.0173	0.01505	0.04705	0.01423	0.01503	0.01401	0.01374	0.00662	0.05845	0.01151	0.00027	0.00022	0.08954	0.00029	0.00015	0.00096	0.0001	0.08911	0.05385	0.00137	0.03021	0.00489	0	0	0	0	0.00731	0.0024	0.07447	0.00614	0.01148	0.01164	0.00623	0.06097	
0.03021	0.0232	0.01578	0.01436	0.04345	0.01314	0.01343	0.01353	0.01095	0.00554	0.05715	0.00991	0.0003	0.00025	0.08264	0.00036	0.00023	0.00109	0.00014	0.08209	0.06535	0.00141	0.01189	0.0049	0.06138	0.00621	0.00865	0.00731	0	0	0	0	0.0189	0.01744	0.01032	0.03689	
0.01017	0.00772	0.00541	0.00474	0.01426	0.0043	0.00489	0.00459	0.00398	0.0018	0.01914	0.00312	9e-05	3e-05	0.02786	6e-05	8e-05	0.00031	6e-05	0.02759	0.02244	0.00041	0.00379	0.0014	0.02117	0.00196	0.00251	0.0024	0	0	0	0	0.00622	0.0061	0.00346	0.01226	
0.29894	0.2274	0.15801	0.14029	0.43025	0.1307	0.13127	0.13242	0.13191	0.0622	0.52253	0.108	0.00241	0.00167	0.8184	0.00216	0.00225	0.00948	0.00107	0.81184	0.46	0.01114	0.31465	0.03885	0.60995	0.05695	0.08327	0.07447	0	0	0	0	0.09032	0.08529	0.04791	0.60112	
0.02365	0.01696	0.01235	0.01081	0.03414	0.00978	0.00956	0.01029	0.00888	0.00401	0.04401	0.00687	0.00026	8e-05	0.06331	0.00012	0.00021	0.00071	0.0001	0.06275	0.05017	0.00118	0.00854	0.00388	0.04688	0.0042	0.00655	0.00614	0	0	0	0	0.01445	0.01365	0.00766	0.02801	
0.0477	0.03586	0.02415	0.02218	0.06767	0.02082	0.02077	0.02063	0.01365	0.00657	0.09871	0.01096	0.00041	0.00024	0.12886	0.00038	0.00049	0.00149	0.0003	0.12761	0.09228	0.00141	0.03097	0.00523	0.09639	0.00861	0.01341	0.01148	0.0189	0.00622	0.09032	0.01445	0	0	0	0	
0.04427	0.03351	0.02361	0.02109	0.06405	0.0191	0.01975	0.01958	0.01282	0.00579	0.09317	0.0107	0.00033	0.00026	0.12163	0.00026	0.00027	0.00129	0.0002	0.12072	0.08763	0.00148	0.02876	0.00461	0.08973	0.00869	0.01242	0.01164	0.01744	0.0061	0.08529	0.01365	0	0	0	0	
0.02511	0.01849	0.01383	0.01192	0.03632	0.01071	0.01103	0.01129	0.00731	0.00334	0.05262	0.00608	0.00017	0.00011	0.06894	0.00013	0.00012	0.00086	0.0001	0.06827	0.04951	0.0007	0.01616	0.00298	0.05155	0.00467	0.0069	0.00623	0.01032	0.00346	0.04791	0.00766	0	0	0	0	
0.24589	0.18742	0.12996	0.11501	0.35406	0.10729	0.1076	0.10933	0.12194	0.05785	0.39833	0.10016	0.00215	0.00142	0.67278	0.00193	0.00189	0.00795	0.00077	0.66767	0.36854	0.01055	0.26298	0.03621	0.50171	0.04735	0.06825	0.06097	0.03689	0.01226	0.60112	0.02801	0	0	0	0	
