0	0	0	0	0.20807	0.05052	0.05226	0.05321	0.05787	0.02673	0.23358	0.04588	0.00115	0.0006	0.36151	0.0008	0.00099	0.00404	0.00041	0.35862	0.21557	0.00531	0.12563	0.01755	0.26786	0.02488	0.03748	0.03384	0.02959	0.01051	0.30116	0.0228	0.04811	0.04477	0.02512	0.24606	
0	0	0	0	0.15573	0.03773	0.03998	0.04019	0.04192	0.01996	0.17649	0.03526	0.00089	0.00053	0.27155	0.00066	0.00073	0.00315	0.00029	0.26946	0.162	0.00402	0.09478	0.01283	0.20145	0.01887	0.02773	0.02558	0.02203	0.00774	0.22691	0.01695	0.03508	0.03344	0.01863	0.18648	
0	0	0	0	0.10865	0.02664	0.02741	0.02759	0.03028	0.01393	0.12231	0.02377	0.0006	0.00026	0.18898	0.00045	0.00055	0.00219	0.00018	0.18737	0.11279	0.00285	0.06573	0.00892	0.14035	0.0133	0.01893	0.01771	0.01561	0.00549	0.15689	0.0123	0.02448	0.024	0.01301	0.1288	
0	0	0	0	0.04717	0.04032	0.04197	0.04256	0.02708	0.01265	0.1107	0.02159	0.00051	0.00027	0.17086	0.00038	0.00051	0.00186	0.00021	0.16944	0.10257	0.00256	0.05843	0.00846	0.12592	0.01208	0.01799	0.01603	0.01436	0.00486	0.14197	0.01083	0.02199	0.02081	0.01146	0.11776	
0.20807	0.15573	0.10865	0.04717	0	0	0	0	0.08126	0.03747	0.3356	0.06529	0.00171	0.0009	0.51582	0.00119	0.00157	0.00621	0.00061	0.51123	0.30765	0.0081	0.17949	0.02438	0.38264	0.03574	0.05341	0.04783	0.04212	0.01484	0.42938	0.03328	0.06776	0.06389	0.03556	0.35241	
0.05052	0.03773	0.02664	0.04032	0	0	0	0	0.02468	0.01133	0.09982	0.01938	0.00049	0.00029	0.15408	0.00035	0.00042	0.00164	0.00016	0.15299	0.09093	0.00211	0.05452	0.00765	0.11415	0.0108	0.01557	0.01469	0.01251	0.00457	0.12847	0.00966	0.02006	0.01938	0.01066	0.10511	
0.05226	0.03998	0.02741	0.04197	0	0	0	0	0.02575	0.01182	0.10328	0.02077	0.00056	0.00019	0.16052	0.00035	0.00041	0.00186	0.00017	0.15918	0.09679	0.0023	0.05468	0.00785	0.11813	0.01158	0.01653	0.01538	0.0134	0.00466	0.13333	0.01023	0.0204	0.01978	0.01091	0.11053	
0.05321	0.04019	0.02759	0.04256	0	0	0	0	0.02546	0.01265	0.10438	0.02106	0.00039	0.00028	0.16248	0.0004	0.00038	0.00153	0.00015	0.16149	0.09756	0.00223	0.05588	0.00788	0.12066	0.01101	0.01662	0.01526	0.01356	0.00453	0.13575	0.00971	0.02144	0.01997	0.01109	0.11105	
0.05787	0.04192	0.03028	0.02708	0.08126	0.02468	0.02575	0.02546	0	0	0	0	0.00053	0.00017	0.15612	0.00033	0.00043	0.00179	0.00011	0.15482	0.09092	0.00207	0.05679	0.00737	0.11494	0.01105	0.01622	0.01494	0.01103	0.00379	0.13393	0.0084	0.01384	0.01281	0.00705	0.12345	
0.02673	0.01996	0.01393	0.01265	0.03747	0.01133	0.01182	0.01265	0	0	0	0	0.00027	0.00014	0.0727	0.00016	0.00015	0.00086	0.0001	0.07216	0.04155	0.0012	0.02678	0.00374	0.05402	0.00476	0.00747	0.00702	0.00522	0.00188	0.06192	0.00425	0.00645	0.00623	0.00336	0.05723	
0.23358	0.17649	0.12231	0.1107	0.3356	0.09982	0.10328	0.10438	0	0	0	0	0.00198	0.00119	0.63854	0.00137	0.00191	0.00699	0.00074	0.63344	0.38796	0.00942	0.21528	0.03042	0.47366	0.04452	0.0658	0.0591	0.05607	0.01951	0.52429	0.04321	0.09783	0.09336	0.05194	0.39995	
0.04588	0.03526	0.02377	0.02159	0.06529	0.01938	0.02077	0.02106	0	0	0	0	0.00037	0.00016	0.12554	0.00043	0.00029	0.0016	0.00014	0.12447	0.0725	0.00205	0.04572	0.00623	0.09296	0.0088	0.01264	0.0121	0.00927	0.00342	0.10679	0.00702	0.01154	0.01062	0.00587	0.09847	
0.00115	0.00089	0.0006	0.00051	0.00171	0.00049	0.00056	0.00039	0.00053	0.00027	0.00198	0.00037	0	0	0	0	0	5e-05	0	0.0031	0.00196	1e-05	0.00104	0.00014	0.00233	0.0002	0.00032	0.0003	0.00021	2e-05	0.00273	0.00019	0.0004	0.00035	0.00018	0.00222	
0.0006	0.00053	0.00026	0.00027	0.0009	0.00029	0.00019	0.00028	0.00017	0.00014	0.00119	0.00016	0	0	0	0	1e-05	3e-05	0	0.00162	0.001	1e-05	0.00063	2e-05	0.00121	0.00014	0.00022	9e-05	0.00016	4e-05	0.00138	8e-05	0.00019	0.00024	9e-05	0.00114	
0.36151	0.27155	0.18898	0.17086	0.51582	0.15408	0.16052	0.16248	0.15612	0.0727	0.63854	0.12554	0	0	0	0	0.00276	0.01112	0.00109	0.97793	0.58868	0.0147	0.34203	0.04749	0.73035	0.06863	0.10134	0.09258	0.08095	0.02844	0.821	0.06251	0.12877	0.12216	0.06779	0.67418	
0.0008	0.00066	0.00045	0.00038	0.00119	0.00035	0.00035	0.0004	0.00033	0.00016	0.00137	0.00043	0	0	0	0	1e-05	4e-05	0	0.00224	0.00129	2e-05	0.00087	0.00011	0.00169	0.00016	0.00025	0.00019	0.00027	0.0001	0.00182	0.0001	0.0003	0.00027	0.00016	0.00156	
0.00099	0.00073	0.00055	0.00051	0.00157	0.00042	0.00041	0.00038	0.00043	0.00015	0.00191	0.00029	0	1e-05	0.00276	1e-05	0	0	0	0	0.00159	5e-05	0.001	0.00014	0.00201	0.00025	0.00028	0.00024	0.0002	6e-05	0.0023	0.00022	0.00046	0.00038	0.00022	0.00172	
0.00404	0.00315	0.00219	0.00186	0.00621	0.00164	0.00186	0.00153	0.00179	0.00086	0.00699	0.0016	5e-05	3e-05	0.01112	4e-05	0	0	0	0	0.00657	0.00018	0.00384	0.00065	0.00845	0.00077	0.00108	0.00094	0.0008	0.0003	0.00938	0.00076	0.00148	0.00127	0.0008	0.00769	
0.00041	0.00029	0.00018	0.00021	0.00061	0.00016	0.00017	0.00015	0.00011	0.0001	0.00074	0.00014	0	0	0.00109	0	0	0	0	0	0.00072	1e-05	0.00035	1e-05	0.00081	0.00013	7e-05	8e-05	7e-05	4e-05	0.0009	8e-05	0.0001	0.00013	0.0001	0.00076	
0.35862	0.26946	0.18737	0.16944	0.51123	0.15299	0.15918	0.16149	0.15482	0.07216	0.63344	0.12447	0.0031	0.00162	0.97793	0.00224	0	0	0	0	0.58405	0.0145	0.33938	0.04696	0.72431	0.06798	0.1007	0.0919	0.08052	0.0282	0.81435	0.06182	0.12762	0.12124	0.0671	0.66893	
0.21557	0.162	0.11279	0.10257	0.30765	0.09093	0.09679	0.09756	0.09092	0.04155	0.38796	0.0725	0.00196	0.001	0.58868	0.00129	0.00159	0.00657	0.00072	0.58405	0	0	0	0	0.43432	0.04192	0.06155	0.05514	0.05412	0.01911	0.47787	0.04183	0.09166	0.08774	0.04854	0.36499	
0.00531	0.00402	0.00285	0.00256	0.0081	0.00211	0.0023	0.00223	0.00207	0.0012	0.00942	0.00205	1e-05	1e-05	0.0147	2e-05	5e-05	0.00018	1e-05	0.0145	0	0	0	0	0.01056	0.00117	0.00161	0.0014	0.00129	0.00049	0.01199	0.00097	0.00146	0.00131	0.00064	0.01133	
0.12563	0.09478	0.06573	0.05843	0.17949	0.05452	0.05468	0.05588	0.05679	0.02678	0.21528	0.04572	0.00104	0.00063	0.34203	0.00087	0.001	0.00384	0.00035	0.33938	0	0	0	0	0.2551	0.02291	0.03425	0.03231	0.02252	0.00777	0.2971	0.01718	0.03184	0.02961	0.01666	0.26646	
0.01755	0.01283	0.00892	0.00846	0.02438	0.00765	0.00785	0.00788	0.00737	0.00374	0.03042	0.00623	0.00014	2e-05	0.04749	0.00011	0.00014	0.00065	1e-05	0.04696	0	0	0	0	0.0356	0.00313	0.00472	0.00431	0.00366	0.00123	0.03997	0.0029	0.0047	0.00436	0.00238	0.03632	
0.26786	0.20145	0.14035	0.12592	0.38264	0.11415	0.11813	0.12066	0.11494	0.05402	0.47366	0.09296	0.00233	0.00121	0.73035	0.00169	0.00201	0.00845	0.00081	0.72431	0.43432	0.01056	0.2551	0.0356	0	0	0	0	0.06006	0.02115	0.60776	0.04661	0.09611	0.09031	0.04997	0.49919	
0.02488	0.01887	0.0133	0.01208	0.03574	0.0108	0.01158	0.01101	0.01105	0.00476	0.04452	0.0088	0.0002	0.00014	0.06863	0.00016	0.00025	0.00077	0.00013	0.06798	0.04192	0.00117	0.02291	0.00313	0	0	0	0	0.00545	0.00204	0.0574	0.00424	0.00891	0.00869	0.00456	0.04697	
0.03748	0.02773	0.01893	0.01799	0.05341	0.01557	0.01653	0.01662	0.01622	0.00747	0.0658	0.01264	0.00032	0.00022	0.10134	0.00025	0.00028	0.00108	7e-05	0.1007	0.06155	0.00161	0.03425	0.00472	0	0	0	0	0.00833	0.00276	0.08442	0.00662	0.01281	0.01267	0.00768	0.06897	
0.03384	0.02558	0.01771	0.01603	0.04783	0.01469	0.01538	0.01526	0.01494	0.00702	0.0591	0.0121	0.0003	9e-05	0.09258	0.00019	0.00024	0.00094	8e-05	0.0919	0.05514	0.0014	0.03231	0.00431	0	0	0	0	0.00775	0.00265	0.07735	0.00541	0.01183	0.01135	0.00601	0.06397	
0.02959	0.02203	0.01561	0.01436	0.04212	0.01251	0.0134	0.01356	0.01103	0.00522	0.05607	0.00927	0.00021	0.00016	0.08095	0.00027	0.0002	0.0008	7e-05	0.08052	0.05412	0.00129	0.02252	0.00366	0.06006	0.00545	0.00833	0.00775	0	0	0	0	0.01856	0.01749	0.00997	0.03557	
0.01051	0.00774	0.00549	0.00486	0.01484	0.00457	0.00466	0.00453	0.00379	0.00188	0.01951	0.00342	2e-05	4e-05	0.02844	0.0001	6e-05	0.0003	4e-05	0.0282	0.01911	0.00049	0.00777	0.00123	0.02115	0.00204	0.00276	0.00265	0	0	0	0	0.00649	0.00602	0.0035	0.01259	
0.30116	0.22691	0.15689	0.14197	0.42938	0.12847	0.13333	0.13575	0.13393	0.06192	0.52429	0.10679	0.00273	0.00138	0.821	0.00182	0.0023	0.00938	0.0009	0.81435	0.47787	0.01199	0.2971	0.03997	0.60776	0.0574	0.08442	0.07735	0	0	0	0	0.08974	0.08681	0.04723	0.60315	
0.0228	0.01695	0.0123	0.01083	0.03328	0.00966	0.01023	0.00971	0.0084	0.00425	0.04321	0.00702	0.00019	8e-05	0.06251	0.0001	0.00022	0.00076	8e-05	0.06182	0.04183	0.00097	0.01718	0.0029	0.04661	0.00424	0.00662	0.00541	0	0	0	0	0.01487	0.0127	0.00752	0.02779	
0.04811	0.03508	0.02448	0.02199	0.06776	0.02006	0.0204	0.02144	0.01384	0.00645	0.09783	0.01154	0.0004	0.00019	0.12877	0.0003	0.00046	0.00148	0.0001	0.12762	0.09166	0.00146	0.03184	0.0047	0.09611	0.00891	0.01281	0.01183	0.01856	0.00649	0.08974	0.01487	0	0	0	0	
0.04477	0.03344	0.024	0.02081	0.06389	0.01938	0.01978	0.01997	0.01281	0.00623	0.09336	0.01062	0.00035	0.00024	0.12216	0.00027	0.00038	0.00127	0.00013	0.12124	0.08774	0.00131	0.02961	0.00436	0.09031	0.00869	0.01267	0.01135	0.01749	0.00602	0.08681	0.0127	0	0	0	0	
0.02512	0.01863	0.01301	0.01146	0.03556	0.01066	0.01091	0.01109	0.00705	0.00336	0.05194	0.00587	0.00018	9e-05	0.06779	0.00016	0.00022	0.0008	0.0001	0.0671	0.04854	0.00064	0.01666	0.00238	0.04997	0.00456	0.00768	0.00601	0.00997	0.0035	0.04723	0.00752	0	0	0	0	
0.24606	0.18648	0.1288	0.11776	0.35241	0.10511	0.11053	0.11105	0.12345	0.05723	0.39995	0.09847	0.00222	0.00114	0.67418	0.00156	0.00172	0.00769	0.00076	0.66893	0.36499	0.01133	0.26646	0.03632	0.49919	0.04697	0.06897	0.06397	0.03557	0.01259	0.60315	0.02779	0	0	0	0	
