0	0	0	0	0.20492	0.05341	0.05513	0.05804	0.05925	0.0269	0.23665	0.0487	0.00037	5e-05	0.371	8e-05	0.00014	0.00313	9e-05	0.36814	0.22141	0.00627	0.12311	0.02071	0.27368	0.02421	0.03756	0.03605	0.03292	0.00955	0.30517	0.02386	0.05039	0.04449	0.02541	0.25121	
0	0	0	0	0.14659	0.03845	0.03987	0.04128	0.04206	0.01975	0.16871	0.03567	0.00012	3e-05	0.266	4e-05	0.0001	0.00256	2e-05	0.26351	0.158	0.00436	0.08911	0.01472	0.19531	0.01785	0.02745	0.02558	0.02274	0.00722	0.21872	0.01751	0.03585	0.03051	0.01727	0.18256	
0	0	0	0	0.10226	0.02841	0.02811	0.02995	0.03087	0.01376	0.11951	0.02459	0.00013	2e-05	0.18854	4e-05	1e-05	0.00155	7e-05	0.1871	0.1124	0.00297	0.06194	0.01142	0.1397	0.01192	0.0193	0.01781	0.01596	0.005	0.15505	0.01272	0.0255	0.02221	0.01291	0.12811	
0	0	0	0	0.06308	0.03492	0.03738	0.0382	0.02749	0.0126	0.11136	0.02213	0.00018	3e-05	0.17331	6e-05	4e-05	0.00165	2e-05	0.17187	0.10309	0.00295	0.05826	0.00928	0.12793	0.01175	0.01668	0.01722	0.01564	0.0045	0.1418	0.01164	0.02446	0.02081	0.01154	0.11677	
0.20492	0.14659	0.10226	0.06308	0	0	0	0	0.08295	0.03785	0.32756	0.06849	0.00038	7e-05	0.51627	0.00013	0.00015	0.00418	0.00012	0.5124	0.30749	0.00872	0.17172	0.02892	0.37941	0.03384	0.05308	0.05052	0.04553	0.01371	0.42455	0.03306	0.07024	0.06073	0.03469	0.35119	
0.05341	0.03845	0.02841	0.03492	0	0	0	0	0.0246	0.01194	0.09901	0.01964	0.00014	4e-05	0.15495	6e-05	4e-05	0.00152	2e-05	0.15361	0.09214	0.00232	0.05194	0.00879	0.11556	0.01007	0.01513	0.01443	0.01377	0.00419	0.12662	0.01061	0.02097	0.01866	0.01085	0.10471	
0.05513	0.03987	0.02811	0.03738	0	0	0	0	0.02544	0.01164	0.10292	0.02049	0.00012	2e-05	0.16034	1e-05	6e-05	0.0013	4e-05	0.15909	0.09531	0.00267	0.05332	0.00919	0.11834	0.0104	0.01627	0.01548	0.01388	0.00414	0.13157	0.0109	0.02199	0.0185	0.01053	0.10947	
0.05804	0.04128	0.02995	0.0382	0	0	0	0	0.02668	0.01158	0.10674	0.02247	0.00016	0	0.16729	2e-05	4e-05	0.00189	2e-05	0.16552	0.09996	0.00284	0.05544	0.00923	0.12331	0.01142	0.01651	0.01623	0.01408	0.00423	0.138	0.01116	0.023	0.02013	0.01106	0.11328	
0.05925	0.04206	0.03087	0.02749	0.08295	0.0246	0.02544	0.02668	0	0	0	0	0.00015	3e-05	0.15947	2e-05	2e-05	0.00129	3e-05	0.15833	0.09433	0.00267	0.05369	0.00898	0.11764	0.01021	0.01602	0.0158	0.01308	0.00391	0.13258	0.0101	0.0172	0.0142	0.00837	0.1199	
0.0269	0.01975	0.01376	0.0126	0.03785	0.01194	0.01164	0.01158	0	0	0	0	4e-05	0	0.07296	1e-05	5e-05	0.00067	2e-05	0.07227	0.04299	0.0014	0.02434	0.00428	0.05392	0.00477	0.00742	0.0069	0.00564	0.00192	0.06097	0.00448	0.00712	0.00659	0.00408	0.05522	
0.23665	0.16871	0.11951	0.11136	0.32756	0.09901	0.10292	0.10674	0	0	0	0	0.00049	8e-05	0.63552	0.00014	0.00018	0.00569	0.00013	0.63023	0.38092	0.01017	0.21019	0.03495	0.46784	0.04207	0.06472	0.0616	0.05808	0.01724	0.51793	0.04298	0.09829	0.08582	0.04794	0.40418	
0.0487	0.03567	0.02459	0.02213	0.06849	0.01964	0.02049	0.02247	0	0	0	0	0.00012	2e-05	0.1309	5e-05	4e-05	0.00124	2e-05	0.12979	0.07666	0.00231	0.0442	0.00792	0.09722	0.00868	0.01283	0.01236	0.01046	0.0032	0.10926	0.00817	0.01359	0.01141	0.00674	0.09935	
0.00037	0.00012	0.00013	0.00018	0.00038	0.00014	0.00012	0.00016	0.00015	4e-05	0.00049	0.00012	0	0	0	0	0	0	0	0.0008	0.00038	3e-05	0.00034	5e-05	0.00064	4e-05	2e-05	0.0001	5e-05	2e-05	0.00066	7e-05	0.0001	0.0001	4e-05	0.00056	
5e-05	3e-05	2e-05	3e-05	7e-05	4e-05	2e-05	0	3e-05	0	8e-05	2e-05	0	0	0	0	0	0	0	0.00013	9e-05	1e-05	2e-05	1e-05	7e-05	2e-05	2e-05	2e-05	0	0	0.00012	1e-05	3e-05	1e-05	0	9e-05	
0.371	0.266	0.18854	0.17331	0.51627	0.15495	0.16034	0.16729	0.15947	0.07296	0.63552	0.1309	0	0	0	0	0.00029	0.00889	0.0002	0.98947	0.59427	0.01651	0.33202	0.05605	0.73572	0.06566	0.10094	0.09653	0.08715	0.02624	0.81981	0.06565	0.13605	0.11788	0.06706	0.67786	
8e-05	4e-05	4e-05	6e-05	0.00013	6e-05	1e-05	2e-05	2e-05	1e-05	0.00014	5e-05	0	0	0	0	0	0	0	0.00022	0.00016	0	4e-05	2e-05	0.00019	1e-05	1e-05	1e-05	6e-05	1e-05	0.00015	0	2e-05	3e-05	3e-05	0.00014	
0.00014	0.0001	1e-05	4e-05	0.00015	4e-05	6e-05	4e-05	2e-05	5e-05	0.00018	4e-05	0	0	0.00029	0	0	0	0	0	0.00016	1e-05	0.00012	0	0.00022	2e-05	1e-05	4e-05	1e-05	0	0.00025	3e-05	2e-05	4e-05	0	0.00023	
0.00313	0.00256	0.00155	0.00165	0.00418	0.00152	0.0013	0.00189	0.00129	0.00067	0.00569	0.00124	0	0	0.00889	0	0	0	0	0	0.00513	0.00012	0.00315	0.00049	0.00663	0.00055	0.00095	0.00076	0.00074	0.0002	0.00732	0.00063	0.00124	0.00099	0.00066	0.006	
9e-05	2e-05	7e-05	2e-05	0.00012	2e-05	4e-05	2e-05	3e-05	2e-05	0.00013	2e-05	0	0	0.0002	0	0	0	0	0	0.00014	0	5e-05	1e-05	0.00013	1e-05	4e-05	2e-05	1e-05	0	0.00018	1e-05	5e-05	1e-05	5e-05	9e-05	
0.36814	0.26351	0.1871	0.17187	0.5124	0.15361	0.15909	0.16552	0.15833	0.07227	0.63023	0.12979	0.0008	0.00013	0.98947	0.00022	0	0	0	0	0.58947	0.01642	0.3291	0.05563	0.72964	0.06515	0.09999	0.09584	0.0865	0.02607	0.81299	0.06506	0.13489	0.11698	0.06642	0.67233	
0.22141	0.158	0.1124	0.10309	0.30749	0.09214	0.09531	0.09996	0.09433	0.04299	0.38092	0.07666	0.00038	9e-05	0.59427	0.00016	0.00016	0.00513	0.00014	0.58947	0	0	0	0	0.4385	0.03881	0.06029	0.0573	0.06316	0.01884	0.46547	0.04743	0.09294	0.08078	0.04538	0.3758	
0.00627	0.00436	0.00297	0.00295	0.00872	0.00232	0.00267	0.00284	0.00267	0.0014	0.01017	0.00231	3e-05	1e-05	0.01651	0	1e-05	0.00012	0	0.01642	0	0	0	0	0.01217	0.00111	0.00177	0.0015	0.00087	0.00035	0.01467	0.00066	0.00161	0.00145	0.00104	0.01245	
0.12311	0.08911	0.06194	0.05826	0.17172	0.05194	0.05332	0.05544	0.05369	0.02434	0.21019	0.0442	0.00034	2e-05	0.33202	4e-05	0.00012	0.00315	5e-05	0.3291	0	0	0	0	0.24494	0.02205	0.03332	0.03211	0.01986	0.00591	0.29152	0.01513	0.03575	0.03056	0.01794	0.24817	
0.02071	0.01472	0.01142	0.00928	0.02892	0.00879	0.00919	0.00923	0.00898	0.00428	0.03495	0.00792	5e-05	1e-05	0.05605	2e-05	0	0.00049	1e-05	0.05563	0	0	0	0	0.04101	0.00376	0.00561	0.00575	0.00337	0.00117	0.04908	0.00251	0.0059	0.00523	0.00277	0.04223	
0.27368	0.19531	0.1397	0.12793	0.37941	0.11556	0.11834	0.12331	0.11764	0.05392	0.46784	0.09722	0.00064	7e-05	0.73572	0.00019	0.00022	0.00663	0.00013	0.72964	0.4385	0.01217	0.24494	0.04101	0	0	0	0	0.0645	0.0195	0.60407	0.04855	0.10026	0.08718	0.04912	0.50006	
0.02421	0.01785	0.01192	0.01175	0.03384	0.01007	0.0104	0.01142	0.01021	0.00477	0.04207	0.00868	4e-05	2e-05	0.06566	1e-05	2e-05	0.00055	1e-05	0.06515	0.03881	0.00111	0.02205	0.00376	0	0	0	0	0.00547	0.0017	0.05432	0.00424	0.0094	0.00743	0.00467	0.04423	
0.03756	0.02745	0.0193	0.01668	0.05308	0.01513	0.01627	0.01651	0.01602	0.00742	0.06472	0.01283	2e-05	2e-05	0.10094	1e-05	1e-05	0.00095	4e-05	0.09999	0.06029	0.00177	0.03332	0.00561	0	0	0	0	0.00885	0.00259	0.08302	0.00653	0.01399	0.01198	0.00647	0.06855	
0.03605	0.02558	0.01781	0.01722	0.05052	0.01443	0.01548	0.01623	0.0158	0.0069	0.0616	0.01236	0.0001	2e-05	0.09653	1e-05	4e-05	0.00076	2e-05	0.09584	0.0573	0.0015	0.03211	0.00575	0	0	0	0	0.00844	0.00248	0.07933	0.00641	0.01255	0.01143	0.00687	0.06581	
0.03292	0.02274	0.01596	0.01564	0.04553	0.01377	0.01388	0.01408	0.01308	0.00564	0.05808	0.01046	5e-05	0	0.08715	6e-05	1e-05	0.00074	1e-05	0.0865	0.06316	0.00087	0.01986	0.00337	0.0645	0.00547	0.00885	0.00844	0	0	0	0	0.01852	0.01596	0.00863	0.04415	
0.00955	0.00722	0.005	0.0045	0.01371	0.00419	0.00414	0.00423	0.00391	0.00192	0.01724	0.0032	2e-05	0	0.02624	1e-05	0	0.0002	0	0.02607	0.01884	0.00035	0.00591	0.00117	0.0195	0.0017	0.00259	0.00248	0	0	0	0	0.00528	0.00477	0.00287	0.01335	
0.30517	0.21872	0.15505	0.1418	0.42455	0.12662	0.13157	0.138	0.13258	0.06097	0.51793	0.10926	0.00066	0.00012	0.81981	0.00015	0.00025	0.00732	0.00018	0.81299	0.46547	0.01467	0.29152	0.04908	0.60407	0.05432	0.08302	0.07933	0	0	0	0	0.09858	0.08525	0.04917	0.58774	
0.02386	0.01751	0.01272	0.01164	0.03306	0.01061	0.0109	0.01116	0.0101	0.00448	0.04298	0.00817	7e-05	1e-05	0.06565	0	3e-05	0.00063	1e-05	0.06506	0.04743	0.00066	0.01513	0.00251	0.04855	0.00424	0.00653	0.00641	0	0	0	0	0.01382	0.01204	0.00646	0.03341	
0.05039	0.03585	0.0255	0.02446	0.07024	0.02097	0.02199	0.023	0.0172	0.00712	0.09829	0.01359	0.0001	3e-05	0.13605	2e-05	2e-05	0.00124	5e-05	0.13489	0.09294	0.00161	0.03575	0.0059	0.10026	0.0094	0.01399	0.01255	0.01852	0.00528	0.09858	0.01382	0	0	0	0	
0.04449	0.03051	0.02221	0.02081	0.06073	0.01866	0.0185	0.02013	0.0142	0.00659	0.08582	0.01141	0.0001	1e-05	0.11788	3e-05	4e-05	0.00099	1e-05	0.11698	0.08078	0.00145	0.03056	0.00523	0.08718	0.00743	0.01198	0.01143	0.01596	0.00477	0.08525	0.01204	0	0	0	0	
0.02541	0.01727	0.01291	0.01154	0.03469	0.01085	0.01053	0.01106	0.00837	0.00408	0.04794	0.00674	4e-05	0	0.06706	3e-05	0	0.00066	5e-05	0.06642	0.04538	0.00104	0.01794	0.00277	0.04912	0.00467	0.00647	0.00687	0.00863	0.00287	0.04917	0.00646	0	0	0	0	
0.25121	0.18256	0.12811	0.11677	0.35119	0.10471	0.10947	0.11328	0.1199	0.05522	0.40418	0.09935	0.00056	9e-05	0.67786	0.00014	0.00023	0.006	9e-05	0.67233	0.3758	0.01245	0.24817	0.04223	0.50006	0.04423	0.06855	0.06581	0.04415	0.01335	0.58774	0.03341	0	0	0	0	
