0	0	0	0	0.19003	0.05848	0.05808	0.06263	0.05875	0.02556	0.23864	0.04627	0.00022	7e-05	0.36888	5e-05	0.00012	0.00333	9e-05	0.36568	0.22132	0.00509	0.12443	0.01838	0.27255	0.02395	0.03648	0.03624	0.03157	0.00992	0.30274	0.02499	0.05043	0.04517	0.02529	0.24833	
0	0	0	0	0.14015	0.04142	0.04271	0.04342	0.04206	0.01878	0.17193	0.03493	0.00021	4e-05	0.26742	3e-05	0.0001	0.00247	6e-05	0.26507	0.16102	0.00406	0.08912	0.0135	0.19714	0.01816	0.02693	0.02547	0.0234	0.00713	0.21975	0.01742	0.03636	0.03202	0.01837	0.18095	
0	0	0	0	0.09754	0.02911	0.02973	0.03024	0.02986	0.01341	0.1198	0.02355	0.00012	0	0.18647	3e-05	4e-05	0.00169	3e-05	0.18486	0.11143	0.00243	0.06341	0.00935	0.1383	0.01181	0.01803	0.01848	0.01613	0.00507	0.15339	0.01203	0.02589	0.02212	0.01264	0.12597	
0	0	0	0	0.09292	0.02675	0.02716	0.02963	0.02748	0.01244	0.11365	0.02289	8e-05	0	0.17632	6e-05	6e-05	0.00156	8e-05	0.17476	0.10527	0.00222	0.05953	0.00944	0.12926	0.01239	0.01758	0.01723	0.01586	0.00472	0.14374	0.01214	0.02417	0.02014	0.01181	0.12034	
0.19003	0.14015	0.09754	0.09292	0	0	0	0	0.08295	0.03616	0.33493	0.0666	0.00029	4e-05	0.52024	7e-05	0.00018	0.00483	0.00014	0.51549	0.31223	0.00715	0.17522	0.02604	0.38399	0.03481	0.05052	0.05132	0.04611	0.01393	0.42608	0.03452	0.07196	0.06221	0.03504	0.35143	
0.05848	0.04142	0.02911	0.02675	0	0	0	0	0.02438	0.01128	0.1002	0.0199	8e-05	2e-05	0.15563	3e-05	5e-05	0.00139	6e-05	0.15426	0.09354	0.00205	0.05239	0.00778	0.11405	0.01043	0.01604	0.01524	0.01326	0.00452	0.12712	0.01086	0.02088	0.01912	0.01091	0.10485	
0.05808	0.04271	0.02973	0.02716	0	0	0	0	0.02441	0.01092	0.10257	0.01978	0.00014	2e-05	0.15747	5e-05	5e-05	0.00139	4e-05	0.1562	0.09436	0.0023	0.05282	0.0082	0.11691	0.01043	0.01582	0.01452	0.01333	0.00402	0.1297	0.01063	0.02151	0.01795	0.0108	0.10742	
0.06263	0.04342	0.03024	0.02963	0	0	0	0	0.02641	0.01183	0.10632	0.02136	0.00012	3e-05	0.16575	2e-05	4e-05	0.00144	2e-05	0.16442	0.09891	0.0023	0.05606	0.00865	0.1223	0.01064	0.01664	0.01634	0.01426	0.00437	0.13672	0.01057	0.0225	0.02017	0.01136	0.11189	
0.05875	0.04206	0.02986	0.02748	0.08295	0.02438	0.02441	0.02641	0	0	0	0	6e-05	3e-05	0.15802	4e-05	3e-05	0.0014	1e-05	0.15671	0.09493	0.00198	0.05343	0.00781	0.11568	0.01077	0.01566	0.01604	0.01303	0.0044	0.1299	0.01082	0.02199	0.01961	0.01039	0.10616	
0.02556	0.01878	0.01341	0.01244	0.03616	0.01128	0.01092	0.01183	0	0	0	0	4e-05	1e-05	0.07013	1e-05	3e-05	0.00071	2e-05	0.06943	0.04171	0.00082	0.024	0.00366	0.05181	0.00461	0.00708	0.00669	0.00632	0.00171	0.05758	0.00458	0.01013	0.00906	0.0049	0.0461	
0.23864	0.17193	0.1198	0.11365	0.33493	0.1002	0.10257	0.10632	0	0	0	0	0.00049	7e-05	0.64337	9e-05	0.0002	0.00572	0.00022	0.63788	0.3861	0.00915	0.21609	0.03268	0.47517	0.04205	0.06389	0.06291	0.05641	0.01737	0.52735	0.04289	0.08734	0.07553	0.04423	0.43692	
0.04627	0.03493	0.02355	0.02289	0.0666	0.0199	0.01978	0.02136	0	0	0	0	4e-05	0	0.12757	3e-05	6e-05	0.00122	1e-05	0.12635	0.0763	0.00185	0.04297	0.00652	0.09459	0.00888	0.01239	0.01178	0.0112	0.00336	0.10479	0.00829	0.01739	0.01525	0.00859	0.08641	
0.00022	0.00021	0.00012	8e-05	0.00029	8e-05	0.00014	0.00012	6e-05	4e-05	0.00049	4e-05	0	0	0	0	0	0	0	0.00063	0.00036	0	0.00024	3e-05	0.0005	3e-05	4e-05	6e-05	0.0001	2e-05	0.00047	4e-05	0.00014	7e-05	2e-05	0.0004	
7e-05	4e-05	0	0	4e-05	2e-05	2e-05	3e-05	3e-05	1e-05	7e-05	0	0	0	0	0	0	0	0	0.00011	7e-05	0	4e-05	0	9e-05	0	2e-05	0	1e-05	0	0.0001	0	1e-05	1e-05	1e-05	8e-05	
0.36888	0.26742	0.18647	0.17632	0.52024	0.15563	0.15747	0.16575	0.15802	0.07013	0.64337	0.12757	0	0	0	0	0.00032	0.00905	0.00026	0.98946	0.59851	0.0138	0.33615	0.05063	0.73654	0.06627	0.09896	0.09732	0.08684	0.02682	0.81891	0.06652	0.13669	0.11933	0.06806	0.67501	
5e-05	3e-05	3e-05	6e-05	7e-05	3e-05	5e-05	2e-05	4e-05	1e-05	9e-05	3e-05	0	0	0	0	0	0	0	0.00017	0.0001	0	6e-05	1e-05	0.00012	1e-05	0	4e-05	1e-05	0	0.00014	2e-05	1e-05	4e-05	2e-05	0.0001	
0.00012	0.0001	4e-05	6e-05	0.00018	5e-05	5e-05	4e-05	3e-05	3e-05	0.0002	6e-05	0	0	0.00032	0	0	0	0	0	0.00019	0	0.0001	3e-05	0.00025	3e-05	3e-05	1e-05	5e-05	0	0.00023	4e-05	8e-05	3e-05	4e-05	0.00017	
0.00333	0.00247	0.00169	0.00156	0.00483	0.00139	0.00139	0.00144	0.0014	0.00071	0.00572	0.00122	0	0	0.00905	0	0	0	0	0	0.00541	0.00019	0.00307	0.00038	0.00673	0.00057	0.00094	0.00081	0.00081	0.00026	0.00745	0.00053	0.00143	0.00107	0.00073	0.00582	
9e-05	6e-05	3e-05	8e-05	0.00014	6e-05	4e-05	2e-05	1e-05	2e-05	0.00022	1e-05	0	0	0.00026	0	0	0	0	0	0.00018	0	8e-05	0	0.00018	4e-05	2e-05	2e-05	2e-05	1e-05	0.0002	3e-05	2e-05	1e-05	2e-05	0.00021	
0.36568	0.26507	0.18486	0.17476	0.51549	0.15426	0.1562	0.16442	0.15671	0.06943	0.63788	0.12635	0.00063	0.00011	0.98946	0.00017	0	0	0	0	0.59326	0.01361	0.33324	0.05026	0.73009	0.06567	0.09803	0.09658	0.08608	0.02657	0.81174	0.06598	0.13532	0.11834	0.06732	0.66939	
0.22132	0.16102	0.11143	0.10527	0.31223	0.09354	0.09436	0.09891	0.09493	0.04171	0.3861	0.0763	0.00036	7e-05	0.59851	0.0001	0.00019	0.00541	0.00018	0.59326	0	0	0	0	0.44066	0.04035	0.05962	0.05841	0.05214	0.01597	0.49155	0.03938	0.08207	0.07128	0.0401	0.40559	
0.00509	0.00406	0.00243	0.00222	0.00715	0.00205	0.0023	0.0023	0.00198	0.00082	0.00915	0.00185	0	0	0.0138	0	0	0.00019	0	0.01361	0	0	0	0	0.01019	0.00078	0.00143	0.0014	0.0013	0.00035	0.01119	0.00096	0.00186	0.00153	0.00089	0.00952	
0.12443	0.08912	0.06341	0.05953	0.17522	0.05239	0.05282	0.05606	0.05343	0.024	0.21609	0.04297	0.00024	4e-05	0.33615	6e-05	0.0001	0.00307	8e-05	0.33324	0	0	0	0	0.24889	0.02171	0.03313	0.03276	0.02931	0.00917	0.27545	0.02256	0.04588	0.04048	0.02336	0.22677	
0.01838	0.0135	0.00935	0.00944	0.02604	0.00778	0.0082	0.00865	0.00781	0.00366	0.03268	0.00652	3e-05	0	0.05063	1e-05	3e-05	0.00038	0	0.05026	0	0	0	0	0.03751	0.00347	0.00484	0.00485	0.00421	0.00135	0.04143	0.00368	0.00704	0.00616	0.00376	0.03371	
0.27255	0.19714	0.1383	0.12926	0.38399	0.11405	0.11691	0.1223	0.11568	0.05181	0.47517	0.09459	0.0005	9e-05	0.73654	0.00012	0.00025	0.00673	0.00018	0.73009	0.44066	0.01019	0.24889	0.03751	0	0	0	0	0.06435	0.0194	0.60471	0.04879	0.10025	0.08758	0.05043	0.49899	
0.02395	0.01816	0.01181	0.01239	0.03481	0.01043	0.01043	0.01064	0.01077	0.00461	0.04205	0.00888	3e-05	0	0.06627	1e-05	3e-05	0.00057	4e-05	0.06567	0.04035	0.00078	0.02171	0.00347	0	0	0	0	0.00565	0.00198	0.05413	0.00455	0.00903	0.00777	0.0049	0.04461	
0.03648	0.02693	0.01803	0.01758	0.05052	0.01604	0.01582	0.01664	0.01566	0.00708	0.06389	0.01239	4e-05	2e-05	0.09896	0	3e-05	0.00094	2e-05	0.09803	0.05962	0.00143	0.03313	0.00484	0	0	0	0	0.00851	0.00275	0.08102	0.00674	0.01364	0.01243	0.0065	0.06645	
0.03624	0.02547	0.01848	0.01723	0.05132	0.01524	0.01452	0.01634	0.01604	0.00669	0.06291	0.01178	6e-05	0	0.09732	4e-05	1e-05	0.00081	2e-05	0.09658	0.05841	0.0014	0.03276	0.00485	0	0	0	0	0.00845	0.00271	0.07976	0.0065	0.01393	0.01167	0.00628	0.06554	
0.03157	0.0234	0.01613	0.01586	0.04611	0.01326	0.01333	0.01426	0.01303	0.00632	0.05641	0.0112	0.0001	1e-05	0.08684	1e-05	5e-05	0.00081	2e-05	0.08608	0.05214	0.0013	0.02931	0.00421	0.06435	0.00565	0.00851	0.00845	0	0	0	0	0.01239	0.01002	0.00576	0.05879	
0.00992	0.00713	0.00507	0.00472	0.01393	0.00452	0.00402	0.00437	0.0044	0.00171	0.01737	0.00336	2e-05	0	0.02682	0	0	0.00026	1e-05	0.02657	0.01597	0.00035	0.00917	0.00135	0.0194	0.00198	0.00275	0.00271	0	0	0	0	0.00357	0.00313	0.00176	0.01838	
0.30274	0.21975	0.15339	0.14374	0.42608	0.12712	0.1297	0.13672	0.1299	0.05758	0.52735	0.10479	0.00047	0.0001	0.81891	0.00014	0.00023	0.00745	0.0002	0.81174	0.49155	0.01119	0.27545	0.04143	0.60471	0.05413	0.08102	0.07976	0	0	0	0	0.11253	0.09821	0.05606	0.55282	
0.02499	0.01742	0.01203	0.01214	0.03452	0.01086	0.01063	0.01057	0.01082	0.00458	0.04289	0.00829	4e-05	0	0.06652	2e-05	4e-05	0.00053	3e-05	0.06598	0.03938	0.00096	0.02256	0.00368	0.04879	0.00455	0.00674	0.0065	0	0	0	0	0.00836	0.00809	0.00453	0.0456	
0.05043	0.03636	0.02589	0.02417	0.07196	0.02088	0.02151	0.0225	0.02199	0.01013	0.08734	0.01739	0.00014	1e-05	0.13669	1e-05	8e-05	0.00143	2e-05	0.13532	0.08207	0.00186	0.04588	0.00704	0.10025	0.00903	0.01364	0.01393	0.01239	0.00357	0.11253	0.00836	0	0	0	0	
0.04517	0.03202	0.02212	0.02014	0.06221	0.01912	0.01795	0.02017	0.01961	0.00906	0.07553	0.01525	7e-05	1e-05	0.11933	4e-05	3e-05	0.00107	1e-05	0.11834	0.07128	0.00153	0.04048	0.00616	0.08758	0.00777	0.01243	0.01167	0.01002	0.00313	0.09821	0.00809	0	0	0	0	
0.02529	0.01837	0.01264	0.01181	0.03504	0.01091	0.0108	0.01136	0.01039	0.0049	0.04423	0.00859	2e-05	1e-05	0.06806	2e-05	4e-05	0.00073	2e-05	0.06732	0.0401	0.00089	0.02336	0.00376	0.05043	0.0049	0.0065	0.00628	0.00576	0.00176	0.05606	0.00453	0	0	0	0	
0.24833	0.18095	0.12597	0.12034	0.35143	0.10485	0.10742	0.11189	0.10616	0.0461	0.43692	0.08641	0.0004	8e-05	0.67501	0.0001	0.00017	0.00582	0.00021	0.66939	0.40559	0.00952	0.22677	0.03371	0.49899	0.04461	0.06645	0.06554	0.05879	0.01838	0.55282	0.0456	0	0	0	0	
