0	0	0	0	0.20171	0.05381	0.05505	0.05831	0.05867	0.02723	0.2343	0.04868	0.00023	3e-05	0.36856	6e-05	0.00013	0.00338	4e-05	0.36533	0.21937	0.00625	0.12218	0.02108	0.27168	0.02487	0.03731	0.03502	0.03246	0.01015	0.3019	0.02437	0.05012	0.04279	0.02477	0.2512	
0	0	0	0	0.14616	0.03836	0.04006	0.04183	0.04247	0.01895	0.17008	0.03491	0.00026	2e-05	0.26606	7e-05	0.00014	0.00244	2e-05	0.26381	0.15624	0.00444	0.08991	0.01582	0.19704	0.01683	0.0273	0.02524	0.02392	0.00672	0.21844	0.01733	0.03692	0.03127	0.01789	0.18033	
0	0	0	0	0.10514	0.02863	0.0285	0.02948	0.02984	0.01391	0.12218	0.02582	0.00014	2e-05	0.19156	3e-05	5e-05	0.00208	3e-05	0.18959	0.11398	0.00345	0.06372	0.0106	0.14072	0.01325	0.01909	0.01869	0.01712	0.00493	0.15721	0.01249	0.0257	0.02222	0.01309	0.13074	
0	0	0	0	0.06337	0.03517	0.03583	0.03859	0.02688	0.01206	0.11151	0.02251	0.00013	3e-05	0.17276	4e-05	0	0.00153	2e-05	0.17141	0.10195	0.00302	0.05753	0.01046	0.12778	0.01129	0.01696	0.01693	0.01533	0.00408	0.14225	0.0113	0.02335	0.0204	0.01149	0.11772	
0.20171	0.14616	0.10514	0.06337	0	0	0	0	0.08143	0.03687	0.32943	0.06865	0.00037	2e-05	0.51588	0.00011	0.00019	0.00475	5e-05	0.51139	0.30555	0.00857	0.17221	0.03005	0.38094	0.03401	0.05198	0.04945	0.04555	0.01382	0.42265	0.03436	0.06992	0.05954	0.03463	0.35229	
0.05381	0.03836	0.02863	0.03517	0	0	0	0	0.02434	0.01114	0.10038	0.02011	0.0001	3e-05	0.15583	1e-05	6e-05	0.00146	2e-05	0.15443	0.09175	0.0027	0.05291	0.00861	0.11509	0.01016	0.01595	0.01477	0.01347	0.00411	0.12822	0.01017	0.02194	0.01809	0.01001	0.10593	
0.05505	0.04006	0.0285	0.03583	0	0	0	0	0.0247	0.01189	0.10188	0.02097	0.00011	3e-05	0.15928	2e-05	1e-05	0.00162	1e-05	0.1578	0.09479	0.00268	0.05286	0.00911	0.11724	0.01088	0.01571	0.01561	0.01465	0.00393	0.13063	0.01023	0.02145	0.01876	0.01116	0.10807	
0.05831	0.04183	0.02948	0.03859	0	0	0	0	0.02739	0.01225	0.10638	0.02219	0.00018	2e-05	0.16795	6e-05	6e-05	0.0016	3e-05	0.16652	0.09945	0.00321	0.05536	0.01019	0.12395	0.01119	0.01702	0.01605	0.01516	0.00402	0.1383	0.01073	0.02278	0.02029	0.01144	0.1137	
0.05867	0.04247	0.02984	0.02688	0.08143	0.02434	0.0247	0.02739	0	0	0	0	0.00013	1e-05	0.15768	4e-05	7e-05	0.00161	1e-05	0.15617	0.09192	0.00282	0.05406	0.00906	0.11664	0.01061	0.01589	0.01472	0.01305	0.00394	0.13071	0.01016	0.0172	0.01404	0.0079	0.11872	
0.02723	0.01895	0.01391	0.01206	0.03687	0.01114	0.01189	0.01225	0	0	0	0	5e-05	1e-05	0.07208	1e-05	4e-05	0.00077	2e-05	0.07132	0.04265	0.00123	0.02436	0.00391	0.05274	0.00508	0.0076	0.00673	0.00606	0.00171	0.05977	0.00461	0.00752	0.00603	0.00376	0.05484	
0.2343	0.17008	0.12218	0.11151	0.32943	0.10038	0.10188	0.10638	0	0	0	0	0.0005	7e-05	0.63736	0.00014	0.00016	0.00585	8e-05	0.63198	0.38025	0.01083	0.21009	0.0369	0.47036	0.04184	0.06375	0.06212	0.05862	0.0167	0.52017	0.04258	0.09793	0.08467	0.04888	0.40659	
0.04868	0.03491	0.02582	0.02251	0.06865	0.02011	0.02097	0.02219	0	0	0	0	8e-05	1e-05	0.13182	1e-05	5e-05	0.0012	0	0.13067	0.07672	0.00228	0.04483	0.00809	0.09748	0.00871	0.01342	0.01231	0.0111	0.00353	0.10915	0.00814	0.01344	0.01194	0.0067	0.09984	
0.00023	0.00026	0.00014	0.00013	0.00037	0.0001	0.00011	0.00018	0.00013	5e-05	0.0005	8e-05	0	0	0	0	0	1e-05	0	0.00075	0.00035	2e-05	0.00034	5e-05	0.00051	7e-05	7e-05	0.00011	5e-05	0	0.00065	6e-05	0.00013	0.00013	5e-05	0.00045	
3e-05	2e-05	2e-05	3e-05	2e-05	3e-05	3e-05	2e-05	1e-05	1e-05	7e-05	1e-05	0	0	0	0	0	0	0	0.0001	5e-05	0	5e-05	0	7e-05	1e-05	2e-05	0	2e-05	0	8e-05	0	0	1e-05	1e-05	8e-05	
0.36856	0.26606	0.19156	0.17276	0.51588	0.15583	0.15928	0.16795	0.15768	0.07208	0.63736	0.13182	0	0	0	0	0.00032	0.00942	0.00011	0.98909	0.59105	0.01714	0.33288	0.05787	0.73651	0.06614	0.10054	0.09575	0.08874	0.02588	0.8189	0.06542	0.13594	0.11652	0.06717	0.67931	
6e-05	7e-05	3e-05	4e-05	0.00011	1e-05	2e-05	6e-05	4e-05	1e-05	0.00014	1e-05	0	0	0	0	0	0	0	0.0002	9e-05	0	7e-05	4e-05	0.00013	2e-05	3e-05	2e-05	2e-05	0	0.00017	1e-05	2e-05	2e-05	1e-05	0.00015	
0.00013	0.00014	5e-05	0	0.00019	6e-05	1e-05	6e-05	7e-05	4e-05	0.00016	5e-05	0	0	0.00032	0	0	0	0	0	0.0002	0	9e-05	3e-05	0.00025	1e-05	4e-05	2e-05	2e-05	2e-05	0.00025	3e-05	2e-05	5e-05	3e-05	0.00022	
0.00338	0.00244	0.00208	0.00153	0.00475	0.00146	0.00162	0.0016	0.00161	0.00077	0.00585	0.0012	1e-05	0	0.00942	0	0	0	0	0	0.00561	0.00013	0.00308	0.00061	0.00692	0.00064	0.0009	0.00097	0.00066	0.00027	0.00781	0.00069	0.00128	0.00117	0.00062	0.00636	
4e-05	2e-05	3e-05	2e-05	5e-05	2e-05	1e-05	3e-05	1e-05	2e-05	8e-05	0	0	0	0.00011	0	0	0	0	0	8e-05	0	3e-05	0	6e-05	4e-05	1e-05	0	2e-05	0	8e-05	1e-05	2e-05	2e-05	0	7e-05	
0.36533	0.26381	0.18959	0.17141	0.51139	0.15443	0.1578	0.16652	0.15617	0.07132	0.63198	0.13067	0.00075	0.0001	0.98909	0.0002	0	0	0	0	0.58565	0.01703	0.33014	0.05732	0.72999	0.06555	0.09971	0.09489	0.08813	0.02559	0.81166	0.06476	0.13477	0.11544	0.06659	0.67334	
0.21937	0.15624	0.11398	0.10195	0.30555	0.09175	0.09479	0.09945	0.09192	0.04265	0.38025	0.07672	0.00035	5e-05	0.59105	9e-05	0.0002	0.00561	8e-05	0.58565	0	0	0	0	0.43652	0.03902	0.0595	0.0565	0.06305	0.01834	0.46448	0.04567	0.09113	0.0779	0.04569	0.37682	
0.00625	0.00444	0.00345	0.00302	0.00857	0.0027	0.00268	0.00321	0.00282	0.00123	0.01083	0.00228	2e-05	0	0.01714	0	0	0.00013	0	0.01703	0	0	0	0	0.01267	0.00105	0.0017	0.00174	0.00106	0.00027	0.0149	0.00093	0.002	0.00166	0.00095	0.01255	
0.12218	0.08991	0.06372	0.05753	0.17221	0.05291	0.05286	0.05536	0.05406	0.02436	0.21009	0.04483	0.00034	5e-05	0.33288	7e-05	9e-05	0.00308	3e-05	0.33014	0	0	0	0	0.24603	0.02207	0.03343	0.03181	0.02108	0.00624	0.28973	0.01629	0.03647	0.03141	0.0175	0.24796	
0.02108	0.01582	0.0106	0.01046	0.03005	0.00861	0.00911	0.01019	0.00906	0.00391	0.0369	0.00809	5e-05	0	0.05787	4e-05	3e-05	0.00061	0	0.05732	0	0	0	0	0.042	0.0041	0.00603	0.00583	0.00364	0.00103	0.05069	0.0026	0.00649	0.00571	0.0031	0.04266	
0.27168	0.19704	0.14072	0.12778	0.38094	0.11509	0.11724	0.12395	0.11664	0.05274	0.47036	0.09748	0.00051	7e-05	0.73651	0.00013	0.00025	0.00692	6e-05	0.72999	0.43652	0.01267	0.24603	0.042	0	0	0	0	0.06518	0.01916	0.60469	0.04819	0.09978	0.08607	0.04942	0.50195	
0.02487	0.01683	0.01325	0.01129	0.03401	0.01016	0.01088	0.01119	0.01061	0.00508	0.04184	0.00871	7e-05	1e-05	0.06614	2e-05	1e-05	0.00064	4e-05	0.06555	0.03902	0.00105	0.02207	0.0041	0	0	0	0	0.00558	0.00153	0.05474	0.00439	0.0091	0.00757	0.00456	0.04501	
0.03731	0.0273	0.01909	0.01696	0.05198	0.01595	0.01571	0.01702	0.01589	0.0076	0.06375	0.01342	7e-05	2e-05	0.10054	3e-05	4e-05	0.0009	1e-05	0.09971	0.0595	0.0017	0.03343	0.00603	0	0	0	0	0.00919	0.00274	0.08224	0.00649	0.01412	0.01146	0.00685	0.06823	
0.03502	0.02524	0.01869	0.01693	0.04945	0.01477	0.01561	0.01605	0.01472	0.00673	0.06212	0.01231	0.00011	0	0.09575	2e-05	2e-05	0.00097	0	0.09489	0.0565	0.00174	0.03181	0.00583	0	0	0	0	0.00888	0.00245	0.07813	0.00642	0.01309	0.01158	0.00641	0.0648	
0.03246	0.02392	0.01712	0.01533	0.04555	0.01347	0.01465	0.01516	0.01305	0.00606	0.05862	0.0111	5e-05	2e-05	0.08874	2e-05	2e-05	0.00066	2e-05	0.08813	0.06305	0.00106	0.02108	0.00364	0.06518	0.00558	0.00919	0.00888	0	0	0	0	0.01787	0.01618	0.0087	0.04608	
0.01015	0.00672	0.00493	0.00408	0.01382	0.00411	0.00393	0.00402	0.00394	0.00171	0.0167	0.00353	0	0	0.02588	0	2e-05	0.00027	0	0.02559	0.01834	0.00027	0.00624	0.00103	0.01916	0.00153	0.00274	0.00245	0	0	0	0	0.00508	0.00447	0.00248	0.01385	
0.3019	0.21844	0.15721	0.14225	0.42265	0.12822	0.13063	0.1383	0.13071	0.05977	0.52017	0.10915	0.00065	8e-05	0.8189	0.00017	0.00025	0.00781	8e-05	0.81166	0.46448	0.0149	0.28973	0.05069	0.60469	0.05474	0.08224	0.07813	0	0	0	0	0.09964	0.08407	0.0489	0.58719	
0.02437	0.01733	0.01249	0.0113	0.03436	0.01017	0.01023	0.01073	0.01016	0.00461	0.04258	0.00814	6e-05	0	0.06542	1e-05	3e-05	0.00069	1e-05	0.06476	0.04567	0.00093	0.01629	0.0026	0.04819	0.00439	0.00649	0.00642	0	0	0	0	0.0135	0.01196	0.00716	0.03287	
0.05012	0.03692	0.0257	0.02335	0.06992	0.02194	0.02145	0.02278	0.0172	0.00752	0.09793	0.01344	0.00013	0	0.13594	2e-05	2e-05	0.00128	2e-05	0.13477	0.09113	0.002	0.03647	0.00649	0.09978	0.0091	0.01412	0.01309	0.01787	0.00508	0.09964	0.0135	0	0	0	0	
0.04279	0.03127	0.02222	0.0204	0.05954	0.01809	0.01876	0.02029	0.01404	0.00603	0.08467	0.01194	0.00013	1e-05	0.11652	2e-05	5e-05	0.00117	2e-05	0.11544	0.0779	0.00166	0.03141	0.00571	0.08607	0.00757	0.01146	0.01158	0.01618	0.00447	0.08407	0.01196	0	0	0	0	
0.02477	0.01789	0.01309	0.01149	0.03463	0.01001	0.01116	0.01144	0.0079	0.00376	0.04888	0.0067	5e-05	1e-05	0.06717	1e-05	3e-05	0.00062	0	0.06659	0.04569	0.00095	0.0175	0.0031	0.04942	0.00456	0.00685	0.00641	0.0087	0.00248	0.0489	0.00716	0	0	0	0	
0.2512	0.18033	0.13074	0.11772	0.35229	0.10593	0.10807	0.1137	0.11872	0.05484	0.40659	0.09984	0.00045	8e-05	0.67931	0.00015	0.00022	0.00636	7e-05	0.67334	0.37682	0.01255	0.24796	0.04266	0.50195	0.04501	0.06823	0.0648	0.04608	0.01385	0.58719	0.03287	0	0	0	0	
