0	0	0	0	0.20495	0.05329	0.05272	0.05891	0.05791	0.02713	0.23577	0.04906	0.00028	6e-05	0.36947	6e-05	0.00017	0.00384	4e-05	0.36582	0.21712	0.00645	0.12556	0.02074	0.27254	0.02485	0.03733	0.03515	0.03337	0.00917	0.30324	0.02409	0.04969	0.04324	0.02545	0.25149	
0	0	0	0	0.14583	0.03942	0.03953	0.04139	0.04297	0.01833	0.17072	0.03415	0.00011	1e-05	0.26603	2e-05	4e-05	0.00261	2e-05	0.2635	0.15767	0.00446	0.08869	0.01535	0.19769	0.0168	0.02563	0.02605	0.02347	0.00684	0.21864	0.01722	0.0355	0.03133	0.01714	0.1822	
0	0	0	0	0.10476	0.02758	0.02867	0.0294	0.02976	0.01455	0.1218	0.0243	0.00017	2e-05	0.19018	4e-05	2e-05	0.00175	6e-05	0.18858	0.11267	0.00318	0.06377	0.01079	0.13976	0.01272	0.01929	0.01864	0.01655	0.0054	0.15523	0.01323	0.02616	0.02322	0.01271	0.12832	
0	0	0	0	0.06168	0.03547	0.0372	0.0392	0.02706	0.01272	0.11077	0.023	0.00012	2e-05	0.17335	6e-05	5e-05	0.00176	2e-05	0.17172	0.10215	0.00314	0.05854	0.00972	0.12777	0.01139	0.01742	0.01697	0.01527	0.00477	0.14203	0.01148	0.02332	0.02029	0.01143	0.11851	
0.20495	0.14583	0.10476	0.06168	0	0	0	0	0.08221	0.03707	0.32964	0.0683	0.0003	7e-05	0.51673	0.00012	0.00013	0.00523	9e-05	0.51177	0.30483	0.00876	0.1747	0.02893	0.38188	0.03378	0.05132	0.05024	0.04605	0.01326	0.42354	0.03437	0.06971	0.06098	0.03466	0.35187	
0.05329	0.03942	0.02758	0.03547	0	0	0	0	0.02498	0.01171	0.09964	0.01943	9e-05	2e-05	0.15564	1e-05	5e-05	0.00153	0	0.15418	0.0919	0.0026	0.05234	0.00892	0.11493	0.01041	0.01522	0.0152	0.01378	0.00426	0.12725	0.01047	0.02112	0.0189	0.01034	0.1054	
0.05272	0.03953	0.02867	0.0372	0	0	0	0	0.02413	0.01154	0.10203	0.02042	0.00018	2e-05	0.15791	1e-05	5e-05	0.00162	2e-05	0.15643	0.09341	0.00285	0.05275	0.00911	0.11601	0.01033	0.01661	0.01517	0.01412	0.00398	0.12978	0.01024	0.02154	0.01828	0.0105	0.1078	
0.05891	0.04139	0.0294	0.0392	0	0	0	0	0.02638	0.01241	0.10775	0.02236	0.00011	0	0.16875	4e-05	5e-05	0.00158	3e-05	0.16724	0.09947	0.00302	0.05677	0.00964	0.12494	0.01124	0.01652	0.0162	0.01471	0.00468	0.13857	0.01094	0.0223	0.01992	0.01123	0.11545	
0.05791	0.04297	0.02976	0.02706	0.08221	0.02498	0.02413	0.02638	0	0	0	0	0.0001	3e-05	0.15752	5e-05	6e-05	0.00153	2e-05	0.15609	0.09157	0.00293	0.05422	0.00898	0.11617	0.01	0.01573	0.0158	0.01342	0.00383	0.13054	0.00991	0.01616	0.01409	0.00808	0.11937	
0.02713	0.01833	0.01455	0.01272	0.03707	0.01171	0.01154	0.01241	0	0	0	0	8e-05	0	0.07264	1e-05	2e-05	0.00077	1e-05	0.07193	0.0419	0.00135	0.02544	0.00404	0.05381	0.00489	0.00713	0.0069	0.00561	0.00155	0.06096	0.00461	0.00763	0.00614	0.00397	0.05499	
0.23577	0.17072	0.1218	0.11077	0.32964	0.09964	0.10203	0.10775	0	0	0	0	0.00043	6e-05	0.63845	0.00012	0.00019	0.00625	8e-05	0.63254	0.37977	0.01066	0.21253	0.0361	0.47197	0.0424	0.06343	0.06126	0.05873	0.01756	0.51914	0.04363	0.09753	0.08684	0.04805	0.40664	
0.04906	0.03415	0.0243	0.023	0.0683	0.01943	0.02042	0.02236	0	0	0	0	7e-05	2e-05	0.13042	0	1e-05	0.00141	3e-05	0.12906	0.07637	0.00229	0.04437	0.00748	0.09581	0.00847	0.01338	0.01285	0.0109	0.00324	0.1085	0.00787	0.01335	0.01101	0.00663	0.09952	
0.00028	0.00011	0.00017	0.00012	0.0003	9e-05	0.00018	0.00011	0.0001	8e-05	0.00043	7e-05	0	0	0	0	0	0	0	0.00068	0.00048	0	0.00019	1e-05	0.00049	2e-05	7e-05	0.0001	3e-05	1e-05	0.00061	3e-05	7e-05	0.0001	2e-05	0.00049	
6e-05	1e-05	2e-05	2e-05	7e-05	2e-05	2e-05	0	3e-05	0	6e-05	2e-05	0	0	0	0	0	0	0	0.00011	0.0001	0	1e-05	0	7e-05	0	0	4e-05	4e-05	0	5e-05	2e-05	3e-05	2e-05	2e-05	4e-05	
0.36947	0.26603	0.19018	0.17335	0.51673	0.15564	0.15791	0.16875	0.15752	0.07264	0.63845	0.13042	0	0	0	0	0.00028	0.00996	0.00014	0.98865	0.5889	0.01723	0.33632	0.05658	0.73706	0.06573	0.09959	0.09665	0.08859	0.02617	0.81831	0.06596	0.13453	0.11795	0.06668	0.67987	
6e-05	2e-05	4e-05	6e-05	0.00012	1e-05	1e-05	4e-05	5e-05	1e-05	0.00012	0	0	0	0	0	0	0	0	0.00018	0.00013	0	4e-05	1e-05	0.00014	1e-05	1e-05	2e-05	0	0	0.00017	1e-05	4e-05	1e-05	1e-05	0.00012	
0.00017	4e-05	2e-05	5e-05	0.00013	5e-05	5e-05	5e-05	6e-05	2e-05	0.00019	1e-05	0	0	0.00028	0	0	0	0	0	0.00013	1e-05	0.00013	1e-05	0.00019	6e-05	0	3e-05	3e-05	0	0.00023	2e-05	2e-05	3e-05	4e-05	0.00019	
0.00384	0.00261	0.00175	0.00176	0.00523	0.00153	0.00162	0.00158	0.00153	0.00077	0.00625	0.00141	0	0	0.00996	0	0	0	0	0	0.00596	0.00017	0.0032	0.00063	0.0074	0.00067	0.00097	0.00092	0.001	0.00022	0.00824	0.0005	0.00124	0.00113	0.00065	0.00694	
4e-05	2e-05	6e-05	2e-05	9e-05	0	2e-05	3e-05	2e-05	1e-05	8e-05	3e-05	0	0	0.00014	0	0	0	0	0	9e-05	1e-05	4e-05	0	0.0001	1e-05	2e-05	1e-05	1e-05	2e-05	9e-05	2e-05	1e-05	1e-05	3e-05	9e-05	
0.36582	0.2635	0.18858	0.17172	0.51177	0.15418	0.15643	0.16724	0.15609	0.07193	0.63254	0.12906	0.00068	0.00011	0.98865	0.00018	0	0	0	0	0.58343	0.01704	0.33319	0.05596	0.73007	0.06502	0.09868	0.09585	0.08762	0.02594	0.81058	0.06548	0.1334	0.11691	0.06601	0.6733	
0.21712	0.15767	0.11267	0.10215	0.30483	0.0919	0.09341	0.09947	0.09157	0.0419	0.37977	0.07637	0.00048	0.0001	0.5889	0.00013	0.00013	0.00596	9e-05	0.58343	0	0	0	0	0.43559	0.03855	0.05845	0.05702	0.06352	0.01894	0.45975	0.0474	0.09216	0.07994	0.04505	0.37246	
0.00645	0.00446	0.00318	0.00314	0.00876	0.0026	0.00285	0.00302	0.00293	0.00135	0.01066	0.00229	0	0	0.01723	0	1e-05	0.00017	1e-05	0.01704	0	0	0	0	0.01263	0.00126	0.00163	0.00171	0.00105	0.00033	0.01522	0.00063	0.00155	0.00156	0.00092	0.0132	
0.12556	0.08869	0.06377	0.05854	0.1747	0.05234	0.05275	0.05677	0.05422	0.02544	0.21253	0.04437	0.00019	1e-05	0.33632	4e-05	0.00013	0.0032	4e-05	0.33319	0	0	0	0	0.24761	0.02221	0.03398	0.03276	0.02085	0.00598	0.29407	0.01566	0.03513	0.03154	0.01755	0.25234	
0.02074	0.01535	0.01079	0.00972	0.02893	0.00892	0.00911	0.00964	0.00898	0.00404	0.0361	0.00748	1e-05	0	0.05658	1e-05	1e-05	0.00063	0	0.05596	0	0	0	0	0.04193	0.00374	0.00561	0.00532	0.00324	0.00093	0.0501	0.00233	0.00583	0.00504	0.00321	0.04252	
0.27254	0.19769	0.13976	0.12777	0.38188	0.11493	0.11601	0.12494	0.11617	0.05381	0.47197	0.09581	0.00049	7e-05	0.73706	0.00014	0.00019	0.0074	0.0001	0.73007	0.43559	0.01263	0.24761	0.04193	0	0	0	0	0.06576	0.01907	0.60387	0.04906	0.10063	0.08731	0.04891	0.50091	
0.02485	0.0168	0.01272	0.01139	0.03378	0.01041	0.01033	0.01124	0.01	0.00489	0.0424	0.00847	2e-05	0	0.06573	1e-05	6e-05	0.00067	1e-05	0.06502	0.03855	0.00126	0.02221	0.00374	0	0	0	0	0.00588	0.00178	0.05388	0.00422	0.00847	0.00762	0.00432	0.04535	
0.03733	0.02563	0.01929	0.01742	0.05132	0.01522	0.01661	0.01652	0.01573	0.00713	0.06343	0.01338	7e-05	0	0.09959	1e-05	0	0.00097	2e-05	0.09868	0.05845	0.00163	0.03398	0.00561	0	0	0	0	0.00844	0.0027	0.0822	0.00633	0.01258	0.01198	0.00687	0.06824	
0.03515	0.02605	0.01864	0.01697	0.05024	0.0152	0.01517	0.0162	0.0158	0.0069	0.06126	0.01285	0.0001	4e-05	0.09665	2e-05	3e-05	0.00092	1e-05	0.09585	0.05702	0.00171	0.03276	0.00532	0	0	0	0	0.00858	0.00263	0.07919	0.00641	0.01299	0.01117	0.00663	0.06602	
0.03337	0.02347	0.01655	0.01527	0.04605	0.01378	0.01412	0.01471	0.01342	0.00561	0.05873	0.0109	3e-05	4e-05	0.08859	0	3e-05	0.001	1e-05	0.08762	0.06352	0.00105	0.02085	0.00324	0.06576	0.00588	0.00844	0.00858	0	0	0	0	0.01858	0.01619	0.00894	0.04495	
0.00917	0.00684	0.0054	0.00477	0.01326	0.00426	0.00398	0.00468	0.00383	0.00155	0.01756	0.00324	1e-05	0	0.02617	0	0	0.00022	2e-05	0.02594	0.01894	0.00033	0.00598	0.00093	0.01907	0.00178	0.0027	0.00263	0	0	0	0	0.00499	0.00477	0.00286	0.01356	
0.30324	0.21864	0.15523	0.14203	0.42354	0.12725	0.12978	0.13857	0.13054	0.06096	0.51914	0.1085	0.00061	5e-05	0.81831	0.00017	0.00023	0.00824	9e-05	0.81058	0.45975	0.01522	0.29407	0.0501	0.60387	0.05388	0.0822	0.07919	0	0	0	0	0.09735	0.08441	0.04814	0.58924	
0.02409	0.01722	0.01323	0.01148	0.03437	0.01047	0.01024	0.01094	0.00991	0.00461	0.04363	0.00787	3e-05	2e-05	0.06596	1e-05	2e-05	0.0005	2e-05	0.06548	0.0474	0.00063	0.01566	0.00233	0.04906	0.00422	0.00633	0.00641	0	0	0	0	0.01375	0.01271	0.00679	0.03277	
0.04969	0.0355	0.02616	0.02332	0.06971	0.02112	0.02154	0.0223	0.01616	0.00763	0.09753	0.01335	7e-05	3e-05	0.13453	4e-05	2e-05	0.00124	1e-05	0.1334	0.09216	0.00155	0.03513	0.00583	0.10063	0.00847	0.01258	0.01299	0.01858	0.00499	0.09735	0.01375	0	0	0	0	
0.04324	0.03133	0.02322	0.02029	0.06098	0.0189	0.01828	0.01992	0.01409	0.00614	0.08684	0.01101	0.0001	2e-05	0.11795	1e-05	3e-05	0.00113	1e-05	0.11691	0.07994	0.00156	0.03154	0.00504	0.08731	0.00762	0.01198	0.01117	0.01619	0.00477	0.08441	0.01271	0	0	0	0	
0.02545	0.01714	0.01271	0.01143	0.03466	0.01034	0.0105	0.01123	0.00808	0.00397	0.04805	0.00663	2e-05	2e-05	0.06668	1e-05	4e-05	0.00065	3e-05	0.06601	0.04505	0.00092	0.01755	0.00321	0.04891	0.00432	0.00687	0.00663	0.00894	0.00286	0.04814	0.00679	0	0	0	0	
0.25149	0.1822	0.12832	0.11851	0.35187	0.1054	0.1078	0.11545	0.11937	0.05499	0.40664	0.09952	0.00049	4e-05	0.67987	0.00012	0.00019	0.00694	9e-05	0.6733	0.37246	0.0132	0.25234	0.04252	0.50091	0.04535	0.06824	0.06602	0.04495	0.01356	0.58924	0.03277	0	0	0	0	
