0	0	0	0	0.20528	0.05321	0.05399	0.05819	0.05712	0.02655	0.23748	0.04952	0.00036	1e-05	0.37021	9e-05	0.00022	0.00344	0.0001	0.36691	0.22074	0.00637	0.12271	0.02085	0.27273	0.025	0.03789	0.03505	0.03351	0.00966	0.30383	0.02367	0.04977	0.04377	0.02506	0.25207	
0	0	0	0	0.14603	0.04038	0.03884	0.0411	0.04209	0.01967	0.1689	0.03569	0.0002	0	0.26607	8e-05	0.00014	0.00235	3e-05	0.26383	0.15845	0.00451	0.08836	0.01503	0.19648	0.01821	0.02711	0.02455	0.02318	0.0067	0.21828	0.01819	0.03535	0.03112	0.01778	0.1821	
0	0	0	0	0.1046	0.02781	0.0279	0.02927	0.02965	0.01424	0.12041	0.02528	0.00022	1e-05	0.18927	8e-05	8e-05	0.00179	5e-05	0.18766	0.11301	0.00363	0.06208	0.01086	0.13963	0.01228	0.01964	0.01803	0.01701	0.00486	0.1558	0.01191	0.02445	0.02272	0.01271	0.1297	
0	0	0	0	0.05883	0.03718	0.03746	0.03993	0.0275	0.01275	0.10997	0.02318	0.0002	4e-05	0.1731	6e-05	3e-05	0.0015	2e-05	0.17185	0.10222	0.00305	0.0587	0.00943	0.1279	0.01171	0.01744	0.01635	0.01455	0.0044	0.14314	0.01131	0.0233	0.02037	0.01158	0.11815	
0.20528	0.14603	0.1046	0.05883	0	0	0	0	0.08093	0.03793	0.32718	0.0687	0.00045	1e-05	0.51411	0.00017	0.00024	0.00469	0.0001	0.50971	0.30476	0.0089	0.17182	0.02926	0.37886	0.03461	0.05257	0.0487	0.04582	0.01297	0.4228	0.03315	0.06829	0.06076	0.03454	0.35115	
0.05321	0.04038	0.02781	0.03718	0	0	0	0	0.02462	0.01169	0.1009	0.02137	0.00015	1e-05	0.15839	3e-05	6e-05	0.00133	4e-05	0.15715	0.09463	0.00266	0.05304	0.00825	0.11726	0.00997	0.01616	0.01519	0.01346	0.00406	0.13035	0.01071	0.02091	0.01852	0.01088	0.10827	
0.05399	0.03884	0.0279	0.03746	0	0	0	0	0.02474	0.01159	0.10127	0.02059	0.00021	2e-05	0.15789	7e-05	8e-05	0.00142	4e-05	0.15665	0.09424	0.00298	0.05218	0.00879	0.1165	0.01095	0.01638	0.01436	0.01467	0.00422	0.12953	0.00977	0.02126	0.01882	0.01056	0.10755	
0.05819	0.0411	0.02927	0.03993	0	0	0	0	0.02607	0.012	0.10741	0.02301	0.00017	2e-05	0.16826	4e-05	9e-05	0.00164	2e-05	0.16674	0.10079	0.00302	0.05481	0.00987	0.12412	0.01167	0.01697	0.01573	0.0143	0.00437	0.13837	0.01145	0.02241	0.01988	0.01115	0.11505	
0.05712	0.04209	0.02965	0.0275	0.08093	0.02462	0.02474	0.02607	0	0	0	0	7e-05	1e-05	0.1562	8e-05	0.00013	0.00154	4e-05	0.15465	0.09043	0.0029	0.05422	0.00881	0.11617	0.0105	0.01533	0.01436	0.01307	0.00337	0.13055	0.00937	0.01507	0.01301	0.00759	0.12069	
0.02655	0.01967	0.01424	0.01275	0.03793	0.01169	0.01159	0.012	0	0	0	0	4e-05	0	0.07316	1e-05	3e-05	0.0007	0	0.07248	0.04257	0.00119	0.02507	0.00438	0.05399	0.00492	0.00727	0.00703	0.00628	0.00163	0.06097	0.00433	0.00724	0.00614	0.00367	0.05616	
0.23748	0.1689	0.12041	0.10997	0.32718	0.1009	0.10127	0.10741	0	0	0	0	0.00069	5e-05	0.63583	0.00019	0.00023	0.00591	0.00015	0.63047	0.38309	0.01112	0.20728	0.03527	0.46871	0.04228	0.06565	0.06012	0.05829	0.01736	0.51812	0.04299	0.09741	0.08711	0.04926	0.40298	
0.04952	0.03569	0.02528	0.02318	0.0687	0.02137	0.02059	0.02301	0	0	0	0	0.00018	0	0.13346	3e-05	8e-05	0.00093	1e-05	0.13265	0.07833	0.00235	0.04528	0.00771	0.09787	0.0095	0.01383	0.01247	0.01061	0.00326	0.11141	0.00839	0.01315	0.01172	0.00661	0.10219	
0.00036	0.0002	0.00022	0.0002	0.00045	0.00015	0.00021	0.00017	7e-05	4e-05	0.00069	0.00018	0	0	0	0	0	2e-05	0	0.00096	0.00062	2e-05	0.00028	6e-05	0.00072	8e-05	8e-05	0.0001	9e-05	7e-05	0.00073	9e-05	0.00011	0.00015	6e-05	0.00066	
1e-05	0	1e-05	4e-05	1e-05	1e-05	2e-05	2e-05	1e-05	0	5e-05	0	0	0	0	0	0	0	0	6e-05	3e-05	1e-05	2e-05	0	2e-05	0	4e-05	0	1e-05	0	4e-05	1e-05	1e-05	0	0	5e-05	
0.37021	0.26607	0.18927	0.1731	0.51411	0.15839	0.15789	0.16826	0.1562	0.07316	0.63583	0.13346	0	0	0	0	0.00047	0.00906	0.0002	0.98892	0.59361	0.01751	0.33143	0.0561	0.73575	0.0671	0.10194	0.09386	0.08812	0.02554	0.82004	0.06495	0.1327	0.11779	0.06707	0.68109	
9e-05	8e-05	8e-05	6e-05	0.00017	3e-05	7e-05	4e-05	8e-05	1e-05	0.00019	3e-05	0	0	0	0	0	0	0	0.00031	0.00016	2e-05	0.00012	1e-05	0.00025	2e-05	2e-05	2e-05	3e-05	1e-05	0.00024	3e-05	5e-05	4e-05	0	0.00022	
0.00022	0.00014	8e-05	3e-05	0.00024	6e-05	8e-05	9e-05	0.00013	3e-05	0.00023	8e-05	0	0	0.00047	0	0	0	0	0	0.0003	2e-05	0.0001	5e-05	0.00036	2e-05	1e-05	8e-05	5e-05	1e-05	0.00038	3e-05	2e-05	8e-05	4e-05	0.00033	
0.00344	0.00235	0.00179	0.0015	0.00469	0.00133	0.00142	0.00164	0.00154	0.0007	0.00591	0.00093	2e-05	0	0.00906	0	0	0	0	0	0.00547	0.00012	0.00304	0.00045	0.0067	0.00053	0.001	0.00085	0.0008	0.0002	0.00748	0.0006	0.00116	0.00102	0.00073	0.00617	
0.0001	3e-05	5e-05	2e-05	0.0001	4e-05	4e-05	2e-05	4e-05	0	0.00015	1e-05	0	0	0.0002	0	0	0	0	0	0.00013	0	5e-05	2e-05	0.00016	0	4e-05	0	0	0	0.00017	3e-05	2e-05	3e-05	1e-05	0.00014	
0.36691	0.26383	0.18766	0.17185	0.50971	0.15715	0.15665	0.16674	0.15465	0.07248	0.63047	0.13265	0.00096	6e-05	0.98892	0.00031	0	0	0	0	0.58852	0.01742	0.32866	0.05565	0.72952	0.06665	0.10103	0.09305	0.0874	0.02541	0.81302	0.06442	0.13167	0.11685	0.06635	0.67538	
0.22074	0.15845	0.11301	0.10222	0.30476	0.09463	0.09424	0.10079	0.09043	0.04257	0.38309	0.07833	0.00062	3e-05	0.59361	0.00016	0.0003	0.00547	0.00013	0.58852	0	0	0	0	0.43915	0.04002	0.05972	0.05553	0.0656	0.01863	0.46211	0.04808	0.09191	0.08124	0.04637	0.3749	
0.00637	0.00451	0.00363	0.00305	0.0089	0.00266	0.00298	0.00302	0.0029	0.00119	0.01112	0.00235	2e-05	1e-05	0.01751	2e-05	2e-05	0.00012	0	0.01742	0	0	0	0	0.0128	0.00134	0.00177	0.00165	0.00102	0.00024	0.01548	0.00082	0.0018	0.00145	0.0008	0.01351	
0.12271	0.08836	0.06208	0.0587	0.17182	0.05304	0.05218	0.05481	0.05422	0.02507	0.20728	0.04528	0.00028	2e-05	0.33143	0.00012	0.0001	0.00304	5e-05	0.32866	0	0	0	0	0.24348	0.02246	0.03455	0.03136	0.01869	0.00586	0.29346	0.01384	0.03316	0.0302	0.01699	0.2515	
0.02085	0.01503	0.01086	0.00943	0.02926	0.00825	0.00879	0.00987	0.00881	0.00438	0.03527	0.00771	6e-05	0	0.0561	1e-05	5e-05	0.00045	2e-05	0.05565	0	0	0	0	0.04131	0.00338	0.00604	0.00544	0.00294	0.00089	0.05	0.00234	0.006	0.00509	0.00297	0.04211	
0.27273	0.19648	0.13963	0.1279	0.37886	0.11726	0.1165	0.12412	0.11617	0.05399	0.46871	0.09787	0.00072	2e-05	0.73575	0.00025	0.00036	0.0067	0.00016	0.72952	0.43915	0.0128	0.24348	0.04131	0	0	0	0	0.06471	0.01916	0.60444	0.04843	0.09816	0.08691	0.04918	0.50249	
0.025	0.01821	0.01228	0.01171	0.03461	0.00997	0.01095	0.01167	0.0105	0.00492	0.04228	0.0095	8e-05	0	0.0671	2e-05	2e-05	0.00053	0	0.06665	0.04002	0.00134	0.02246	0.00338	0	0	0	0	0.00646	0.00171	0.0549	0.00413	0.00936	0.00787	0.0043	0.04567	
0.03789	0.02711	0.01964	0.01744	0.05257	0.01616	0.01638	0.01697	0.01533	0.00727	0.06565	0.01383	8e-05	4e-05	0.10194	2e-05	1e-05	0.001	4e-05	0.10103	0.05972	0.00177	0.03455	0.00604	0	0	0	0	0.00885	0.00255	0.08406	0.00662	0.01324	0.01195	0.00731	0.06958	
0.03505	0.02455	0.01803	0.01635	0.0487	0.01519	0.01436	0.01573	0.01436	0.00703	0.06012	0.01247	0.0001	0	0.09386	2e-05	8e-05	0.00085	0	0.09305	0.05553	0.00165	0.03136	0.00544	0	0	0	0	0.00823	0.0022	0.07765	0.0059	0.01211	0.01125	0.00634	0.06428	
0.03351	0.02318	0.01701	0.01455	0.04582	0.01346	0.01467	0.0143	0.01307	0.00628	0.05829	0.01061	9e-05	1e-05	0.08812	3e-05	5e-05	0.0008	0	0.0874	0.0656	0.00102	0.01869	0.00294	0.06471	0.00646	0.00885	0.00823	0	0	0	0	0.01863	0.01688	0.00951	0.04323	
0.00966	0.0067	0.00486	0.0044	0.01297	0.00406	0.00422	0.00437	0.00337	0.00163	0.01736	0.00326	7e-05	0	0.02554	1e-05	1e-05	0.0002	0	0.02541	0.01863	0.00024	0.00586	0.00089	0.01916	0.00171	0.00255	0.0022	0	0	0	0	0.00543	0.00499	0.00305	0.01215	
0.30383	0.21828	0.1558	0.14314	0.4228	0.13035	0.12953	0.13837	0.13055	0.06097	0.51812	0.11141	0.00073	4e-05	0.82004	0.00024	0.00038	0.00748	0.00017	0.81302	0.46211	0.01548	0.29346	0.05	0.60444	0.0549	0.08406	0.07765	0	0	0	0	0.09557	0.08324	0.04753	0.59471	
0.02367	0.01819	0.01191	0.01131	0.03315	0.01071	0.00977	0.01145	0.00937	0.00433	0.04299	0.00839	9e-05	1e-05	0.06495	3e-05	3e-05	0.0006	3e-05	0.06442	0.04808	0.00082	0.01384	0.00234	0.04843	0.00413	0.00662	0.0059	0	0	0	0	0.01324	0.01287	0.00704	0.03193	
0.04977	0.03535	0.02445	0.0233	0.06829	0.02091	0.02126	0.02241	0.01507	0.00724	0.09741	0.01315	0.00011	1e-05	0.1327	5e-05	2e-05	0.00116	2e-05	0.13167	0.09191	0.0018	0.03316	0.006	0.09816	0.00936	0.01324	0.01211	0.01863	0.00543	0.09557	0.01324	0	0	0	0	
0.04377	0.03112	0.02272	0.02037	0.06076	0.01852	0.01882	0.01988	0.01301	0.00614	0.08711	0.01172	0.00015	0	0.11779	4e-05	8e-05	0.00102	3e-05	0.11685	0.08124	0.00145	0.0302	0.00509	0.08691	0.00787	0.01195	0.01125	0.01688	0.00499	0.08324	0.01287	0	0	0	0	
0.02506	0.01778	0.01271	0.01158	0.03454	0.01088	0.01056	0.01115	0.00759	0.00367	0.04926	0.00661	6e-05	0	0.06707	0	4e-05	0.00073	1e-05	0.06635	0.04637	0.0008	0.01699	0.00297	0.04918	0.0043	0.00731	0.00634	0.00951	0.00305	0.04753	0.00704	0	0	0	0	
0.25207	0.1821	0.1297	0.11815	0.35115	0.10827	0.10755	0.11505	0.12069	0.05616	0.40298	0.10219	0.00066	5e-05	0.68109	0.00022	0.00033	0.00617	0.00014	0.67538	0.3749	0.01351	0.2515	0.04211	0.50249	0.04567	0.06958	0.06428	0.04323	0.01215	0.59471	0.03193	0	0	0	0	
