0	0	0	0	0.19633	0.05697	0.0595	0.06114	0.06029	0.02767	0.23616	0.04982	0.00032	3e-05	0.3735	9e-05	0.00016	0.00334	7e-05	0.37037	0.21879	0.00621	0.12786	0.02108	0.27647	0.02505	0.03685	0.03557	0.0319	0.00956	0.30929	0.02319	0.04931	0.04392	0.02603	0.25468	
0	0	0	0	0.1419	0.04131	0.04197	0.04433	0.04199	0.01906	0.17183	0.03663	0.00021	1e-05	0.26925	4e-05	0.00011	0.00253	4e-05	0.26683	0.15603	0.00435	0.0936	0.01553	0.19812	0.01752	0.02778	0.02609	0.02302	0.0069	0.22285	0.01674	0.03636	0.03213	0.01891	0.18211	
0	0	0	0	0.09872	0.02988	0.03018	0.03123	0.03017	0.01404	0.12059	0.02521	0.00013	1e-05	0.18984	3e-05	0.00016	0.00196	1e-05	0.18788	0.11128	0.00285	0.06469	0.01119	0.14014	0.01284	0.019	0.01803	0.01593	0.00468	0.15739	0.01201	0.02537	0.0227	0.01298	0.12896	
0	0	0	0	0.07896	0.02804	0.02924	0.0303	0.02676	0.01219	0.10469	0.0229	0.0001	1e-05	0.16637	6e-05	3e-05	0.00169	3e-05	0.16479	0.0977	0.00228	0.0573	0.00926	0.12333	0.01121	0.017	0.015	0.0143	0.00435	0.13734	0.01055	0.02302	0.01987	0.01026	0.11339	
0.19633	0.1419	0.09872	0.07896	0	0	0	0	0.08181	0.03833	0.326	0.06977	0.00043	2e-05	0.51533	0.00013	0.00027	0.00477	6e-05	0.51081	0.3024	0.00822	0.17622	0.02907	0.38085	0.03443	0.05207	0.04856	0.04376	0.01291	0.42723	0.03201	0.0689	0.06093	0.03569	0.35039	
0.05697	0.04131	0.02988	0.02804	0	0	0	0	0.02561	0.0115	0.09875	0.02034	0.0001	0	0.15606	4e-05	9e-05	0.00145	3e-05	0.15463	0.09074	0.00241	0.05425	0.0088	0.11549	0.01048	0.01565	0.01458	0.01352	0.0041	0.12888	0.0097	0.02081	0.01842	0.01079	0.10618	
0.0595	0.04197	0.03018	0.02924	0	0	0	0	0.02542	0.0115	0.10251	0.02146	9e-05	2e-05	0.16076	2e-05	7e-05	0.00153	4e-05	0.15925	0.09284	0.00246	0.05617	0.00942	0.11931	0.01033	0.01587	0.01538	0.01359	0.00448	0.13272	0.0101	0.02131	0.01896	0.01038	0.11024	
0.06114	0.04433	0.03123	0.0303	0	0	0	0	0.02637	0.01163	0.10601	0.02299	0.00014	2e-05	0.16681	3e-05	3e-05	0.00177	2e-05	0.16518	0.09782	0.0026	0.05681	0.00977	0.12241	0.01138	0.01704	0.01617	0.01428	0.004	0.13804	0.01068	0.02304	0.02031	0.01132	0.11233	
0.06029	0.04199	0.03017	0.02676	0.08181	0.02561	0.02542	0.02637	0	0	0	0	0.00014	2e-05	0.15896	9e-05	5e-05	0.0016	5e-05	0.15751	0.09173	0.00258	0.05594	0.00896	0.11711	0.0106	0.0165	0.015	0.01295	0.00375	0.13258	0.00993	0.01995	0.01805	0.00987	0.11134	
0.02767	0.01906	0.01404	0.01219	0.03833	0.0115	0.0115	0.01163	0	0	0	0	6e-05	0	0.07288	2e-05	3e-05	0.00059	2e-05	0.07232	0.04227	0.00114	0.02551	0.00404	0.05366	0.00468	0.00727	0.00735	0.00595	0.00191	0.06021	0.00489	0.00914	0.00802	0.00462	0.05118	
0.23616	0.17183	0.12059	0.10469	0.326	0.09875	0.10251	0.10601	0	0	0	0	0.00049	3e-05	0.63267	8e-05	0.00033	0.00593	6e-05	0.62695	0.3708	0.00993	0.21614	0.0364	0.46868	0.04207	0.06305	0.05947	0.05456	0.0166	0.52273	0.03938	0.08839	0.0771	0.04513	0.42265	
0.04982	0.03663	0.02521	0.0229	0.06977	0.02034	0.02146	0.02299	0	0	0	0	7e-05	1e-05	0.13445	3e-05	5e-05	0.0014	2e-05	0.13309	0.079	0.00204	0.04586	0.00766	0.09861	0.00927	0.01381	0.01287	0.01169	0.00323	0.11135	0.00829	0.01658	0.01545	0.00856	0.09397	
0.00032	0.00021	0.00013	0.0001	0.00043	0.0001	9e-05	0.00014	0.00014	6e-05	0.00049	7e-05	0	0	0	0	0	0	0	0.00076	0.00044	0	0.00027	5e-05	0.00062	4e-05	7e-05	3e-05	2e-05	1e-05	0.00071	2e-05	0.00013	6e-05	3e-05	0.00054	
3e-05	1e-05	1e-05	1e-05	2e-05	0	2e-05	2e-05	2e-05	0	3e-05	1e-05	0	0	0	0	0	0	0	6e-05	5e-05	0	0	1e-05	4e-05	0	0	2e-05	0	0	6e-05	0	1e-05	0	0	5e-05	
0.3735	0.26925	0.18984	0.16637	0.51533	0.15606	0.16076	0.16681	0.15896	0.07288	0.63267	0.13445	0	0	0	0	0.00046	0.00952	0.00015	0.98883	0.58318	0.01569	0.3431	0.05699	0.73726	0.06657	0.10055	0.09458	0.08512	0.02547	0.8259	0.06247	0.13387	0.11853	0.06814	0.67842	
9e-05	4e-05	3e-05	6e-05	0.00013	4e-05	2e-05	3e-05	9e-05	2e-05	8e-05	3e-05	0	0	0	0	0	0	0	0.00022	0.00013	0	8e-05	1e-05	0.00014	1e-05	1e-05	6e-05	1e-05	1e-05	0.0002	0	5e-05	3e-05	1e-05	0.00013	
0.00016	0.00011	0.00016	3e-05	0.00027	9e-05	7e-05	3e-05	5e-05	3e-05	0.00033	5e-05	0	0	0.00046	0	0	0	0	0	0.00036	0	9e-05	1e-05	0.0003	4e-05	9e-05	3e-05	7e-05	1e-05	0.00035	3e-05	0.0001	4e-05	2e-05	0.0003	
0.00334	0.00253	0.00196	0.00169	0.00477	0.00145	0.00153	0.00177	0.0016	0.00059	0.00593	0.0014	0	0	0.00952	0	0	0	0	0	0.00559	0.0001	0.00331	0.00052	0.00707	0.00058	0.00085	0.00102	0.00091	0.0002	0.0078	0.00061	0.00141	0.00116	0.00047	0.00648	
7e-05	4e-05	1e-05	3e-05	6e-05	3e-05	4e-05	2e-05	5e-05	2e-05	6e-05	2e-05	0	0	0.00015	0	0	0	0	0	5e-05	3e-05	7e-05	0	9e-05	4e-05	2e-05	0	4e-05	0	8e-05	3e-05	3e-05	0	0	0.00012	
0.37037	0.26683	0.18788	0.16479	0.51081	0.15463	0.15925	0.16518	0.15751	0.07232	0.62695	0.13309	0.00076	6e-05	0.98883	0.00022	0	0	0	0	0.5778	0.01556	0.33998	0.05653	0.7306	0.06596	0.09967	0.09364	0.08413	0.02528	0.81864	0.06182	0.13252	0.11742	0.06769	0.67224	
0.21879	0.15603	0.11128	0.0977	0.3024	0.09074	0.09284	0.09782	0.09173	0.04227	0.3708	0.079	0.00044	5e-05	0.58318	0.00013	0.00036	0.00559	5e-05	0.5778	0	0	0	0	0.43038	0.03892	0.05837	0.05613	0.05185	0.01542	0.47823	0.0383	0.08091	0.07099	0.04107	0.39083	
0.00621	0.00435	0.00285	0.00228	0.00822	0.00241	0.00246	0.0026	0.00258	0.00114	0.00993	0.00204	0	0	0.01569	0	0	0.0001	3e-05	0.01556	0	0	0	0	0.01145	0.00107	0.00161	0.00156	0.00149	0.00025	0.01314	0.00081	0.00184	0.00182	0.00083	0.0112	
0.12786	0.0936	0.06469	0.0573	0.17622	0.05425	0.05617	0.05681	0.05594	0.02551	0.21614	0.04586	0.00027	0	0.3431	8e-05	9e-05	0.00331	7e-05	0.33998	0	0	0	0	0.25399	0.02276	0.03505	0.03165	0.02774	0.00859	0.28702	0.0201	0.04384	0.03929	0.02258	0.23774	
0.02108	0.01553	0.01119	0.00926	0.02907	0.0088	0.00942	0.00977	0.00896	0.00404	0.0364	0.00766	5e-05	1e-05	0.05699	1e-05	1e-05	0.00052	0	0.05653	0	0	0	0	0.04224	0.00387	0.0056	0.00535	0.00407	0.00123	0.04848	0.00328	0.00747	0.00652	0.0037	0.03937	
0.27647	0.19812	0.14014	0.12333	0.38085	0.11549	0.11931	0.12241	0.11711	0.05366	0.46868	0.09861	0.00062	4e-05	0.73726	0.00014	0.0003	0.00707	9e-05	0.7306	0.43038	0.01145	0.25399	0.04224	0	0	0	0	0.06269	0.01888	0.61006	0.04643	0.0985	0.08787	0.0498	0.50189	
0.02505	0.01752	0.01284	0.01121	0.03443	0.01048	0.01033	0.01138	0.0106	0.00468	0.04207	0.00927	4e-05	0	0.06657	1e-05	4e-05	0.00058	4e-05	0.06596	0.03892	0.00107	0.02276	0.00387	0	0	0	0	0.00601	0.00176	0.05476	0.00409	0.00983	0.00783	0.00428	0.04468	
0.03685	0.02778	0.019	0.017	0.05207	0.01565	0.01587	0.01704	0.0165	0.00727	0.06305	0.01381	7e-05	0	0.10055	1e-05	9e-05	0.00085	2e-05	0.09967	0.05837	0.00161	0.03505	0.0056	0	0	0	0	0.00835	0.00267	0.08346	0.00615	0.01303	0.01205	0.00733	0.06822	
0.03557	0.02609	0.01803	0.015	0.04856	0.01458	0.01538	0.01617	0.015	0.00735	0.05947	0.01287	3e-05	2e-05	0.09458	6e-05	3e-05	0.00102	0	0.09364	0.05613	0.00156	0.03165	0.00535	0	0	0	0	0.0081	0.00218	0.07859	0.00582	0.0127	0.01087	0.00677	0.06435	
0.0319	0.02302	0.01593	0.0143	0.04376	0.01352	0.01359	0.01428	0.01295	0.00595	0.05456	0.01169	2e-05	0	0.08512	1e-05	7e-05	0.00091	4e-05	0.08413	0.05185	0.00149	0.02774	0.00407	0.06269	0.00601	0.00835	0.0081	0	0	0	0	0.0128	0.01073	0.00671	0.05491	
0.00956	0.0069	0.00468	0.00435	0.01291	0.0041	0.00448	0.004	0.00375	0.00191	0.0166	0.00323	1e-05	0	0.02547	1e-05	1e-05	0.0002	0	0.02528	0.01542	0.00025	0.00859	0.00123	0.01888	0.00176	0.00267	0.00218	0	0	0	0	0.0039	0.00327	0.00214	0.01618	
0.30929	0.22285	0.15739	0.13734	0.42723	0.12888	0.13272	0.13804	0.13258	0.06021	0.52273	0.11135	0.00071	6e-05	0.8259	0.0002	0.00035	0.0078	8e-05	0.81864	0.47823	0.01314	0.28702	0.04848	0.61006	0.05476	0.08346	0.07859	0	0	0	0	0.10775	0.096	0.05488	0.56824	
0.02319	0.01674	0.01201	0.01055	0.03201	0.0097	0.0101	0.01068	0.00993	0.00489	0.03938	0.00829	2e-05	0	0.06247	0	3e-05	0.00061	3e-05	0.06182	0.0383	0.00081	0.0201	0.00328	0.04643	0.00409	0.00615	0.00582	0	0	0	0	0.00961	0.00862	0.00445	0.03981	
0.04931	0.03636	0.02537	0.02302	0.0689	0.02081	0.02131	0.02304	0.01995	0.00914	0.08839	0.01658	0.00013	1e-05	0.13387	5e-05	0.0001	0.00141	3e-05	0.13252	0.08091	0.00184	0.04384	0.00747	0.0985	0.00983	0.01303	0.0127	0.0128	0.0039	0.10775	0.00961	0	0	0	0	
0.04392	0.03213	0.0227	0.01987	0.06093	0.01842	0.01896	0.02031	0.01805	0.00802	0.0771	0.01545	6e-05	0	0.11853	3e-05	4e-05	0.00116	0	0.11742	0.07099	0.00182	0.03929	0.00652	0.08787	0.00783	0.01205	0.01087	0.01073	0.00327	0.096	0.00862	0	0	0	0	
0.02603	0.01891	0.01298	0.01026	0.03569	0.01079	0.01038	0.01132	0.00987	0.00462	0.04513	0.00856	3e-05	0	0.06814	1e-05	2e-05	0.00047	0	0.06769	0.04107	0.00083	0.02258	0.0037	0.0498	0.00428	0.00733	0.00677	0.00671	0.00214	0.05488	0.00445	0	0	0	0	
0.25468	0.18211	0.12896	0.11339	0.35039	0.10618	0.11024	0.11233	0.11134	0.05118	0.42265	0.09397	0.00054	5e-05	0.67842	0.00013	0.0003	0.00648	0.00012	0.67224	0.39083	0.0112	0.23774	0.03937	0.50189	0.04468	0.06822	0.06435	0.05491	0.01618	0.56824	0.03981	0	0	0	0	
