0	0	0	0	0.20757	0.05212	0.05294	0.05449	0.05688	0.02707	0.23537	0.0478	0.0002	3e-05	0.36679	0.0001	0.00019	0.00361	7e-05	0.36325	0.21907	0.00572	0.1223	0.02003	0.27106	0.02434	0.03628	0.03544	0.03227	0.01002	0.30114	0.02369	0.04942	0.04331	0.02423	0.25016	
0	0	0	0	0.14992	0.03731	0.03839	0.04094	0.04103	0.01851	0.17181	0.03521	0.00013	3e-05	0.26634	6e-05	0.00013	0.00243	5e-05	0.26395	0.15943	0.00437	0.088	0.01476	0.1967	0.01822	0.02641	0.02523	0.02429	0.00723	0.21692	0.01812	0.0357	0.0315	0.01821	0.18115	
0	0	0	0	0.10614	0.02652	0.02828	0.02878	0.02972	0.01354	0.1221	0.02436	9e-05	1e-05	0.1896	2e-05	4e-05	0.00194	0	0.18774	0.11288	0.00333	0.0634	0.01011	0.14018	0.01216	0.01923	0.01815	0.01624	0.00513	0.15595	0.0124	0.02444	0.023	0.01292	0.12936	
0	0	0	0	0.05548	0.03754	0.04083	0.04275	0.02732	0.01128	0.11466	0.02334	9e-05	1e-05	0.17643	7e-05	4e-05	0.00176	3e-05	0.17477	0.10603	0.00303	0.05816	0.00938	0.13048	0.01175	0.01727	0.0171	0.01559	0.00491	0.14421	0.01189	0.02319	0.02143	0.01209	0.11989	
0.20757	0.14992	0.10614	0.05548	0	0	0	0	0.07984	0.03705	0.33428	0.06794	0.00023	4e-05	0.51875	9e-05	0.0002	0.00508	0.0001	0.51373	0.31023	0.00851	0.17199	0.02838	0.38369	0.03421	0.05179	0.04942	0.04622	0.01412	0.42498	0.03379	0.06999	0.06181	0.0349	0.35241	
0.05212	0.03731	0.02652	0.03754	0	0	0	0	0.02367	0.0109	0.09902	0.0199	7e-05	1e-05	0.15337	4e-05	4e-05	0.00154	4e-05	0.15187	0.09192	0.00266	0.05074	0.00817	0.11267	0.01088	0.01527	0.01467	0.0135	0.00422	0.12561	0.01016	0.02073	0.01834	0.0102	0.10422	
0.05294	0.03839	0.02828	0.04083	0	0	0	0	0.02587	0.01067	0.10272	0.02118	9e-05	2e-05	0.16029	4e-05	9e-05	0.00154	0	0.15881	0.09591	0.00255	0.05316	0.00882	0.11875	0.01065	0.01582	0.01522	0.0144	0.0043	0.13089	0.01085	0.02057	0.01844	0.01108	0.11035	
0.05449	0.04094	0.02878	0.04275	0	0	0	0	0.02557	0.01178	0.10792	0.02169	0.00012	1e-05	0.16675	8e-05	7e-05	0.00158	1e-05	0.1653	0.09935	0.00273	0.05597	0.00891	0.12331	0.01073	0.01631	0.01661	0.01427	0.00465	0.13674	0.0113	0.02146	0.02065	0.01127	0.11358	
0.05688	0.04103	0.02972	0.02732	0.07984	0.02367	0.02587	0.02557	0	0	0	0	3e-05	3e-05	0.15486	3e-05	9e-05	0.00144	2e-05	0.1534	0.0897	0.00247	0.05395	0.00883	0.1143	0.01041	0.01541	0.01483	0.01222	0.0033	0.1298	0.00963	0.01433	0.0123	0.00743	0.12089	
0.02707	0.01851	0.01354	0.01128	0.03705	0.0109	0.01067	0.01178	0	0	0	0	4e-05	1e-05	0.07035	0	2e-05	0.00066	1e-05	0.06971	0.04144	0.00123	0.02375	0.00398	0.05259	0.00449	0.00655	0.00677	0.00569	0.0016	0.05907	0.00404	0.00636	0.00596	0.00316	0.05492	
0.23537	0.17181	0.1221	0.11466	0.33428	0.09902	0.10272	0.10792	0	0	0	0	0.00037	3e-05	0.64336	0.00018	0.00025	0.00655	8e-05	0.63706	0.38951	0.01058	0.20947	0.03438	0.47527	0.04294	0.06413	0.0616	0.05996	0.01905	0.52009	0.04484	0.09965	0.0899	0.05088	0.40351	
0.0478	0.03521	0.02436	0.02334	0.06794	0.0199	0.02118	0.02169	0	0	0	0	7e-05	1e-05	0.13059	4e-05	4e-05	0.00109	4e-05	0.12954	0.07676	0.00217	0.04469	0.00709	0.09626	0.00863	0.0131	0.01272	0.01052	0.00334	0.10926	0.00759	0.01241	0.01108	0.00598	0.10124	
0.0002	0.00013	9e-05	9e-05	0.00023	7e-05	9e-05	0.00012	3e-05	4e-05	0.00037	7e-05	0	0	0	0	0	0	0	0.00051	0.00032	1e-05	0.00014	4e-05	0.00039	3e-05	5e-05	4e-05	9e-05	1e-05	0.00039	2e-05	9e-05	0.0001	4e-05	0.00028	
3e-05	3e-05	1e-05	1e-05	4e-05	1e-05	2e-05	1e-05	3e-05	1e-05	3e-05	1e-05	0	0	0	0	0	0	0	8e-05	3e-05	1e-05	4e-05	0	7e-05	0	0	1e-05	0	0	6e-05	2e-05	0	1e-05	1e-05	6e-05	
0.36679	0.26634	0.1896	0.17643	0.51875	0.15337	0.16029	0.16675	0.15486	0.07035	0.64336	0.13059	0	0	0	0	0.0004	0.00974	0.00015	0.98887	0.59688	0.01643	0.33163	0.05422	0.7378	0.06643	0.09913	0.0958	0.08828	0.02727	0.81756	0.06605	0.13263	0.11908	0.06738	0.68007	
0.0001	6e-05	2e-05	7e-05	9e-05	4e-05	4e-05	8e-05	3e-05	0	0.00018	4e-05	0	0	0	0	0	0	0	0.00025	0.00018	0	5e-05	2e-05	0.00016	1e-05	1e-05	7e-05	2e-05	1e-05	0.00021	1e-05	3e-05	5e-05	2e-05	0.00015	
0.00019	0.00013	4e-05	4e-05	0.0002	4e-05	9e-05	7e-05	9e-05	2e-05	0.00025	4e-05	0	0	0.0004	0	0	0	0	0	0.00025	0	0.00015	0	0.00028	6e-05	3e-05	3e-05	4e-05	0	0.00035	1e-05	2e-05	3e-05	2e-05	0.00033	
0.00361	0.00243	0.00194	0.00176	0.00508	0.00154	0.00154	0.00158	0.00144	0.00066	0.00655	0.00109	0	0	0.00974	0	0	0	0	0	0.00583	0.00012	0.0033	0.00049	0.00729	0.00061	0.00104	0.0008	0.00084	0.00033	0.00778	0.00079	0.00151	0.00123	0.00068	0.00632	
7e-05	5e-05	0	3e-05	0.0001	4e-05	0	1e-05	2e-05	1e-05	8e-05	4e-05	0	0	0.00015	0	0	0	0	0	0.00012	0	3e-05	0	0.0001	5e-05	0	0	3e-05	0	0.0001	2e-05	2e-05	1e-05	4e-05	8e-05	
0.36325	0.26395	0.18774	0.17477	0.51373	0.15187	0.15881	0.1653	0.1534	0.06971	0.63706	0.12954	0.00051	8e-05	0.98887	0.00025	0	0	0	0	0.59121	0.01633	0.32838	0.05379	0.73075	0.06575	0.09812	0.09509	0.08748	0.02696	0.80999	0.06528	0.1312	0.11797	0.06671	0.67383	
0.21907	0.15943	0.11288	0.10603	0.31023	0.09192	0.09591	0.09935	0.0897	0.04144	0.38951	0.07676	0.00032	3e-05	0.59688	0.00018	0.00025	0.00583	0.00012	0.59121	0	0	0	0	0.44238	0.03961	0.05902	0.0564	0.06784	0.02118	0.45846	0.04993	0.09259	0.08437	0.04713	0.37332	
0.00572	0.00437	0.00333	0.00303	0.00851	0.00266	0.00255	0.00273	0.00247	0.00123	0.01058	0.00217	1e-05	1e-05	0.01643	0	0	0.00012	0	0.01633	0	0	0	0	0.01237	0.00111	0.00157	0.0014	0.00072	0.00024	0.01475	0.00074	0.00167	0.00167	0.00069	0.01242	
0.1223	0.088	0.0634	0.05816	0.17199	0.05074	0.05316	0.05597	0.05395	0.02375	0.20947	0.04469	0.00014	4e-05	0.33163	5e-05	0.00015	0.0033	3e-05	0.32838	0	0	0	0	0.24416	0.02223	0.0329	0.03257	0.01685	0.00507	0.29674	0.0132	0.03277	0.0284	0.01692	0.25377	
0.02003	0.01476	0.01011	0.00938	0.02838	0.00817	0.00882	0.00891	0.00883	0.00398	0.03438	0.00709	4e-05	0	0.05422	2e-05	0	0.00049	0	0.05379	0	0	0	0	0.03951	0.00352	0.0057	0.00555	0.00298	0.0008	0.04827	0.00223	0.00572	0.0048	0.00271	0.04105	
0.27106	0.1967	0.14018	0.13048	0.38369	0.11267	0.11875	0.12331	0.1143	0.05259	0.47527	0.09626	0.00039	7e-05	0.7378	0.00016	0.00028	0.00729	0.0001	0.73075	0.44238	0.01237	0.24416	0.03951	0	0	0	0	0.06509	0.02017	0.60427	0.04889	0.09794	0.08802	0.04997	0.50249	
0.02434	0.01822	0.01216	0.01175	0.03421	0.01088	0.01065	0.01073	0.01041	0.00449	0.04294	0.00863	3e-05	0	0.06643	1e-05	6e-05	0.00061	5e-05	0.06575	0.03961	0.00111	0.02223	0.00352	0	0	0	0	0.00571	0.0018	0.05456	0.0044	0.00865	0.00779	0.00442	0.04561	
0.03628	0.02641	0.01923	0.01727	0.05179	0.01527	0.01582	0.01631	0.01541	0.00655	0.06413	0.0131	5e-05	0	0.09913	1e-05	3e-05	0.00104	0	0.09812	0.05902	0.00157	0.0329	0.0057	0	0	0	0	0.00914	0.0029	0.08082	0.00633	0.01305	0.01204	0.00679	0.06731	
0.03544	0.02523	0.01815	0.0171	0.04942	0.01467	0.01522	0.01661	0.01483	0.00677	0.0616	0.01272	4e-05	1e-05	0.0958	7e-05	3e-05	0.0008	0	0.09509	0.0564	0.0014	0.03257	0.00555	0	0	0	0	0.00845	0.00242	0.07857	0.00648	0.01311	0.01139	0.00627	0.06515	
0.03227	0.02429	0.01624	0.01559	0.04622	0.0135	0.0144	0.01427	0.01222	0.00569	0.05996	0.01052	9e-05	0	0.08828	2e-05	4e-05	0.00084	3e-05	0.08748	0.06784	0.00072	0.01685	0.00298	0.06509	0.00571	0.00914	0.00845	0	0	0	0	0.01996	0.01737	0.01005	0.04101	
0.01002	0.00723	0.00513	0.00491	0.01412	0.00422	0.0043	0.00465	0.0033	0.0016	0.01905	0.00334	1e-05	0	0.02727	1e-05	0	0.00033	0	0.02696	0.02118	0.00024	0.00507	0.0008	0.02017	0.0018	0.0029	0.00242	0	0	0	0	0.00607	0.00542	0.00287	0.01293	
0.30114	0.21692	0.15595	0.14421	0.42498	0.12561	0.13089	0.13674	0.1298	0.05907	0.52009	0.10926	0.00039	6e-05	0.81756	0.00021	0.00035	0.00778	0.0001	0.80999	0.45846	0.01475	0.29674	0.04827	0.60427	0.05456	0.08082	0.07857	0	0	0	0	0.09199	0.08291	0.04692	0.5964	
0.02369	0.01812	0.0124	0.01189	0.03379	0.01016	0.01085	0.0113	0.00963	0.00404	0.04484	0.00759	2e-05	2e-05	0.06605	1e-05	1e-05	0.00079	2e-05	0.06528	0.04993	0.00074	0.0132	0.00223	0.04889	0.0044	0.00633	0.00648	0	0	0	0	0.01473	0.01354	0.00761	0.03022	
0.04942	0.0357	0.02444	0.02319	0.06999	0.02073	0.02057	0.02146	0.01433	0.00636	0.09965	0.01241	9e-05	0	0.13263	3e-05	2e-05	0.00151	2e-05	0.1312	0.09259	0.00167	0.03277	0.00572	0.09794	0.00865	0.01305	0.01311	0.01996	0.00607	0.09199	0.01473	0	0	0	0	
0.04331	0.0315	0.023	0.02143	0.06181	0.01834	0.01844	0.02065	0.0123	0.00596	0.0899	0.01108	0.0001	1e-05	0.11908	5e-05	3e-05	0.00123	1e-05	0.11797	0.08437	0.00167	0.0284	0.0048	0.08802	0.00779	0.01204	0.01139	0.01737	0.00542	0.08291	0.01354	0	0	0	0	
0.02423	0.01821	0.01292	0.01209	0.0349	0.0102	0.01108	0.01127	0.00743	0.00316	0.05088	0.00598	4e-05	1e-05	0.06738	2e-05	2e-05	0.00068	4e-05	0.06671	0.04713	0.00069	0.01692	0.00271	0.04997	0.00442	0.00679	0.00627	0.01005	0.00287	0.04692	0.00761	0	0	0	0	
0.25016	0.18115	0.12936	0.11989	0.35241	0.10422	0.11035	0.11358	0.12089	0.05492	0.40351	0.10124	0.00028	6e-05	0.68007	0.00015	0.00033	0.00632	8e-05	0.67383	0.37332	0.01242	0.25377	0.04105	0.50249	0.04561	0.06731	0.06515	0.04101	0.01293	0.5964	0.03022	0	0	0	0	
