0	0	0	0	0.20678	0.05127	0.05444	0.0556	0.05766	0.02679	0.23549	0.04815	0.00033	2e-05	0.36767	7e-05	0.00011	0.0035	6e-05	0.36442	0.22054	0.00619	0.12108	0.02028	0.27229	0.02473	0.036	0.03507	0.03299	0.00952	0.30059	0.02499	0.04982	0.0431	0.02475	0.25042	
0	0	0	0	0.15134	0.03672	0.03811	0.04017	0.04188	0.01871	0.17192	0.03383	0.00024	3e-05	0.26602	5e-05	0.0001	0.00239	9e-05	0.26376	0.15761	0.00474	0.08937	0.01462	0.19707	0.01729	0.02658	0.0254	0.02362	0.00741	0.21757	0.01774	0.03633	0.03166	0.0181	0.18025	
0	0	0	0	0.1074	0.0272	0.02781	0.02914	0.02974	0.01334	0.12284	0.02563	0.00012	0	0.19137	6e-05	0.0001	0.0021	3e-05	0.18932	0.11329	0.00329	0.06467	0.0103	0.14043	0.01251	0.01971	0.0189	0.01685	0.00516	0.15725	0.01229	0.02683	0.02309	0.01289	0.12874	
0	0	0	0	0.05344	0.03882	0.03957	0.04219	0.02675	0.01239	0.11275	0.02213	9e-05	1e-05	0.17388	4e-05	9e-05	0.00171	3e-05	0.17219	0.10357	0.00301	0.05814	0.0093	0.12733	0.01165	0.01736	0.01768	0.01499	0.00462	0.14304	0.01137	0.02334	0.02049	0.01132	0.11887	
0.20678	0.15134	0.1074	0.05344	0	0	0	0	0.07968	0.0378	0.3344	0.06708	0.00044	2e-05	0.51843	7e-05	0.00022	0.00491	0.00013	0.5137	0.30841	0.00905	0.17245	0.02905	0.38361	0.03419	0.05127	0.04989	0.04595	0.01455	0.42335	0.03511	0.07068	0.06162	0.03454	0.35212	
0.05127	0.03672	0.0272	0.03882	0	0	0	0	0.02476	0.01044	0.09875	0.02006	7e-05	1e-05	0.1539	3e-05	4e-05	0.0016	1e-05	0.15236	0.09155	0.00256	0.05163	0.00827	0.11289	0.0104	0.01501	0.01571	0.01379	0.00394	0.12671	0.00957	0.02088	0.01839	0.01009	0.10465	
0.05444	0.03811	0.02781	0.03957	0	0	0	0	0.0247	0.01132	0.10345	0.02046	0.00014	2e-05	0.15973	4e-05	4e-05	0.00163	3e-05	0.15823	0.09565	0.00265	0.05336	0.00827	0.11769	0.0107	0.01656	0.01498	0.01374	0.00399	0.13144	0.01076	0.02195	0.01832	0.01112	0.10854	
0.0556	0.04017	0.02914	0.04219	0	0	0	0	0.02689	0.01167	0.1064	0.02214	0.00013	1e-05	0.16688	8e-05	0.0001	0.00156	4e-05	0.1654	0.0994	0.00297	0.05582	0.00891	0.12293	0.01089	0.01681	0.01647	0.01497	0.00423	0.13695	0.01095	0.02281	0.02001	0.01131	0.11297	
0.05766	0.04188	0.02974	0.02675	0.07968	0.02476	0.0247	0.02689	0	0	0	0	0.00012	0	0.15587	4e-05	5e-05	0.00152	4e-05	0.15442	0.08981	0.00268	0.05416	0.00938	0.11437	0.01065	0.01578	0.01523	0.01218	0.00371	0.13055	0.00959	0.01507	0.01279	0.00698	0.12119	
0.02679	0.01871	0.01334	0.01239	0.0378	0.01044	0.01132	0.01167	0	0	0	0	5e-05	0	0.07116	2e-05	1e-05	0.00073	1e-05	0.07048	0.04046	0.00141	0.02511	0.00425	0.05224	0.00456	0.00726	0.00717	0.00573	0.00163	0.05962	0.00425	0.0067	0.00585	0.00292	0.05576	
0.23549	0.17192	0.12284	0.11275	0.3344	0.09875	0.10345	0.1064	0	0	0	0	0.0005	5e-05	0.64232	0.00013	0.00029	0.00614	0.00013	0.63644	0.38934	0.01083	0.20919	0.03364	0.47469	0.04225	0.06403	0.06203	0.06017	0.01805	0.51955	0.04523	0.10207	0.08952	0.05105	0.40036	
0.04815	0.03383	0.02563	0.02213	0.06708	0.02006	0.02046	0.02214	0	0	0	0	0.00011	1e-05	0.12959	3e-05	5e-05	0.00131	3e-05	0.12835	0.0754	0.00231	0.0448	0.00723	0.09582	0.00872	0.01258	0.01262	0.01037	0.00332	0.10873	0.00732	0.01248	0.01018	0.00611	0.10097	
0.00033	0.00024	0.00012	9e-05	0.00044	7e-05	0.00014	0.00013	0.00012	5e-05	0.0005	0.00011	0	0	0	0	0	1e-05	0	0.00077	0.00048	0	0.00026	4e-05	0.00057	6e-05	5e-05	0.0001	6e-05	3e-05	0.00061	8e-05	0.00011	0.00015	9e-05	0.00043	
2e-05	3e-05	0	1e-05	2e-05	1e-05	2e-05	1e-05	0	0	5e-05	1e-05	0	0	0	0	0	0	0	6e-05	2e-05	0	4e-05	0	4e-05	1e-05	0	1e-05	1e-05	0	5e-05	0	2e-05	1e-05	0	3e-05	
0.36767	0.26602	0.19137	0.17388	0.51843	0.1539	0.15973	0.16688	0.15587	0.07116	0.64232	0.12959	0	0	0	0	0.0004	0.00968	0.00021	0.98865	0.59444	0.01721	0.33287	0.05442	0.73637	0.0661	0.09958	0.09689	0.08838	0.02668	0.81759	0.06629	0.13617	0.11815	0.06697	0.67765	
7e-05	5e-05	6e-05	4e-05	7e-05	3e-05	4e-05	8e-05	4e-05	2e-05	0.00013	3e-05	0	0	0	0	0	1e-05	0	0.00021	7e-05	2e-05	9e-05	4e-05	0.00014	1e-05	2e-05	5e-05	0	0	0.0002	2e-05	2e-05	3e-05	0	0.00017	
0.00011	0.0001	0.0001	9e-05	0.00022	4e-05	4e-05	0.0001	5e-05	1e-05	0.00029	5e-05	0	0	0.0004	0	0	0	0	0	0.0002	0	0.00016	4e-05	0.0003	2e-05	4e-05	4e-05	4e-05	0	0.00036	0	7e-05	2e-05	4e-05	0.00027	
0.0035	0.00239	0.0021	0.00171	0.00491	0.0016	0.00163	0.00156	0.00152	0.00073	0.00614	0.00131	1e-05	0	0.00968	1e-05	0	0	0	0	0.00568	0.00028	0.00325	0.00049	0.00713	0.00074	0.00084	0.00099	0.00087	0.00023	0.00787	0.00073	0.00134	0.00104	0.00068	0.00664	
6e-05	9e-05	3e-05	3e-05	0.00013	1e-05	3e-05	4e-05	4e-05	1e-05	0.00013	3e-05	0	0	0.00021	0	0	0	0	0	0.00011	1e-05	9e-05	0	0.00018	2e-05	1e-05	0	0	1e-05	0.00019	1e-05	1e-05	4e-05	1e-05	0.00015	
0.36442	0.26376	0.18932	0.17219	0.5137	0.15236	0.15823	0.1654	0.15442	0.07048	0.63644	0.12835	0.00077	6e-05	0.98865	0.00021	0	0	0	0	0.58902	0.01694	0.32976	0.05397	0.72951	0.0654	0.09876	0.09602	0.08754	0.02647	0.81003	0.06565	0.1349	0.11724	0.06633	0.67122	
0.22054	0.15761	0.11329	0.10357	0.30841	0.09155	0.09565	0.0994	0.08981	0.04046	0.38934	0.0754	0.00048	2e-05	0.59444	7e-05	0.0002	0.00568	0.00011	0.58902	0	0	0	0	0.43889	0.03911	0.05908	0.05793	0.06782	0.02059	0.4556	0.051	0.09689	0.08297	0.04695	0.3682	
0.00619	0.00474	0.00329	0.00301	0.00905	0.00256	0.00265	0.00297	0.00268	0.00141	0.01083	0.00231	0	0	0.01721	2e-05	0	0.00028	1e-05	0.01694	0	0	0	0	0.0126	0.00118	0.0018	0.00165	0.00088	0.00026	0.01538	0.00071	0.00174	0.00148	0.00065	0.01336	
0.12108	0.08937	0.06467	0.05814	0.17245	0.05163	0.05336	0.05582	0.05416	0.02511	0.20919	0.0448	0.00026	4e-05	0.33287	9e-05	0.00016	0.00325	9e-05	0.32976	0	0	0	0	0.24555	0.02234	0.03313	0.03224	0.01702	0.00504	0.29862	0.01258	0.03249	0.02903	0.0167	0.25504	
0.02028	0.01462	0.0103	0.0093	0.02905	0.00827	0.00827	0.00891	0.00938	0.00425	0.03364	0.00723	4e-05	0	0.05442	4e-05	4e-05	0.00049	0	0.05397	0	0	0	0	0.04008	0.00355	0.00564	0.00523	0.00273	0.00082	0.04885	0.0021	0.0052	0.00486	0.00276	0.04168	
0.27229	0.19707	0.14043	0.12733	0.38361	0.11289	0.11769	0.12293	0.11437	0.05224	0.47469	0.09582	0.00057	4e-05	0.73637	0.00014	0.0003	0.00713	0.00018	0.72951	0.43889	0.0126	0.24555	0.04008	0	0	0	0	0.06556	0.01965	0.6033	0.04861	0.10013	0.08655	0.04902	0.50142	
0.02473	0.01729	0.01251	0.01165	0.03419	0.0104	0.0107	0.01089	0.01065	0.00456	0.04225	0.00872	6e-05	1e-05	0.0661	1e-05	2e-05	0.00074	2e-05	0.0654	0.03911	0.00118	0.02234	0.00355	0	0	0	0	0.00593	0.00176	0.05392	0.00457	0.00901	0.00813	0.00467	0.04437	
0.036	0.02658	0.01971	0.01736	0.05127	0.01501	0.01656	0.01681	0.01578	0.00726	0.06403	0.01258	5e-05	0	0.09958	2e-05	4e-05	0.00084	1e-05	0.09876	0.05908	0.0018	0.03313	0.00564	0	0	0	0	0.00846	0.00254	0.08224	0.00641	0.01389	0.01174	0.00674	0.06728	
0.03507	0.0254	0.0189	0.01768	0.04989	0.01571	0.01498	0.01647	0.01523	0.00717	0.06203	0.01262	0.0001	1e-05	0.09689	5e-05	4e-05	0.00099	0	0.09602	0.05793	0.00165	0.03224	0.00523	0	0	0	0	0.0085	0.00276	0.07899	0.0068	0.01329	0.01192	0.00663	0.06521	
0.03299	0.02362	0.01685	0.01499	0.04595	0.01379	0.01374	0.01497	0.01218	0.00573	0.06017	0.01037	6e-05	1e-05	0.08838	0	4e-05	0.00087	0	0.08754	0.06782	0.00088	0.01702	0.00273	0.06556	0.00593	0.00846	0.0085	0	0	0	0	0.02181	0.01738	0.01009	0.03917	
0.00952	0.00741	0.00516	0.00462	0.01455	0.00394	0.00399	0.00423	0.00371	0.00163	0.01805	0.00332	3e-05	0	0.02668	0	0	0.00023	1e-05	0.02647	0.02059	0.00026	0.00504	0.00082	0.01965	0.00176	0.00254	0.00276	0	0	0	0	0.00625	0.00533	0.00338	0.01175	
0.30059	0.21757	0.15725	0.14304	0.42335	0.12671	0.13144	0.13695	0.13055	0.05962	0.51955	0.10873	0.00061	5e-05	0.81759	0.0002	0.00036	0.00787	0.00019	0.81003	0.4556	0.01538	0.29862	0.04885	0.6033	0.05392	0.08224	0.07899	0	0	0	0	0.09263	0.08257	0.04597	0.59728	
0.02499	0.01774	0.01229	0.01137	0.03511	0.00957	0.01076	0.01095	0.00959	0.00425	0.04523	0.00732	8e-05	0	0.06629	2e-05	0	0.00073	1e-05	0.06565	0.051	0.00071	0.01258	0.0021	0.04861	0.00457	0.00641	0.0068	0	0	0	0	0.01563	0.01306	0.00762	0.03008	
0.04982	0.03633	0.02683	0.02334	0.07068	0.02088	0.02195	0.02281	0.01507	0.0067	0.10207	0.01248	0.00011	2e-05	0.13617	2e-05	7e-05	0.00134	1e-05	0.1349	0.09689	0.00174	0.03249	0.0052	0.10013	0.00901	0.01389	0.01329	0.02181	0.00625	0.09263	0.01563	0	0	0	0	
0.0431	0.03166	0.02309	0.02049	0.06162	0.01839	0.01832	0.02001	0.01279	0.00585	0.08952	0.01018	0.00015	1e-05	0.11815	3e-05	2e-05	0.00104	4e-05	0.11724	0.08297	0.00148	0.02903	0.00486	0.08655	0.00813	0.01174	0.01192	0.01738	0.00533	0.08257	0.01306	0	0	0	0	
0.02475	0.0181	0.01289	0.01132	0.03454	0.01009	0.01112	0.01131	0.00698	0.00292	0.05105	0.00611	9e-05	0	0.06697	0	4e-05	0.00068	1e-05	0.06633	0.04695	0.00065	0.0167	0.00276	0.04902	0.00467	0.00674	0.00663	0.01009	0.00338	0.04597	0.00762	0	0	0	0	
0.25042	0.18025	0.12874	0.11887	0.35212	0.10465	0.10854	0.11297	0.12119	0.05576	0.40036	0.10097	0.00043	3e-05	0.67765	0.00017	0.00027	0.00664	0.00015	0.67122	0.3682	0.01336	0.25504	0.04168	0.50142	0.04437	0.06728	0.06521	0.03917	0.01175	0.59728	0.03008	0	0	0	0	
