0	0	0	0	0.20543	0.05324	0.05294	0.05651	0.05736	0.02591	0.2366	0.04825	0.00032	3e-05	0.36771	6e-05	6e-05	0.00345	4e-05	0.36457	0.22195	0.00609	0.12031	0.01977	0.27142	0.0242	0.03637	0.03613	0.03228	0.01008	0.30089	0.02487	0.05029	0.04307	0.0245	0.25026	
0	0	0	0	0.14879	0.03733	0.03768	0.03901	0.04138	0.01844	0.16852	0.03447	0.00028	0	0.26246	7e-05	6e-05	0.00249	5e-05	0.26021	0.1581	0.00417	0.08696	0.01358	0.19441	0.01707	0.02633	0.025	0.02328	0.00698	0.2152	0.01735	0.03593	0.03101	0.01773	0.17814	
0	0	0	0	0.10727	0.02626	0.02746	0.02928	0.02887	0.01377	0.12354	0.02409	0.00019	0	0.19003	5e-05	7e-05	0.0018	2e-05	0.18838	0.11408	0.00336	0.06281	0.01002	0.14033	0.01332	0.01869	0.01793	0.01678	0.00527	0.15561	0.01261	0.0259	0.02255	0.01318	0.12864	
0	0	0	0	0.05448	0.0399	0.04091	0.04351	0.02862	0.01269	0.11491	0.02258	0.00016	1e-05	0.17861	2e-05	8e-05	0.00163	3e-05	0.17706	0.10591	0.00287	0.06025	0.00977	0.13146	0.01209	0.01812	0.01713	0.01583	0.00474	0.14595	0.01228	0.02453	0.02201	0.01247	0.11979	
0.20543	0.14879	0.10727	0.05448	0	0	0	0	0.08022	0.03685	0.33208	0.06682	0.00049	2e-05	0.51533	0.00013	0.00015	0.00479	6e-05	0.51097	0.30825	0.00876	0.17131	0.02765	0.38078	0.03479	0.05074	0.04966	0.04522	0.01404	0.42222	0.03449	0.07045	0.06094	0.03468	0.3499	
0.05324	0.03733	0.02626	0.0399	0	0	0	0	0.02532	0.01081	0.10072	0.01988	0.00012	1e-05	0.15659	1e-05	3e-05	0.00136	1e-05	0.15533	0.09469	0.0025	0.05126	0.00828	0.11534	0.01004	0.01661	0.01474	0.01405	0.00418	0.12785	0.01065	0.02153	0.01853	0.01059	0.10608	
0.05294	0.03768	0.02746	0.04091	0	0	0	0	0.02431	0.01161	0.10212	0.02095	0.00022	1e-05	0.15875	1e-05	7e-05	0.00162	2e-05	0.15728	0.09534	0.00251	0.05242	0.00872	0.11774	0.01052	0.01556	0.01517	0.01425	0.00449	0.13006	0.01019	0.02208	0.01898	0.01065	0.10728	
0.05651	0.03901	0.02928	0.04351	0	0	0	0	0.02638	0.01154	0.10865	0.02174	0.00012	0	0.16814	5e-05	2e-05	0.0016	5e-05	0.16664	0.10176	0.00272	0.05534	0.00849	0.12376	0.01133	0.0166	0.01662	0.01465	0.00436	0.13752	0.01178	0.02259	0.02019	0.01196	0.11357	
0.05736	0.04138	0.02887	0.02862	0.08022	0.02532	0.02431	0.02638	0	0	0	0	0.00018	0	0.15601	4e-05	5e-05	0.00145	1e-05	0.15472	0.09181	0.00258	0.05345	0.00839	0.11571	0.01034	0.01569	0.01449	0.01281	0.00393	0.13031	0.00918	0.01452	0.01294	0.00736	0.12141	
0.02591	0.01844	0.01377	0.01269	0.03685	0.01081	0.01161	0.01154	0	0	0	0	5e-05	0	0.07073	3e-05	1e-05	0.00082	1e-05	0.06997	0.04191	0.00116	0.02355	0.00419	0.05241	0.00482	0.00687	0.00671	0.00577	0.00169	0.05918	0.00417	0.00653	0.00597	0.0033	0.05501	
0.2366	0.16852	0.12354	0.11491	0.33208	0.10072	0.10212	0.10865	0	0	0	0	0.00062	4e-05	0.6428	0.00011	0.0002	0.006	9e-05	0.63728	0.39066	0.01066	0.20916	0.03309	0.47433	0.0429	0.06427	0.06207	0.0593	0.01835	0.51983	0.04609	0.10334	0.08906	0.05117	0.4	
0.04825	0.03447	0.02409	0.02258	0.06682	0.01988	0.02095	0.02174	0	0	0	0	0.0001	0	0.12927	2e-05	1e-05	0.0011	3e-05	0.12825	0.07566	0.00209	0.04417	0.00747	0.09517	0.00862	0.01268	0.01292	0.01029	0.0031	0.10833	0.00767	0.01226	0.01067	0.00605	0.10041	
0.00032	0.00028	0.00019	0.00016	0.00049	0.00012	0.00022	0.00012	0.00018	5e-05	0.00062	0.0001	0	0	0	0	0	2e-05	0	0.00093	0.00049	1e-05	0.00035	0.0001	0.00076	1e-05	8e-05	0.0001	0.00012	3e-05	0.00078	2e-05	0.00014	7e-05	0.00014	0.0006	
3e-05	0	0	1e-05	2e-05	1e-05	1e-05	0	0	0	4e-05	0	0	0	0	0	0	0	0	4e-05	3e-05	0	1e-05	0	3e-05	0	0	1e-05	1e-05	1e-05	1e-05	1e-05	0	1e-05	0	3e-05	
0.36771	0.26246	0.19003	0.17861	0.51533	0.15659	0.15875	0.16814	0.15601	0.07073	0.6428	0.12927	0	0	0	0	0.00027	0.00935	0.00014	0.98905	0.59939	0.01648	0.32993	0.05301	0.73666	0.06666	0.09941	0.09608	0.08803	0.02701	0.8167	0.06707	0.13647	0.11853	0.06772	0.67609	
6e-05	7e-05	5e-05	2e-05	0.00013	1e-05	1e-05	5e-05	4e-05	3e-05	0.00011	2e-05	0	0	0	0	0	0	0	0.0002	0.00013	0	4e-05	3e-05	0.00017	1e-05	2e-05	0	1e-05	2e-05	0.00016	1e-05	4e-05	3e-05	2e-05	0.00011	
6e-05	6e-05	7e-05	8e-05	0.00015	3e-05	7e-05	2e-05	5e-05	1e-05	0.0002	1e-05	0	0	0.00027	0	0	0	0	0	0.00018	0	7e-05	2e-05	0.00017	1e-05	5e-05	4e-05	2e-05	1e-05	0.00023	1e-05	3e-05	5e-05	1e-05	0.00018	
0.00345	0.00249	0.0018	0.00163	0.00479	0.00136	0.00162	0.0016	0.00145	0.00082	0.006	0.0011	2e-05	0	0.00935	0	0	0	0	0	0.00551	0.00021	0.00311	0.00054	0.007	0.00062	0.00088	0.00087	0.00087	0.00038	0.00757	0.00055	0.00137	0.00106	0.00062	0.00632	
4e-05	5e-05	2e-05	3e-05	6e-05	1e-05	2e-05	5e-05	1e-05	1e-05	9e-05	3e-05	0	0	0.00014	0	0	0	0	0	8e-05	1e-05	5e-05	0	0.00011	0	3e-05	0	2e-05	0	0.0001	2e-05	1e-05	5e-05	1e-05	7e-05	
0.36457	0.26021	0.18838	0.17706	0.51097	0.15533	0.15728	0.16664	0.15472	0.06997	0.63728	0.12825	0.00093	4e-05	0.98905	0.0002	0	0	0	0	0.59427	0.01627	0.3271	0.05258	0.73034	0.06605	0.09855	0.09528	0.08726	0.02668	0.80975	0.06653	0.13524	0.11748	0.06724	0.67026	
0.22195	0.1581	0.11408	0.10591	0.30825	0.09469	0.09534	0.10176	0.09181	0.04191	0.39066	0.07566	0.00049	3e-05	0.59939	0.00013	0.00018	0.00551	8e-05	0.59427	0	0	0	0	0.44266	0.03928	0.05997	0.05813	0.06782	0.02107	0.45907	0.05208	0.09757	0.08345	0.04749	0.37153	
0.00609	0.00417	0.00336	0.00287	0.00876	0.0025	0.00251	0.00272	0.00258	0.00116	0.01066	0.00209	1e-05	0	0.01648	0	0	0.00021	1e-05	0.01627	0	0	0	0	0.01221	0.00109	0.00166	0.00153	0.00088	0.00024	0.01454	0.00083	0.00178	0.00148	0.00086	0.01237	
0.12031	0.08696	0.06281	0.06025	0.17131	0.05126	0.05242	0.05534	0.05345	0.02355	0.20916	0.04417	0.00035	1e-05	0.32993	4e-05	7e-05	0.00311	5e-05	0.3271	0	0	0	0	0.24348	0.02279	0.03267	0.03139	0.01667	0.00488	0.29667	0.01211	0.03184	0.02904	0.01665	0.2528	
0.01977	0.01358	0.01002	0.00977	0.02765	0.00828	0.00872	0.00849	0.00839	0.00419	0.03309	0.00747	0.0001	0	0.05301	3e-05	2e-05	0.00054	0	0.05258	0	0	0	0	0.03927	0.00352	0.00521	0.00514	0.0028	0.00088	0.04737	0.00209	0.00546	0.00467	0.00288	0.04013	
0.27142	0.19441	0.14033	0.13146	0.38078	0.11534	0.11774	0.12376	0.11571	0.05241	0.47433	0.09517	0.00076	3e-05	0.73666	0.00017	0.00017	0.007	0.00011	0.73034	0.44266	0.01221	0.24348	0.03927	0	0	0	0	0.06474	0.0199	0.60354	0.04944	0.10056	0.08736	0.05005	0.49965	
0.0242	0.01707	0.01332	0.01209	0.03479	0.01004	0.01052	0.01133	0.01034	0.00482	0.0429	0.00862	1e-05	0	0.06666	1e-05	1e-05	0.00062	0	0.06605	0.03928	0.00109	0.02279	0.00352	0	0	0	0	0.00631	0.00183	0.054	0.00454	0.00906	0.00765	0.00468	0.04529	
0.03637	0.02633	0.01869	0.01812	0.05074	0.01661	0.01556	0.0166	0.01569	0.00687	0.06427	0.01268	8e-05	0	0.09941	2e-05	5e-05	0.00088	3e-05	0.09855	0.05997	0.00166	0.03267	0.00521	0	0	0	0	0.00852	0.00277	0.08183	0.00639	0.01371	0.01157	0.0069	0.06733	
0.03613	0.025	0.01793	0.01713	0.04966	0.01474	0.01517	0.01662	0.01449	0.00671	0.06207	0.01292	0.0001	1e-05	0.09608	0	4e-05	0.00087	0	0.09528	0.05813	0.00153	0.03139	0.00514	0	0	0	0	0.0086	0.00257	0.07828	0.00674	0.01332	0.01206	0.00625	0.06456	
0.03228	0.02328	0.01678	0.01583	0.04522	0.01405	0.01425	0.01465	0.01281	0.00577	0.0593	0.01029	0.00012	1e-05	0.08803	1e-05	2e-05	0.00087	2e-05	0.08726	0.06782	0.00088	0.01667	0.0028	0.06474	0.00631	0.00852	0.0086	0	0	0	0	0.02015	0.01769	0.01016	0.04017	
0.01008	0.00698	0.00527	0.00474	0.01404	0.00418	0.00449	0.00436	0.00393	0.00169	0.01835	0.0031	3e-05	1e-05	0.02701	2e-05	1e-05	0.00038	0	0.02668	0.02107	0.00024	0.00488	0.00088	0.0199	0.00183	0.00277	0.00257	0	0	0	0	0.0062	0.00533	0.00301	0.01253	
0.30089	0.2152	0.15561	0.14595	0.42222	0.12785	0.13006	0.13752	0.13031	0.05918	0.51983	0.10833	0.00078	1e-05	0.8167	0.00016	0.00023	0.00757	0.0001	0.80975	0.45907	0.01454	0.29667	0.04737	0.60354	0.054	0.08183	0.07828	0	0	0	0	0.09446	0.08216	0.04703	0.594	
0.02487	0.01735	0.01261	0.01228	0.03449	0.01065	0.01019	0.01178	0.00918	0.00417	0.04609	0.00767	2e-05	1e-05	0.06707	1e-05	1e-05	0.00055	2e-05	0.06653	0.05208	0.00083	0.01211	0.00209	0.04944	0.00454	0.00639	0.00674	0	0	0	0	0.01584	0.01346	0.00768	0.03013	
0.05029	0.03593	0.0259	0.02453	0.07045	0.02153	0.02208	0.02259	0.01452	0.00653	0.10334	0.01226	0.00014	0	0.13647	4e-05	3e-05	0.00137	1e-05	0.13524	0.09757	0.00178	0.03184	0.00546	0.10056	0.00906	0.01371	0.01332	0.02015	0.0062	0.09446	0.01584	0	0	0	0	
0.04307	0.03101	0.02255	0.02201	0.06094	0.01853	0.01898	0.02019	0.01294	0.00597	0.08906	0.01067	7e-05	1e-05	0.11853	3e-05	5e-05	0.00106	5e-05	0.11748	0.08345	0.00148	0.02904	0.00467	0.08736	0.00765	0.01157	0.01206	0.01769	0.00533	0.08216	0.01346	0	0	0	0	
0.0245	0.01773	0.01318	0.01247	0.03468	0.01059	0.01065	0.01196	0.00736	0.0033	0.05117	0.00605	0.00014	0	0.06772	2e-05	1e-05	0.00062	1e-05	0.06724	0.04749	0.00086	0.01665	0.00288	0.05005	0.00468	0.0069	0.00625	0.01016	0.00301	0.04703	0.00768	0	0	0	0	
0.25026	0.17814	0.12864	0.11979	0.3499	0.10608	0.10728	0.11357	0.12141	0.05501	0.4	0.10041	0.0006	3e-05	0.67609	0.00011	0.00018	0.00632	7e-05	0.67026	0.37153	0.01237	0.2528	0.04013	0.49965	0.04529	0.06733	0.06456	0.04017	0.01253	0.594	0.03013	0	0	0	0	
