0	0	0	0	0.20824	0.05139	0.05383	0.05492	0.05669	0.02698	0.23628	0.04843	0.00025	0	0.36803	0.0001	0.00014	0.00358	0.00011	0.36455	0.22146	0.00606	0.12184	0.01902	0.27173	0.02498	0.03651	0.03516	0.03231	0.00983	0.30202	0.02422	0.05055	0.04384	0.02434	0.24965	
0	0	0	0	0.15198	0.03665	0.03777	0.04014	0.04194	0.01878	0.17129	0.03453	0.00016	2e-05	0.26629	7e-05	6e-05	0.00253	1e-05	0.26394	0.1602	0.00382	0.08754	0.01498	0.19594	0.01783	0.02769	0.02508	0.02389	0.00715	0.21837	0.01713	0.03618	0.03111	0.01784	0.18141	
0	0	0	0	0.10599	0.0265	0.02715	0.02827	0.03005	0.01323	0.12051	0.02412	0.00013	3e-05	0.18768	7e-05	8e-05	0.0019	5e-05	0.18588	0.11305	0.00298	0.06184	0.01004	0.13955	0.01211	0.01843	0.01782	0.01665	0.00498	0.15359	0.01269	0.02559	0.02222	0.01227	0.12783	
0	0	0	0	0.05299	0.03996	0.0414	0.04282	0.0284	0.01201	0.11427	0.02249	7e-05	2e-05	0.17705	3e-05	2e-05	0.00191	2e-05	0.17522	0.10711	0.0025	0.05836	0.0092	0.1303	0.01222	0.01731	0.01734	0.01568	0.00456	0.14503	0.0119	0.02492	0.02086	0.0121	0.11929	
0.20824	0.15198	0.10599	0.05299	0	0	0	0	0.08164	0.03714	0.33318	0.06724	0.0003	5e-05	0.51871	0.00014	0.00018	0.00532	0.0001	0.5136	0.31168	0.00815	0.17164	0.02773	0.38357	0.03433	0.05149	0.04981	0.04644	0.01336	0.42591	0.03349	0.07057	0.0614	0.03472	0.35251	
0.05139	0.03665	0.0265	0.03996	0	0	0	0	0.02437	0.01121	0.09898	0.01994	8e-05	2e-05	0.15434	6e-05	4e-05	0.00136	3e-05	0.15307	0.0934	0.00257	0.05052	0.00801	0.11487	0.01015	0.01533	0.01415	0.01365	0.00423	0.12617	0.01045	0.02178	0.01788	0.01046	0.10438	
0.05383	0.03777	0.02715	0.0414	0	0	0	0	0.02462	0.01064	0.10391	0.02098	0.00011	0	0.16001	3e-05	5e-05	0.00156	3e-05	0.15851	0.09663	0.00218	0.05295	0.00839	0.11752	0.01136	0.01552	0.01575	0.01394	0.00433	0.13098	0.0109	0.02217	0.01856	0.01038	0.10904	
0.05492	0.04014	0.02827	0.04282	0	0	0	0	0.02645	0.01201	0.10628	0.02141	0.00012	0	0.16599	4e-05	3e-05	0.00168	3e-05	0.16441	0.10011	0.00246	0.05447	0.00911	0.12156	0.0113	0.0176	0.01569	0.0145	0.0046	0.13595	0.0111	0.02272	0.02019	0.01099	0.11225	
0.05669	0.04194	0.03005	0.0284	0.08164	0.02437	0.02462	0.02645	0	0	0	0	0.00011	1e-05	0.15692	4e-05	2e-05	0.00143	6e-05	0.15557	0.09245	0.0024	0.05355	0.00868	0.11636	0.01029	0.01549	0.01494	0.01295	0.00373	0.13154	0.00886	0.01508	0.01265	0.00752	0.12183	
0.02698	0.01878	0.01323	0.01201	0.03714	0.01121	0.01064	0.01201	0	0	0	0	6e-05	0	0.07092	2e-05	3e-05	0.0007	2e-05	0.07025	0.04078	0.00108	0.02521	0.00393	0.05246	0.00483	0.00702	0.00669	0.00564	0.00164	0.05968	0.00404	0.00632	0.00568	0.00309	0.05591	
0.23628	0.17129	0.12051	0.11427	0.33318	0.09898	0.10391	0.10628	0	0	0	0	0.00032	6e-05	0.6418	0.00017	0.00021	0.00623	7e-05	0.63584	0.39281	0.00976	0.20606	0.03372	0.47433	0.04315	0.06412	0.06075	0.06019	0.01808	0.51832	0.04576	0.10379	0.08957	0.04997	0.39902	
0.04843	0.03453	0.02412	0.02249	0.06724	0.01994	0.02098	0.02141	0	0	0	0	0.00012	0	0.12941	4e-05	4e-05	0.00156	4e-05	0.12793	0.07578	0.00212	0.04476	0.00691	0.09437	0.00887	0.01331	0.01302	0.00975	0.00307	0.10947	0.00728	0.01205	0.01013	0.00597	0.10142	
0.00025	0.00016	0.00013	7e-05	0.0003	8e-05	0.00011	0.00012	0.00011	6e-05	0.00032	0.00012	0	0	0	0	0	2e-05	0	0.00059	0.00036	0	0.00023	2e-05	0.00046	3e-05	8e-05	4e-05	7e-05	1e-05	0.0005	3e-05	0.00014	8e-05	2e-05	0.00037	
0	2e-05	3e-05	2e-05	5e-05	2e-05	0	0	1e-05	0	6e-05	0	0	0	0	0	0	1e-05	0	6e-05	5e-05	0	2e-05	0	5e-05	1e-05	1e-05	0	0	0	6e-05	1e-05	1e-05	1e-05	0	5e-05	
0.36803	0.26629	0.18768	0.17705	0.51871	0.15434	0.16001	0.16599	0.15692	0.07092	0.6418	0.12941	0	0	0	0	0.0003	0.00989	0.00019	0.98867	0.60129	0.01535	0.32923	0.05318	0.73681	0.06708	0.09983	0.09533	0.08845	0.02651	0.81821	0.06588	0.13706	0.11791	0.06651	0.67757	
0.0001	7e-05	7e-05	3e-05	0.00014	6e-05	3e-05	4e-05	4e-05	2e-05	0.00017	4e-05	0	0	0	0	0	0	0	0.00027	0.00012	1e-05	0.0001	4e-05	0.0002	2e-05	2e-05	3e-05	1e-05	0	0.00024	2e-05	3e-05	3e-05	2e-05	0.00019	
0.00014	6e-05	8e-05	2e-05	0.00018	4e-05	5e-05	3e-05	2e-05	3e-05	0.00021	4e-05	0	0	0.0003	0	0	0	0	0	0.0002	0	0.0001	0	0.00017	4e-05	4e-05	5e-05	7e-05	0	0.00021	2e-05	6e-05	4e-05	1e-05	0.00019	
0.00358	0.00253	0.0019	0.00191	0.00532	0.00136	0.00156	0.00168	0.00143	0.0007	0.00623	0.00156	2e-05	1e-05	0.00989	0	0	0	0	0	0.00591	0.00012	0.00334	0.00055	0.00717	0.00074	0.00107	0.00094	0.00085	0.00029	0.00815	0.00063	0.00126	0.00121	0.00067	0.00678	
0.00011	1e-05	5e-05	2e-05	0.0001	3e-05	3e-05	3e-05	6e-05	2e-05	7e-05	4e-05	0	0	0.00019	0	0	0	0	0	0.00012	0	6e-05	1e-05	0.00014	1e-05	4e-05	0	3e-05	1e-05	0.00015	0	1e-05	2e-05	1e-05	0.00015	
0.36455	0.26394	0.18588	0.17522	0.5136	0.15307	0.15851	0.16441	0.15557	0.07025	0.63584	0.12793	0.00059	6e-05	0.98867	0.00027	0	0	0	0	0.59559	0.01524	0.32608	0.05268	0.73004	0.06635	0.09879	0.09441	0.08758	0.02622	0.8105	0.06529	0.13591	0.11676	0.06586	0.67106	
0.22146	0.1602	0.11305	0.10711	0.31168	0.0934	0.09663	0.10011	0.09245	0.04078	0.39281	0.07578	0.00036	5e-05	0.60129	0.00012	0.0002	0.00591	0.00012	0.59559	0	0	0	0	0.44344	0.04021	0.06113	0.05704	0.0693	0.02044	0.46004	0.05204	0.09894	0.08405	0.04795	0.37088	
0.00606	0.00382	0.00298	0.0025	0.00815	0.00257	0.00218	0.00246	0.0024	0.00108	0.00976	0.00212	0	0	0.01535	1e-05	0	0.00012	0	0.01524	0	0	0	0	0.01107	0.00114	0.00163	0.00152	0.00067	0.00026	0.01377	0.00066	0.00153	0.00148	0.00076	0.01159	
0.12184	0.08754	0.06184	0.05836	0.17164	0.05052	0.05295	0.05447	0.05355	0.02521	0.20606	0.04476	0.00023	2e-05	0.32923	0.0001	0.0001	0.00334	6e-05	0.32608	0	0	0	0	0.24444	0.02206	0.03145	0.03163	0.01606	0.00504	0.29699	0.01149	0.03171	0.02779	0.01541	0.25467	
0.01902	0.01498	0.01004	0.0092	0.02773	0.00801	0.00839	0.00911	0.00868	0.00393	0.03372	0.00691	2e-05	0	0.05318	4e-05	0	0.00055	1e-05	0.05268	0	0	0	0	0.03857	0.00373	0.00573	0.00521	0.0025	0.00078	0.04821	0.00175	0.00506	0.00471	0.00243	0.04104	
0.27173	0.19594	0.13955	0.1303	0.38357	0.11487	0.11752	0.12156	0.11636	0.05246	0.47433	0.09437	0.00046	5e-05	0.73681	0.0002	0.00017	0.00717	0.00014	0.73004	0.44344	0.01107	0.24444	0.03857	0	0	0	0	0.06538	0.01934	0.60421	0.04859	0.10128	0.0867	0.049	0.50054	
0.02498	0.01783	0.01211	0.01222	0.03433	0.01015	0.01136	0.0113	0.01029	0.00483	0.04315	0.00887	3e-05	1e-05	0.06708	2e-05	4e-05	0.00074	1e-05	0.06635	0.04021	0.00114	0.02206	0.00373	0	0	0	0	0.00606	0.00186	0.055	0.00422	0.00926	0.00799	0.00439	0.0455	
0.03651	0.02769	0.01843	0.01731	0.05149	0.01533	0.01552	0.0176	0.01549	0.00702	0.06412	0.01331	8e-05	1e-05	0.09983	2e-05	4e-05	0.00107	4e-05	0.09879	0.06113	0.00163	0.03145	0.00573	0	0	0	0	0.0087	0.00269	0.08171	0.00684	0.01406	0.01166	0.00717	0.06705	
0.03516	0.02508	0.01782	0.01734	0.04981	0.01415	0.01575	0.01569	0.01494	0.00669	0.06075	0.01302	4e-05	0	0.09533	3e-05	5e-05	0.00094	0	0.09441	0.05704	0.00152	0.03163	0.00521	0	0	0	0	0.00839	0.00263	0.07809	0.00629	0.01264	0.01168	0.00599	0.06509	
0.03231	0.02389	0.01665	0.01568	0.04644	0.01365	0.01394	0.0145	0.01295	0.00564	0.06019	0.00975	7e-05	0	0.08845	1e-05	7e-05	0.00085	3e-05	0.08758	0.0693	0.00067	0.01606	0.0025	0.06538	0.00606	0.0087	0.00839	0	0	0	0	0.02081	0.01815	0.01036	0.03921	
0.00983	0.00715	0.00498	0.00456	0.01336	0.00423	0.00433	0.0046	0.00373	0.00164	0.01808	0.00307	1e-05	0	0.02651	0	0	0.00029	1e-05	0.02622	0.02044	0.00026	0.00504	0.00078	0.01934	0.00186	0.00269	0.00263	0	0	0	0	0.00608	0.00554	0.00294	0.01196	
0.30202	0.21837	0.15359	0.14503	0.42591	0.12617	0.13098	0.13595	0.13154	0.05968	0.51832	0.10947	0.0005	6e-05	0.81821	0.00024	0.00021	0.00815	0.00015	0.8105	0.46004	0.01377	0.29699	0.04821	0.60421	0.055	0.08171	0.07809	0	0	0	0	0.09513	0.08076	0.04588	0.59724	
0.02422	0.01713	0.01269	0.0119	0.03349	0.01045	0.0109	0.0111	0.00886	0.00404	0.04576	0.00728	3e-05	1e-05	0.06588	2e-05	2e-05	0.00063	0	0.06529	0.05204	0.00066	0.01149	0.00175	0.04859	0.00422	0.00684	0.00629	0	0	0	0	0.01522	0.01358	0.00737	0.02977	
0.05055	0.03618	0.02559	0.02492	0.07057	0.02178	0.02217	0.02272	0.01508	0.00632	0.10379	0.01205	0.00014	1e-05	0.13706	3e-05	6e-05	0.00126	1e-05	0.13591	0.09894	0.00153	0.03171	0.00506	0.10128	0.00926	0.01406	0.01264	0.02081	0.00608	0.09513	0.01522	0	0	0	0	
0.04384	0.03111	0.02222	0.02086	0.0614	0.01788	0.01856	0.02019	0.01265	0.00568	0.08957	0.01013	8e-05	1e-05	0.11791	3e-05	4e-05	0.00121	2e-05	0.11676	0.08405	0.00148	0.02779	0.00471	0.0867	0.00799	0.01166	0.01168	0.01815	0.00554	0.08076	0.01358	0	0	0	0	
0.02434	0.01784	0.01227	0.0121	0.03472	0.01046	0.01038	0.01099	0.00752	0.00309	0.04997	0.00597	2e-05	0	0.06651	2e-05	1e-05	0.00067	1e-05	0.06586	0.04795	0.00076	0.01541	0.00243	0.049	0.00439	0.00717	0.00599	0.01036	0.00294	0.04588	0.00737	0	0	0	0	
0.24965	0.18141	0.12783	0.11929	0.35251	0.10438	0.10904	0.11225	0.12183	0.05591	0.39902	0.10142	0.00037	5e-05	0.67757	0.00019	0.00019	0.00678	0.00015	0.67106	0.37088	0.01159	0.25467	0.04104	0.50054	0.0455	0.06705	0.06509	0.03921	0.01196	0.59724	0.02977	0	0	0	0	
