0	0	0	0	0.20783	0.05191	0.05117	0.05527	0.05855	0.02559	0.23422	0.04782	0.00029	1e-05	0.36578	0.0001	0.00014	0.00357	5e-05	0.36242	0.2189	0.00566	0.12191	0.01971	0.27033	0.02349	0.03686	0.0355	0.03269	0.0095	0.2993	0.02469	0.04899	0.04397	0.02547	0.24775	
0	0	0	0	0.15128	0.03797	0.03859	0.04062	0.04098	0.01888	0.17298	0.03562	0.00024	4e-05	0.26813	5e-05	0.00014	0.0024	3e-05	0.26589	0.16119	0.00396	0.08996	0.01335	0.19964	0.01733	0.0265	0.02499	0.02354	0.00708	0.2198	0.01804	0.03669	0.03105	0.01759	0.18313	
0	0	0	0	0.10641	0.02697	0.02692	0.0291	0.02929	0.01303	0.12219	0.02489	0.00012	4e-05	0.18922	2e-05	6e-05	0.00179	2e-05	0.18753	0.11201	0.00265	0.06445	0.01029	0.13956	0.01256	0.01896	0.01832	0.01603	0.00494	0.15623	0.0122	0.02644	0.02226	0.01313	0.12757	
0	0	0	0	0.05152	0.03961	0.04183	0.043	0.02672	0.0122	0.11503	0.02201	0.00013	0	0.1758	3e-05	4e-05	0.00184	1e-05	0.17407	0.10475	0.00283	0.05916	0.00922	0.13102	0.01135	0.01693	0.01666	0.01552	0.00444	0.14452	0.01148	0.02504	0.02039	0.01142	0.11911	
0.20783	0.15128	0.10641	0.05152	0	0	0	0	0.08064	0.03602	0.3324	0.06798	0.00041	4e-05	0.51651	8e-05	0.00019	0.00499	5e-05	0.51181	0.30788	0.00769	0.17362	0.02785	0.38294	0.03277	0.05143	0.0499	0.04485	0.01336	0.42391	0.03492	0.06944	0.06112	0.03468	0.3518	
0.05191	0.03797	0.02697	0.03961	0	0	0	0	0.02409	0.01113	0.10124	0.02	0.00012	2e-05	0.15625	7e-05	9e-05	0.00156	5e-05	0.15476	0.09313	0.00259	0.05293	0.00781	0.11589	0.01093	0.01511	0.01453	0.01355	0.00426	0.12811	0.01054	0.02242	0.01748	0.01124	0.10532	
0.05117	0.03859	0.02692	0.04183	0	0	0	0	0.02452	0.01081	0.10242	0.02076	0.00012	1e-05	0.15835	3e-05	5e-05	0.00158	0	0.15688	0.09526	0.00239	0.05259	0.00827	0.11738	0.01019	0.01585	0.01509	0.01424	0.00414	0.13008	0.01005	0.02189	0.0187	0.01034	0.10758	
0.05527	0.04062	0.0291	0.043	0	0	0	0	0.02629	0.01174	0.10836	0.0216	0.00013	2e-05	0.16782	2e-05	5e-05	0.00147	1e-05	0.16646	0.10058	0.00243	0.05634	0.00864	0.12434	0.01084	0.01686	0.01595	0.01514	0.0042	0.13775	0.0109	0.02341	0.02037	0.01135	0.11286	
0.05855	0.04098	0.02929	0.02672	0.08064	0.02409	0.02452	0.02629	0	0	0	0	0.00012	0	0.1554	2e-05	6e-05	0.00146	0	0.15402	0.08977	0.00249	0.05504	0.00824	0.11505	0.00983	0.01523	0.01543	0.0123	0.00383	0.13009	0.00932	0.01469	0.01295	0.00731	0.12059	
0.02559	0.01888	0.01303	0.0122	0.03602	0.01113	0.01081	0.01174	0	0	0	0	8e-05	0	0.06962	0	4e-05	0.00057	1e-05	0.06908	0.04017	0.00107	0.02479	0.00367	0.05204	0.0045	0.0068	0.00636	0.00549	0.00156	0.05865	0.004	0.00665	0.00571	0.00284	0.0545	
0.23422	0.17298	0.12219	0.11503	0.3324	0.10124	0.10242	0.10836	0	0	0	0	0.00052	7e-05	0.64369	0.00014	0.00021	0.00635	7e-05	0.63779	0.39148	0.0095	0.21006	0.03338	0.47651	0.04206	0.06434	0.06151	0.05982	0.01763	0.52163	0.04534	0.10395	0.08835	0.05142	0.4007	
0.04782	0.03562	0.02489	0.02201	0.06798	0.02	0.02076	0.0216	0	0	0	0	6e-05	2e-05	0.13022	4e-05	7e-05	0.00122	3e-05	0.12902	0.07543	0.00204	0.04559	0.00728	0.09695	0.00834	0.01288	0.01217	0.01017	0.00294	0.10948	0.00775	0.01187	0.01066	0.00604	0.10177	
0.00029	0.00024	0.00012	0.00013	0.00041	0.00012	0.00012	0.00013	0.00012	8e-05	0.00052	6e-05	0	0	0	0	0	0	0	0.00078	0.00044	3e-05	0.00023	8e-05	0.0006	7e-05	7e-05	4e-05	5e-05	1e-05	0.00067	5e-05	0.0001	7e-05	6e-05	0.00055	
1e-05	4e-05	4e-05	0	4e-05	2e-05	1e-05	2e-05	0	0	7e-05	2e-05	0	0	0	0	0	0	0	9e-05	7e-05	1e-05	0	1e-05	7e-05	1e-05	0	1e-05	0	1e-05	8e-05	0	3e-05	0	2e-05	4e-05	
0.36578	0.26813	0.18922	0.1758	0.51651	0.15625	0.15835	0.16782	0.1554	0.06962	0.64369	0.13022	0	0	0	0	0.00038	0.0096	0.00011	0.98884	0.59622	0.01506	0.33519	0.05246	0.73974	0.06462	0.09917	0.0954	0.08772	0.02593	0.81893	0.06635	0.13702	0.11757	0.0675	0.67684	
0.0001	5e-05	2e-05	3e-05	8e-05	7e-05	3e-05	2e-05	2e-05	0	0.00014	4e-05	0	0	0	0	0	0	0	0.0002	0.00012	0	6e-05	2e-05	0.00014	3e-05	1e-05	2e-05	1e-05	1e-05	0.00017	1e-05	1e-05	3e-05	3e-05	0.00013	
0.00014	0.00014	6e-05	4e-05	0.00019	9e-05	5e-05	5e-05	6e-05	4e-05	0.00021	7e-05	0	0	0.00038	0	0	0	0	0	0.00025	0	0.0001	3e-05	0.0003	1e-05	2e-05	5e-05	2e-05	0	0.00034	2e-05	9e-05	5e-05	3e-05	0.00021	
0.00357	0.0024	0.00179	0.00184	0.00499	0.00156	0.00158	0.00147	0.00146	0.00057	0.00635	0.00122	0	0	0.0096	0	0	0	0	0	0.00587	0.00011	0.00311	0.00051	0.00708	0.00072	0.00092	0.00088	0.00099	0.00029	0.00777	0.00055	0.00125	0.00116	0.00063	0.00656	
5e-05	3e-05	2e-05	1e-05	5e-05	5e-05	0	1e-05	0	1e-05	7e-05	3e-05	0	0	0.00011	0	0	0	0	0	0.0001	0	1e-05	0	8e-05	0	1e-05	2e-05	1e-05	0	0.0001	0	1e-05	2e-05	2e-05	6e-05	
0.36242	0.26589	0.18753	0.17407	0.51181	0.15476	0.15688	0.16646	0.15402	0.06908	0.63779	0.12902	0.00078	9e-05	0.98884	0.0002	0	0	0	0	0.59063	0.01499	0.33226	0.05203	0.73309	0.064	0.0983	0.09452	0.08676	0.02567	0.81164	0.06584	0.13581	0.11644	0.06693	0.67073	
0.2189	0.16119	0.11201	0.10475	0.30788	0.09313	0.09526	0.10058	0.08977	0.04017	0.39148	0.07543	0.00044	7e-05	0.59622	0.00012	0.00025	0.00587	0.0001	0.59063	0	0	0	0	0.4418	0.03889	0.05922	0.05694	0.06943	0.02015	0.45453	0.05274	0.09797	0.08393	0.04792	0.36703	
0.00566	0.00396	0.00265	0.00283	0.00769	0.00259	0.00239	0.00243	0.00249	0.00107	0.0095	0.00204	3e-05	1e-05	0.01506	0	0	0.00011	0	0.01499	0	0	0	0	0.0113	0.00108	0.00143	0.00129	0.00073	0.00019	0.01374	0.00044	0.00153	0.00117	0.00074	0.01166	
0.12191	0.08996	0.06445	0.05916	0.17362	0.05293	0.05259	0.05634	0.05504	0.02479	0.21006	0.04559	0.00023	0	0.33519	6e-05	0.0001	0.00311	1e-05	0.33226	0	0	0	0	0.24819	0.02139	0.03358	0.03232	0.01544	0.00472	0.30377	0.01155	0.03242	0.02799	0.01672	0.25835	
0.01971	0.01335	0.01029	0.00922	0.02785	0.00781	0.00827	0.00864	0.00824	0.00367	0.03338	0.00728	8e-05	1e-05	0.05246	2e-05	3e-05	0.00051	0	0.05203	0	0	0	0	0.03926	0.00337	0.00502	0.00492	0.00218	0.0009	0.04781	0.00168	0.00524	0.00458	0.00223	0.04052	
0.27033	0.19964	0.13956	0.13102	0.38294	0.11589	0.11738	0.12434	0.11505	0.05204	0.47651	0.09695	0.0006	7e-05	0.73974	0.00014	0.0003	0.00708	8e-05	0.73309	0.4418	0.0113	0.24819	0.03926	0	0	0	0	0.06495	0.01919	0.60749	0.04892	0.10176	0.08664	0.05058	0.50157	
0.02349	0.01733	0.01256	0.01135	0.03277	0.01093	0.01019	0.01084	0.00983	0.0045	0.04206	0.00834	7e-05	1e-05	0.06462	3e-05	1e-05	0.00072	0	0.064	0.03889	0.00108	0.02139	0.00337	0	0	0	0	0.00539	0.00163	0.05338	0.00433	0.0092	0.00772	0.00421	0.0436	
0.03686	0.0265	0.01896	0.01693	0.05143	0.01511	0.01585	0.01686	0.01523	0.0068	0.06434	0.01288	7e-05	0	0.09917	1e-05	2e-05	0.00092	1e-05	0.0983	0.05922	0.00143	0.03358	0.00502	0	0	0	0	0.00879	0.00271	0.08093	0.00682	0.01366	0.01175	0.0064	0.06744	
0.0355	0.02499	0.01832	0.01666	0.0499	0.01453	0.01509	0.01595	0.01543	0.00636	0.06151	0.01217	4e-05	1e-05	0.0954	2e-05	5e-05	0.00088	2e-05	0.09452	0.05694	0.00129	0.03232	0.00492	0	0	0	0	0.00865	0.00243	0.07805	0.00634	0.01254	0.01156	0.00642	0.06495	
0.03269	0.02354	0.01603	0.01552	0.04485	0.01355	0.01424	0.01514	0.0123	0.00549	0.05982	0.01017	5e-05	0	0.08772	1e-05	2e-05	0.00099	1e-05	0.08676	0.06943	0.00073	0.01544	0.00218	0.06495	0.00539	0.00879	0.00865	0	0	0	0	0.02103	0.01749	0.0104	0.03886	
0.0095	0.00708	0.00494	0.00444	0.01336	0.00426	0.00414	0.0042	0.00383	0.00156	0.01763	0.00294	1e-05	1e-05	0.02593	1e-05	0	0.00029	0	0.02567	0.02015	0.00019	0.00472	0.0009	0.01919	0.00163	0.00271	0.00243	0	0	0	0	0.0059	0.00524	0.00316	0.01166	
0.2993	0.2198	0.15623	0.14452	0.42391	0.12811	0.13008	0.13775	0.13009	0.05865	0.52163	0.10948	0.00067	8e-05	0.81893	0.00017	0.00034	0.00777	0.0001	0.81164	0.45453	0.01374	0.30377	0.04781	0.60749	0.05338	0.08093	0.07805	0	0	0	0	0.09435	0.08108	0.04672	0.5977	
0.02469	0.01804	0.0122	0.01148	0.03492	0.01054	0.01005	0.0109	0.00932	0.004	0.04534	0.00775	5e-05	0	0.06635	1e-05	2e-05	0.00055	0	0.06584	0.05274	0.00044	0.01155	0.00168	0.04892	0.00433	0.00682	0.00634	0	0	0	0	0.01588	0.01386	0.00733	0.02934	
0.04899	0.03669	0.02644	0.02504	0.06944	0.02242	0.02189	0.02341	0.01469	0.00665	0.10395	0.01187	0.0001	3e-05	0.13702	1e-05	9e-05	0.00125	1e-05	0.13581	0.09797	0.00153	0.03242	0.00524	0.10176	0.0092	0.01366	0.01254	0.02103	0.0059	0.09435	0.01588	0	0	0	0	
0.04397	0.03105	0.02226	0.02039	0.06112	0.01748	0.0187	0.02037	0.01295	0.00571	0.08835	0.01066	7e-05	0	0.11757	3e-05	5e-05	0.00116	2e-05	0.11644	0.08393	0.00117	0.02799	0.00458	0.08664	0.00772	0.01175	0.01156	0.01749	0.00524	0.08108	0.01386	0	0	0	0	
0.02547	0.01759	0.01313	0.01142	0.03468	0.01124	0.01034	0.01135	0.00731	0.00284	0.05142	0.00604	6e-05	2e-05	0.0675	3e-05	3e-05	0.00063	2e-05	0.06693	0.04792	0.00074	0.01672	0.00223	0.05058	0.00421	0.0064	0.00642	0.0104	0.00316	0.04672	0.00733	0	0	0	0	
0.24775	0.18313	0.12757	0.11911	0.3518	0.10532	0.10758	0.11286	0.12059	0.0545	0.4007	0.10177	0.00055	4e-05	0.67684	0.00013	0.00021	0.00656	6e-05	0.67073	0.36703	0.01166	0.25835	0.04052	0.50157	0.0436	0.06744	0.06495	0.03886	0.01166	0.5977	0.02934	0	0	0	0	
