0	0	0	0	0.20692	0.05163	0.05323	0.05678	0.05701	0.02603	0.23802	0.0475	0.00031	1e-05	0.36812	0.00012	0.00019	0.00313	9e-05	0.36515	0.22239	0.00558	0.12187	0.01872	0.27284	0.0235	0.03625	0.03597	0.03223	0.00973	0.30218	0.02442	0.05007	0.04421	0.02546	0.24882	
0	0	0	0	0.15098	0.03743	0.03774	0.03938	0.04132	0.01787	0.17104	0.0353	0.0002	4e-05	0.26527	2e-05	7e-05	0.00258	4e-05	0.26284	0.15834	0.00416	0.08887	0.01416	0.19492	0.01773	0.02731	0.02557	0.02259	0.00708	0.21881	0.01705	0.03666	0.03108	0.01722	0.18057	
0	0	0	0	0.10721	0.02629	0.02702	0.02784	0.02976	0.01375	0.12084	0.02401	0.00018	3e-05	0.18809	6e-05	0.00011	0.00135	4e-05	0.18686	0.11343	0.00297	0.06216	0.0098	0.13795	0.01242	0.01906	0.01893	0.01667	0.00503	0.15411	0.01255	0.02538	0.02214	0.01288	0.12796	
0	0	0	0	0.05058	0.04029	0.0428	0.04388	0.02686	0.01252	0.11467	0.0235	0.00018	0	0.17734	3e-05	5e-05	0.0016	3e-05	0.17587	0.1061	0.00243	0.05889	0.01013	0.13009	0.01156	0.01816	0.01774	0.01552	0.00463	0.14565	0.01175	0.02415	0.02126	0.01191	0.12023	
0.20692	0.15098	0.10721	0.05058	0	0	0	0	0.08062	0.03613	0.33119	0.06775	0.00039	6e-05	0.51513	0.00011	0.00026	0.0044	6e-05	0.51097	0.3103	0.0079	0.17084	0.02665	0.37984	0.03337	0.05171	0.05077	0.04494	0.01362	0.42252	0.03461	0.07067	0.0604	0.03471	0.34991	
0.05163	0.03743	0.02629	0.04029	0	0	0	0	0.02391	0.01109	0.10018	0.02046	0.00015	1e-05	0.15542	6e-05	4e-05	0.00155	5e-05	0.154	0.09201	0.00218	0.05328	0.00817	0.11446	0.00996	0.01566	0.01556	0.01289	0.00426	0.12842	0.01007	0.02082	0.01841	0.01054	0.10587	
0.05323	0.03774	0.02702	0.0428	0	0	0	0	0.02437	0.01106	0.10468	0.02068	0.00012	1e-05	0.16064	2e-05	8e-05	0.00126	6e-05	0.15939	0.09672	0.00227	0.05292	0.00888	0.11774	0.01047	0.01653	0.01605	0.01426	0.00419	0.13231	0.01003	0.02146	0.01939	0.01109	0.10885	
0.05678	0.03938	0.02784	0.04388	0	0	0	0	0.02605	0.01189	0.10852	0.02142	0.00021	0	0.16763	4e-05	4e-05	0.00145	3e-05	0.16636	0.10123	0.00279	0.05475	0.00911	0.12376	0.01141	0.01688	0.01583	0.01492	0.0044	0.1375	0.01106	0.02331	0.02049	0.01113	0.11295	
0.05701	0.04132	0.02976	0.02686	0.08062	0.02391	0.02437	0.02605	0	0	0	0	6e-05	1e-05	0.15482	6e-05	9e-05	0.00125	1e-05	0.1536	0.09039	0.00251	0.05346	0.00859	0.11414	0.01005	0.01565	0.01511	0.01189	0.00333	0.13046	0.00927	0.01406	0.01249	0.00675	0.12165	
0.02603	0.01787	0.01375	0.01252	0.03613	0.01109	0.01106	0.01189	0	0	0	0	6e-05	2e-05	0.07006	3e-05	4e-05	0.00066	2e-05	0.06945	0.04079	0.00111	0.02428	0.00399	0.05131	0.00482	0.00705	0.00699	0.00544	0.00189	0.05897	0.00387	0.00655	0.00507	0.00331	0.05524	
0.23802	0.17104	0.12084	0.11467	0.33119	0.10018	0.10468	0.10852	0	0	0	0	0.00066	3e-05	0.64377	0.00011	0.00026	0.00563	0.00013	0.63855	0.39362	0.00962	0.2087	0.03263	0.47416	0.04197	0.06522	0.06322	0.05918	0.01817	0.52238	0.04484	0.10336	0.09056	0.0513	0.39935	
0.0475	0.0353	0.02401	0.0235	0.06775	0.02046	0.02068	0.02142	0	0	0	0	9e-05	2e-05	0.13017	3e-05	3e-05	0.00112	4e-05	0.12912	0.07546	0.0019	0.04535	0.0076	0.09619	0.00837	0.01286	0.01289	0.0105	0.00308	0.10894	0.00779	0.01229	0.01057	0.00611	0.10134	
0.00031	0.0002	0.00018	0.00018	0.00039	0.00015	0.00012	0.00021	6e-05	6e-05	0.00066	9e-05	0	0	0	0	0	0	0	0.00087	0.0005	0	0.00029	8e-05	0.00066	3e-05	9e-05	9e-05	0.0001	6e-05	0.00066	5e-05	0.00015	0.00014	4e-05	0.00054	
1e-05	4e-05	3e-05	0	6e-05	1e-05	1e-05	0	1e-05	2e-05	3e-05	2e-05	0	0	0	0	0	0	0	8e-05	6e-05	0	2e-05	0	5e-05	1e-05	2e-05	0	1e-05	0	7e-05	0	1e-05	0	1e-05	6e-05	
0.36812	0.26527	0.18809	0.17734	0.51513	0.15542	0.16064	0.16763	0.15482	0.07006	0.64377	0.13017	0	0	0	0	0.00042	0.00866	0.0002	0.98954	0.59955	0.01513	0.33141	0.05273	0.73493	0.06517	0.10062	0.0981	0.08687	0.02641	0.81983	0.06571	0.13606	0.11853	0.0674	0.67683	
0.00012	2e-05	6e-05	3e-05	0.00011	6e-05	2e-05	4e-05	6e-05	3e-05	0.00011	3e-05	0	0	0	0	0	0	0	0.00023	0.00015	1e-05	7e-05	0	0.00016	0	5e-05	2e-05	3e-05	0	0.00019	1e-05	4e-05	2e-05	2e-05	0.00015	
0.00019	7e-05	0.00011	5e-05	0.00026	4e-05	8e-05	4e-05	9e-05	4e-05	0.00026	3e-05	0	0	0.00042	0	0	0	0	0	0.00029	1e-05	8e-05	4e-05	0.00031	3e-05	1e-05	7e-05	2e-05	4e-05	0.00032	4e-05	9e-05	4e-05	2e-05	0.00027	
0.00313	0.00258	0.00135	0.0016	0.0044	0.00155	0.00126	0.00145	0.00125	0.00066	0.00563	0.00112	0	0	0.00866	0	0	0	0	0	0.00516	0.00011	0.00306	0.00033	0.00642	0.00055	0.00086	0.00083	0.00094	0.00018	0.00695	0.00059	0.00125	0.00103	0.00071	0.00567	
9e-05	4e-05	4e-05	3e-05	6e-05	5e-05	6e-05	3e-05	1e-05	2e-05	0.00013	4e-05	0	0	0.0002	0	0	0	0	0	0.00011	0	9e-05	0	0.00015	2e-05	2e-05	1e-05	2e-05	0	0.00016	2e-05	4e-05	4e-05	1e-05	0.00011	
0.36515	0.26284	0.18686	0.17587	0.51097	0.154	0.15939	0.16636	0.1536	0.06945	0.63855	0.12912	0.00087	8e-05	0.98954	0.00023	0	0	0	0	0.5947	0.01502	0.32856	0.05244	0.72892	0.06461	0.09989	0.0973	0.08603	0.02625	0.81332	0.06512	0.13488	0.11758	0.06673	0.67153	
0.22239	0.15834	0.11343	0.1061	0.3103	0.09201	0.09672	0.10123	0.09039	0.04079	0.39362	0.07546	0.0005	6e-05	0.59955	0.00015	0.00029	0.00516	0.00011	0.5947	0	0	0	0	0.4406	0.03999	0.06021	0.05946	0.06953	0.02091	0.45689	0.05293	0.09667	0.08489	0.04807	0.37063	
0.00558	0.00416	0.00297	0.00243	0.0079	0.00218	0.00227	0.00279	0.00251	0.00111	0.00962	0.0019	0	0	0.01513	1e-05	1e-05	0.00011	0	0.01502	0	0	0	0	0.01132	0.00097	0.0013	0.00155	0.00071	0.00029	0.01362	0.00052	0.00139	0.0014	0.00057	0.01178	
0.12187	0.08887	0.06216	0.05889	0.17084	0.05328	0.05292	0.05475	0.05346	0.02428	0.2087	0.04535	0.00029	2e-05	0.33141	7e-05	8e-05	0.00306	9e-05	0.32856	0	0	0	0	0.24517	0.021	0.03343	0.03219	0.01435	0.00463	0.3022	0.01061	0.03286	0.0282	0.01621	0.25452	
0.01872	0.01416	0.0098	0.01013	0.02665	0.00817	0.00888	0.00911	0.00859	0.00399	0.03263	0.0076	8e-05	0	0.05273	0	4e-05	0.00033	0	0.05244	0	0	0	0	0.03871	0.00325	0.00584	0.00501	0.00242	0.00064	0.04804	0.00171	0.00534	0.0042	0.00262	0.04065	
0.27284	0.19492	0.13795	0.13009	0.37984	0.11446	0.11774	0.12376	0.11414	0.05131	0.47416	0.09619	0.00066	5e-05	0.73493	0.00016	0.00031	0.00642	0.00015	0.72892	0.4406	0.01132	0.24517	0.03871	0	0	0	0	0.06375	0.01945	0.60427	0.04833	0.09995	0.08666	0.05028	0.49891	
0.0235	0.01773	0.01242	0.01156	0.03337	0.00996	0.01047	0.01141	0.01005	0.00482	0.04197	0.00837	3e-05	1e-05	0.06517	0	3e-05	0.00055	2e-05	0.06461	0.03999	0.00097	0.021	0.00325	0	0	0	0	0.00557	0.00187	0.05354	0.00423	0.00866	0.00775	0.0043	0.0445	
0.03625	0.02731	0.01906	0.01816	0.05171	0.01566	0.01653	0.01688	0.01565	0.00705	0.06522	0.01286	9e-05	2e-05	0.10062	5e-05	1e-05	0.00086	2e-05	0.09989	0.06021	0.0013	0.03343	0.00584	0	0	0	0	0.00878	0.00267	0.08258	0.00675	0.01394	0.0122	0.00634	0.0683	
0.03597	0.02557	0.01893	0.01774	0.05077	0.01556	0.01605	0.01583	0.01511	0.00699	0.06322	0.01289	9e-05	0	0.0981	2e-05	7e-05	0.00083	1e-05	0.0973	0.05946	0.00155	0.03219	0.00501	0	0	0	0	0.00891	0.00248	0.08036	0.00646	0.01371	0.01208	0.00655	0.06587	
0.03223	0.02259	0.01667	0.01552	0.04494	0.01289	0.01426	0.01492	0.01189	0.00544	0.05918	0.0105	0.0001	1e-05	0.08687	3e-05	2e-05	0.00094	2e-05	0.08603	0.06953	0.00071	0.01435	0.00242	0.06375	0.00557	0.00878	0.00891	0	0	0	0	0.02031	0.01787	0.00998	0.03885	
0.00973	0.00708	0.00503	0.00463	0.01362	0.00426	0.00419	0.0044	0.00333	0.00189	0.01817	0.00308	6e-05	0	0.02641	0	4e-05	0.00018	0	0.02625	0.02091	0.00029	0.00463	0.00064	0.01945	0.00187	0.00267	0.00248	0	0	0	0	0.00624	0.00557	0.0031	0.01156	
0.30218	0.21881	0.15411	0.14565	0.42252	0.12842	0.13231	0.1375	0.13046	0.05897	0.52238	0.10894	0.00066	7e-05	0.81983	0.00019	0.00032	0.00695	0.00016	0.81332	0.45689	0.01362	0.3022	0.04804	0.60427	0.05354	0.08258	0.08036	0	0	0	0	0.09482	0.08174	0.04635	0.59784	
0.02442	0.01705	0.01255	0.01175	0.03461	0.01007	0.01003	0.01106	0.00927	0.00387	0.04484	0.00779	5e-05	0	0.06571	1e-05	4e-05	0.00059	2e-05	0.06512	0.05293	0.00052	0.01061	0.00171	0.04833	0.00423	0.00675	0.00646	0	0	0	0	0.01489	0.01351	0.00804	0.02933	
0.05007	0.03666	0.02538	0.02415	0.07067	0.02082	0.02146	0.02331	0.01406	0.00655	0.10336	0.01229	0.00015	1e-05	0.13606	4e-05	9e-05	0.00125	4e-05	0.13488	0.09667	0.00139	0.03286	0.00534	0.09995	0.00866	0.01394	0.01371	0.02031	0.00624	0.09482	0.01489	0	0	0	0	
0.04421	0.03108	0.02214	0.02126	0.0604	0.01841	0.01939	0.02049	0.01249	0.00507	0.09056	0.01057	0.00014	0	0.11853	2e-05	4e-05	0.00103	4e-05	0.11758	0.08489	0.0014	0.0282	0.0042	0.08666	0.00775	0.0122	0.01208	0.01787	0.00557	0.08174	0.01351	0	0	0	0	
0.02546	0.01722	0.01288	0.01191	0.03471	0.01054	0.01109	0.01113	0.00675	0.00331	0.0513	0.00611	4e-05	1e-05	0.0674	2e-05	2e-05	0.00071	1e-05	0.06673	0.04807	0.00057	0.01621	0.00262	0.05028	0.0043	0.00634	0.00655	0.00998	0.0031	0.04635	0.00804	0	0	0	0	
0.24882	0.18057	0.12796	0.12023	0.34991	0.10587	0.10885	0.11295	0.12165	0.05524	0.39935	0.10134	0.00054	6e-05	0.67683	0.00015	0.00027	0.00567	0.00011	0.67153	0.37063	0.01178	0.25452	0.04065	0.49891	0.0445	0.0683	0.06587	0.03885	0.01156	0.59784	0.02933	0	0	0	0	
