0	0	0	0	0.2106	0.05162	0.05341	0.05586	0.05852	0.02647	0.2389	0.0476	0.00027	5e-05	0.37111	6e-05	0.00016	0.00368	7e-05	0.36758	0.22312	0.00541	0.12363	0.01933	0.27477	0.02415	0.03636	0.03621	0.03239	0.01033	0.30518	0.02359	0.04954	0.04489	0.0252	0.25186	
0	0	0	0	0.15008	0.03753	0.03783	0.03833	0.04168	0.01907	0.16798	0.03504	0.00016	1e-05	0.26355	5e-05	6e-05	0.00265	3e-05	0.26103	0.15733	0.00419	0.08855	0.0137	0.19383	0.01757	0.02616	0.02621	0.02287	0.00734	0.21644	0.01712	0.03507	0.03103	0.01757	0.1801	
0	0	0	0	0.10622	0.02566	0.0275	0.02957	0.02982	0.0139	0.1205	0.02473	0.00019	0	0.18872	4e-05	9e-05	0.00183	4e-05	0.18699	0.11326	0.00289	0.06241	0.01039	0.13873	0.01212	0.01963	0.01847	0.01702	0.00534	0.1538	0.01279	0.02555	0.02266	0.01307	0.12767	
0	0	0	0	0.05221	0.03899	0.04078	0.04381	0.02779	0.01252	0.11237	0.02311	0.0001	2e-05	0.17566	1e-05	9e-05	0.00151	2e-05	0.17417	0.1054	0.00259	0.0587	0.0091	0.13014	0.01163	0.01736	0.01666	0.01508	0.00471	0.14439	0.01161	0.02319	0.02143	0.01181	0.11936	
0.2106	0.15008	0.10622	0.05221	0	0	0	0	0.08166	0.03744	0.33205	0.06796	0.00038	4e-05	0.51861	8e-05	0.00026	0.00514	9e-05	0.51362	0.31149	0.00789	0.17247	0.02726	0.38267	0.03408	0.05157	0.05079	0.04584	0.01486	0.42487	0.03354	0.06956	0.0626	0.03597	0.35098	
0.05162	0.03753	0.02566	0.03899	0	0	0	0	0.02455	0.01105	0.09829	0.01991	0.00013	1e-05	0.15363	3e-05	4e-05	0.00131	2e-05	0.15243	0.09193	0.00237	0.05151	0.00799	0.11417	0.00995	0.01476	0.01492	0.01323	0.00409	0.12633	0.01015	0.02058	0.01879	0.01007	0.10436	
0.05341	0.03783	0.0275	0.04078	0	0	0	0	0.02498	0.01126	0.10215	0.02113	0.0001	1e-05	0.15938	3e-05	5e-05	0.00159	4e-05	0.15784	0.09603	0.00234	0.05262	0.00853	0.11715	0.01037	0.01653	0.01547	0.01366	0.00431	0.13101	0.01054	0.0211	0.01823	0.0107	0.10949	
0.05586	0.03833	0.02957	0.04381	0	0	0	0	0.02662	0.01221	0.10726	0.02148	0.00011	2e-05	0.16742	2e-05	5e-05	0.00163	1e-05	0.16588	0.09966	0.00248	0.05669	0.00874	0.12348	0.01107	0.01665	0.01637	0.01463	0.00446	0.1376	0.01088	0.02211	0.02039	0.01091	0.11416	
0.05852	0.04168	0.02982	0.02779	0.08166	0.02455	0.02498	0.02662	0	0	0	0	0.00013	3e-05	0.15761	4e-05	5e-05	0.00171	7e-05	0.15598	0.09182	0.00251	0.05487	0.00861	0.11591	0.00972	0.01621	0.01597	0.01197	0.00389	0.1335	0.00845	0.01396	0.01211	0.00688	0.12486	
0.02647	0.01907	0.0139	0.01252	0.03744	0.01105	0.01126	0.01221	0	0	0	0	8e-05	0	0.07188	0	1e-05	0.00067	1e-05	0.07127	0.04148	0.00131	0.02521	0.00396	0.05343	0.00457	0.00712	0.00684	0.00582	0.00189	0.06007	0.00418	0.00658	0.00603	0.0034	0.05595	
0.2389	0.16798	0.1205	0.11237	0.33205	0.09829	0.10215	0.10726	0	0	0	0	0.00047	4e-05	0.63914	0.0001	0.0003	0.00597	7e-05	0.63341	0.39038	0.0092	0.20762	0.03255	0.47219	0.04259	0.06284	0.06213	0.05922	0.01867	0.51709	0.04477	0.10098	0.09096	0.05171	0.3961	
0.0476	0.03504	0.02473	0.02311	0.06796	0.01991	0.02113	0.02148	0	0	0	0	4e-05	1e-05	0.13041	2e-05	4e-05	0.00132	1e-05	0.12911	0.07543	0.00206	0.04559	0.0074	0.09594	0.00859	0.01334	0.01261	0.01035	0.00327	0.10915	0.00771	0.01183	0.01091	0.00566	0.10208	
0.00027	0.00016	0.00019	0.0001	0.00038	0.00013	0.0001	0.00011	0.00013	8e-05	0.00047	4e-05	0	0	0	0	0	0	0	0.00072	0.00038	0	0.00027	7e-05	0.00057	6e-05	6e-05	3e-05	2e-05	3e-05	0.00064	3e-05	6e-05	7e-05	5e-05	0.00054	
5e-05	1e-05	0	2e-05	4e-05	1e-05	1e-05	2e-05	3e-05	0	4e-05	1e-05	0	0	0	0	0	0	0	8e-05	4e-05	0	4e-05	0	5e-05	1e-05	0	2e-05	1e-05	0	7e-05	0	2e-05	1e-05	1e-05	4e-05	
0.37111	0.26355	0.18872	0.17566	0.51861	0.15363	0.15938	0.16742	0.15761	0.07188	0.63914	0.13041	0	0	0	0	0.0004	0.00967	0.00016	0.98881	0.59862	0.01506	0.33291	0.05245	0.73674	0.06539	0.09942	0.09749	0.08733	0.02768	0.81896	0.06507	0.13325	0.11991	0.06758	0.6783	
6e-05	5e-05	4e-05	1e-05	8e-05	3e-05	3e-05	2e-05	4e-05	0	0.0001	2e-05	0	0	0	0	0	0	0	0.00016	7e-05	2e-05	7e-05	0	0.00011	1e-05	3e-05	1e-05	0	1e-05	0.00014	1e-05	2e-05	2e-05	1e-05	0.00011	
0.00016	6e-05	9e-05	9e-05	0.00026	4e-05	5e-05	5e-05	5e-05	1e-05	0.0003	4e-05	0	0	0.0004	0	0	0	0	0	0.00025	1e-05	0.00011	3e-05	0.00034	0	3e-05	3e-05	2e-05	0	0.00035	3e-05	5e-05	6e-05	4e-05	0.00025	
0.00368	0.00265	0.00183	0.00151	0.00514	0.00131	0.00159	0.00163	0.00171	0.00067	0.00597	0.00132	0	0	0.00967	0	0	0	0	0	0.00589	0.00016	0.00313	0.00049	0.00717	0.00049	0.00097	0.00104	0.00084	0.00024	0.008	0.00059	0.00132	0.00116	0.00057	0.00662	
7e-05	3e-05	4e-05	2e-05	9e-05	2e-05	4e-05	1e-05	7e-05	1e-05	7e-05	1e-05	0	0	0.00016	0	0	0	0	0	9e-05	0	6e-05	1e-05	0.0001	2e-05	3e-05	1e-05	2e-05	0	0.00014	0	1e-05	1e-05	1e-05	0.00013	
0.36758	0.26103	0.18699	0.17417	0.51362	0.15243	0.15784	0.16588	0.15598	0.07127	0.63341	0.12911	0.00072	8e-05	0.98881	0.00016	0	0	0	0	0.59288	0.01491	0.32999	0.05199	0.72986	0.06496	0.09848	0.09647	0.08648	0.02748	0.81132	0.06449	0.13197	0.11878	0.06703	0.67199	
0.22312	0.15733	0.11326	0.1054	0.31149	0.09193	0.09603	0.09966	0.09182	0.04148	0.39038	0.07543	0.00038	4e-05	0.59862	7e-05	0.00025	0.00589	9e-05	0.59288	0	0	0	0	0.44224	0.03921	0.05905	0.05861	0.06982	0.02223	0.45522	0.05184	0.095	0.08542	0.04863	0.37006	
0.00541	0.00419	0.00289	0.00259	0.00789	0.00237	0.00234	0.00248	0.00251	0.00131	0.0092	0.00206	0	0	0.01506	2e-05	1e-05	0.00016	0	0.01491	0	0	0	0	0.01108	0.00114	0.00145	0.00141	0.00055	0.00012	0.01387	0.00054	0.00122	0.00143	0.00061	0.01182	
0.12363	0.08855	0.06241	0.0587	0.17247	0.05151	0.05262	0.05669	0.05487	0.02521	0.20762	0.04559	0.00027	4e-05	0.33291	7e-05	0.00011	0.00313	6e-05	0.32999	0	0	0	0	0.24499	0.02199	0.03386	0.03245	0.01478	0.00461	0.30287	0.01103	0.03212	0.02846	0.01602	0.25669	
0.01933	0.0137	0.01039	0.0091	0.02726	0.00799	0.00853	0.00874	0.00861	0.00396	0.03255	0.0074	7e-05	0	0.05245	0	3e-05	0.00049	1e-05	0.05199	0	0	0	0	0.03916	0.00313	0.00515	0.00508	0.00221	0.00076	0.04785	0.0017	0.00501	0.0047	0.00239	0.04042	
0.27477	0.19383	0.13873	0.13014	0.38267	0.11417	0.11715	0.12348	0.11591	0.05343	0.47219	0.09594	0.00057	5e-05	0.73674	0.00011	0.00034	0.00717	0.0001	0.72986	0.44224	0.01108	0.24499	0.03916	0	0	0	0	0.06469	0.02022	0.60478	0.04778	0.09795	0.08883	0.05046	0.50023	
0.02415	0.01757	0.01212	0.01163	0.03408	0.00995	0.01037	0.01107	0.00972	0.00457	0.04259	0.00859	6e-05	1e-05	0.06539	1e-05	0	0.00049	2e-05	0.06496	0.03921	0.00114	0.02199	0.00313	0	0	0	0	0.00578	0.0019	0.05331	0.00448	0.00897	0.00761	0.00458	0.04431	
0.03636	0.02616	0.01963	0.01736	0.05157	0.01476	0.01653	0.01665	0.01621	0.00712	0.06284	0.01334	6e-05	0	0.09942	3e-05	3e-05	0.00097	3e-05	0.09848	0.05905	0.00145	0.03386	0.00515	0	0	0	0	0.00864	0.00296	0.08156	0.00635	0.01324	0.01193	0.00629	0.06805	
0.03621	0.02621	0.01847	0.01666	0.05079	0.01492	0.01547	0.01637	0.01597	0.00684	0.06213	0.01261	3e-05	2e-05	0.09749	1e-05	3e-05	0.00104	1e-05	0.09647	0.05861	0.00141	0.03245	0.00508	0	0	0	0	0.00825	0.00264	0.08016	0.0065	0.01319	0.01164	0.00632	0.0664	
0.03239	0.02287	0.01702	0.01508	0.04584	0.01323	0.01366	0.01463	0.01197	0.00582	0.05922	0.01035	2e-05	1e-05	0.08733	0	2e-05	0.00084	2e-05	0.08648	0.06982	0.00055	0.01478	0.00221	0.06469	0.00578	0.00864	0.00825	0	0	0	0	0.01954	0.01812	0.01033	0.03937	
0.01033	0.00734	0.00534	0.00471	0.01486	0.00409	0.00431	0.00446	0.00389	0.00189	0.01867	0.00327	3e-05	0	0.02768	1e-05	0	0.00024	0	0.02748	0.02223	0.00012	0.00461	0.00076	0.02022	0.0019	0.00296	0.00264	0	0	0	0	0.00646	0.0058	0.00312	0.01234	
0.30518	0.21644	0.1538	0.14439	0.42487	0.12633	0.13101	0.1376	0.1335	0.06007	0.51709	0.10915	0.00064	7e-05	0.81896	0.00014	0.00035	0.008	0.00014	0.81132	0.45522	0.01387	0.30287	0.04785	0.60478	0.05331	0.08156	0.08016	0	0	0	0	0.09227	0.08227	0.04674	0.59853	
0.02359	0.01712	0.01279	0.01161	0.03354	0.01015	0.01054	0.01088	0.00845	0.00418	0.04477	0.00771	3e-05	0	0.06507	1e-05	3e-05	0.00059	0	0.06449	0.05184	0.00054	0.01103	0.0017	0.04778	0.00448	0.00635	0.0065	0	0	0	0	0.01508	0.01382	0.00746	0.02875	
0.04954	0.03507	0.02555	0.02319	0.06956	0.02058	0.0211	0.02211	0.01396	0.00658	0.10098	0.01183	6e-05	2e-05	0.13325	2e-05	5e-05	0.00132	1e-05	0.13197	0.095	0.00122	0.03212	0.00501	0.09795	0.00897	0.01324	0.01319	0.01954	0.00646	0.09227	0.01508	0	0	0	0	
0.04489	0.03103	0.02266	0.02143	0.0626	0.01879	0.01823	0.02039	0.01211	0.00603	0.09096	0.01091	7e-05	1e-05	0.11991	2e-05	6e-05	0.00116	1e-05	0.11878	0.08542	0.00143	0.02846	0.0047	0.08883	0.00761	0.01193	0.01164	0.01812	0.0058	0.08227	0.01382	0	0	0	0	
0.0252	0.01757	0.01307	0.01181	0.03597	0.01007	0.0107	0.01091	0.00688	0.0034	0.05171	0.00566	5e-05	1e-05	0.06758	1e-05	4e-05	0.00057	1e-05	0.06703	0.04863	0.00061	0.01602	0.00239	0.05046	0.00458	0.00629	0.00632	0.01033	0.00312	0.04674	0.00746	0	0	0	0	
0.25186	0.1801	0.12767	0.11936	0.35098	0.10436	0.10949	0.11416	0.12486	0.05595	0.3961	0.10208	0.00054	4e-05	0.6783	0.00011	0.00025	0.00662	0.00013	0.67199	0.37006	0.01182	0.25669	0.04042	0.50023	0.04431	0.06805	0.0664	0.03937	0.01234	0.59853	0.02875	0	0	0	0	
