0	0	0	0	0	0	0	0	0	0	0	0	0	0	0	0	0	0	0	0	0.0983417	0	0	0	0	0	0	0	0	0	0	0	0	0	0	0	
0	0	0	0	0.59196	0	0	0.166192	0	0	0.151441	0	0	0	0	0	0	0	0	0	0	0	0	0	-0.113216	0	0	0	0	0	-0.0486454	0	0	0	0	0	
0	0	0	0	0.136909	0	0	0	0	0	0	0	0	0	0	0	0	0	0	0	0	0	0	0	0	0	0	0	0	0	0	0	0	0	0	0	
0	0	0	0	-1.60363	0	0	0	0	0	0	0	0	0	0	0	0	0	0	0	0	0	0	0	0	0	0	0	0	0	0	0	0	0	0	0	
0	0.59196	0.136909	-1.60363	0	0	0	0	0	0	0.641384	0	0	0	0	0	0	0	0	0	-0.300638	0	-0.159684	0	-0.495095	0	0	0	0	0	-0.771388	0	0	0	0	-0.360674	
0	0	0	0	0	0	0	0	0	0	-0.827672	0	0	0	0	0	0	0	0	0	0	0	0	0	0	0	0	0	0	0	0	0	0	0	0	0	
0	0	0	0	0	0	0	0	0	0	0	0	0	0	0	0	0	0	0	0	0	0	0	0	0	0	0	0	0	0	0	0	0	0	0	0	
0	0.166192	0	0	0	0	0	0	0	0	0.619445	0	0	0	0	0	0	0	0	0	0	0	0	0	0	0	0	0	0	0	0	0	0	0	0	0	
0	0	0	0	0	0	0	0	0	0	0	0	0	0	0	0	0	0	0	0	0	0	0	0	0	0	0	0	0	0	0	0	0	0	0	0	
0	0	0	0	0	0	0	0	0	0	0	0	0	0	0	0	0	0	0	0	0	0	0	0	0	0	0	0	0	0	0	0	0	0	0	0	
0	0.151441	0	0	0.641384	-0.827672	0	0.619445	0	0	0	0	0	0	0	0	0	0	0	0.0297129	-0.403543	0	0	0	-0.359816	0	0	0	0	0	-0.773978	0	0	0	0	-0.901981	
0	0	0	0	0	0	0	0	0	0	0	0	0	0	0	0	0	0	0	0	0	0	0	0	0	0	0	0	0	0	0	0	0	0	0	0	
0	0	0	0	0	0	0	0	0	0	0	0	0	0	0	0	0	0	0	0	0	0	0	0	0	0	0	0	0	0	0	0	0	0	0	0	
0	0	0	0	0	0	0	0	0	0	0	0	0	0	0	0	0	0	0	0	0	0	0	0	0	0	0	0	0	0	0	0	0	0	0	0	
0	0	0	0	0	0	0	0	0	0	0	0	0	0	0	0	0	0	0	0	0	0	0	0	0	0	0	0	0	0	0	0	0	0	0	0	
0	0	0	0	0	0	0	0	0	0	0	0	0	0	0	0	0	0	0	0	0	0	0	0	0	0	0	0	0	0	0	0	0	0	0	0	
0	0	0	0	0	0	0	0	0	0	0	0	0	0	0	0	0	0	0	0	0	0	0	0	0	0	0	0	0	0	0	0	0	0	0	0	
0	0	0	0	0	0	0	0	0	0	0	0	0	0	0	0	0	0	0	0	0	0	0	0	0	0	0	0	0	0	0	0	0	0	0	0	
0	0	0	0	0	0	0	0	0	0	0	0	0	0	0	0	0	0	0	0	0	0	0	0	0	0	0	0	0	0	0	0	0	0	0	0	
0	0	0	0	0	0	0	0	0	0	0.0297129	0	0	0	0	0	0	0	0	0	0	0	0	0	0	0	0	0	0	0	0	0	0	0	0	0	
0.0983417	0	0	0	-0.300638	0	0	0	0	0	-0.403543	0	0	0	0	0	0	0	0	0	0	0	0	0	0	0	0	0	0	0	-1.10839	0	0	0	0	-0.457504	
0	0	0	0	0	0	0	0	0	0	0	0	0	0	0	0	0	0	0	0	0	0	0	0	0	0	0	0	0	0	0	0	0	0	0	0	
0	0	0	0	-0.159684	0	0	0	0	0	0	0	0	0	0	0	0	0	0	0	0	0	0	0	0.865795	0	0	0	0	0	0	0	-0.135787	0	0	0	
0	0	0	0	0	0	0	0	0	0	0	0	0	0	0	0	0	0	0	0	0	0	0	0	-0.856463	0	0	0	0	0	0	0	0	0	0	0	
0	-0.113216	0	0	-0.495095	0	0	0	0	0	-0.359816	0	0	0	0	0	0	0	0	0	0	0	0.865795	-0.856463	0	0	0	0	0	0	0.319894	0	0.287216	0	0	0	
0	0	0	0	0	0	0	0	0	0	0	0	0	0	0	0	0	0	0	0	0	0	0	0	0	0	0	0	0	0	-1.3259	0	0	0	0	0	
0	0	0	0	0	0	0	0	0	0	0	0	0	0	0	0	0	0	0	0	0	0	0	0	0	0	0	0	0	0	0	0	0	0	0	0	
0	0	0	0	0	0	0	0	0	0	0	0	0	0	0	0	0	0	0	0	0	0	0	0	0	0	0	0	-0.715075	0	0	0	0	0	0	0	
0	0	0	0	0	0	0	0	0	0	0	0	0	0	0	0	0	0	0	0	0	0	0	0	0	0	0	-0.715075	0	0	0	0	0	0	0	0	
0	0	0	0	0	0	0	0	0	0	0	0	0	0	0	0	0	0	0	0	0	0	0	0	0	0	0	0	0	0	0	0	0	0	0	0	
0	-0.0486454	0	0	-0.771388	0	0	0	0	0	-0.773978	0	0	0	0	0	0	0	0	0	-1.10839	0	0	0	0.319894	-1.3259	0	0	0	0	0	0	0.751848	0.173278	-0.130367	1.13201	
0	0	0	0	0	0	0	0	0	0	0	0	0	0	0	0	0	0	0	0	0	0	0	0	0	0	0	0	0	0	0	0	0	0	0.195111	0	
0	0	0	0	0	0	0	0	0	0	0	0	0	0	0	0	0	0	0	0	0	0	-0.135787	0	0.287216	0	0	0	0	0	0.751848	0	0	0	0	0	
0	0	0	0	0	0	0	0	0	0	0	0	0	0	0	0	0	0	0	0	0	0	0	0	0	0	0	0	0	0	0.173278	0	0	0	0	0	
0	0	0	0	0	0	0	0	0	0	0	0	0	0	0	0	0	0	0	0	0	0	0	0	0	0	0	0	0	0	-0.130367	0.195111	0	0	0	0	
0	0	0	0	-0.360674	0	0	0	0	0	-0.901981	0	0	0	0	0	0	0	0	0	-0.457504	0	0	0	0	0	0	0	0	0	1.13201	0	0	0	0	0	
