0	0	0	0	0.234547	0.0347933	0.0326467	0.07072	0.0418133	0.0105933	0.27574	0.04456	8.66667e-05	0	0.37262	0	0	0.0184667	0	0.35424	0.244427	0.0172	0.0466467	0.0644333	0.185193	0.0446	0.02672	0.116193	0.0711467	0.03292	0.18152	0.08712	0.0840867	0.0537667	0.0388533	0.196	
0	0	0	0	0.19122	0.0283667	0.0267733	0.05804	0.03408	0.00898	0.224967	0.0363733	6.66667e-05	0	0.304333	0	0	0.0158133	0	0.288587	0.200493	0.0136067	0.03844	0.05186	0.151947	0.0362467	0.0216267	0.09458	0.0571667	0.0269867	0.14732	0.0729267	0.0695933	0.0432067	0.0314667	0.160133	
0	0	0	0	0.112847	0.0162333	0.0159733	0.0339067	0.0198133	0.00534	0.132207	0.0216	4.66667e-05	0	0.178913	0	0	0.00890667	0	0.170053	0.117067	0.00808667	0.0233533	0.0304533	0.08894	0.0210467	0.0130667	0.0559067	0.03466	0.0157467	0.0857067	0.0428467	0.0409133	0.02554	0.0194133	0.0930933	
0	0	0	0	0.0883533	0.0139933	0.01288	0.0287067	0.0166667	0.00426	0.105533	0.0174733	4.66667e-05	0	0.143887	0	0	0.0075	0	0.136433	0.0937933	0.00654	0.0178533	0.0257467	0.07158	0.0172467	0.0104867	0.04462	0.0272867	0.01288	0.0705933	0.0331733	0.0321267	0.0213133	0.01518	0.0753133	
0.234547	0.19122	0.112847	0.0883533	0	0	0	0	0.0544133	0.0140133	0.500727	0.0578133	0.000133333	0	0.626833	0	0	0.0321133	0	0.594853	0.409853	0.0285733	0.0794933	0.109047	0.310893	0.0745933	0.0456467	0.195833	0.1365	0.0641933	0.256493	0.16978	0.145727	0.0929267	0.0675867	0.320727	
0.0347933	0.0283667	0.0162333	0.0139933	0	0	0	0	0.0147867	0.00365333	0.0597533	0.0151933	4.66667e-05	0	0.09334	0	0	0.00459333	0	0.0887933	0.0614733	0.00424667	0.01174	0.0159267	0.0469133	0.0109467	0.0066	0.0289267	0.013	0.00602	0.05746	0.0169067	0.0200133	0.0127933	0.00958	0.051	
0.0326467	0.0267733	0.0159733	0.01288	0	0	0	0	0.0133133	0.00346	0.0566267	0.0148733	1.33333e-05	0	0.08826	0	0	0.00434	0	0.0839333	0.0580933	0.0039	0.0108467	0.0154333	0.0443667	0.0107	0.00601333	0.0271933	0.0130267	0.00574	0.054	0.0155067	0.0192867	0.0117333	0.00872	0.0485333	
0.07072	0.05804	0.0339067	0.0287067	0	0	0	0	0.02986	0.00804667	0.12134	0.0321267	5.33333e-05	0	0.19132	0	0	0.00964	0	0.181733	0.12636	0.00871333	0.0242133	0.0320867	0.0954867	0.0229	0.01364	0.0593467	0.0277333	0.01258	0.117187	0.0338733	0.0416933	0.0263733	0.0190267	0.10428	
0.0418133	0.03408	0.0198133	0.0166667	0.0544133	0.0147867	0.0133133	0.02986	0	0	0	0	6.66667e-06	0	0.112367	0	0	0.00604	0	0.106333	0.0738267	0.00513333	0.0143933	0.01902	0.0561867	0.0136667	0.00791333	0.0346067	0.0138	0.00652667	0.0746067	0.01744	0.0237733	0.0153933	0.0112267	0.06198	
0.0105933	0.00898	0.00534	0.00426	0.0140133	0.00365333	0.00346	0.00804667	0	0	0	0	6.66667e-06	0	0.0291667	0	0	0.00144667	0	0.0277267	0.01948	0.00132	0.00369333	0.00468	0.0147	0.00344	0.00224	0.00879333	0.00353333	0.00154667	0.0195733	0.00452	0.00628667	0.00408	0.00276667	0.01604	
0.27574	0.224967	0.132207	0.105533	0.500727	0.0597533	0.0566267	0.12134	0	0	0	0	0.000173333	0	0.738273	0	0	0.0369467	0	0.7015	0.48386	0.0333733	0.0932533	0.12796	0.366633	0.0874467	0.0533133	0.231053	0.158593	0.0736267	0.310673	0.195553	0.170973	0.108507	0.0791267	0.37984	
0.04456	0.0363733	0.0216	0.0174733	0.0578133	0.0151933	0.0148733	0.0321267	0	0	0	0	6e-05	0	0.119947	0	0	0.00625333	0	0.113753	0.0786133	0.00560667	0.0149533	0.0208333	0.06014	0.0145867	0.00843333	0.0368467	0.0143333	0.00683333	0.0802867	0.0185533	0.0256867	0.0158467	0.0117933	0.06668	
8.66667e-05	6.66667e-05	4.66667e-05	4.66667e-05	0.000133333	4.66667e-05	1.33333e-05	5.33333e-05	6.66667e-06	6.66667e-06	0.000173333	6e-05	0	0	0	0	0	0	0	0.000246667	0.000146667	1.33333e-05	4e-05	4.66667e-05	0.000146667	6.66667e-06	2.66667e-05	6.66667e-05	2e-05	3.33333e-05	0.00016	3.33333e-05	6e-05	2.66667e-05	3.33333e-05	0.000126667	
0	0	0	0	0	0	0	0	0	0	0	0	0	0	0	0	0	0	0	0	0	0	0	0	0	0	0	0	0	0	0	0	0	0	0	0	
0.37262	0.304333	0.178913	0.143887	0.626833	0.09334	0.08826	0.19132	0.112367	0.0291667	0.738273	0.119947	0	0	0	0	0	0.0506867	0	0.949067	0.655633	0.04542	0.126253	0.172447	0.497513	0.119133	0.0718733	0.311233	0.19024	0.0885	0.48498	0.236033	0.22666	0.1438	0.10488	0.524413	
0	0	0	0	0	0	0	0	0	0	0	0	0	0	0	0	0	0	0	0	0	0	0	0	0	0	0	0	0	0	0	0	0	0	0	0	
0	0	0	0	0	0	0	0	0	0	0	0	0	0	0	0	0	0	0	0	0	0	0	0	0	0	0	0	0	0	0	0	0	0	0	0	
0.0184667	0.0158133	0.00890667	0.0075	0.0321133	0.00459333	0.00434	0.00964	0.00604	0.00144667	0.0369467	0.00625333	0	0	0.0506867	0	0	0	0	0	0.0332267	0.00229333	0.00652	0.00864667	0.0252933	0.00623333	0.00346667	0.0156933	0.00964	0.00427333	0.0246933	0.01208	0.0118133	0.00726	0.00534667	0.0262667	
0	0	0	0	0	0	0	0	0	0	0	0	0	0	0	0	0	0	0	0	0	0	0	0	0	0	0	0	0	0	0	0	0	0	0	0	
0.35424	0.288587	0.170053	0.136433	0.594853	0.0887933	0.0839333	0.181733	0.106333	0.0277267	0.7015	0.113753	0.000246667	0	0.949067	0	0	0	0	0	0.622553	0.04314	0.119773	0.163847	0.472367	0.112907	0.0684333	0.295607	0.18062	0.08426	0.460447	0.223987	0.214907	0.136567	0.0995667	0.498273	
0.244427	0.200493	0.117067	0.0937933	0.409853	0.0614733	0.0580933	0.12636	0.0738267	0.01948	0.48386	0.0786133	0.000146667	0	0.655633	0	0	0.0332267	0	0.622553	0	0	0	0	0.32662	0.0783933	0.047	0.203767	0.124113	0.05812	0.317707	0.15584	0.14816	0.09394	0.0689533	0.344727	
0.0172	0.0136067	0.00808667	0.00654	0.0285733	0.00424667	0.0039	0.00871333	0.00513333	0.00132	0.0333733	0.00560667	1.33333e-05	0	0.04542	0	0	0.00229333	0	0.04314	0	0	0	0	0.0228267	0.00542667	0.00329333	0.0138867	0.00889333	0.00398	0.0220267	0.0105333	0.01012	0.00683333	0.00466	0.02382	
0.0466467	0.03844	0.0233533	0.0178533	0.0794933	0.01174	0.0108467	0.0242133	0.0143933	0.00369333	0.0932533	0.0149533	4e-05	0	0.126253	0	0	0.00652	0	0.119773	0	0	0	0	0.0623667	0.0149533	0.00894	0.0400333	0.0240333	0.01118	0.0610333	0.0300467	0.0289867	0.01836	0.0133333	0.0656133	
0.0644333	0.05186	0.0304533	0.0257467	0.109047	0.0159267	0.0154333	0.0320867	0.01902	0.00468	0.12796	0.0208333	4.66667e-05	0	0.172447	0	0	0.00864667	0	0.163847	0	0	0	0	0.0858467	0.0203667	0.0126667	0.0536133	0.03322	0.0152533	0.0843733	0.0396467	0.0394533	0.0246933	0.0179667	0.09038	
0.185193	0.151947	0.08894	0.07158	0.310893	0.0469133	0.0443667	0.0954867	0.0561867	0.0147	0.366633	0.06014	0.000146667	0	0.497513	0	0	0.0252933	0	0.472367	0.32662	0.0228267	0.0623667	0.0858467	0	0	0	0	0.0938133	0.0440267	0.241893	0.117927	0.112173	0.0717667	0.0525533	0.261167	
0.0446	0.0362467	0.0210467	0.0172467	0.0745933	0.0109467	0.0107	0.0229	0.0136667	0.00344	0.0874467	0.0145867	6.66667e-06	0	0.119133	0	0	0.00623333	0	0.112907	0.0783933	0.00542667	0.0149533	0.0203667	0	0	0	0	0.0232067	0.01054	0.05752	0.0278733	0.0268067	0.01706	0.01252	0.0627533	
0.02672	0.0216267	0.0130667	0.0104867	0.0456467	0.0066	0.00601333	0.01364	0.00791333	0.00224	0.0533133	0.00843333	2.66667e-05	0	0.0718733	0	0	0.00346667	0	0.0684333	0.047	0.00329333	0.00894	0.0126667	0	0	0	0	0.0135733	0.00644	0.03496	0.0169267	0.0166867	0.0104133	0.00765333	0.0371467	
0.116193	0.09458	0.0559067	0.04462	0.195833	0.0289267	0.0271933	0.0593467	0.0346067	0.00879333	0.231053	0.0368467	6.66667e-05	0	0.311233	0	0	0.0156933	0	0.295607	0.203767	0.0138867	0.0400333	0.0536133	0	0	0	0	0.0596667	0.0275267	0.150767	0.07334	0.0710533	0.0445867	0.0321867	0.163473	
0.0711467	0.0571667	0.03466	0.0272867	0.1365	0.013	0.0130267	0.0277333	0.0138	0.00353333	0.158593	0.0143333	2e-05	0	0.19024	0	0	0.00964	0	0.18062	0.124113	0.00889333	0.0240333	0.03322	0.0938133	0.0232067	0.0135733	0.0596667	0	0	0	0	0.0501333	0.0318333	0.02298	0.0853133	
0.03292	0.0269867	0.0157467	0.01288	0.0641933	0.00602	0.00574	0.01258	0.00652667	0.00154667	0.0736267	0.00683333	3.33333e-05	0	0.0885	0	0	0.00427333	0	0.08426	0.05812	0.00398	0.01118	0.0152533	0.0440267	0.01054	0.00644	0.0275267	0	0	0	0	0.02338	0.01484	0.01148	0.0388333	
0.18152	0.14732	0.0857067	0.0705933	0.256493	0.05746	0.054	0.117187	0.0746067	0.0195733	0.310673	0.0802867	0.00016	0	0.48498	0	0	0.0246933	0	0.460447	0.317707	0.0220267	0.0610333	0.0843733	0.241893	0.05752	0.03496	0.150767	0	0	0	0	0.0907267	0.0577	0.0417	0.295013	
0.08712	0.0729267	0.0428467	0.0331733	0.16978	0.0169067	0.0155067	0.0338733	0.01744	0.00452	0.195553	0.0185533	3.33333e-05	0	0.236033	0	0	0.01208	0	0.223987	0.15584	0.0105333	0.0300467	0.0396467	0.117927	0.0278733	0.0169267	0.07334	0	0	0	0	0.06248	0.0394533	0.0287533	0.10538	
0.0840867	0.0695933	0.0409133	0.0321267	0.145727	0.0200133	0.0192867	0.0416933	0.0237733	0.00628667	0.170973	0.0256867	6e-05	0	0.22666	0	0	0.0118133	0	0.214907	0.14816	0.01012	0.0289867	0.0394533	0.112173	0.0268067	0.0166867	0.0710533	0.0501333	0.02338	0.0907267	0.06248	0	0	0	0	
0.0537667	0.0432067	0.02554	0.0213133	0.0929267	0.0127933	0.0117333	0.0263733	0.0153933	0.00408	0.108507	0.0158467	2.66667e-05	0	0.1438	0	0	0.00726	0	0.136567	0.09394	0.00683333	0.01836	0.0246933	0.0717667	0.01706	0.0104133	0.0445867	0.0318333	0.01484	0.0577	0.0394533	0	0	0	0	
0.0388533	0.0314667	0.0194133	0.01518	0.0675867	0.00958	0.00872	0.0190267	0.0112267	0.00276667	0.0791267	0.0117933	3.33333e-05	0	0.10488	0	0	0.00534667	0	0.0995667	0.0689533	0.00466	0.0133333	0.0179667	0.0525533	0.01252	0.00765333	0.0321867	0.02298	0.01148	0.0417	0.0287533	0	0	0	0	
0.196	0.160133	0.0930933	0.0753133	0.320727	0.051	0.0485333	0.10428	0.06198	0.01604	0.37984	0.06668	0.000126667	0	0.524413	0	0	0.0262667	0	0.498273	0.344727	0.02382	0.0656133	0.09038	0.261167	0.0627533	0.0371467	0.163473	0.0853133	0.0388333	0.295013	0.10538	0	0	0	0	
