0	0	0	0	0.23708	0.0340467	0.0321133	0.0706733	0.04272	0.0107133	0.275173	0.0453067	0.00014	0	0.373773	0	0	0.01854	0	0.355373	0.246393	0.0172867	0.0465933	0.06364	0.18644	0.0434933	0.0271733	0.116807	0.0711667	0.03364	0.182167	0.08694	0.08382	0.0539733	0.0394267	0.196693	
0	0	0	0	0.195807	0.0277667	0.0253067	0.0580133	0.0345733	0.00874	0.22792	0.03566	8e-05	0	0.306813	0	0	0.0157067	0	0.291187	0.201513	0.0136533	0.0389067	0.05282	0.153293	0.03692	0.0219533	0.0947267	0.0581	0.0274467	0.14844	0.0729067	0.0692667	0.04436	0.03256	0.160707	
0	0	0	0	0.117493	0.0163933	0.0158133	0.03384	0.0205467	0.00542667	0.135447	0.02212	6.66667e-05	0	0.183473	0	0	0.00924667	0	0.174293	0.1211	0.00828	0.0230667	0.0310933	0.08988	0.0223467	0.01374	0.0575733	0.0344333	0.0161733	0.0899867	0.0429467	0.0413533	0.0264133	0.0191267	0.0966467	
0	0	0	0	0.0737733	0.01558	0.01456	0.03174	0.0158467	0.00412	0.09812	0.0175667	2.66667e-05	0	0.135627	0	0	0.00690667	0	0.128747	0.0889	0.00633333	0.0173267	0.0230933	0.0675733	0.0163267	0.00968667	0.0420667	0.0252133	0.0120733	0.0684533	0.0299133	0.0309667	0.0199067	0.0137067	0.0710733	
0.23708	0.195807	0.117493	0.0737733	0	0	0	0	0.0543467	0.0141267	0.49812	0.05756	0.000193333	0	0.62396	0	0	0.0312867	0	0.592867	0.41066	0.0283533	0.07826	0.10688	0.308993	0.0745867	0.04558	0.194993	0.136753	0.0641267	0.257	0.166273	0.144193	0.09224	0.0668133	0.320907	
0.0340467	0.0277667	0.0163933	0.01558	0	0	0	0	0.01444	0.00386667	0.0597933	0.0156867	3.33333e-05	0	0.0937533	0	0	0.00475333	0	0.0890333	0.0612067	0.00439333	0.0121533	0.0160333	0.0470133	0.0111533	0.00678	0.02884	0.01318	0.00616	0.0571133	0.0173333	0.0203	0.0133067	0.00973333	0.0504467	
0.0321133	0.0253067	0.0158133	0.01456	0	0	0	0	0.0140267	0.00342	0.05534	0.0150067	2.66667e-05	0	0.0877667	0	0	0.00458667	0	0.0832067	0.0577	0.00409333	0.01102	0.01498	0.04408	0.0105067	0.00618	0.0270267	0.0120267	0.00562667	0.0549267	0.0152133	0.01904	0.0122	0.00885333	0.0477	
0.0706733	0.0580133	0.03384	0.03174	0	0	0	0	0.0308733	0.00758667	0.123407	0.0324	6e-05	0	0.194207	0	0	0.00977333	0	0.184493	0.12834	0.00871333	0.02446	0.0327533	0.0971	0.02284	0.0140133	0.0603133	0.0269533	0.01342	0.120007	0.0338867	0.0418733	0.0269067	0.01942	0.106067	
0.04272	0.0345733	0.0205467	0.0158467	0.0543467	0.01444	0.0140267	0.0308733	0	0	0	0	4e-05	0	0.113647	0	0	0.00561333	0	0.108073	0.0745733	0.00516	0.0147333	0.01922	0.0569733	0.01352	0.00807333	0.03512	0.0135067	0.0061	0.0770133	0.0170667	0.0243867	0.01556	0.0111933	0.0625467	
0.0107133	0.00874	0.00542667	0.00412	0.0141267	0.00386667	0.00342	0.00758667	0	0	0	0	6.66667e-06	0	0.0289933	0	0	0.00148667	0	0.0275133	0.01886	0.00134667	0.00373333	0.00506	0.0145	0.00324667	0.00218	0.00907333	0.00385333	0.00155333	0.0194733	0.00412	0.0062	0.0038	0.00299333	0.0160067	
0.275173	0.22792	0.135447	0.09812	0.49812	0.0597933	0.05534	0.123407	0	0	0	0	0.00024	0	0.73642	0	0	0.0370667	0	0.699593	0.484813	0.03358	0.0925933	0.125673	0.365807	0.0881067	0.05338	0.229367	0.156913	0.07508	0.310893	0.193773	0.16958	0.108987	0.0787067	0.379387	
0.0453067	0.03566	0.02212	0.0175667	0.05756	0.0156867	0.0150067	0.0324	0	0	0	0	2.66667e-05	0	0.120627	0	0	0.00623333	0	0.11442	0.07966	0.00546667	0.0148333	0.0206933	0.0599067	0.0142133	0.00892	0.0376133	0.01464	0.0066	0.0816667	0.0177467	0.02524	0.0163067	0.0119267	0.06718	
0.00014	8e-05	6.66667e-05	2.66667e-05	0.000193333	3.33333e-05	2.66667e-05	6e-05	4e-05	6.66667e-06	0.00024	2.66667e-05	0	0	0	0	0	6.66667e-06	0	0.000306667	0.000193333	1.33333e-05	3.33333e-05	7.33333e-05	0.000193333	1.33333e-05	1.33333e-05	9.33333e-05	4e-05	3.33333e-05	0.000166667	7.33333e-05	0.0001	6.66667e-05	3.33333e-05	0.000113333	
0	0	0	0	0	0	0	0	0	0	0	0	0	0	0	0	0	0	0	0	0	0	0	0	0	0	0	0	0	0	0	0	0	0	0	0	
0.373773	0.306813	0.183473	0.135627	0.62396	0.0937533	0.0877667	0.194207	0.113647	0.0289933	0.73642	0.120627	0	0	0	0	0	0.0503933	0	0.949293	0.657713	0.04554	0.12586	0.170573	0.496993	0.119073	0.07254	0.31108	0.188873	0.0893	0.48888	0.232633	0.225307	0.144587	0.104787	0.525007	
0	0	0	0	0	0	0	0	0	0	0	0	0	0	0	0	0	0	0	0	0	0	0	0	0	0	0	0	0	0	0	0	0	0	0	0	
0	0	0	0	0	0	0	0	0	0	0	0	0	0	0	0	0	0	0	0	0	0	0	0	0	0	0	0	0	0	0	0	0	0	0	0	
0.01854	0.0157067	0.00924667	0.00690667	0.0312867	0.00475333	0.00458667	0.00977333	0.00561333	0.00148667	0.0370667	0.00623333	6.66667e-06	0	0.0503933	0	0	0	0	0	0.03316	0.00218667	0.00665333	0.0084	0.0249333	0.00619333	0.0037	0.0155733	0.00963333	0.00449333	0.0244667	0.0118067	0.01112	0.00728	0.00536667	0.0266333	
0	0	0	0	0	0	0	0	0	0	0	0	0	0	0	0	0	0	0	0	0	0	0	0	0	0	0	0	0	0	0	0	0	0	0	0	
0.355373	0.291187	0.174293	0.128747	0.592867	0.0890333	0.0832067	0.184493	0.108073	0.0275133	0.699593	0.11442	0.000306667	0	0.949293	0	0	0	0	0	0.624747	0.0433667	0.11924	0.162247	0.472253	0.112893	0.0688533	0.2956	0.17928	0.08484	0.46458	0.2209	0.214287	0.137373	0.0994533	0.498487	
0.246393	0.201513	0.1211	0.0889	0.41066	0.0612067	0.0577	0.12834	0.0745733	0.01886	0.484813	0.07966	0.000193333	0	0.657713	0	0	0.03316	0	0.624747	0	0	0	0	0.326687	0.0781667	0.0476267	0.205427	0.124167	0.05904	0.321473	0.153227	0.14956	0.0952667	0.0681867	0.344893	
0.0172867	0.0136533	0.00828	0.00633333	0.0283533	0.00439333	0.00409333	0.00871333	0.00516	0.00134667	0.03358	0.00546667	1.33333e-05	0	0.04554	0	0	0.00218667	0	0.0433667	0	0	0	0	0.0226067	0.00537333	0.0035	0.0140733	0.00881333	0.00398667	0.0224333	0.01032	0.00952667	0.00662667	0.00497333	0.0244267	
0.0465933	0.0389067	0.0230667	0.0173267	0.07826	0.0121533	0.01102	0.02446	0.0147333	0.00373333	0.0925933	0.0148333	3.33333e-05	0	0.12586	0	0	0.00665333	0	0.11924	0	0	0	0	0.0625133	0.0151133	0.00901333	0.0392533	0.02376	0.01142	0.0611333	0.02958	0.0279933	0.01818	0.0136333	0.0660867	
0.06364	0.05282	0.0310933	0.0230933	0.10688	0.0160333	0.01498	0.0327533	0.01922	0.00506	0.125673	0.0206933	7.33333e-05	0	0.170573	0	0	0.0084	0	0.162247	0	0	0	0	0.08538	0.0204333	0.0124133	0.05242	0.0321733	0.0148867	0.0840067	0.03958	0.0383267	0.02458	0.0180267	0.0897133	
0.18644	0.153293	0.08988	0.0675733	0.308993	0.0470133	0.04408	0.0971	0.0569733	0.0145	0.365807	0.0599067	0.000193333	0	0.496993	0	0	0.0249333	0	0.472253	0.326687	0.0226067	0.0625133	0.08538	0	0	0	0	0.0936267	0.0447733	0.243473	0.115313	0.112087	0.07192	0.0521267	0.261053	
0.0434933	0.03692	0.0223467	0.0163267	0.0745867	0.0111533	0.0105067	0.02284	0.01352	0.00324667	0.0881067	0.0142133	1.33333e-05	0	0.119073	0	0	0.00619333	0	0.112893	0.0781667	0.00537333	0.0151133	0.0204333	0	0	0	0	0.0225	0.01042	0.0584867	0.02768	0.0269733	0.0173133	0.0122933	0.0625067	
0.0271733	0.0219533	0.01374	0.00968667	0.04558	0.00678	0.00618	0.0140133	0.00807333	0.00218	0.05338	0.00892	1.33333e-05	0	0.07254	0	0	0.0037	0	0.0688533	0.0476267	0.0035	0.00901333	0.0124133	0	0	0	0	0.0137533	0.00622	0.03498	0.0176	0.01628	0.0104267	0.00777333	0.0380733	
0.116807	0.0947267	0.0575733	0.0420667	0.194993	0.02884	0.0270267	0.0603133	0.03512	0.00907333	0.229367	0.0376133	9.33333e-05	0	0.31108	0	0	0.0155733	0	0.2956	0.205427	0.0140733	0.0392533	0.05242	0	0	0	0	0.0590333	0.02792	0.152107	0.0721133	0.0700667	0.0449933	0.0326267	0.163487	
0.0711667	0.0581	0.0344333	0.0252133	0.136753	0.01318	0.0120267	0.0269533	0.0135067	0.00385333	0.156913	0.01464	4e-05	0	0.188873	0	0	0.00963333	0	0.17928	0.124167	0.00881333	0.02376	0.0321733	0.0936267	0.0225	0.0137533	0.0590333	0	0	0	0	0.0500733	0.0317067	0.02346	0.0836733	
0.03364	0.0274467	0.0161733	0.0120733	0.0641267	0.00616	0.00562667	0.01342	0.0061	0.00155333	0.07508	0.0066	3.33333e-05	0	0.0893	0	0	0.00449333	0	0.08484	0.05904	0.00398667	0.01142	0.0148867	0.0447733	0.01042	0.00622	0.02792	0	0	0	0	0.0233533	0.0148067	0.0109133	0.04026	
0.182167	0.14844	0.0899867	0.0684533	0.257	0.0571133	0.0549267	0.120007	0.0770133	0.0194733	0.310893	0.0816667	0.000166667	0	0.48888	0	0	0.0244667	0	0.46458	0.321473	0.0224333	0.0611333	0.0840067	0.243473	0.0584867	0.03498	0.152107	0	0	0	0	0.09112	0.0591133	0.0427267	0.296087	
0.08694	0.0729067	0.0429467	0.0299133	0.166273	0.0173333	0.0152133	0.0338867	0.0170667	0.00412	0.193773	0.0177467	7.33333e-05	0	0.232633	0	0	0.0118067	0	0.2209	0.153227	0.01032	0.02958	0.03958	0.115313	0.02768	0.0176	0.0721133	0	0	0	0	0.06086	0.0390267	0.02772	0.1051	
0.08382	0.0692667	0.0413533	0.0309667	0.144193	0.0203	0.01904	0.0418733	0.0243867	0.0062	0.16958	0.02524	0.0001	0	0.225307	0	0	0.01112	0	0.214287	0.14956	0.00952667	0.0279933	0.0383267	0.112087	0.0269733	0.01628	0.0700667	0.0500733	0.0233533	0.09112	0.06086	0	0	0	0	
0.0539733	0.04436	0.0264133	0.0199067	0.09224	0.0133067	0.0122	0.0269067	0.01556	0.0038	0.108987	0.0163067	6.66667e-05	0	0.144587	0	0	0.00728	0	0.137373	0.0952667	0.00662667	0.01818	0.02458	0.07192	0.0173133	0.0104267	0.0449933	0.0317067	0.0148067	0.0591133	0.0390267	0	0	0	0	
0.0394267	0.03256	0.0191267	0.0137067	0.0668133	0.00973333	0.00885333	0.01942	0.0111933	0.00299333	0.0787067	0.0119267	3.33333e-05	0	0.104787	0	0	0.00536667	0	0.0994533	0.0681867	0.00497333	0.0136333	0.0180267	0.0521267	0.0122933	0.00777333	0.0326267	0.02346	0.0109133	0.0427267	0.02772	0	0	0	0	
0.196693	0.160707	0.0966467	0.0710733	0.320907	0.0504467	0.0477	0.106067	0.0625467	0.0160067	0.379387	0.06718	0.000113333	0	0.525007	0	0	0.0266333	0	0.498487	0.344893	0.0244267	0.0660867	0.0897133	0.261053	0.0625067	0.0380733	0.163487	0.0836733	0.04026	0.296087	0.1051	0	0	0	0	
