0	0	0	0	0.239331	0.0477615	0.0393308	0.0676154	0.0746692	0.0261538	0.231431	0.0617846	0.00191538	0.00129231	0.388715	0.00211538	0.00207692	0.00384615	0.00186923	0.386246	0.225508	0.00707692	0.0996154	0.0618385	0.258015	0.0302385	0.0406308	0.0651538	0.0448923	0.0158923	0.284885	0.0483692	0.0783231	0.0404154	0.0343154	0.240985	
0	0	0	0	0.137154	0.0270615	0.0224385	0.0379077	0.0426385	0.0144308	0.133538	0.0339538	0.00115385	0.000769231	0.221431	0.00120769	0.00118462	0.00218462	0.00101538	0.220177	0.128731	0.00425385	0.0556692	0.0359077	0.147262	0.0173077	0.0231692	0.0368231	0.0259077	0.00905385	0.162131	0.0274692	0.0440308	0.0236923	0.0202538	0.136585	
0	0	0	0	0.115177	0.0238154	0.0187462	0.0317923	0.0364	0.0125077	0.111331	0.0292923	0.000992308	0.000653846	0.186808	0.00107692	0.00107692	0.00163846	0.000869231	0.185946	0.109677	0.00342308	0.0460538	0.0303769	0.122438	0.0153231	0.0196231	0.0321462	0.0208538	0.00772308	0.138277	0.0226769	0.0375308	0.0204923	0.0163	0.115208	
0	0	0	0	0.0476923	0.0454769	0.0354923	0.0632077	0.0379462	0.0140154	0.109085	0.0308231	0.000892308	0.000538462	0.189477	0.000961538	0.00102308	0.00165385	0.000930769	0.188262	0.107615	0.00377692	0.0489462	0.0315308	0.126346	0.0146154	0.0198538	0.0310538	0.0174692	0.00626154	0.149146	0.0189923	0.0365615	0.0191923	0.0161538	0.119962	
0.239331	0.137154	0.115177	0.0476923	0	0	0	0	0.0980692	0.0338846	0.327615	0.0797846	0.00285385	0.00158462	0.531854	0.00306154	0.00282308	0.00518462	0.00234615	0.529	0.316423	0.00977692	0.129969	0.0831846	0.349892	0.0424231	0.0569923	0.0900462	0.0739308	0.0270077	0.357846	0.0805692	0.109646	0.0584615	0.0483846	0.322862	
0.0477615	0.0270615	0.0238154	0.0454769	0	0	0	0	0.0298615	0.0100538	0.0806538	0.0235462	0.000584615	0.000546154	0.142192	0.000792308	0.000838462	0.00132308	0.000784615	0.141169	0.0795846	0.00276154	0.0376385	0.0241308	0.0954231	0.0109154	0.0143	0.0234769	0.011	0.00364615	0.118115	0.0113538	0.0268154	0.0140154	0.0120154	0.0912692	
0.0393308	0.0224385	0.0187462	0.0354923	0	0	0	0	0.0230846	0.00872308	0.0648615	0.0193385	0.000538462	0.000423077	0.114415	0.000630769	0.000538462	0.00102308	0.000607692	0.113838	0.0644923	0.00235385	0.0301692	0.0189923	0.0768308	0.00886154	0.0115923	0.0187231	0.00887692	0.00299231	0.0947231	0.00941538	0.0218692	0.0111308	0.0096	0.0734077	
0.0676154	0.0379077	0.0317923	0.0632077	0	0	0	0	0.0406385	0.0144462	0.112254	0.0331846	0.000976923	0.0007	0.197969	0.000876923	0.00116154	0.00179231	0.000946154	0.196623	0.111031	0.00363846	0.0525077	0.0333462	0.131915	0.0152846	0.0203923	0.0329308	0.0153154	0.00528462	0.163754	0.0161692	0.0381154	0.0201846	0.0170231	0.1252	
0.0746692	0.0426385	0.0364	0.0379462	0.0980692	0.0298615	0.0230846	0.0406385	0	0	0	0	0.00102308	0.000523077	0.189031	0.00107692	0.000961538	0.00186154	0.000876923	0.187954	0.100546	0.00368462	0.0559538	0.0314692	0.147308	0.0100231	0.0132231	0.0211	0.0102154	0.00339231	0.167662	0.0103846	0.0263769	0.0140923	0.0115846	0.1396	
0.0261538	0.0144308	0.0125077	0.0140154	0.0338846	0.0100538	0.00872308	0.0144462	0	0	0	0	0.000269231	0.000261538	0.0662538	0.000323077	0.000353846	0.000584615	0.000384615	0.0657846	0.0364077	0.00129231	0.0186538	0.0107538	0.0518923	0.0034	0.00446923	0.00734615	0.00369231	0.00126154	0.0581154	0.00403846	0.00975385	0.00488462	0.00405385	0.0484154	
0.231431	0.133538	0.111331	0.109085	0.327615	0.0806538	0.0648615	0.112254	0	0	0	0	0.00286154	0.00197692	0.577323	0.00322308	0.00306923	0.00549231	0.00253846	0.574285	0.3533	0.0106769	0.129223	0.0921846	0.334023	0.0566231	0.0749846	0.119754	0.0868462	0.0315077	0.372908	0.0941231	0.139162	0.0732538	0.0623385	0.310631	
0.0617846	0.0339538	0.0292923	0.0308231	0.0797846	0.0235462	0.0193385	0.0331846	0	0	0	0	0.0008	0.000492308	0.153823	0.000738462	0.000976923	0.00138462	0.000884615	0.152608	0.0812769	0.00287692	0.0464538	0.0252462	0.120838	0.00743846	0.0106	0.0169769	0.00836923	0.00276923	0.135754	0.00896154	0.0211538	0.0115615	0.00904615	0.114092	
0.00191538	0.00115385	0.000992308	0.000892308	0.00285385	0.000584615	0.000538462	0.000976923	0.00102308	0.000269231	0.00286154	0.0008	0	0	0	0	2.30769e-05	7.69231e-05	1.53846e-05	0.00483846	0.00265385	0.000130769	0.00143077	0.000738462	0.00333077	0.000361538	0.000492308	0.000769231	0.000553846	0.000192308	0.00364615	0.000561538	0.000915385	0.000515385	0.000438462	0.00308462	
0.00129231	0.000769231	0.000653846	0.000538462	0.00158462	0.000546154	0.000423077	0.0007	0.000523077	0.000261538	0.00197692	0.000492308	0	0	0	0	7.69231e-06	7.69231e-06	2.30769e-05	0.00321538	0.00188462	4.61538e-05	0.000838462	0.000484615	0.00210769	0.000207692	0.000376923	0.000561538	0.000361538	0.000153846	0.00236923	0.000369231	0.000646154	0.000307692	0.000338462	0.00196154	
0.388715	0.221431	0.186808	0.189477	0.531854	0.142192	0.114415	0.197969	0.189031	0.0662538	0.577323	0.153823	0	0	0	0	0.0053	0.00916154	0.00461538	0.967354	0.563846	0.0182308	0.246677	0.157677	0.644923	0.0765	0.101862	0.163146	0.107631	0.0383692	0.724562	0.115869	0.193731	0.102362	0.0857308	0.604608	
0.00211538	0.00120769	0.00107692	0.000961538	0.00306154	0.000792308	0.000630769	0.000876923	0.00107692	0.000323077	0.00322308	0.000738462	0	0	0	0	3.07692e-05	7.69231e-05	3.07692e-05	0.00522308	0.00314615	0.000123077	0.00133846	0.000753846	0.0037	0.000415385	0.000546154	0.0007	0.000576923	0.000215385	0.00386154	0.000707692	0.00115385	0.000607692	0.000515385	0.00308462	
0.00207692	0.00118462	0.00107692	0.00102308	0.00282308	0.000838462	0.000538462	0.00116154	0.000961538	0.000353846	0.00306923	0.000976923	2.30769e-05	7.69231e-06	0.0053	3.07692e-05	0	0	0	0	0.00317692	6.15385e-05	0.00123077	0.000892308	0.00356923	0.000461538	0.000484615	0.000846154	0.000561538	0.000230769	0.00398462	0.000584615	0.000930769	0.000576923	0.000523077	0.00333077	
0.00384615	0.00218462	0.00163846	0.00165385	0.00518462	0.00132308	0.00102308	0.00179231	0.00186154	0.000584615	0.00549231	0.00138462	7.69231e-05	7.69231e-06	0.00916154	7.69231e-05	0	0	0	0	0.00547692	0.000146154	0.00223846	0.00146154	0.00606923	0.000830769	0.0009	0.00152308	0.00106923	0.000346154	0.00687692	0.00103077	0.00172308	0.000938462	0.0009	0.00576154	
0.00186923	0.00101538	0.000869231	0.000930769	0.00234615	0.000784615	0.000607692	0.000946154	0.000876923	0.000384615	0.00253846	0.000884615	1.53846e-05	2.30769e-05	0.00461538	3.07692e-05	0	0	0	0	0.00264615	6.92308e-05	0.00121538	0.000753846	0.00300769	0.0003	0.000507692	0.000869231	0.0005	0.0002	0.00352308	0.000461538	0.000915385	0.000438462	0.000430769	0.0029	
0.386246	0.220177	0.185946	0.188262	0.529	0.141169	0.113838	0.196623	0.187954	0.0657846	0.574285	0.152608	0.00483846	0.00321538	0.967354	0.00522308	0	0	0	0	0.560231	0.0182538	0.2456	0.156546	0.641415	0.0758923	0.101385	0.161938	0.106992	0.0381538	0.720054	0.115431	0.192877	0.101838	0.0851692	0.600746	
0.225508	0.128731	0.109677	0.107615	0.316423	0.0795846	0.0644923	0.111031	0.100546	0.0364077	0.3533	0.0812769	0.00265385	0.00188462	0.563846	0.00314615	0.00317692	0.00547692	0.00264615	0.560231	0	0	0	0	0.335269	0.0531	0.0702923	0.112869	0.0788538	0.0284154	0.379385	0.0848769	0.116746	0.0616923	0.0528	0.340292	
0.00707692	0.00425385	0.00342308	0.00377692	0.00977692	0.00276154	0.00235385	0.00363846	0.00368462	0.00129231	0.0106769	0.00287692	0.000130769	4.61538e-05	0.0182308	0.000123077	6.15385e-05	0.000146154	6.92308e-05	0.0182538	0	0	0	0	0.0111692	0.00157692	0.00239231	0.00339231	0.00136923	0.000453846	0.0152385	0.00146923	0.00369231	0.00173077	0.0015	0.0116077	
0.0996154	0.0556692	0.0460538	0.0489462	0.129969	0.0376385	0.0301692	0.0525077	0.0559538	0.0186538	0.129223	0.0464538	0.00143077	0.000838462	0.246677	0.00133846	0.00123077	0.00223846	0.00121538	0.2456	0	0	0	0	0.212423	0.00849231	0.0111692	0.0182	0.0170923	0.00592308	0.208969	0.0183	0.0459769	0.0238769	0.0199385	0.160492	
0.0618385	0.0359077	0.0303769	0.0315308	0.0831846	0.0241308	0.0189923	0.0333462	0.0314692	0.0107538	0.0921846	0.0252462	0.000738462	0.000484615	0.157677	0.000753846	0.000892308	0.00146154	0.000753846	0.156546	0	0	0	0	0.0952	0.0143154	0.0194231	0.0307154	0.0118077	0.00413846	0.130846	0.0128615	0.0300308	0.0164923	0.0127846	0.100346	
0.258015	0.147262	0.122438	0.126346	0.349892	0.0954231	0.0768308	0.131915	0.147308	0.0518923	0.334023	0.120838	0.00333077	0.00210769	0.644923	0.0037	0.00356923	0.00606923	0.00300769	0.641415	0.335269	0.0111692	0.212423	0.0952	0	0	0	0	0.0645846	0.0230231	0.497108	0.0693462	0.123292	0.0653077	0.0543462	0.411115	
0.0302385	0.0173077	0.0153231	0.0146154	0.0424231	0.0109154	0.00886154	0.0152846	0.0100231	0.0034	0.0566231	0.00743846	0.000361538	0.000207692	0.0765	0.000415385	0.000461538	0.000830769	0.0003	0.0758923	0.0531	0.00157692	0.00849231	0.0143154	0	0	0	0	0.0098	0.00333077	0.0533462	0.0110077	0.0161077	0.00896154	0.00717692	0.0452385	
0.0406308	0.0231692	0.0196231	0.0198538	0.0569923	0.0143	0.0115923	0.0203923	0.0132231	0.00446923	0.0749846	0.0106	0.000492308	0.000376923	0.101862	0.000546154	0.000484615	0.0009	0.000507692	0.101385	0.0702923	0.00239231	0.0111692	0.0194231	0	0	0	0	0.0132769	0.00503077	0.0707846	0.0141846	0.0223308	0.0114385	0.00984615	0.0596615	
0.0651538	0.0368231	0.0321462	0.0310538	0.0900462	0.0234769	0.0187231	0.0329308	0.0211	0.00734615	0.119754	0.0169769	0.000769231	0.000561538	0.163146	0.0007	0.000846154	0.00152308	0.000869231	0.161938	0.112869	0.00339231	0.0182	0.0307154	0	0	0	0	0.0214615	0.00754615	0.1132	0.0229692	0.0347154	0.0180846	0.0156538	0.0967231	
0.0448923	0.0259077	0.0208538	0.0174692	0.0739308	0.011	0.00887692	0.0153154	0.0102154	0.00369231	0.0868462	0.00836923	0.000553846	0.000361538	0.107631	0.000576923	0.000561538	0.00106923	0.0005	0.106992	0.0788538	0.00136923	0.0170923	0.0118077	0.0645846	0.0098	0.0132769	0.0214615	0	0	0	0	0.0295462	0.0153308	0.0126923	0.0515538	
0.0158923	0.00905385	0.00772308	0.00626154	0.0270077	0.00364615	0.00299231	0.00528462	0.00339231	0.00126154	0.0315077	0.00276923	0.000192308	0.000153846	0.0383692	0.000215385	0.000230769	0.000346154	0.0002	0.0381538	0.0284154	0.000453846	0.00592308	0.00413846	0.0230231	0.00333077	0.00503077	0.00754615	0	0	0	0	0.0106846	0.00559231	0.00461538	0.0180385	
0.284885	0.162131	0.138277	0.149146	0.357846	0.118115	0.0947231	0.163754	0.167662	0.0581154	0.372908	0.135754	0.00364615	0.00236923	0.724562	0.00386154	0.00398462	0.00687692	0.00352308	0.720054	0.379385	0.0152385	0.208969	0.130846	0.497108	0.0533462	0.0707846	0.1132	0	0	0	0	0.124831	0.0659231	0.0553462	0.488338	
0.0483692	0.0274692	0.0226769	0.0189923	0.0805692	0.0113538	0.00941538	0.0161692	0.0103846	0.00403846	0.0941231	0.00896154	0.000561538	0.000369231	0.115869	0.000707692	0.000584615	0.00103077	0.000461538	0.115431	0.0848769	0.00146923	0.0183	0.0128615	0.0693462	0.0110077	0.0141846	0.0229692	0	0	0	0	0.0313846	0.0169462	0.0143692	0.0548077	
0.0783231	0.0440308	0.0375308	0.0365615	0.109646	0.0268154	0.0218692	0.0381154	0.0263769	0.00975385	0.139162	0.0211538	0.000915385	0.000646154	0.193731	0.00115385	0.000930769	0.00172308	0.000915385	0.192877	0.116746	0.00369231	0.0459769	0.0300308	0.123292	0.0161077	0.0223308	0.0347154	0.0295462	0.0106846	0.124831	0.0313846	0	0	0	0	
0.0404154	0.0236923	0.0204923	0.0191923	0.0584615	0.0140154	0.0111308	0.0201846	0.0140923	0.00488462	0.0732538	0.0115615	0.000515385	0.000307692	0.102362	0.000607692	0.000576923	0.000938462	0.000438462	0.101838	0.0616923	0.00173077	0.0238769	0.0164923	0.0653077	0.00896154	0.0114385	0.0180846	0.0153308	0.00559231	0.0659231	0.0169462	0	0	0	0	
0.0343154	0.0202538	0.0163	0.0161538	0.0483846	0.0120154	0.0096	0.0170231	0.0115846	0.00405385	0.0623385	0.00904615	0.000438462	0.000338462	0.0857308	0.000515385	0.000523077	0.0009	0.000430769	0.0851692	0.0528	0.0015	0.0199385	0.0127846	0.0543462	0.00717692	0.00984615	0.0156538	0.0126923	0.00461538	0.0553462	0.0143692	0	0	0	0	
0.240985	0.136585	0.115208	0.119962	0.322862	0.0912692	0.0734077	0.1252	0.1396	0.0484154	0.310631	0.114092	0.00308462	0.00196154	0.604608	0.00308462	0.00333077	0.00576154	0.0029	0.600746	0.340292	0.0116077	0.160492	0.100346	0.411115	0.0452385	0.0596615	0.0967231	0.0515538	0.0180385	0.488338	0.0548077	0	0	0	0	
