0	0	0	0	0.212892	0.0324846	0.0381	0.0430846	0.0307385	0.00857692	0.264138	0.0231077	0.000961538	0.000530769	0.324292	0.000776923	0.000738462	0.00408462	0.0007	0.321038	0.195277	0.0104923	0.109177	0.0116154	0.223523	0.0253692	0.0393615	0.0383077	0.0267615	0.0204462	0.254846	0.0245077	0.0571308	0.0528769	0.0617615	0.154792	
0	0	0	0	0.259923	0.0297	0.0272	0.0406769	0.0313846	0.00890769	0.293869	0.0233385	0.00113077	0.000607692	0.355123	0.000638462	0.000869231	0.00459231	0.000792308	0.351246	0.215231	0.0120308	0.118508	0.0117308	0.239869	0.0289615	0.0453615	0.0433077	0.0311077	0.0240308	0.273146	0.0292154	0.0628	0.0605	0.0696462	0.164554	
0	0	0	0	0.125392	0.0188462	0.0217077	0.0255154	0.0183615	0.005	0.155015	0.0130846	0.000730769	0.0003	0.189977	0.000453846	0.000430769	0.0024	0.000615385	0.188015	0.113569	0.00604615	0.0650154	0.00683077	0.130485	0.0143077	0.0238308	0.0228385	0.0154077	0.0122538	0.149308	0.0144923	0.0328077	0.0319154	0.0363231	0.0904154	
0	0	0	0	0.0339692	0.0255231	0.0297462	0.0352385	0.0160692	0.00456923	0.0924385	0.0114	0.000330769	0.000207692	0.1237	0.000238462	0.000215385	0.00167692	0.000276923	0.122308	0.0709615	0.00430769	0.0449923	0.00421538	0.0944846	0.00680769	0.0120923	0.0110923	0.00719231	0.00543077	0.104685	0.00716923	0.0183923	0.0173308	0.0207385	0.0680154	
0.212892	0.259923	0.125392	0.0339692	0	0	0	0	0.0397692	0.0110385	0.551862	0.0295077	0.00201538	0.00109231	0.627692	0.00137692	0.00147692	0.00796154	0.00156923	0.621169	0.395377	0.0203769	0.194931	0.0214923	0.391262	0.0614692	0.0915	0.0879462	0.0668154	0.0514538	0.451538	0.0623692	0.123746	0.117608	0.136162	0.254662	
0.0324846	0.0297	0.0188462	0.0255231	0	0	0	0	0.0219308	0.00599231	0.0620077	0.0166231	0.000384615	0.000184615	0.105715	0.000269231	0.000323077	0.00140769	0.000261538	0.104562	0.0572077	0.00353846	0.0418	0.00400769	0.0868462	0.00374615	0.00792308	0.00803846	0.00385385	0.00303077	0.0958385	0.00383077	0.0128462	0.0119308	0.0137385	0.0680385	
0.0381	0.0272	0.0217077	0.0297462	0	0	0	0	0.0197385	0.00563846	0.0775308	0.0138462	0.000284615	0.000138462	0.116046	0.000284615	0.000192308	0.00138462	0.000276923	0.1149	0.0634769	0.00404615	0.0453538	0.00387692	0.0951308	0.00437692	0.00904615	0.0082	0.00440769	0.00356154	0.104792	0.00399231	0.0144462	0.0139923	0.0163769	0.0719385	
0.0430846	0.0406769	0.0255154	0.0352385	0	0	0	0	0.0151154	0.00438462	0.114062	0.0109538	0.000469231	0.000230769	0.143638	0.000176923	0.000261538	0.002	0.000276923	0.141977	0.0789769	0.00491538	0.0556077	0.00501538	0.115123	0.00585385	0.0121769	0.0113615	0.00539231	0.00411538	0.129815	0.00519231	0.0200923	0.0190923	0.0221923	0.0831385	
0.0307385	0.0313846	0.0183615	0.0160692	0.0397692	0.0219308	0.0197385	0.0151154	0	0	0	0	0.000238462	0.000161538	0.0958923	0.000261538	0.000230769	0.00126154	0.000261538	0.0948	0.0530308	0.00312308	0.0370077	0.00339231	0.0791154	0.00387692	0.00694615	0.00661538	0.0055	0.00397692	0.0825308	0.00454615	0.00813846	0.00774615	0.00858462	0.0720846	
0.00857692	0.00890769	0.005	0.00456923	0.0110385	0.00599231	0.00563846	0.00438462	0	0	0	0	3.07692e-05	6.92308e-05	0.0268923	6.15385e-05	6.15385e-05	0.000346154	9.23077e-05	0.0265538	0.0145077	0.000961538	0.0107	0.000884615	0.0223308	0.000969231	0.00177692	0.00197692	0.00137692	0.00105385	0.0232615	0.00136154	0.00244615	0.00219231	0.00254615	0.0198692	
0.264138	0.293869	0.155015	0.0924385	0.551862	0.0620077	0.0775308	0.114062	0	0	0	0	0.00263846	0.00126923	0.799877	0.00167692	0.00173077	0.0101615	0.00194615	0.791623	0.488554	0.0264615	0.262723	0.0277231	0.5286	0.0679231	0.1068	0.102138	0.0697	0.0542462	0.615631	0.0658846	0.154446	0.147331	0.170715	0.332969	
0.0231077	0.0233385	0.0130846	0.0114	0.0295077	0.0166231	0.0138462	0.0109538	0	0	0	0	0.000246154	0.000146154	0.0704308	0.000107692	0.000230769	0.000984615	8.46154e-05	0.0696308	0.0389462	0.00233077	0.0272615	0.00239231	0.0583154	0.00267692	0.00512308	0.00481538	0.00389231	0.00288462	0.0605615	0.00359231	0.0061	0.00535385	0.00662308	0.0528538	
0.000961538	0.00113077	0.000730769	0.000330769	0.00201538	0.000384615	0.000284615	0.000469231	0.000238462	3.07692e-05	0.00263846	0.000246154	0	0	0	0	7.69231e-06	4.61538e-05	7.69231e-06	0.00309231	0.00186923	0.000153846	0.00103846	9.23077e-05	0.00208462	0.000269231	0.000369231	0.000430769	0.000261538	0.000207692	0.00242308	0.000261538	0.000676923	0.0005	0.000507692	0.00146923	
0.000530769	0.000607692	0.0003	0.000207692	0.00109231	0.000184615	0.000138462	0.000230769	0.000161538	6.92308e-05	0.00126923	0.000146154	0	0	0	0	0	1.53846e-05	0	0.00163077	0.000976923	3.84615e-05	0.000561538	6.92308e-05	0.00114615	0.0001	0.000207692	0.000192308	0.000138462	9.23077e-05	0.00127692	0.000138462	0.0003	0.000276923	0.000246154	0.000823077	
0.324292	0.355123	0.189977	0.1237	0.627692	0.105715	0.116046	0.143638	0.0958923	0.0268923	0.799877	0.0704308	0	0	0	0	0.00223846	0.0126692	0.00237692	0.975808	0.590969	0.0326077	0.335369	0.0341462	0.683715	0.0748692	0.119785	0.114723	0.0799308	0.0617154	0.776669	0.0747769	0.169777	0.161531	0.187262	0.474523	
0.000776923	0.000638462	0.000453846	0.000238462	0.00137692	0.000269231	0.000284615	0.000176923	0.000261538	6.15385e-05	0.00167692	0.000107692	0	0	0	0	7.69231e-06	2.30769e-05	0	0.00207692	0.00122308	7.69231e-05	0.000723077	8.46154e-05	0.00141538	0.000207692	0.000284615	0.0002	0.000138462	0.000146154	0.00161538	0.000207692	0.000376923	0.000315385	0.000453846	0.000961538	
0.000738462	0.000869231	0.000430769	0.000215385	0.00147692	0.000323077	0.000192308	0.000261538	0.000230769	6.15385e-05	0.00173077	0.000230769	7.69231e-06	0	0.00223846	7.69231e-06	0	0	0	0	0.00125385	6.92308e-05	0.000830769	0.0001	0.00161538	0.000107692	0.000269231	0.000261538	0.000130769	0.000184615	0.00178462	0.000153846	0.000415385	0.000338462	0.000438462	0.00106154	
0.00408462	0.00459231	0.0024	0.00167692	0.00796154	0.00140769	0.00138462	0.002	0.00126154	0.000346154	0.0101615	0.000984615	4.61538e-05	1.53846e-05	0.0126692	2.30769e-05	0	0	0	0	0.00743077	0.000423077	0.00435385	0.000546154	0.00855385	0.00105385	0.00166154	0.00148462	0.000907692	0.0009	0.00995385	0.000992308	0.00202308	0.00176923	0.00253077	0.00643077	
0.0007	0.000792308	0.000615385	0.000276923	0.00156923	0.000261538	0.000276923	0.000276923	0.000261538	9.23077e-05	0.00194615	8.46154e-05	7.69231e-06	0	0.00237692	0	0	0	0	0	0.00156154	3.07692e-05	0.000715385	7.69231e-05	0.00164615	0.000192308	0.000253846	0.000292308	0.000215385	0.000138462	0.00183077	0.0002	0.000438462	0.000361538	0.000476923	0.00110769	
0.321038	0.351246	0.188015	0.122308	0.621169	0.104562	0.1149	0.141977	0.0948	0.0265538	0.791623	0.0696308	0.00309231	0.00163077	0.975808	0.00207692	0	0	0	0	0.584792	0.0323538	0.331792	0.0336692	0.676546	0.0740923	0.118462	0.113508	0.0792154	0.0609385	0.768415	0.0740385	0.168254	0.160154	0.185023	0.469177	
0.195277	0.215231	0.113569	0.0709615	0.395377	0.0572077	0.0634769	0.0789769	0.0530308	0.0145077	0.488554	0.0389462	0.00186923	0.000976923	0.590969	0.00122308	0.00125385	0.00743077	0.00156154	0.584792	0	0	0	0	0.371885	0.0579308	0.0840462	0.0811769	0.0649385	0.0506769	0.418946	0.0604769	0.109592	0.105115	0.120638	0.259692	
0.0104923	0.0120308	0.00604615	0.00430769	0.0203769	0.00353846	0.00404615	0.00491538	0.00312308	0.000961538	0.0264615	0.00233077	0.000153846	3.84615e-05	0.0326077	7.69231e-05	6.92308e-05	0.000423077	3.07692e-05	0.0323538	0	0	0	0	0.0202769	0.00236154	0.00521538	0.00502308	0.00132308	0.00106154	0.0292538	0.00123846	0.0051	0.00448462	0.00588462	0.0174077	
0.109177	0.118508	0.0650154	0.0449923	0.194931	0.0418	0.0453538	0.0556077	0.0370077	0.0107	0.262723	0.0272615	0.00103846	0.000561538	0.335369	0.000723077	0.000830769	0.00435385	0.000715385	0.331792	0	0	0	0	0.274738	0.0126923	0.0259154	0.0243462	0.0128846	0.00947692	0.303115	0.0122154	0.0510231	0.0477231	0.0563154	0.182631	
0.0116154	0.0117308	0.00683077	0.00421538	0.0214923	0.00400769	0.00387692	0.00501538	0.00339231	0.000884615	0.0277231	0.00239231	9.23077e-05	6.92308e-05	0.0341462	8.46154e-05	0.0001	0.000546154	7.69231e-05	0.0336692	0	0	0	0	0.0214615	0.00246154	0.00546923	0.005	0.00132308	0.000946154	0.0306692	0.00145385	0.00541538	0.0053	0.00563077	0.0180462	
0.223523	0.239869	0.130485	0.0944846	0.391262	0.0868462	0.0951308	0.115123	0.0791154	0.0223308	0.5286	0.0583154	0.00208462	0.00114615	0.683715	0.00141538	0.00161538	0.00855385	0.00164615	0.676546	0.371885	0.0202769	0.274738	0.0214615	0	0	0	0	0.0451231	0.0340923	0.566962	0.0421846	0.111854	0.106515	0.122762	0.347231	
0.0253692	0.0289615	0.0143077	0.00680769	0.0614692	0.00374615	0.00437692	0.00585385	0.00387692	0.000969231	0.0679231	0.00267692	0.000269231	0.0001	0.0748692	0.000207692	0.000107692	0.00105385	0.000192308	0.0740923	0.0579308	0.00236154	0.0126923	0.00246154	0	0	0	0	0.0152923	0.0122462	0.0335	0.0144077	0.0158846	0.0149923	0.0170154	0.0275538	
0.0393615	0.0453615	0.0238308	0.0120923	0.0915	0.00792308	0.00904615	0.0121769	0.00694615	0.00177692	0.1068	0.00512308	0.000369231	0.000207692	0.119785	0.000284615	0.000269231	0.00166154	0.000253846	0.118462	0.0840462	0.00521538	0.0259154	0.00546923	0	0	0	0	0.0100615	0.00788462	0.0932692	0.00943077	0.0227923	0.0206	0.0251308	0.0521231	
0.0383077	0.0433077	0.0228385	0.0110923	0.0879462	0.00803846	0.0082	0.0113615	0.00661538	0.00197692	0.102138	0.00481538	0.000430769	0.000192308	0.114723	0.0002	0.000261538	0.00148462	0.000292308	0.113508	0.0811769	0.00502308	0.0243462	0.005	0	0	0	0	0.00999231	0.00793846	0.0882538	0.00936154	0.0206	0.0205154	0.0235615	0.0508692	
0.0267615	0.0311077	0.0154077	0.00719231	0.0668154	0.00385385	0.00440769	0.00539231	0.0055	0.00137692	0.0697	0.00389231	0.000261538	0.000138462	0.0799308	0.000138462	0.000130769	0.000907692	0.000215385	0.0792154	0.0649385	0.00132308	0.0128846	0.00132308	0.0451231	0.0152923	0.0100615	0.00999231	0	0	0	0	0.0189154	0.0178308	0.0199692	0.0237538	
0.0204462	0.0240308	0.0122538	0.00543077	0.0514538	0.00303077	0.00356154	0.00411538	0.00397692	0.00105385	0.0542462	0.00288462	0.000207692	9.23077e-05	0.0617154	0.000146154	0.000184615	0.0009	0.000138462	0.0609385	0.0506769	0.00106154	0.00947692	0.000946154	0.0340923	0.0122462	0.00788462	0.00793846	0	0	0	0	0.0144385	0.0138077	0.0156308	0.0182846	
0.254846	0.273146	0.149308	0.104685	0.451538	0.0958385	0.104792	0.129815	0.0825308	0.0232615	0.615631	0.0605615	0.00242308	0.00127692	0.776669	0.00161538	0.00178462	0.00995385	0.00183077	0.768415	0.418946	0.0292538	0.303115	0.0306692	0.566962	0.0335	0.0932692	0.0882538	0	0	0	0	0.120138	0.114592	0.133346	0.413908	
0.0245077	0.0292154	0.0144923	0.00716923	0.0623692	0.00383077	0.00399231	0.00519231	0.00454615	0.00136154	0.0658846	0.00359231	0.000261538	0.000138462	0.0747769	0.000207692	0.000153846	0.000992308	0.0002	0.0740385	0.0604769	0.00123846	0.0122154	0.00145385	0.0421846	0.0144077	0.00943077	0.00936154	0	0	0	0	0.0176385	0.0163923	0.0195231	0.0218308	
0.0571308	0.0628	0.0328077	0.0183923	0.123746	0.0128462	0.0144462	0.0200923	0.00813846	0.00244615	0.154446	0.0061	0.000676923	0.0003	0.169777	0.000376923	0.000415385	0.00202308	0.000438462	0.168254	0.109592	0.0051	0.0510231	0.00541538	0.111854	0.0158846	0.0227923	0.0206	0.0189154	0.0144385	0.120138	0.0176385	0	0	0	0	
0.0528769	0.0605	0.0319154	0.0173308	0.117608	0.0119308	0.0139923	0.0190923	0.00774615	0.00219231	0.147331	0.00535385	0.0005	0.000276923	0.161531	0.000315385	0.000338462	0.00176923	0.000361538	0.160154	0.105115	0.00448462	0.0477231	0.0053	0.106515	0.0149923	0.0206	0.0205154	0.0178308	0.0138077	0.114592	0.0163923	0	0	0	0	
0.0617615	0.0696462	0.0363231	0.0207385	0.136162	0.0137385	0.0163769	0.0221923	0.00858462	0.00254615	0.170715	0.00662308	0.000507692	0.000246154	0.187262	0.000453846	0.000438462	0.00253077	0.000476923	0.185023	0.120638	0.00588462	0.0563154	0.00563077	0.122762	0.0170154	0.0251308	0.0235615	0.0199692	0.0156308	0.133346	0.0195231	0	0	0	0	
0.154792	0.164554	0.0904154	0.0680154	0.254662	0.0680385	0.0719385	0.0831385	0.0720846	0.0198692	0.332969	0.0528538	0.00146923	0.000823077	0.474523	0.000961538	0.00106154	0.00643077	0.00110769	0.469177	0.259692	0.0174077	0.182631	0.0180462	0.347231	0.0275538	0.0521231	0.0508692	0.0237538	0.0182846	0.413908	0.0218308	0	0	0	0	
