0	0	0	0	0.213885	0.0314077	0.0379385	0.0436692	0.0313538	0.00846923	0.263369	0.0237077	0.00111538	0.000484615	0.324585	0.000715385	0.000776923	0.00393846	0.000930769	0.321254	0.196185	0.0106154	0.109046	0.0110538	0.221977	0.0254	0.0404462	0.0390769	0.0274308	0.0207615	0.253077	0.0256308	0.0558077	0.0530231	0.0616077	0.156462	
0	0	0	0	0.261338	0.0301	0.0274846	0.0397231	0.0313538	0.00942308	0.294669	0.0232	0.00113846	0.000730769	0.356038	0.000738462	0.000861538	0.0042	0.000676923	0.352908	0.216108	0.0117462	0.118862	0.0119308	0.239346	0.0289154	0.0464308	0.0439538	0.0312154	0.0238308	0.274077	0.0295231	0.0634923	0.0616615	0.0705077	0.162985	
0	0	0	0	0.125246	0.0186	0.0219385	0.0253615	0.0182769	0.00562308	0.153985	0.0132615	0.000592308	0.000307692	0.189946	0.0003	0.000461538	0.00252308	0.000546154	0.187615	0.113731	0.00628462	0.0651	0.00603077	0.131085	0.0155	0.0232846	0.0212769	0.017	0.0122154	0.147185	0.0147462	0.0327615	0.0315231	0.0372231	0.0896385	
0	0	0	0	0.0339615	0.0248615	0.0293846	0.0351	0.0158077	0.00456154	0.0911538	0.0117846	0.000330769	0.000215385	0.122446	0.000315385	0.000276923	0.0016	0.000246154	0.121185	0.0703	0.00386923	0.0448692	0.00426923	0.0923462	0.00702308	0.0120154	0.0119231	0.00693846	0.00533077	0.1042	0.00683846	0.0177692	0.0177615	0.0199	0.0678769	
0.213885	0.261338	0.125246	0.0339615	0	0	0	0	0.0405462	0.0120077	0.552031	0.0298462	0.00213846	0.000976923	0.630046	0.00126923	0.00153846	0.00740769	0.00157692	0.623908	0.396262	0.0204538	0.197131	0.0205846	0.390385	0.0627	0.0928846	0.0884615	0.0678692	0.0510077	0.452131	0.0634231	0.123469	0.118462	0.137731	0.254769	
0.0314077	0.0301	0.0186	0.0248615	0	0	0	0	0.0216077	0.00634615	0.0614308	0.0155846	0.000369231	0.0002	0.104146	0.000253846	0.000253846	0.00143846	0.000284615	0.102992	0.0569615	0.00361538	0.0405692	0.00382308	0.0854077	0.00396923	0.00793077	0.00766154	0.00419231	0.00330769	0.0934231	0.00404615	0.0122231	0.0125923	0.0137	0.0664538	
0.0379385	0.0274846	0.0219385	0.0293846	0	0	0	0	0.02	0.00555385	0.0762769	0.0149154	0.000315385	0.000284615	0.115915	0.000230769	0.000269231	0.00144615	0.000246154	0.114785	0.0636923	0.00395385	0.0452154	0.00388462	0.0945538	0.00433846	0.00914615	0.00870769	0.00468462	0.00341538	0.104769	0.00387692	0.0143538	0.0139154	0.0161077	0.0723692	
0.0436692	0.0397231	0.0253615	0.0351	0	0	0	0	0.0146385	0.00416923	0.113438	0.0116077	0.000353846	0.000276923	0.142908	0.000315385	0.000315385	0.00196923	0.000292308	0.141277	0.0794077	0.00449231	0.0549615	0.00499231	0.114408	0.00583077	0.0122154	0.0114	0.00583846	0.00440769	0.128215	0.00539231	0.0197846	0.019	0.0217	0.0833692	
0.0313538	0.0313538	0.0182769	0.0158077	0.0405462	0.0216077	0.02	0.0146385	0	0	0	0	0.000223077	0.000207692	0.0961385	0.000223077	0.0002	0.00131538	0.000223077	0.0950538	0.0533385	0.00337692	0.0370077	0.00306923	0.0787769	0.00389231	0.00725385	0.00686923	0.00567692	0.00369231	0.0826231	0.0048	0.00844615	0.00768462	0.00886154	0.0718	
0.00846923	0.00942308	0.00562308	0.00456154	0.0120077	0.00634615	0.00555385	0.00416923	0	0	0	0	0.000123077	3.84615e-05	0.0278538	6.15385e-05	6.15385e-05	0.000376923	4.61538e-05	0.0275923	0.0153615	0.00110769	0.0106231	0.000984615	0.0228615	0.00121538	0.00213846	0.00186154	0.00153077	0.00116154	0.0239077	0.00147692	0.0024	0.00233077	0.00255385	0.0207923	
0.263369	0.294669	0.153985	0.0911538	0.552031	0.0614308	0.0762769	0.113438	0	0	0	0	0.00262308	0.00133846	0.797569	0.00164615	0.00192308	0.0097	0.00197692	0.789577	0.488477	0.0256538	0.262492	0.0265538	0.524385	0.0688308	0.107531	0.102431	0.0715615	0.0540154	0.610731	0.0668692	0.152931	0.147792	0.170631	0.331823	
0.0237077	0.0232	0.0132615	0.0117846	0.0298462	0.0155846	0.0149154	0.0116077	0	0	0	0	0.000207692	0.000153846	0.0714538	0.000138462	0.000192308	0.000869231	0.000153846	0.0707385	0.0391462	0.00237692	0.0277538	0.00267692	0.0587308	0.0029	0.00525385	0.00506923	0.00381538	0.00326923	0.0612769	0.00359231	0.00605385	0.00616154	0.00719231	0.0525462	
0.00111538	0.00113846	0.000592308	0.000330769	0.00213846	0.000369231	0.000315385	0.000353846	0.000223077	0.000123077	0.00262308	0.000207692	0	0	0	0	0	4.61538e-05	0	0.00313077	0.00181538	0.000130769	0.00109231	0.000138462	0.00202308	0.000307692	0.000384615	0.000461538	0.000238462	0.000261538	0.00236923	0.000307692	0.000576923	0.000430769	0.000646154	0.00152308	
0.000484615	0.000730769	0.000307692	0.000215385	0.000976923	0.0002	0.000284615	0.000276923	0.000207692	3.84615e-05	0.00133846	0.000153846	0	0	0	0	1.53846e-05	1.53846e-05	0	0.00170769	0.00102308	5.38462e-05	0.000561538	0.0001	0.0012	0.000123077	0.000192308	0.000223077	0.000153846	9.23077e-05	0.00135385	0.000138462	0.000346154	0.0003	0.000353846	0.000738462	
0.324585	0.356038	0.189946	0.122446	0.630046	0.104146	0.115915	0.142908	0.0961385	0.0278538	0.797569	0.0714538	0	0	0	0	0.00236154	0.0121692	0.0024	0.976085	0.592185	0.0322769	0.335577	0.0329769	0.680031	0.0761923	0.121369	0.115423	0.0820154	0.0616385	0.773231	0.0761308	0.168546	0.162938	0.187854	0.473677	
0.000715385	0.000738462	0.0003	0.000315385	0.00126923	0.000253846	0.000230769	0.000315385	0.000223077	6.15385e-05	0.00164615	0.000138462	0	0	0	0	0	3.07692e-05	0	0.00203846	0.0013	5.38462e-05	0.000646154	6.92308e-05	0.0015	0.000215385	0.000230769	0.000123077	0.000176923	0.000146154	0.00158462	0.000161538	0.000361538	0.0003	0.000384615	0.00102308	
0.000776923	0.000861538	0.000461538	0.000276923	0.00153846	0.000253846	0.000269231	0.000315385	0.0002	6.15385e-05	0.00192308	0.000192308	0	1.53846e-05	0.00236154	0	0	0	0	0	0.00138462	6.92308e-05	0.000838462	8.46154e-05	0.00159231	0.000146154	0.000238462	0.0004	0.000176923	8.46154e-05	0.00200769	0.000107692	0.000376923	0.000323077	0.000469231	0.00120769	
0.00393846	0.0042	0.00252308	0.0016	0.00740769	0.00143846	0.00144615	0.00196923	0.00131538	0.000376923	0.0097	0.000869231	4.61538e-05	1.53846e-05	0.0121692	3.07692e-05	0	0	0	0	0.00713077	0.000292308	0.00443077	0.000407692	0.00843077	0.000853846	0.00156154	0.00141538	0.000976923	0.000830769	0.00953077	0.000923077	0.00202308	0.00193846	0.00250769	0.00579231	
0.000930769	0.000676923	0.000546154	0.000246154	0.00157692	0.000284615	0.000246154	0.000292308	0.000223077	4.61538e-05	0.00197692	0.000153846	0	0	0.0024	0	0	0	0	0	0.00136154	7.69231e-05	0.000861538	0.0001	0.00169231	0.000207692	0.000223077	0.000276923	0.000207692	0.000146154	0.00188462	0.000161538	0.000423077	0.000392308	0.000446154	0.00113846	
0.321254	0.352908	0.187615	0.121185	0.623908	0.102992	0.114785	0.141277	0.0950538	0.0275923	0.789577	0.0707385	0.00313077	0.00170769	0.976085	0.00203846	0	0	0	0	0.586446	0.0320769	0.331746	0.0326923	0.673038	0.0756308	0.120154	0.114138	0.0812231	0.0610769	0.765115	0.0755462	0.167008	0.161315	0.185815	0.468823	
0.196185	0.216108	0.113731	0.0703	0.396262	0.0569615	0.0636923	0.0794077	0.0533385	0.0153615	0.488477	0.0391462	0.00181538	0.00102308	0.592185	0.0013	0.00138462	0.00713077	0.00136154	0.586446	0	0	0	0	0.370292	0.0592692	0.0857462	0.0810154	0.0661692	0.0499769	0.418231	0.0619462	0.108977	0.105292	0.121292	0.260762	
0.0106154	0.0117462	0.00628462	0.00386923	0.0204538	0.00361538	0.00395385	0.00449231	0.00337692	0.00110769	0.0256538	0.00237692	0.000130769	5.38462e-05	0.0322769	5.38462e-05	6.92308e-05	0.000292308	7.69231e-05	0.0320769	0	0	0	0	0.0201769	0.00235385	0.00508462	0.0049	0.00145385	0.00102308	0.0287231	0.00131538	0.00485385	0.00491538	0.00571538	0.0170308	
0.109046	0.118862	0.0651	0.0448692	0.197131	0.0405692	0.0452154	0.0549615	0.0370077	0.0106231	0.262492	0.0277538	0.00109231	0.000561538	0.335577	0.000646154	0.000838462	0.00443077	0.000861538	0.331746	0	0	0	0	0.273938	0.0125231	0.0261308	0.0252846	0.0133231	0.01	0.302454	0.0121	0.0506308	0.0488615	0.0567846	0.1816	
0.0110538	0.0119308	0.00603077	0.00426923	0.0205846	0.00382308	0.00388462	0.00499231	0.00306923	0.000984615	0.0265538	0.00267692	0.000138462	0.0001	0.0329769	6.92308e-05	8.46154e-05	0.000407692	0.0001	0.0326923	0	0	0	0	0.0203462	0.00269231	0.00521538	0.00503077	0.00163846	0.00113846	0.0291308	0.00137692	0.00536923	0.0049	0.00544615	0.0175692	
0.221977	0.239346	0.131085	0.0923462	0.390385	0.0854077	0.0945538	0.114408	0.0787769	0.0228615	0.524385	0.0587308	0.00202308	0.0012	0.680031	0.0015	0.00159231	0.00843077	0.00169231	0.673038	0.370292	0.0201769	0.273938	0.0203462	0	0	0	0	0.0460154	0.0340154	0.562569	0.0421538	0.110162	0.106	0.123069	0.345523	
0.0254	0.0289154	0.0155	0.00702308	0.0627	0.00396923	0.00433846	0.00583077	0.00389231	0.00121538	0.0688308	0.0029	0.000307692	0.000123077	0.0761923	0.000215385	0.000146154	0.000853846	0.000207692	0.0756308	0.0592692	0.00235385	0.0125231	0.00269231	0	0	0	0	0.0165846	0.0120077	0.0333231	0.0149231	0.0160077	0.0149769	0.0177615	0.0280923	
0.0404462	0.0464308	0.0232846	0.0120154	0.0928846	0.00793077	0.00914615	0.0122154	0.00725385	0.00213846	0.107531	0.00525385	0.000384615	0.000192308	0.121369	0.000230769	0.000238462	0.00156154	0.000223077	0.120154	0.0857462	0.00508462	0.0261308	0.00521538	0	0	0	0	0.0102385	0.00800769	0.0936923	0.0102385	0.0219538	0.0221846	0.0249308	0.0531077	
0.0390769	0.0439538	0.0212769	0.0119231	0.0884615	0.00766154	0.00870769	0.0114	0.00686923	0.00186154	0.102431	0.00506923	0.000461538	0.000223077	0.115423	0.000123077	0.0004	0.00141538	0.000276923	0.114138	0.0810154	0.0049	0.0252846	0.00503077	0	0	0	0	0.00974615	0.00810769	0.0889538	0.00942308	0.0217077	0.0208077	0.0234769	0.0502385	
0.0274308	0.0312154	0.017	0.00693846	0.0678692	0.00419231	0.00468462	0.00583846	0.00567692	0.00153077	0.0715615	0.00381538	0.000238462	0.000153846	0.0820154	0.000176923	0.000176923	0.000976923	0.000207692	0.0812231	0.0661692	0.00145385	0.0133231	0.00163846	0.0460154	0.0165846	0.0102385	0.00974615	0	0	0	0	0.0186154	0.0181692	0.0209154	0.0248846	
0.0207615	0.0238308	0.0122154	0.00533077	0.0510077	0.00330769	0.00341538	0.00440769	0.00369231	0.00116154	0.0540154	0.00326923	0.000261538	9.23077e-05	0.0616385	0.000146154	8.46154e-05	0.000830769	0.000146154	0.0610769	0.0499769	0.00102308	0.01	0.00113846	0.0340154	0.0120077	0.00800769	0.00810769	0	0	0	0	0.0142769	0.0133	0.0159538	0.0186077	
0.253077	0.274077	0.147185	0.1042	0.452131	0.0934231	0.104769	0.128215	0.0826231	0.0239077	0.610731	0.0612769	0.00236923	0.00135385	0.773231	0.00158462	0.00200769	0.00953077	0.00188462	0.765115	0.418231	0.0287231	0.302454	0.0291308	0.562569	0.0333231	0.0936923	0.0889538	0	0	0	0	0.119638	0.115446	0.132846	0.410608	
0.0256308	0.0295231	0.0147462	0.00683846	0.0634231	0.00404615	0.00387692	0.00539231	0.0048	0.00147692	0.0668692	0.00359231	0.000307692	0.000138462	0.0761308	0.000161538	0.000107692	0.000923077	0.000161538	0.0755462	0.0619462	0.00131538	0.0121	0.00137692	0.0421538	0.0149231	0.0102385	0.00942308	0	0	0	0	0.0173	0.0170538	0.0195231	0.0228615	
0.0558077	0.0634923	0.0327615	0.0177692	0.123469	0.0122231	0.0143538	0.0197846	0.00844615	0.0024	0.152931	0.00605385	0.000576923	0.000346154	0.168546	0.000361538	0.000376923	0.00202308	0.000423077	0.167008	0.108977	0.00485385	0.0506308	0.00536923	0.110162	0.0160077	0.0219538	0.0217077	0.0186154	0.0142769	0.119638	0.0173	0	0	0	0	
0.0530231	0.0616615	0.0315231	0.0177615	0.118462	0.0125923	0.0139154	0.019	0.00768462	0.00233077	0.147792	0.00616154	0.000430769	0.0003	0.162938	0.0003	0.000323077	0.00193846	0.000392308	0.161315	0.105292	0.00491538	0.0488615	0.0049	0.106	0.0149769	0.0221846	0.0208077	0.0181692	0.0133	0.115446	0.0170538	0	0	0	0	
0.0616077	0.0705077	0.0372231	0.0199	0.137731	0.0137	0.0161077	0.0217	0.00886154	0.00255385	0.170631	0.00719231	0.000646154	0.000353846	0.187854	0.000384615	0.000469231	0.00250769	0.000446154	0.185815	0.121292	0.00571538	0.0567846	0.00544615	0.123069	0.0177615	0.0249308	0.0234769	0.0209154	0.0159538	0.132846	0.0195231	0	0	0	0	
0.156462	0.162985	0.0896385	0.0678769	0.254769	0.0664538	0.0723692	0.0833692	0.0718	0.0207923	0.331823	0.0525462	0.00152308	0.000738462	0.473677	0.00102308	0.00120769	0.00579231	0.00113846	0.468823	0.260762	0.0170308	0.1816	0.0175692	0.345523	0.0280923	0.0531077	0.0502385	0.0248846	0.0186077	0.410608	0.0228615	0	0	0	0	
