0	0	0	0	0.224	0.0379231	0.0370308	0.0485769	0.0401231	0.0134769	0.262131	0.0318	0.00158462	0.000776923	0.343892	0.00127692	0.00103077	0.00514615	0.000976923	0.340377	0.200108	0.0140154	0.112854	0.0205538	0.233108	0.0284154	0.0391462	0.0468615	0.0403154	0.0205692	0.253877	0.0327692	0.0719615	0.0504308	0.0546923	0.170446	
0	0	0	0	0.235692	0.0307923	0.0300077	0.0378	0.0362923	0.0125308	0.255823	0.0296462	0.00149231	0.000676923	0.331115	0.00100769	0.00101538	0.00516923	0.000961538	0.327146	0.193838	0.0142385	0.107015	0.0192	0.220823	0.028	0.0386154	0.0468538	0.0401846	0.0208615	0.241762	0.0314846	0.0698154	0.0482769	0.0539692	0.162231	
0	0	0	0	0.117623	0.0212462	0.0202538	0.0257538	0.0218231	0.00737692	0.138592	0.0170846	0.0008	0.000415385	0.1832	0.000461538	0.000638462	0.00303077	0.000430769	0.180777	0.106	0.00775385	0.0598308	0.0112923	0.123823	0.0151231	0.0215	0.0244308	0.0208308	0.0106077	0.136392	0.0170462	0.0381154	0.0268692	0.0279846	0.0919077	
0	0	0	0	0.0340462	0.0302077	0.0305308	0.0385154	0.0196	0.00621538	0.0921923	0.0152923	0.000507692	0.000292308	0.132085	0.000415385	0.000392308	0.00195385	0.000384615	0.130569	0.0738231	0.00567692	0.0460308	0.00776923	0.0970077	0.00905385	0.0123769	0.0148615	0.0113846	0.00574615	0.107077	0.00909231	0.0226923	0.0167538	0.0181692	0.0756846	
0.224	0.235692	0.117623	0.0340462	0	0	0	0	0.0548154	0.0180538	0.495431	0.0430615	0.00266154	0.00135385	0.605354	0.00199231	0.00183846	0.00946154	0.00163846	0.598423	0.365677	0.0249154	0.185154	0.0356154	0.376969	0.0587846	0.0802077	0.0954	0.0882077	0.045	0.407723	0.0704308	0.141577	0.0985077	0.107138	0.264138	
0.0379231	0.0307923	0.0212462	0.0302077	0	0	0	0	0.0220538	0.00729231	0.0739615	0.0168615	0.000546154	0.000276923	0.119015	0.000330769	0.000330769	0.00173077	0.000407692	0.1177	0.0643	0.00495385	0.0436923	0.00722308	0.0923769	0.00676923	0.00983846	0.0111846	0.00729231	0.00402308	0.102831	0.00602308	0.0185923	0.0129385	0.0144769	0.0741615	
0.0370308	0.0300077	0.0202538	0.0305308	0	0	0	0	0.0211077	0.00697692	0.0731846	0.0165538	0.000469231	0.000238462	0.116731	0.000384615	0.000384615	0.00189231	0.000292308	0.115254	0.0623231	0.00526154	0.0432462	0.00699231	0.0907385	0.00636923	0.00967692	0.0110385	0.00766923	0.00368462	0.100677	0.00579231	0.0180077	0.0131538	0.0139308	0.0727308	
0.0485769	0.0378	0.0257538	0.0385154	0	0	0	0	0.0198615	0.00727692	0.106162	0.0173462	0.000707692	0.000292308	0.149192	0.000453846	0.000523077	0.00221538	0.000415385	0.147492	0.0814692	0.00655385	0.0536385	0.00898462	0.114677	0.00866923	0.0119154	0.0153846	0.00954615	0.00507692	0.127877	0.00814615	0.0244077	0.0177308	0.0192692	0.0892385	
0.0401231	0.0362923	0.0218231	0.0196	0.0548154	0.0220538	0.0211077	0.0198615	0	0	0	0	0.000669231	0.000184615	0.116608	0.000376923	0.000415385	0.00186154	0.000292308	0.115269	0.0643923	0.00489231	0.0418923	0.00666154	0.0941846	0.00582308	0.00857692	0.00925385	0.00827692	0.00419231	0.0987308	0.00663846	0.0137769	0.00971538	0.0110231	0.0833231	
0.0134769	0.0125308	0.00737692	0.00621538	0.0180538	0.00729231	0.00697692	0.00727692	0	0	0	0	0.000192308	9.23077e-05	0.0392077	0.000107692	0.000138462	0.000623077	6.92308e-05	0.0387692	0.0224077	0.00163077	0.0133385	0.00222308	0.0315846	0.00191538	0.00282308	0.00327692	0.0029	0.00158462	0.0327231	0.00239231	0.00497692	0.00326154	0.00342308	0.0279385	
0.262131	0.255823	0.138592	0.0921923	0.495431	0.0739615	0.0731846	0.106162	0	0	0	0	0.00314615	0.0016	0.741515	0.00247692	0.00221538	0.0114	0.00216923	0.732954	0.435008	0.0313538	0.237731	0.0446462	0.474315	0.0683154	0.0934923	0.112615	0.0946692	0.0485846	0.5293	0.0761846	0.173	0.121808	0.131931	0.322	
0.0318	0.0296462	0.0170846	0.0152923	0.0430615	0.0168615	0.0165538	0.0173462	0	0	0	0	0.000376923	0.000284615	0.0929615	0.0002	0.000307692	0.00141538	0.000223077	0.0918769	0.0519615	0.00380769	0.0327692	0.00528462	0.0746769	0.00453846	0.00674615	0.00786154	0.00686923	0.00342308	0.0783538	0.00517692	0.0108308	0.00754615	0.00843846	0.0670077	
0.00158462	0.00149231	0.0008	0.000507692	0.00266154	0.000546154	0.000469231	0.000707692	0.000669231	0.000192308	0.00314615	0.000376923	0	0	0	0	0	6.92308e-05	7.69231e-06	0.00430769	0.00256154	0.000123077	0.00139231	0.000307692	0.00300769	0.000346154	0.000561538	0.000469231	0.000538462	0.000192308	0.00313846	0.000515385	0.000969231	0.0006	0.000653846	0.00216154	
0.000776923	0.000676923	0.000415385	0.000292308	0.00135385	0.000276923	0.000238462	0.000292308	0.000184615	9.23077e-05	0.0016	0.000284615	0	0	0	0	0	4.61538e-05	7.69231e-06	0.00210769	0.00123077	7.69231e-05	0.000738462	0.000115385	0.00146923	0.000176923	0.000215385	0.0003	0.000223077	9.23077e-05	0.00166923	0.000176923	0.000407692	0.000353846	0.000276923	0.00112308	
0.343892	0.331115	0.1832	0.132085	0.605354	0.119015	0.116731	0.149192	0.116608	0.0392077	0.741515	0.0929615	0	0	0	0	0.00307692	0.0151077	0.00272308	0.969385	0.568123	0.0413615	0.322623	0.0581846	0.668085	0.0798308	0.110469	0.131908	0.111538	0.0572462	0.732092	0.0894154	0.200546	0.140808	0.153462	0.495477	
0.00127692	0.00100769	0.000461538	0.000415385	0.00199231	0.000330769	0.000384615	0.000453846	0.000376923	0.000107692	0.00247692	0.0002	0	0	0	0	0	7.69231e-05	1.53846e-05	0.00306923	0.00185385	0.000123077	0.000976923	0.000207692	0.0022	0.000238462	0.000392308	0.000330769	0.000415385	0.000253846	0.00220769	0.000284615	0.000661538	0.000569231	0.000423077	0.00150769	
0.00103077	0.00101538	0.000638462	0.000392308	0.00183846	0.000330769	0.000384615	0.000523077	0.000415385	0.000138462	0.00221538	0.000307692	0	0	0.00307692	0	0	0	0	0	0.00173077	0.000169231	0.00102308	0.000153846	0.00203846	0.000238462	0.000384615	0.000415385	0.000323077	0.000146154	0.00233846	0.000269231	0.000646154	0.0004	0.000384615	0.00164615	
0.00514615	0.00516923	0.00303077	0.00195385	0.00946154	0.00173077	0.00189231	0.00221538	0.00186154	0.000623077	0.0114	0.00141538	6.92308e-05	4.61538e-05	0.0151077	7.69231e-05	0	0	0	0	0.00907692	0.000615385	0.00461538	0.000992308	0.0102154	0.00106923	0.00200769	0.00200769	0.00162308	0.0009	0.0113308	0.00144615	0.00320769	0.00229231	0.00214615	0.00765385	
0.000976923	0.000961538	0.000430769	0.000384615	0.00163846	0.000407692	0.000292308	0.000415385	0.000292308	6.92308e-05	0.00216923	0.000223077	7.69231e-06	7.69231e-06	0.00272308	1.53846e-05	0	0	0	0	0.00155385	9.23077e-05	0.000923077	0.000184615	0.00183077	0.000169231	0.000392308	0.000361538	0.000361538	0.000169231	0.002	0.000223077	0.000446154	0.000315385	0.000484615	0.00150769	
0.340377	0.327146	0.180777	0.130569	0.598423	0.1177	0.115254	0.147492	0.115269	0.0387692	0.732954	0.0918769	0.00430769	0.00210769	0.969385	0.00306923	0	0	0	0	0.561408	0.0408077	0.319169	0.0574846	0.660677	0.0791154	0.108854	0.130223	0.110408	0.0565692	0.723438	0.0884538	0.198285	0.139323	0.1518	0.489462	
0.200108	0.193838	0.106	0.0738231	0.365677	0.0643	0.0623231	0.0814692	0.0643923	0.0224077	0.435008	0.0519615	0.00256154	0.00123077	0.568123	0.00185385	0.00173077	0.00907692	0.00155385	0.561408	0	0	0	0	0.355985	0.0557923	0.0734231	0.0885692	0.0861769	0.0438538	0.375177	0.0685615	0.125262	0.0856769	0.0941	0.268731	
0.0140154	0.0142385	0.00775385	0.00567692	0.0249154	0.00495385	0.00526154	0.00655385	0.00489231	0.00163077	0.0313538	0.00380769	0.000123077	7.69231e-05	0.0413615	0.000123077	0.000169231	0.000615385	9.23077e-05	0.0408077	0	0	0	0	0.0268846	0.00336923	0.00513846	0.00629231	0.00286154	0.00143846	0.0350615	0.00232308	0.00814615	0.00550769	0.00633846	0.0216923	
0.112854	0.107015	0.0598308	0.0460308	0.185154	0.0436923	0.0432462	0.0536385	0.0418923	0.0133385	0.237731	0.0327692	0.00139231	0.000738462	0.322623	0.000976923	0.00102308	0.00461538	0.000923077	0.319169	0	0	0	0	0.256831	0.0156538	0.0247308	0.0285154	0.0197231	0.0105231	0.279369	0.0161154	0.0582692	0.0426846	0.0460077	0.178769	
0.0205538	0.0192	0.0112923	0.00776923	0.0356154	0.00722308	0.00699231	0.00898462	0.00666154	0.00222308	0.0446462	0.00528462	0.000307692	0.000115385	0.0581846	0.000207692	0.000153846	0.000992308	0.000184615	0.0574846	0	0	0	0	0.0350615	0.00577692	0.00834615	0.00963077	0.00395385	0.00196923	0.0495	0.00339231	0.0109077	0.00846154	0.00836923	0.0310769	
0.233108	0.220823	0.123823	0.0970077	0.376969	0.0923769	0.0907385	0.114677	0.0941846	0.0315846	0.474315	0.0746769	0.00300769	0.00146923	0.668085	0.0022	0.00203846	0.0102154	0.00183077	0.660677	0.355985	0.0268846	0.256831	0.0350615	0	0	0	0	0.0603615	0.0305692	0.536585	0.0472462	0.128038	0.0910385	0.0996615	0.356023	
0.0284154	0.028	0.0151231	0.00905385	0.0587846	0.00676923	0.00636923	0.00866923	0.00582308	0.00191538	0.0683154	0.00453846	0.000346154	0.000176923	0.0798308	0.000238462	0.000238462	0.00106923	0.000169231	0.0791154	0.0557923	0.00336923	0.0156538	0.00577692	0	0	0	0	0.0155769	0.00829231	0.0438	0.0129231	0.0184692	0.0131308	0.0143308	0.0346615	
0.0391462	0.0386154	0.0215	0.0123769	0.0802077	0.00983846	0.00967692	0.0119154	0.00857692	0.00282308	0.0934923	0.00674615	0.000561538	0.000215385	0.110469	0.000392308	0.000384615	0.00200769	0.000392308	0.108854	0.0734231	0.00513846	0.0247308	0.00834615	0	0	0	0	0.0156308	0.00824615	0.0741692	0.0135923	0.0255846	0.0171077	0.0185231	0.0504231	
0.0468615	0.0468538	0.0244308	0.0148615	0.0954	0.0111846	0.0110385	0.0153846	0.00925385	0.00327692	0.112615	0.00786154	0.000469231	0.0003	0.131908	0.000330769	0.000415385	0.00200769	0.000361538	0.130223	0.0885692	0.00629231	0.0285154	0.00963077	0	0	0	0	0.0211462	0.0106769	0.0845538	0.0166308	0.0304923	0.0210538	0.0223	0.0591615	
0.0403154	0.0401846	0.0208308	0.0113846	0.0882077	0.00729231	0.00766923	0.00954615	0.00827692	0.0029	0.0946692	0.00686923	0.000538462	0.000223077	0.111538	0.000415385	0.000323077	0.00162308	0.000361538	0.110408	0.0861769	0.00286154	0.0197231	0.00395385	0.0603615	0.0155769	0.0156308	0.0211462	0	0	0	0	0.0308462	0.0215538	0.0233308	0.0369846	
0.0205692	0.0208615	0.0106077	0.00574615	0.045	0.00402308	0.00368462	0.00507692	0.00419231	0.00158462	0.0485846	0.00342308	0.000192308	9.23077e-05	0.0572462	0.000253846	0.000146154	0.0009	0.000169231	0.0565692	0.0438538	0.00143846	0.0105231	0.00196923	0.0305692	0.00829231	0.00824615	0.0106769	0	0	0	0	0.0163308	0.0105615	0.0116769	0.0192154	
0.253877	0.241762	0.136392	0.107077	0.407723	0.102831	0.100677	0.127877	0.0987308	0.0327231	0.5293	0.0783538	0.00313846	0.00166923	0.732092	0.00220769	0.00233846	0.0113308	0.002	0.723438	0.375177	0.0350615	0.279369	0.0495	0.536585	0.0438	0.0741692	0.0845538	0	0	0	0	0.131008	0.0934462	0.100915	0.413738	
0.0327692	0.0314846	0.0170462	0.00909231	0.0704308	0.00602308	0.00579231	0.00814615	0.00663846	0.00239231	0.0761846	0.00517692	0.000515385	0.000176923	0.0894154	0.000284615	0.000269231	0.00144615	0.000223077	0.0884538	0.0685615	0.00232308	0.0161154	0.00339231	0.0472462	0.0129231	0.0135923	0.0166308	0	0	0	0	0.0244	0.0167692	0.0188923	0.0303308	
0.0719615	0.0698154	0.0381154	0.0226923	0.141577	0.0185923	0.0180077	0.0244077	0.0137769	0.00497692	0.173	0.0108308	0.000969231	0.000407692	0.200546	0.000661538	0.000646154	0.00320769	0.000446154	0.198285	0.125262	0.00814615	0.0582692	0.0109077	0.128038	0.0184692	0.0255846	0.0304923	0.0308462	0.0163308	0.131008	0.0244	0	0	0	0	
0.0504308	0.0482769	0.0268692	0.0167538	0.0985077	0.0129385	0.0131538	0.0177308	0.00971538	0.00326154	0.121808	0.00754615	0.0006	0.000353846	0.140808	0.000569231	0.0004	0.00229231	0.000315385	0.139323	0.0856769	0.00550769	0.0426846	0.00846154	0.0910385	0.0131308	0.0171077	0.0210538	0.0215538	0.0105615	0.0934462	0.0167692	0	0	0	0	
0.0546923	0.0539692	0.0279846	0.0181692	0.107138	0.0144769	0.0139308	0.0192692	0.0110231	0.00342308	0.131931	0.00843846	0.000653846	0.000276923	0.153462	0.000423077	0.000384615	0.00214615	0.000484615	0.1518	0.0941	0.00633846	0.0460077	0.00836923	0.0996615	0.0143308	0.0185231	0.0223	0.0233308	0.0116769	0.100915	0.0188923	0	0	0	0	
0.170446	0.162231	0.0919077	0.0756846	0.264138	0.0741615	0.0727308	0.0892385	0.0833231	0.0279385	0.322	0.0670077	0.00216154	0.00112308	0.495477	0.00150769	0.00164615	0.00765385	0.00150769	0.489462	0.268731	0.0216923	0.178769	0.0310769	0.356023	0.0346615	0.0504231	0.0591615	0.0369846	0.0192154	0.413738	0.0303308	0	0	0	0	
